O4463 3415N 11116E 004740 004740 105 000 S15 99999999919999999999 0 2010 09
P=
T=
I=
E=
U=
N=
H=
C=
V=
R6
0000 //// ////
0004 0004 0008
//// //// ////
0000 //// ////
0000 0022 0022
0002 0208 0210
0109 0027 0136
//// //// ////
0000 0021 0021
//// //// ////
0682 //// 0682
//// //// ////
0000 //// ////
0000 //// ////
0000 //// ////
0000 //// ////
0000 //// ////
0745 //// 0745
//// //// ////
//// //// ////
0000 //// ////
0007 //// 0007
0000 //// ////
0000 0092 0092
0023 0006 0029
0593 //// 0593
0000 //// ////
//// //// ////
0001 //// 0001
0000 //// ////=
0000 0000 0000 0000 0000 0000 0000 0000 0000 0000 0000 0000
0000 0000 0000 0000 0000 0000 //// //// //// 0000 0000 ////.
0000 0000 0000 0000 0000 0000 0000 0000 0000 0000 0000 0004
0000 0000 0000 0004 0000 0000 0000 0000 0000 0000 0000 ////.
0000 0000 //// 0000 0000 0000 0000 0000 0000 0000 0000 0000
0000 0000 0000 0000 0000 0000 0000 //// 0000 0000 0000 ////.
0000 0000 0000 0000 0000 0000 0000 0000 0000 0000 0000 0000
0000 0000 0000 0000 0000 0000 0000 0000 0000 0000 0000 ////.
0000 0000 0000 0000 0000 0000 0000 0000 0000 0000 0000 0000
0000 0000 0000 0000 0000 0000 0002 0007 //// 0007 0006 ////.
0000 0000 0000 0000 0000 0000 //// //// //// 0000 0001 0001
0026 0024 0014 0014 0017 0019 0024 0025 0014 0005 0026 ////.
0022 0024 //// //// 0010 0017 0004 0017 0008 0002 0002 0003
0001 0000 0000 0003 0022 0001 0000 0000 0000 0000 0000 ////.
0000 0000 //// 0000 0000 0000 0000 0000 0000 0000 0000 0000
0000 0000 0000 0000 0000 0000 0000 0000 0000 0000 0000 ////.
0000 0000 0000 0000 0000 0000 0000 0000 0000 0000 0000 0000
0000 0000 0000 0002 0006 0002 0011 //// //// //// //// ////.
//// //// //// //// //// //// //// //// //// //// //// ////
//// 0000 0000 0000 0000 0000 0000 //// 0000 0000 //// ////.
0000 0000 0682 0000 0000 0000 0000 0000 0000 0000 0000 0000
0000 //// 0000 0000 0000 //// //// 0000 0000 0000 0000 ////.
0000 0000 0000 0000 0000 0000 0000 0000 //// 0000 0000 0000
0000 0000 0000 0000 0000 0000 0000 0000 0000 0000 0000 ////.
0000 0000 0000 0000 0000 0000 0000 0000 0000 0000 0000 0000
0000 0000 0000 0000 //// //// //// 0000 0000 0000 0000 ////.
0000 0000 0000 0000 0000 0000 0000 0000 0000 0000 0000 0000
0000 0000 0000 0000 0000 0000 0000 0000 0000 0000 0000 ////.
0000 0000 0000 0000 0000 0000 0000 0000 0000 0000 0000 0000
0000 0000 0000 0000 0000 0000 0000 0000 0000 0000 0000 ////.
0000 0000 0000 0000 0000 0000 0000 0000 0000 0000 0000 0000
0000 0000 0000 0000 0000 0000 0000 0000 0000 0000 0000 ////.
0000 0000 0000 0000 0000 0000 0000 0000 0000 0000 0000 0000
0000 0000 0000 0000 0000 0000 0000 0000 0000 0000 0000 ////.
0000 0000 0000 0000 0745 0000 0000 0000 0000 0000 0000 0000
0000 0000 0000 0000 0000 0000 0000 0000 0000 0000 0000 ////.
0000 0000 //// //// 0000 0000 0000 0000 0000 0000 0000 0000
0000 0000 0000 0000 0000 0000 0000 0000 0000 0000 0000 ////.
0000 0000 0000 0000 0000 0000 0000 0000 0000 0000 //// 0000
0000 0000 0000 0000 0000 0000 0000 0000 0000 0000 0000 ////.
0000 0000 0000 0000 0000 0000 0000 0000 0000 0000 0000 0000
0000 0000 0000 //// //// 0000 0000 0000 //// 0000 0000 ////.
0000 0000 0003 0001 0000 0000 0000 0000 0000 0002 0001 0000
0000 0000 0000 0000 0000 0000 0000 0000 0000 0000 0000 ////.
0000 0000 0000 0000 0000 0000 0000 0000 0000 0000 0000 0000
0000 0000 0000 0000 0000 0000 0000 0000 0000 0000 0000 ////.
0000 0000 0000 0000 0000 0000 0000 0000 0000 0000 0000 0000
0003 0006 0005 0010 0009 0009 0005 0007 0010 0012 0016 ////.
0007 0008 0002 0002 0001 0001 0001 0000 0000 0000 0001 0000
0000 0000 0000 0000 0001 0004 0001 0000 0000 0000 0000 ////.
0000 0000 0000 0000 0593 0000 0000 0000 0000 0000 0000 0000
//// 0000 //// 0000 //// 0000 0000 0000 0000 0000 0000 ////.
0000 0000 0000 0000 0000 0000 0000 0000 0000 0000 0000 0000
0000 0000 0000 0000 0000 0000 0000 0000 0000 0000 0000 ////.
0000 0000 0000 0000 0000 0000 0000 //// 0000 0000 0000 0000
0000 0000 0000 0000 0000 0000 0000 0000 0000 0000 0000 ////.
0000 0000 0000 0000 0000 0000 0000 0000 0000 0001 0000 0000
0000 0000 //// 0000 //// 0000 0000 0000 0000 0000 0000 ////.
0000 0000 0000 0000 0000 0000 0000 0000 0000 0000 0000 0000
0000 0000 0000 0000 0000 0000 0000 0000 0000 0000 0000 ////=
0000 ////////// 00000=
W=
L=
Z=
G=
F=
D=
K=
A=
S=
B=
??????
******
YF
O4463
河南省
洛宁故县
乡政府办公楼2楼顶
丘陵；城镇；楼顶
空缺
计算机
计算机
计算机
计算机
计算机
20101029=
JY
8888=
GK
01/
05/=
BZ
BB/01-30/由于河南省大气探测装备中心对区域自动站设备升级，造成本月正点与分钟数据不符，所有数据基本不可用。因此，为了保证数据文件的完整性，仅对A文件进行了处理，未处理J文件。
00/341435/1111548
10/24/逐时观测
10/24/24时连续观测
11/不守班=
######
