O4469 3421N 11115E 008800 008800 105 000 S15 99999999919999999999 0 2010 08
P=
T=
I=
E=
U=
N=
H=
C=
V=
R6
0000 0017 0017
0009 0001 0010
0000 //// ////
0000 //// ////
0000 //// ////
0000 //// ////
0000 //// ////
0000 //// ////
0000 //// ////
//// //// ////
0000 //// ////
0043 0096 0139
0000 //// ////
0051 0001 0052
0000 //// ////
0000 //// ////
0000 //// ////
0000 //// ////
0000 0282 0282
0014 0027 0041
0043 0079 0122
0005 0001 0006
0062 0018 0080
0267 0091 0358
0012 0008 0020
0000 0001 0001
0516 //// 0516
0000 //// ////
0000 //// ////
0000 //// ////
0830 //// 0830=
0000 0000 0000 0000 0000 0000 0000 0000 0000 0000 0000 0000
0000 0000 0000 0000 0000 0000 0000 0000 0017 0000 0000 ////.
0000 0000 0001 0001 0000 0000 0001 0001 0000 0003 0000 0002
//// 0000 0000 0000 0001 0000 //// 0000 0000 0000 0000 ////.
0000 0000 0000 0000 0000 0000 0000 0000 0000 0000 0000 0000
0000 0000 0000 0000 0000 0000 0000 0000 0000 0000 0000 ////.
0000 0000 0000 0000 0000 0000 0000 0000 0000 0000 0000 0000
0000 0000 0000 //// //// //// 0000 0000 0000 0000 0000 ////.
0000 0000 0000 0000 0000 0000 0000 0000 0000 0000 0000 0000
0000 0000 0000 0000 0000 0000 0000 0000 0000 0000 0000 ////.
0000 0000 0000 0000 0000 0000 0000 0000 0000 0000 0000 0000
0000 0000 0000 0000 0000 0000 0000 0000 0000 0000 0000 ////.
0000 0000 0000 0000 0000 0000 0000 0000 0000 0000 0000 0000
0000 0000 0000 0000 0000 0000 0000 0000 0000 0000 0000 ////.
0000 0000 0000 0000 0000 0000 0000 0000 0000 0000 0000 0000
0000 0000 0000 0000 0000 0000 0000 0000 0000 0000 0000 ////.
0000 0000 0000 0000 0000 0000 0000 0000 0000 0000 0000 0000
0000 0000 0000 0000 0000 0000 0000 0000 0000 0000 0000 ////.
0000 0000 0000 0000 0000 //// //// //// //// //// //// 0000
0000 0000 0000 0000 0000 0000 0000 0000 0000 0000 0000 ////.
0000 0000 0000 0000 0000 0000 0000 0000 0000 0000 0000 0000
0000 0000 0000 0000 0000 0000 0000 0000 0000 0000 0000 ////.
0000 0000 0000 0000 0000 0000 0007 0004 0002 0006 0010 0014
0023 0032 0028 0010 0002 0001 0000 0000 0000 0000 0000 ////.
0000 0000 0000 0000 0000 0000 0000 0000 0000 0000 0000 0000
0000 0000 0000 0000 0000 0000 0000 0000 0000 0000 0000 ////.
0000 0000 0000 0000 0003 0000 0023 0019 0005 0000 0000 0001
0000 0000 0000 0000 0000 0000 0001 0000 0000 0000 0000 ////.
0000 0000 0000 0000 0000 0000 0000 0000 0000 0000 0000 0000
0000 0000 0000 0000 0000 0000 0000 0000 0000 0000 0000 ////.
0000 0000 0000 0000 0000 0000 0000 0000 0000 0000 0000 0000
0000 0000 0000 0000 0000 0000 0000 0000 //// //// //// ////.
0000 0000 0000 0000 0000 0000 0000 0000 0000 0000 0000 0000
0000 0000 0000 0000 0000 0000 0000 0000 0000 0000 0000 ////.
0000 0000 0000 0000 0000 0000 0000 0000 0000 0000 0000 0000
0000 0000 0000 0000 0000 0000 0000 0000 0000 0000 0000 ////.
0000 0000 0000 0000 0000 0000 0000 0000 0000 0000 0000 0000
0000 0000 0000 0000 0000 0151 0084 0037 0001 0004 0005 ////.
0000 0001 0009 0001 0001 0000 0000 0001 0000 0000 0000 0001
0001 0001 0000 0025 0000 0000 0000 0000 0000 0000 0000 ////.
0001 0001 0001 0001 0002 0034 0001 0000 0001 0000 0001 0000
0000 0000 0001 0000 0011 0051 0015 //// //// //// 0001 ////.
0000 0000 0000 0000 0002 0000 0001 0001 0000 0000 0001 0000
0000 0000 0000 0000 0000 0000 0000 0000 0000 0000 0001 ////.
0003 0002 0000 0002 0000 0000 0000 0005 0005 0029 0007 0009
0006 0004 //// //// //// //// //// //// 0001 0002 0005 ////.
0027 //// //// 0020 0043 0039 0026 0011 0016 0027 0033 0025
0011 0011 0018 0014 //// //// 0010 0011 0009 0007 0000 ////.
0000 0000 0000 0001 0003 0006 0001 0001 0000 0000 0000 0000
0000 0000 0000 0000 0003 0002 0001 0002 0000 0000 0000 ////.
0000 0000 0000 0000 0000 0000 0000 0000 0000 0000 0000 0000
0000 0000 0000 0000 0000 0000 0000 //// 0000 0001 0000 ////.
0000 0000 //// //// 0516 //// //// //// 0000 0000 0000 0000
0000 0000 0000 0000 //// 0000 0000 0000 0000 0000 0000 ////.
0000 0000 0000 0000 0000 0000 0000 0000 0000 0000 0000 0000
0000 0000 0000 0000 0000 0000 0000 //// 0000 0000 0000 ////.
0000 0000 0000 0000 0000 0000 0000 0000 0000 0000 0000 0000
0000 0000 0000 0000 0000 //// //// 0000 0000 0000 0000 ////.
0000 0000 0000 0000 0000 0000 0000 0000 0000 0000 0000 0000
0000 0000 0000 0000 0000 0000 0000 0000 0000 0000 0000 ////.
0000 0000 0000 0000 0830 //// //// 0000 0000 0000 0000 0000
0000 0000 //// //// 0000 0000 0000 0000 0000 0000 0000 ////=
0000 ////////// 00000=
W=
L=
Z=
G=
F=
D=
K=
A=
S=
B=
??????
******
YF
O4469
河南省
洛宁上戈
镇政府办公楼4楼顶
山地；城镇；楼顶
王林香
计算机
计算机
计算机
计算机
计算机
20100926=
JY
8888=
GK
01/
05/=
BZ
00/342104/1111516
10/24/逐时观测
10/24/24时连续观测
11/不守班=
######
