O4463 3415N 11116E 004740 000000 000 000 S15 99999999919999999999 1 2008 06
P=
T=
I=
E=
U=
N=
H=
C=
V=
R6
0000 0000 0000
0000 0000 0000
0022 0000 0022
0000 0000 0000
0000 0000 0000
0000 0001 0001
0006 0000 0006
0000 0000 0000
0000 0000 0000
0000 0000 0000
0002 0028 0030
0000 0000 0000
//// 0000 ////
0000 0000 0000
0000 0000 0000
0039 0002 0041
0003 0000 0003
0000 0000 0000
0000 0000 0000
0000 0000 0000
0000 0000 0000
0000 0005 0005
0001 0000 0001
0000 0000 0000
0000 0000 0000
0000 0000 0000
0000 0000 0000
0000 0000 0000
0000 0003 0003
0013 0029 0042=
0000 0000 0000 0000 0000 0000 0000 0000 0000 0000 0000 0000
0000 0000 0000 0000 0000 0000 0000 0000 0000 0000 0000 0000.
0000 0000 0000 0000 0000 0000 0000 0000 0000 0000 0000 0000
0000 0000 0000 0000 0000 0000 0000 0000 0000 0000 0000 0000.
0020 0000 0000 0001 0001 0000 0000 0000 0000 0000 0000 0000
0000 0000 0000 0000 0000 0000 0000 0000 0000 0000 0000 0000.
0000 0000 0000 0000 0000 0000 0000 0000 0000 0000 0000 0000
0000 0000 0000 0000 0000 0000 0000 0000 0000 0000 0000 0000.
0000 0000 0000 0000 0000 0000 0000 0000 0000 0000 0000 0000
0000 0000 0000 0000 0000 0000 0000 0000 0000 0000 0000 0000.
0000 0000 0000 0000 0000 0000 0000 0000 0000 0000 0000 0000
0000 0000 0000 0000 0000 0000 0000 0000 0000 0000 0000 0001.
0001 0000 0000 0000 0000 0000 0001 0002 0001 0000 0001 0000
0000 0000 0000 0000 0000 0000 0000 0000 0000 0000 0000 0000.
0000 0000 0000 0000 0000 0000 0000 0000 0000 0000 0000 0000
0000 0000 0000 0000 0000 0000 0000 0000 0000 0000 0000 0000.
0000 0000 0000 0000 0000 0000 0000 0000 0000 0000 0000 0000
0000 0000 0000 0000 0000 0000 0000 0000 0000 0000 0000 0000.
0000 0000 0000 0000 0000 0000 0000 0000 0000 0000 0000 0000
0000 0000 0000 0000 0000 0000 0000 0000 0000 0000 0000 0000.
0000 0000 0000 0000 0002 0000 0000 0000 0000 0000 0000 0000
0000 0000 0000 0000 0000 0000 0000 0004 0022 0002 0000 0000.
0000 0000 0000 0000 0000 0000 0000 0000 0000 0000 0000 0000
0000 0000 0000 0000 0000 0000 0000 0000 0000 0000 0000 0000.
//// 0000 0000 0000 0000 0000 0000 0000 0000 0000 0000 0000
0000 0000 0000 0000 0000 0000 0000 0000 0000 0000 0000 0000.
0000 0000 0000 0000 0000 0000 0000 0000 0000 0000 0000 0000
0000 0000 0000 0000 0000 0000 0000 0000 0000 0000 0000 0000.
0000 0000 0000 0000 0000 0000 0000 0000 0000 0000 0000 0000
0000 0000 0000 0000 0000 0000 0000 0000 0000 0000 0000 0000.
0000 0000 0001 0003 0001 0001 0010 0015 0005 0002 0000 0001
0000 0000 0000 0000 0000 0000 0001 0000 0000 0000 0001 0000.
0001 0000 0000 0000 0000 0002 0000 0000 0000 0000 0000 0000
0000 0000 0000 0000 0000 0000 0000 0000 0000 0000 0000 0000.
0000 0000 0000 0000 0000 0000 0000 0000 0000 0000 0000 0000
0000 0000 0000 0000 0000 0000 0000 0000 0000 0000 0000 0000.
0000 0000 0000 0000 0000 0000 0000 0000 0000 0000 0000 0000
0000 0000 0000 0000 0000 0000 0000 0000 0000 0000 0000 0000.
0000 0000 0000 0000 0000 0000 0000 0000 0000 0000 0000 0000
0000 0000 0000 0000 0000 0000 0000 0000 0000 0000 0000 0000.
0000 0000 0000 0000 0000 0000 0000 0000 0000 0000 0000 0000
0000 0000 0000 0000 0000 0000 0000 0000 0000 0000 0000 0000.
0000 0000 0000 0000 0000 0000 0000 0000 0000 0000 0000 0000
0000 0000 0000 0000 0000 0000 0004 0001 0000 0000 0000 0000.
0000 0001 0000 0000 0000 0000 0000 0000 0000 0000 0000 0000
0000 0000 0000 0000 0000 0000 0000 0000 0000 0000 0000 0000.
0000 0000 0000 0000 0000 0000 0000 0000 0000 0000 0000 0000
0000 0000 0000 0000 0000 0000 0000 0000 0000 0000 0000 0000.
0000 0000 0000 0000 0000 0000 0000 0000 0000 0000 0000 0000
0000 0000 0000 0000 0000 0000 0000 0000 0000 0000 0000 0000.
0000 0000 0000 0000 0000 0000 0000 0000 0000 0000 0000 0000
0000 0000 0000 0000 0000 0000 0000 0000 0000 0000 0000 0000.
0000 0000 0000 0000 0000 0000 0000 0000 0000 0000 0000 0000
0000 0000 0000 0000 0000 0000 0000 0000 0000 0000 0000 0000.
0000 0000 0000 0000 0000 0000 0000 0000 0000 0000 0000 0000
0000 0000 0000 0000 0000 0000 0000 0000 0000 0000 0000 0000.
0000 0000 0000 0000 0000 0000 0000 0000 0000 0000 0000 0000
0000 0000 0000 0000 0000 0000 0000 0000 0000 0000 0000 0003.
0012 0000 0000 0001 0000 0000 0000 0000 0000 0000 0000 0000
0000 0000 0000 0000 0000 0000 0000 0000 0000 0000 0029 0000=
0001 29/05/2008 00000=
W=
L=
Z=
G=
F=
D=
K=
A=
S=
B=
??????
QP=
QT=
QI=
QE=
QU=
QN=
QH=
QC=
QV=
QR6
099 099 099
099 099 099
099 099 099
099 099 099
099 099 099
099 099 099
099 099 099
099 099 099
099 099 099
099 099 099
099 099 099
099 099 099
899 099 899
099 099 099
099 099 099
099 099 099
099 099 099
099 099 099
099 099 099
099 099 099
099 099 099
099 099 099
099 099 099
099 099 099
099 099 099
099 099 099
099 099 099
099 099 099
099 099 099
099 099 099=
099 099 099 099 099 099 099 099 099 099 099 099 099 099 099 099 099 099 099 099 099 099 099 099
099 099 099 099 099 099 099 099 099 099 099 099 099 099 099 099 099 099 099 099 099 099 099 099
099 099 099 099 099 099 099 099 099 099 099 099 099 099 099 099 099 099 099 099 099 099 099 099
099 099 099 099 099 099 099 099 099 099 099 099 099 099 099 099 099 099 099 099 099 099 099 099
099 099 099 099 099 099 099 099 099 099 099 099 099 099 099 099 099 099 099 099 099 099 099 099
099 099 099 099 099 099 099 099 099 099 099 099 099 099 099 099 099 099 099 099 099 099 099 099
099 099 099 099 099 099 099 099 099 099 099 099 099 099 099 099 099 099 099 099 099 099 099 099
099 099 099 099 099 099 099 099 099 099 099 099 099 099 099 099 099 099 099 099 099 099 099 099
099 099 099 099 099 099 099 099 099 099 099 099 099 099 099 099 099 099 099 099 099 099 099 099
099 099 099 099 099 099 099 099 099 099 099 099 099 099 099 099 099 099 099 099 099 099 099 099
099 099 099 099 099 099 099 099 099 099 099 099 099 099 099 099 099 099 099 099 099 099 099 099
099 099 099 099 099 099 099 099 099 099 099 099 099 099 099 099 099 099 099 099 099 099 099 099
899 099 099 099 099 099 099 099 099 099 099 099 099 099 099 099 099 099 099 099 099 099 099 099
099 099 099 099 099 099 099 099 099 099 099 099 099 099 099 099 099 099 099 099 099 099 099 099
099 099 099 099 099 099 099 099 099 099 099 099 099 099 099 099 099 099 099 099 099 099 099 099
099 099 099 099 099 099 099 099 099 099 099 099 099 099 099 099 099 099 099 099 099 099 099 099
099 099 099 099 099 099 099 099 099 099 099 099 099 099 099 099 099 099 099 099 099 099 099 099
099 099 099 099 099 099 099 099 099 099 099 099 099 099 099 099 099 099 099 099 099 099 099 099
099 099 099 099 099 099 099 099 099 099 099 099 099 099 099 099 099 099 099 099 099 099 099 099
099 099 099 099 099 099 099 099 099 099 099 099 099 099 099 099 099 099 099 099 099 099 099 099
099 099 099 099 099 099 099 099 099 099 099 099 099 099 099 099 099 099 099 099 099 099 099 099
099 099 099 099 099 099 099 099 099 099 099 099 099 099 099 099 099 099 099 099 099 099 099 099
099 099 099 099 099 099 099 099 099 099 099 099 099 099 099 099 099 099 099 099 099 099 099 099
099 099 099 099 099 099 099 099 099 099 099 099 099 099 099 099 099 099 099 099 099 099 099 099
099 099 099 099 099 099 099 099 099 099 099 099 099 099 099 099 099 099 099 099 099 099 099 099
099 099 099 099 099 099 099 099 099 099 099 099 099 099 099 099 099 099 099 099 099 099 099 099
099 099 099 099 099 099 099 099 099 099 099 099 099 099 099 099 099 099 099 099 099 099 099 099
099 099 099 099 099 099 099 099 099 099 099 099 099 099 099 099 099 099 099 099 099 099 099 099
099 099 099 099 099 099 099 099 099 099 099 099 099 099 099 099 099 099 099 099 099 099 099 099
099 099 099 099 099 099 099 099 099 099 099 099 099 099 099 099 099 099 099 099 099 099 099 099=
099 099 099=
QW=
QL=
QZ=
QG=
QF=
QD=
QK=
QA=
QS=
QB=
=
******
YF
O4463
河南省
洛宁故县
乡政府办公楼２楼顶
丘陵、楼房顶、村镇
王林香
刘彩杰
刘彩杰
刘彩杰
王国安
刘彩杰
20081025=
JY
8888=
GK
01/本月总降水量15.4mm。
02/本月主要降水过程出现在3日、6日- 7日、11日、16日- 17日、22日- 23日、29日- 30日 。
05/=
BZ
00/341500/1111600
10/341500/1111600
10/24/24小时连续观测
11/不守班=
######
