O4467 3422N 11143E 003140 003140 105 000 S15 99999999919999999999 0 2010 05
P=
T=
I=
E=
U=
N=
H=
C=
V=
R6
//// 0000 ////
//// 0000 ////
0000 0000 0000
0000 0007 0007
0002 0000 0002
0003 0000 0003
0695 //// 0695
//// 0000 ////
0000 0000 0000
0814 //// 0814
//// //// ////
//// 0041 0041
0006 //// 0006
//// //// ////
0691 //// 0691
//// 0016 0016
0047 //// 0047
0000 //// ////
0000 //// ////
//// //// ////
0011 0031 0042
0000 //// ////
0000 //// ////
0550 //// 0550
//// //// ////
//// 0007 0007
0079 0177 0256
0010 0460 0470
0000 //// ////
//// //// ////
//// //// ////=
0000 0000 0000 0000 //// //// 0000 0000 0000 0000 0000 0000
0000 0000 0000 0000 0000 0000 0000 0000 0000 0000 0000 0000.
0000 0000 0000 0000 0000 0000 //// 0000 0000 0000 0000 0000
0000 0000 0000 0000 0000 0000 0000 0000 0000 0000 0000 0000.
0000 0000 0000 0000 0000 0000 0000 0000 0000 0000 0000 0000
0000 0000 0000 0000 0000 0000 0000 0000 0000 0000 0000 0000.
0000 0000 0000 0000 0000 0000 0000 0000 0000 0000 0000 0000
//// 0000 0000 0000 0000 0002 0005 0000 0000 0000 0000 0000.
0001 0000 0000 0000 0000 0000 0001 0000 0000 0000 0000 0000
0000 0000 0000 0000 0000 0000 0000 0000 0000 0000 0000 0000.
0000 0000 0000 0000 0000 0002 0001 0000 0000 0000 0000 0000
0000 0000 0000 0000 0000 0000 0000 0000 0000 0000 0000 0000.
0000 //// //// //// 0695 //// //// 0000 0000 0000 0000 0000
0000 0000 0000 0000 0000 0000 0000 //// //// //// //// ////.
//// //// 0000 0000 0000 0000 0000 0000 0000 0000 0000 0000
0000 0000 0000 0000 0000 0000 0000 0000 0000 0000 0000 0000.
0000 0000 0000 0000 0000 0000 0000 0000 0000 0000 0000 0000
0000 0000 0000 0000 0000 0000 0000 0000 0000 0000 0000 0000.
0000 0000 //// //// 0814 0000 0000 0000 0000 0000 0000 0000
0000 0000 0000 //// //// 0000 0000 0000 0000 0000 0000 0000.
0000 0000 //// 0000 0000 0000 0000 0000 0000 0000 0000 ////
//// 0000 0000 0000 0000 0000 0000 0000 0000 0000 0000 0000.
0000 0000 //// //// //// 0000 0000 0000 0000 0000 0000 0000
//// 0000 0000 0000 0001 0005 0009 0015 //// 0002 0009 ////.
0004 0001 0000 0000 //// //// //// //// //// 0000 0000 0001
0000 0000 0000 //// //// //// //// //// //// 0000 0000 ////.
0000 0000 //// 0000 0000 0000 0000 0000 0000 //// 0000 0000
0000 0000 0000 0000 0000 0000 0000 //// //// //// 0000 ////.
//// //// 0000 0000 0691 0000 0000 0000 0000 0000 0000 0000
0000 //// //// //// 0000 0000 0000 0000 0000 0000 0000 ////.
0000 0000 0000 0000 //// 0000 0000 0000 0000 0000 0000 0000
0000 0000 //// 0000 //// 0000 0000 //// 0012 0001 0003 ////.
0023 0003 0018 0002 0000 0000 0000 0001 0000 0000 //// ////
//// //// //// 0000 0000 0000 0000 0000 //// //// //// ////.
0000 0000 0000 0000 0000 0000 0000 0000 0000 0000 0000 0000
0000 0000 0000 0000 //// 0000 0000 0000 0000 0000 0000 ////.
0000 0000 0000 0000 0000 0000 0000 0000 0000 0000 0000 0000
//// //// //// //// 0000 0000 0000 0000 0000 0000 0000 ////.
0000 0000 0000 //// 0000 0000 0000 0000 0000 0000 0000 0000
0000 0000 0000 0000 0000 0000 0000 0000 0000 0000 0000 ////.
0000 0000 0000 0000 0000 0000 0000 0000 0001 0004 0005 0001
0001 0008 0011 0004 0002 0004 0001 0000 0000 0000 0000 ////.
0000 0000 0000 0000 0000 0000 0000 0000 0000 0000 0000 0000
0000 0000 0000 0000 0000 0000 0000 0000 0000 0000 0000 ////.
0000 0000 0000 0000 0000 0000 0000 0000 0000 0000 0000 0000
0000 0000 0000 0000 0000 0000 0000 0000 0000 0000 0000 ////.
0000 0000 0000 0000 0550 //// //// //// //// //// //// ////
//// //// //// 0000 0000 0000 0000 0000 0000 0000 0000 ////.
0000 0000 0000 0000 0000 0000 0000 //// //// 0000 0000 0000
0000 0000 0000 0000 0000 0000 0000 0000 0000 0000 0000 ////.
0000 0000 0000 0000 0000 0000 0000 0000 0000 //// //// ////
0000 0002 0000 0004 0000 0000 0000 0000 //// //// 0001 ////.
0001 0000 0002 0013 0001 0001 0000 0000 0022 0010 0008 0021
//// 0039 0031 0039 0019 0017 0013 0003 0014 0001 0001 ////.
0003 0001 0001 0000 0000 0000 0001 0001 0001 0001 0000 0001
0000 //// 0460 //// 0000 0000 0000 0000 0000 0000 0000 ////.
0000 0000 0000 0000 0000 0000 0000 0000 0000 0000 0000 0000
0000 0000 0000 0000 0000 0000 0000 0000 0000 0000 0000 ////.
0000 0000 0000 //// 0000 0000 0000 0000 0000 0000 0000 ////
//// 0000 0000 0000 //// 0000 0000 0000 //// 0000 //// ////.
//// //// //// 0000 0000 0000 0000 0000 0000 0000 0000 0000
0000 0000 0000 0000 0000 0000 0000 0000 0000 0000 0000 ////=
0000 ////////// 00000=
W=
L=
Z=
G=
F=
D=
K=
A=
S=
B=
??????
******
YF
O4467
河南省
洛宁涧口
乡政府办公楼2楼顶
丘陵；城镇；楼顶
王林香
计算机
计算机
计算机
计算机
计算机
20100617=
JY
8888=
GK
01/
05/=
BZ
00/342221/1114303
10/24/逐时观测
10/24/24时连续观测
11/不守班=
######
