O4467 3422N 11143E 003140 003140 105 000 S15 99999999919999999999 0 2010 07
P=
T=
I=
E=
U=
N=
H=
C=
V=
R6
0002 //// 0002
0008 0001 0009
0060 0028 0088
0000 //// ////
0000 //// ////
0000 //// ////
0000 //// ////
0034 0124 0158
//// 0001 0001
0434 0008 0442
0000 //// ////
0000 //// ////
0000 //// ////
0000 //// ////
0032 0171 0203
0003 //// 0003
0001 0586 0587
0000 0001 0001
0483 0001 0484
0000 //// ////
0000 //// ////
//// //// ////
0000 0087 0087
0099 0475 0574
0003 0001 0004
//// //// ////
0000 //// ////
0000 //// ////
0000 //// ////
0000 //// ////
//// //// ////=
//// //// //// 0001 0000 0000 0000 0000 0000 0001 0000 0000
0000 0000 0000 0000 0000 0000 0000 0000 0000 0000 0000 ////.
0000 0000 0000 0000 0008 0000 0000 0000 0000 0000 0000 0000
0000 0000 0001 0000 0000 0000 0000 0000 0000 0000 0000 ////.
0000 0000 0000 0000 0000 0000 0000 0000 0000 0010 0032 0018
0013 0003 0010 0002 0000 0000 0000 0000 0000 0000 0000 ////.
0000 0000 0000 0000 0000 0000 0000 0000 0000 0000 0000 0000
0000 0000 0000 0000 0000 0000 0000 0000 0000 0000 0000 ////.
0000 0000 0000 0000 0000 0000 0000 0000 0000 0000 0000 0000
0000 0000 0000 0000 0000 0000 0000 0000 0000 0000 0000 ////.
0000 0000 0000 0000 0000 0000 0000 0000 0000 0000 0000 0000
0000 0000 //// 0000 0000 0000 0000 0000 0000 0000 0000 ////.
0000 0000 0000 0000 0000 0000 0000 0000 0000 0000 0000 0000
0000 0000 0000 0000 0000 0000 0000 0000 0000 0000 0000 ////.
0000 0000 0000 0000 0000 0000 0000 0000 0000 0000 0005 0029
0042 0022 0033 0026 0001 0000 0000 0000 0000 0000 0000 ////.
//// 0000 0000 0000 0000 0000 0000 0000 0000 0000 0000 0000
0000 0000 0000 0000 0000 0000 0000 0000 0000 0000 0001 ////.
0096 0044 0036 0047 0030 0020 0028 0031 0047 0043 //// 0012
0006 0001 0001 0000 0000 0000 0000 0000 0000 0000 0000 ////.
0000 0000 0000 0000 0000 0000 0000 0000 0000 0000 0000 0000
0000 0000 0000 0000 0000 0000 0000 0000 0000 0000 0000 ////.
0000 0000 0000 0000 0000 0000 0000 0000 0000 0000 0000 0000
0000 0000 0000 0000 0000 0000 0000 0000 0000 0000 0000 ////.
0000 0000 0000 0000 0000 0000 0000 0000 0000 0000 0000 0000
0000 0000 0000 0000 0000 0000 0000 0000 0000 0000 0000 ////.
0000 0000 0000 0000 0000 0000 0000 0000 0000 0000 0000 0000
0000 0000 0000 0000 0000 0000 0000 0000 0000 0000 0000 ////.
0004 0003 //// //// 0002 0001 0000 0011 0003 0007 0001 0000
0004 0004 0000 0017 0016 0020 0067 0038 0004 0000 0001 ////.
0000 0000 0000 0000 0000 0002 0001 0000 0000 0000 0000 0000
0000 0000 0000 0000 0000 0000 0000 0000 0000 0000 0000 ////.
0000 0000 0000 0000 0000 0000 0000 0000 0000 0000 0000 0001
0228 0149 0104 0076 0006 0004 0006 0009 0002 0000 0002 ////.
0000 0000 0000 0000 0000 0000 0000 0000 0000 0000 0000 0000
0000 0000 0000 0000 0001 0000 0000 0000 0000 0000 0000 ////.
0000 0009 0010 0173 0120 0059 0055 0042 0015 //// //// ////
//// 0000 0000 0000 0001 0000 0000 0000 0000 0000 0000 ////.
0000 0000 0000 0000 0000 0000 0000 0000 0000 0000 0000 0000
0000 0000 0000 0000 0000 0000 0000 0000 0000 0000 0000 ////.
0000 0000 0000 0000 0000 0000 0000 0000 0000 0000 0000 0000
0000 0000 0000 0000 0000 0000 0000 0000 0000 0000 0000 ////.
0000 0000 0000 0000 0000 //// //// //// 0000 0000 0000 0000
0000 0000 0000 0000 0000 0000 0000 0000 0000 0000 0000 ////.
0000 0000 0000 0000 0000 0000 0000 0000 0000 0000 0000 0000
0000 0000 0000 0000 0000 0000 0000 0018 0026 0023 0020 ////.
0000 0000 //// //// //// 0017 0005 0003 0004 0031 0023 0016
0005 0000 0051 0245 0097 0031 0046 //// //// //// //// ////.
//// 0000 0001 0000 0001 0000 0000 0001 0000 0000 0000 0000
0000 0001 0000 0000 0000 0000 0000 0000 0000 0000 0000 ////.
0000 //// //// //// //// 0000 //// //// //// //// //// ////
//// //// //// //// //// //// //// 0000 0000 0000 0000 ////.
0000 0000 0000 0000 0000 0000 0000 0000 0000 0000 0000 0000
0000 0000 0000 0000 0000 0000 0000 0000 0000 0000 0000 ////.
0000 0000 0000 0000 0000 0000 0000 0000 0000 0000 0000 0000
0000 0000 0000 0000 0000 0000 0000 0000 0000 0000 0000 ////.
0000 0000 0000 0000 0000 0000 0000 0000 0000 0000 0000 0000
0000 0000 0000 0000 0000 0000 0000 0000 0000 0000 0000 ////.
0000 0000 0000 0000 0000 0000 0000 0000 0000 0000 0000 0000
0000 0000 0000 0000 0000 0000 0000 0000 //// //// 0000 ////.
//// //// 0000 0000 0000 0000 0000 0000 0000 0000 0000 0000
0000 0000 0000 0000 0000 0000 0000 0000 //// 0000 0000 ////=
0000 ////////// 00000=
W=
L=
Z=
G=
F=
D=
K=
A=
S=
B=
??????
******
YF
O4467
河南省
洛宁涧口
乡政府办公楼2楼顶
丘陵；城镇；楼顶
王林香
计算机
计算机
计算机
计算机
计算机
20100805=
JY
8888=
GK
01/
05/=
BZ
00/342221/1114303
10/24/逐时观测
10/24/24时连续观测
11/不守班=
######
