O4513 3400N 11145E 004620 004620 105 000 S15 99999999919999999999 0 2010 08
P=
T=
I=
E=
U=
N=
H=
C=
V=
R6
0000 0270 0270
0004 0001 0005
0000 //// ////
0000 //// ////
0000 //// ////
0000 //// ////
0000 //// ////
0000 //// ////
0000 //// ////
//// //// ////
0004 //// 0004
//// //// ////
0000 //// ////
0001 //// 0001
0000 //// ////
0000 //// ////
0000 //// ////
0000 //// ////
0015 0300 0315
0041 0055 0096
0001 0068 0069
0142 0005 0147
0002 0001 0003
0390 0178 0568
0222 0024 0246
0000 0001 0001
0001 //// 0001
0000 //// ////
0000 //// ////
0000 //// ////
0612 //// 0612=
0000 0000 0000 0000 0000 0000 0000 0000 0000 0000 0000 0000
0000 0000 0000 //// //// //// //// 0270 0000 0000 0000 ////.
0000 0000 0000 0000 0000 0000 0000 0000 0001 0000 0000 0003
0001 0000 0000 0000 0000 0000 0000 0000 0000 0000 0000 ////.
0000 0000 0000 0000 0000 0000 0000 0000 0000 0000 0000 0000
0000 0000 0000 0000 0000 0000 0000 0000 0000 0000 0000 ////.
0000 0000 0000 0000 0000 0000 0000 0000 0000 0000 0000 0000
0000 0000 0000 0000 0000 0000 0000 0000 0000 0000 0000 ////.
0000 0000 0000 0000 0000 0000 0000 0000 0000 0000 0000 0000
0000 0000 0000 0000 0000 0000 0000 0000 0000 0000 0000 ////.
0000 0000 0000 0000 0000 0000 0000 0000 0000 0000 0000 0000
0000 0000 0000 0000 0000 0000 0000 0000 0000 0000 0000 ////.
0000 0000 0000 0000 0000 0000 0000 0000 0000 0000 0000 0000
0000 0000 0000 0000 0000 0000 0000 0000 0000 0000 0000 ////.
0000 0000 0000 0000 0000 0000 0000 0000 0000 0000 0000 0000
0000 0000 0000 0000 0000 0000 0000 0000 0000 0000 0000 ////.
0000 0000 0000 0000 0000 0000 0000 0000 0000 0000 0000 0000
0000 0000 0000 0000 0000 0000 0000 0000 0000 0000 0000 ////.
0000 0000 0000 0000 0000 0000 0000 0000 0000 //// //// 0000
0000 0000 0000 0000 0000 0000 0000 0000 0000 0000 0000 ////.
0000 0000 0000 0000 0000 0000 0003 0000 0000 0001 0000 0000
0000 0000 0000 0000 0000 0000 0000 0000 0000 0000 0000 ////.
//// //// //// //// //// //// //// //// //// //// //// ////
//// //// //// //// //// 0000 0000 0000 0000 0000 //// ////.
0000 0000 0000 0000 0000 0000 0000 0000 0000 0000 0000 0000
0000 0000 0000 0000 0000 0000 //// 0000 //// 0000 0000 ////.
0000 0000 0000 0000 0000 0000 0000 0000 0000 0000 0000 0001
0000 0000 0000 0000 0000 0000 0000 0000 0000 0000 0000 ////.
0000 0000 0000 0000 0000 0000 0000 0000 0000 0000 0000 0000
0000 0000 0000 0000 0000 0000 0000 0000 0000 0000 0000 ////.
0000 0000 0000 0000 0000 0000 0000 0000 0000 0000 0000 0000
0000 0000 0000 0000 0000 0000 0000 0000 0000 0000 //// ////.
0000 0000 0000 0000 0000 0000 0000 0000 0000 0000 0000 0000
0000 0000 0000 0000 0000 0000 0000 0000 0000 0000 0000 ////.
0000 0000 0000 0000 0000 0000 0000 0000 0000 0000 0000 0000
0000 0000 0000 0000 0000 0000 0000 0000 0000 0000 0000 ////.
0000 0000 0000 0000 0004 0005 0003 0002 0001 0000 0000 0000
0000 0000 0000 0000 0000 0000 0000 0000 0162 0127 0011 ////.
0011 0024 0002 0000 0000 0003 0001 0000 0000 0000 0000 0000
0000 0000 0000 0016 0029 0008 0000 0000 0000 0000 0002 ////.
0001 0000 0000 0000 0000 0000 0000 0000 0000 0000 0000 0000
0000 0000 0001 0000 0000 0000 0000 0000 0000 0000 0067 ////.
0028 0027 0022 0019 0015 0012 0008 0005 0002 0002 0001 0001
0001 0000 0001 0000 0001 0000 0001 0000 0000 0000 0001 ////.
0000 0000 0000 0000 0001 0000 0000 0000 0000 0000 0000 0001
0000 0000 0000 0000 0000 0001 0000 0000 0000 0000 0000 ////.
0001 0000 0000 0000 0000 0000 0000 0000 0001 0000 0318 0070
0030 0021 0028 0022 0012 0004 0014 0020 0011 0007 0009 ////.
0008 0003 0009 0023 0025 0012 0018 0031 0025 0027 0020 0021
0007 0010 0005 0001 0000 0000 0001 0000 0000 0000 0000 ////.
0000 0000 0000 0000 0000 0000 0000 0000 0000 0000 0000 0000
0000 0000 0001 0000 0000 0000 0000 0000 0000 0000 0000 ////.
0000 0000 0000 0000 0001 0000 0000 0000 0000 0000 0000 0000
0000 0000 0000 0000 //// 0000 0000 0000 0000 0000 0000 ////.
0000 0000 0000 0000 0000 0000 0000 0000 0000 0000 0000 0000
0000 0000 0000 0000 0000 0000 0000 0000 0000 0000 0000 ////.
0000 0000 0000 0000 0000 0000 0000 0000 0000 0000 0000 0000
0000 0000 0000 0000 0000 0000 0000 0000 0000 0000 0000 ////.
0000 0000 0000 0000 0000 0000 0000 0000 0000 0000 0000 0000
0000 0000 0000 0000 //// //// //// //// //// //// //// ////.
0000 0000 0000 0000 0612 //// //// 0000 0000 0000 0000 0000
0000 0000 0000 0000 0000 0000 0000 0000 0000 0000 0000 ////=
0000 ////////// 00000=
W=
L=
Z=
G=
F=
D=
K=
A=
S=
B=
??????
******
YF
O4513
河南省
栾川潭头
镇政府3楼顶
丘陵；城镇；楼顶
空缺
计算机
计算机
计算机
计算机
计算机
20100926=
JY
8888=
GK
01/
05/=
BZ
00/340018/1114457
10/24/逐时观测
10/24/24时连续观测
11/不守班=
######
