O4512 3350N 11128E 008870 008870 105 000 S15 99999999919999999999 0 2010 08
P=
T=
I=
E=
U=
N=
H=
C=
V=
R6
0000 0000 0000
0000 0000 0000
0000 0000 0000
0000 //// ////
//// //// ////
0000 0000 0000
0000 0000 0000
0000 0000 0000
0000 0013 0013
//// 0009 0009
0020 0000 0020
0000 0000 0000
0000 0005 0005
0011 0001 0012
0001 0000 0001
0000 0000 0000
0000 0000 0000
0000 0000 0000
0040 0086 0126
0001 0181 0182
0053 0073 0126
0023 0018 0041
0047 0187 0234
0224 0227 0451
0256 0038 0294
0004 0000 0004
0008 0000 0008
//// //// ////
0000 0000 0000
0000 0000 0000
0716 0000 0716=
0000 0000 0000 0000 0000 0000 0000 0000 0000 0000 0000 0000
0000 0000 0000 0000 0000 0000 0000 0000 0000 0000 0000 0000.
0000 0000 0000 0000 0000 0000 0000 0000 0000 0000 0000 0000
0000 0000 0000 0000 0000 0000 0000 0000 0000 0000 0000 0000.
0000 0000 0000 0000 0000 0000 0000 0000 0000 0000 0000 0000
0000 0000 0000 0000 0000 0000 0000 0000 0000 0000 0000 0000.
0000 0000 0000 0000 0000 0000 0000 0000 0000 0000 0000 0000
0000 0000 0000 0000 //// //// //// 0000 0000 0000 0000 0000.
0000 0000 0000 0000 //// //// //// //// //// //// //// ////
//// //// //// //// 0000 0000 0000 0000 0000 0000 0000 0000.
0000 0000 0000 0000 0000 0000 0000 0000 0000 0000 0000 0000
0000 0000 0000 0000 0000 0000 0000 0000 0000 0000 0000 0000.
0000 0000 0000 0000 0000 0000 0000 0000 0000 0000 0000 0000
0000 0000 0000 0000 0000 0000 0000 0000 0000 0000 0000 0000.
0000 0000 0000 0000 0000 0000 0000 0000 0000 0000 0000 0000
0000 0000 0000 0000 0000 0000 0000 0000 0000 0000 0000 0000.
0000 0000 0000 0000 0000 0000 0000 0000 0000 0000 0000 0000
0000 0000 0000 0000 0000 0005 0008 0000 0000 0000 0000 0000.
0000 0000 0000 0000 0000 //// //// //// //// //// //// ////
0000 0000 0000 0000 0000 0000 0000 0000 0000 0000 0009 0000.
0000 0013 0000 0000 0000 0004 0002 0001 0000 0000 0000 0000
0000 0000 0000 0000 0000 0000 0000 0000 0000 0000 0000 0000.
0000 0000 0000 0000 0000 0000 0000 0000 0000 0000 0000 0000
0000 0000 0000 0000 0000 0000 0000 0000 0000 0000 0000 0000.
0000 0000 0000 0000 0000 0000 0000 0000 0000 0000 0000 0000
0000 0000 0000 0000 0000 0000 0000 0000 0005 0000 0000 0000.
0000 0000 0000 0000 0000 0002 0000 0001 0000 0004 0002 0002
0001 0000 0000 0000 0000 0000 0000 0000 0000 0000 0000 0000.
0000 0000 0000 0000 0000 0000 0000 0000 0001 0000 0000 0000
0000 0000 0000 0000 0000 0000 0000 0000 0000 0000 0000 0000.
0000 0000 0000 0000 0000 0000 0000 0000 0000 0000 0000 0000
0000 0000 0000 0000 0000 0000 0000 0000 0000 0000 0000 0000.
0000 0000 0000 0000 0000 0000 0000 0000 0000 0000 0000 0000
0000 0000 0000 0000 0000 0000 0000 0000 0000 0000 0000 0000.
0000 0000 0000 0000 0000 0000 0000 0000 0000 0000 0000 0000
0000 0000 0000 0000 0000 0000 0000 0000 0000 0000 0000 0000.
0000 0000 0000 0021 0004 0001 0013 0001 0000 0000 0000 0000
0001 0000 0000 0000 0000 0000 0000 0000 0000 0082 0003 0000.
0000 0000 0000 0000 0000 0000 0001 0000 0000 0000 0000 0000
0020 0043 0010 0019 0047 0030 0008 0000 0000 0003 0001 0000.
0000 0000 0017 0022 0009 0000 0000 0003 0001 0000 0001 0000
0000 0000 0000 0003 0000 0000 0000 0000 0000 //// 0028 0042.
0010 0000 0000 0000 0000 0000 0001 0003 0002 0005 0001 0001
0002 0006 0001 0001 0002 0005 0001 0000 0000 0000 0000 0000.
0000 0000 0000 0001 0000 0004 0024 0010 0000 0004 0002 0002
0001 0007 0004 0014 0010 0023 0045 0009 0015 0024 0024 0011.
0026 0005 0003 0000 0005 0004 0013 0018 0038 0039 0042 0031
0036 0036 0047 0019 0007 0005 0022 0015 0012 0010 0009 0009.
0016 0012 0017 0018 0031 0017 0025 0034 0028 0024 0021 0013
0006 0012 0004 0001 0000 0000 0000 0000 0002 0004 0001 0008.
0002 0001 0000 0000 0000 0000 0000 0000 0000 0000 0001 0000
0000 0000 0000 0000 0000 0000 0000 0000 0000 0000 0000 0000.
0000 0000 0000 0000 0001 0007 0000 0000 0000 0000 0000 0000
0000 0000 0000 0000 0000 0000 0000 0000 0000 0000 0000 0000.
0000 0000 0000 0000 0000 0000 0000 0000 0000 //// 0000 0000
0000 0000 0000 0000 //// //// //// //// //// //// //// 0000.
0000 0000 0000 0000 0000 0000 0000 0000 0000 0000 0000 0000
0000 0000 0000 0000 0000 0000 0000 0000 0000 0000 0000 0000.
0000 0000 0000 0000 0000 0000 0000 0000 0000 0000 0000 0000
0000 0000 0000 0000 0000 0000 0000 0000 0000 0000 0000 0000.
0000 0000 0000 0000 0716 //// //// 0000 0000 0000 0000 0000
0000 0000 0000 0000 0000 0000 0000 0000 0000 0000 0000 0000=
0000 ////////// 00000=
W=
L=
Z=
G=
F=
D=
K=
A=
S=
B=
??????
******
YF
O4512
河南省
栾川陶湾
镇政府3楼顶
山地；城镇；楼顶
空缺
计算机
计算机
计算机
计算机
计算机
20100926=
JY
8888=
GK
01/
05/=
BZ
00/334930/1112736
10/24/逐时观测
10/24/24时连续观测
11/不守班=
######
