O4507 3351N 11135E 008490 000000 000 000 S15 99999999919999999999 0 2009 10
P=
T=
I=
E=
U=
N=
H=
C=
V=
R6
0000 0000 0000
0000 0000 0000
0000 0000 0000
0000 0000 0000
0000 0000 0000
0000 0001 0001
0075 0005 0080
0010 0003 0013
0006 0046 0052
0035 0116 0151
0025 0034 0059
0038 0001 0039
0000 0000 0000
0000 0000 0000
0000 0000 0000
0000 0000 0000
0000 0000 0000
0000 0000 0000
0000 0000 0000
0000 0000 0000
0000 0000 0000
0000 0000 0000
0000 0000 0000
0000 0000 0000
0000 0000 0000
0000 0000 0000
0000 0000 0000
0000 0000 0000
0000 0000 0000
0000 0000 0000
0099 0004 0103=
0000 0000 0000 0000 0000 0000 0000 0000 0000 0000 0000 0000
0000 0000 0000 0000 0000 0000 0000 0000 0000 0000 0000 0000.
0000 0000 0000 0000 0000 0000 0000 0000 0000 0000 0000 0000
0000 0000 0000 0000 0000 0000 0000 0000 0000 0000 0000 0000.
0000 0000 0000 0000 0000 0000 0000 0000 0000 0000 0000 0000
0000 0000 0000 0000 0000 0000 0000 0000 0000 0000 0000 0000.
0000 0000 0000 0000 0000 0000 0000 0000 0000 0000 0000 0000
0000 0000 0000 0000 0000 0000 0000 0000 0000 0000 0000 0000.
0000 0000 0000 0000 0000 0000 0000 0000 0000 0000 0000 0000
0000 0000 0000 0000 0000 0000 0000 0000 0000 0000 0000 0000.
0000 0000 0000 0000 0000 0000 0000 0000 0000 0000 0000 0000
0000 0000 0000 0000 0000 0000 0000 0000 0000 0000 0001 ////.
0028 0005 0005 0012 0012 0004 0001 0001 0002 0004 0000 0001
0001 0000 0000 0000 0000 0000 0001 0000 0001 0001 0001 ////.
0001 //// 0002 0002 0001 0001 0000 0002 0000 0000 0001 0000
0001 0000 0000 0000 0000 0000 0000 0000 0000 0000 0002 ////.
0000 0000 0000 0000 0001 0000 0000 0000 0000 0000 0004 0001
0007 0007 //// 0012 0012 0001 0001 0003 0002 0001 0000 ////.
0001 0000 //// 0001 0000 0001 0000 0000 0004 0005 0009 0014
0016 0019 0011 0004 0002 0016 0010 0006 0004 0014 0014 ////.
//// 0000 0001 0003 0003 0001 0002 0004 0006 0002 0002 0001
0001 0001 0001 0000 0000 0000 0002 0004 0006 0009 0010 ////.
//// 0014 0001 0001 0008 0005 0005 0002 0000 0001 0001 0000
0000 0000 //// 0000 //// 0000 0001 0000 //// 0000 //// ////.
0000 0000 0000 0000 0000 0000 0000 0000 0000 0000 0000 0000
0000 0000 0000 0000 0000 0000 0000 0000 0000 0000 0000 0000.
0000 0000 0000 0000 0000 0000 0000 0000 0000 0000 0000 0000
0000 0000 0000 0000 0000 0000 0000 0000 0000 0000 0000 0000.
0000 0000 0000 0000 0000 0000 0000 0000 0000 0000 0000 0000
0000 0000 0000 0000 0000 0000 0000 0000 0000 0000 0000 0000.
0000 0000 0000 0000 0000 0000 0000 0000 0000 0000 0000 0000
0000 0000 0000 0000 0000 0000 0000 0000 0000 0000 0000 0000.
0000 0000 0000 0000 0000 0000 0000 0000 0000 0000 0000 0000
0000 0000 0000 0000 0000 0000 0000 0000 0000 0000 0000 0000.
0000 0000 0000 0000 0000 0000 0000 0000 0000 0000 0000 0000
0000 0000 0000 0000 0000 0000 0000 0000 0000 0000 0000 0000.
0000 0000 0000 0000 0000 0000 0000 0000 0000 0000 0000 0000
0000 0000 0000 0000 0000 0000 0000 0000 0000 0000 0000 0000.
0000 0000 0000 0000 0000 0000 0000 0000 0000 0000 0000 0000
0000 0000 0000 0000 0000 0000 0000 0000 0000 0000 0000 0000.
0000 0000 0000 0000 0000 0000 0000 0000 0000 0000 0000 0000
0000 0000 0000 0000 0000 0000 0000 0000 0000 0000 0000 0000.
0000 0000 0000 0000 0000 0000 0000 0000 0000 0000 0000 0000
0000 0000 0000 0000 0000 0000 0000 0000 0000 0000 0000 0000.
0000 0000 0000 0000 0000 0000 0000 0000 0000 0000 0000 0000
0000 0000 0000 0000 0000 0000 0000 0000 0000 0000 0000 0000.
0000 0000 0000 0000 0000 0000 0000 0000 0000 0000 0000 0000
0000 0000 0000 0000 0000 0000 0000 0000 0000 0000 0000 0000.
0000 0000 0000 0000 0000 0000 0000 0000 0000 0000 0000 0000
0000 0000 0000 0000 0000 0000 0000 0000 0000 0000 0000 0000.
0000 0000 0000 0000 0000 0000 0000 0000 0000 0000 0000 0000
0000 0000 0000 0000 0000 0000 0000 0000 0000 0000 0000 0000.
0000 0000 0000 0000 0000 0000 0000 0000 0000 0000 0000 0000
0000 0000 0000 0000 0000 0000 0000 0000 0000 0000 0000 0000.
0000 0000 0000 0000 0000 0000 0000 0000 0000 0000 0000 0000
0000 0000 0000 0000 0000 0000 0000 0000 0000 0000 0000 0000.
0000 0000 0000 0000 0000 0000 0000 0000 0000 0000 0000 0000
0000 0000 0000 0000 0000 0000 0000 0000 0000 0000 0000 0000.
0000 0000 0000 0000 0000 0000 0000 0000 0000 0000 0000 0000
0000 0000 0000 0000 0000 0000 0000 0000 0000 0000 0000 0000.
0000 0000 0000 0000 0000 0000 0001 //// 0026 0057 //// 0015
//// //// 0001 0000 0000 0001 //// 0002 //// //// 0000 ////=
0000 ////////// 00000=
W=
L=
Z=
G=
F=
D=
K=
A=
S=
B=
??????
******
YF
O4507
河南省
栾川赤土店
镇政府三楼顶
山地；村镇；楼顶
张跃武
朱冬冬
朱冬冬
朱冬冬
王国安
朱冬冬
20091125=
JY
8888=
GK
01/本月降水量是49.8mm。
02/本月主要降水过程为：6日-12日、31日，降水量分别是：0.1mm、8.0mm、1.3mm、5.2mm、15.1mm、5.9mm、3.9mm、10.3mm。
05/=
BZ
BB/06/19-20时降水量缺测
BB/07/19-20时降水量缺测
BB/08/21-22时、19-20时降水量缺测
BB/09/10-11时、19-20时降水量缺测
BB/10/22-23时、19-20时降水量缺测
BB/11/20-21时、19-20时降水量缺测
BB/12/20-21时、10-11时、12-13时、16-17时、18-19时、19-20时降水量缺测。
BB/31/3-4时、6-7时、8-9时、9-10时、14-15时、16-17时、17-18时、19-20时降水量缺测。
00/335000/1113400
10/335000/1113400
10/24/24小时连续观测
11/不守班=
######
