O4517 3346N 11144E 007540 000000 000 000 S15 99999999919999999999 0 2009 05
P=
T=
I=
E=
U=
N=
H=
C=
V=
R6
0015 0000 0015
0000 0000 0000
0000 0000 0000
0000 0000 0000
0000 0000 0000
0000 0000 0000
0000 0000 0000
0000 0000 0000
0000 0001 0001
0147 0078 0225
0087 0120 0207
0030 0001 0031
0000 0000 0000
0000 0245 0245
0111 0102 0213
0001 0000 0001
0000 0000 0000
0000 0000 0000
0000 0000 0000
0000 0000 0000
0000 0000 0000
0028 0025 0053
0003 0000 0003
0000 0000 0000
0020 0000 0020
0001 0000 0001
//// 0338 0338
0162 0066 0228
0001 0000 0001
0000 0000 0000
0000 0000 0000=
0000 0000 0000 0000 0000 0000 0000 0000 0000 0000 0010 0005
0000 0000 0000 0000 0000 0000 0000 0000 0000 0000 0000 0000.
0000 0000 0000 0000 0000 0000 0000 0000 0000 0000 0000 0000
0000 0000 0000 0000 0000 0000 0000 0000 0000 0000 0000 0000.
0000 0000 0000 0000 0000 0000 0000 0000 0000 0000 0000 0000
0000 0000 0000 0000 0000 0000 0000 0000 0000 0000 0000 0000.
0000 0000 0000 0000 0000 0000 0000 0000 0000 0000 0000 0000
0000 0000 0000 0000 0000 0000 0000 0000 0000 0000 0000 0000.
0000 0000 0000 0000 0000 0000 0000 0000 0000 0000 0000 0000
0000 0000 0000 0000 0000 0000 0000 0000 0000 0000 0000 0000.
0000 0000 0000 0000 0000 0000 0000 0000 0000 0000 0000 0000
0000 0000 0000 0000 0000 0000 0000 0000 0000 0000 0000 0000.
0000 0000 0000 0000 0000 0000 0000 0000 0000 0000 0000 0000
0000 0000 0000 0000 0000 0000 0000 0000 0000 0000 0000 0000.
0000 0000 0000 0000 0000 0000 0000 0000 0000 0000 0000 0000
0000 0000 0000 0000 0000 0000 0000 0000 0000 0000 0000 0000.
0000 0000 0000 0000 0000 0000 0000 0000 0000 0000 0000 0000
0000 0000 0000 0000 0000 0000 0000 0000 0000 0001 0000 0000.
0000 0000 0000 0008 0020 0109 0010 0000 0000 0000 0000 0000
0000 0000 0000 0003 0039 0008 0002 0006 0004 0001 0008 0007.
0002 0004 0039 0039 0001 0001 0000 0000 0001 0000 0000 0000
0000 0000 0001 0000 0005 0005 0005 0006 0003 0018 0054 0023.
0021 0005 0001 0002 0000 0000 0001 0000 0000 0000 0000 0000
0000 0000 0000 0001 0000 0000 0000 0000 0000 0000 0000 0000.
0000 0000 0000 0000 0000 0000 0000 0000 0000 0000 0000 0000
0000 0000 0000 0000 0000 0000 0000 0000 0000 0000 0000 0000.
0000 0000 0000 0000 0000 0000 0000 0000 0000 0000 0000 0000
0000 0000 0128 0024 0001 0000 0064 0028 0000 0000 0000 0000.
//// //// //// 0002 0028 0039 0000 0013 0014 0015 0000 0000
0060 0032 0003 0000 0000 0007 0000 0000 0000 0000 0000 0000.
//// 0000 0000 0001 0000 0000 0000 0000 0000 0000 0000 0000
0000 0000 0000 0000 0000 0000 0000 0000 0000 0000 0000 0000.
0000 0000 0000 0000 0000 0000 0000 0000 0000 0000 0000 0000
0000 0000 0000 0000 0000 0000 0000 0000 0000 0000 0000 0000.
0000 0000 0000 0000 0000 0000 0000 0000 0000 0000 0000 0000
0000 0000 0000 0000 0000 0000 0000 0000 0000 0000 0000 0000.
0000 0000 0000 0000 0000 0000 0000 0000 0000 0000 0000 0000
0000 0000 0000 0000 0000 0000 0000 0000 0000 0000 0000 0000.
0000 0000 0000 0000 0000 0000 0000 0000 0000 0000 0000 0000
0000 0000 0000 0000 0000 0000 0000 0000 0000 0000 0000 0000.
0000 0000 0000 0000 0000 0000 0000 0000 0000 0000 0000 0000
0000 0000 0000 0000 0000 0000 0000 0000 0000 0000 0000 0000.
//// //// //// //// 0028 0000 0000 0000 0000 0000 0000 0000
0000 0000 0000 0000 0000 0000 0001 0000 0002 0008 0008 0006.
0002 0000 0000 0000 0000 0000 0000 0000 0001 0000 0000 0000
0000 0000 0000 0000 0000 0000 0000 0000 0000 0000 0000 0000.
0000 0000 0000 0000 0000 0000 0000 0000 0000 0000 0000 0000
0000 0000 0000 0000 0000 0000 0000 0000 0000 0000 0000 0000.
0016 0003 0000 0000 0000 0000 0000 0001 0000 0000 0000 0000
0000 0000 0000 0000 0000 0000 0000 0000 0000 0000 0000 0000.
0000 0000 0000 0000 0000 0000 0001 0000 0000 0000 0000 0000
0000 0000 0000 0000 0000 0000 0000 0000 0000 0000 0000 0000.
//// //// //// //// //// //// //// //// //// //// //// ////
//// 0065 0008 0017 0028 0029 0040 0036 0052 0024 0019 0020.
0043 0032 0012 0011 0010 0010 0011 0010 0011 0005 0005 0002
0003 0001 0001 0002 0003 0023 0001 0031 0000 0000 0001 0000.
0000 0000 0000 0000 0000 0000 0001 0000 0000 0000 0000 0000
0000 0000 0000 0000 0000 0000 0000 0000 0000 0000 0000 0000.
0000 0000 0000 0000 0000 0000 0000 0000 0000 0000 0000 0000
0000 0000 0000 0000 0000 0000 0000 0000 0000 0000 0000 0000.
0000 0000 0000 0000 0000 0000 0000 0000 0000 0000 0000 0000
0000 0000 0000 0000 0000 0000 0000 0000 0000 0000 0000 0000=
0000 ////////// 00000=
W=
L=
Z=
G=
F=
D=
K=
A=
S=
B=
??????
******
YF
O4517
河南省
栾川庙子
乡政府三楼顶
山地；村镇；楼顶
张跃武
张钰
张钰
张钰
王国安
张钰
20090622=
JY
8888=
GK
01/本月合计降水量为:158.2mm.
02/本月主要降水过程出现在:1日、9日-12日、14日-16日、22日-23日、25日-29日,降水量分别为:1.5mm、46.4mm、45.9mm、5.6mm、58.8mm.
05/=
BZ
BB/15/20时-23时降水量缺测.
BB/16/20时-21时降水量缺测.
BB/22/20时-24时降水量缺测.
BB/27/20时-9时降水量缺测.
00/334600/1114400
10/334600/1114400
10/24/24小时连续观测
11/不守班=
######
