O4510 3351N 11154E 006270 006270 105 000 S15 99999999919999999999 0 2012 06
P=
T=
I=
E=
U=
N=
H=
C=
V=
R6
0001 0000 0001
0000 //// ////
0000 0000 0000
0000 0000 0000
0000 //// ////
0006 //// 0006
0000 0000 0000
0000 0000 0000
0000 0000 0000
0000 0005 0005
0000 0000 0000
0000 0000 0000
0000 //// ////
0000 //// ////
0000 0000 0000
0000 0000 0000
0000 0000 0000
//// 0000 ////
0000 0020 0020
0004 0003 0007
0000 0000 0000
0000 0000 0000
0000 0000 0000
0000 0018 0018
0004 0308 0312
0020 0004 0024
0008 0003 0011
0003 0003 0006
0005 0038 0043
0062 0017 0079=
0000 0000 0001 0000 0000 0000 0000 0000 0000 0000 0000 0000
0000 0000 0000 0000 0000 0000 0000 0000 0000 0000 0000 0000.
0000 0000 0000 0000 0000 0000 0000 0000 0000 0000 0000 0000
//// 0000 0000 0000 0000 0000 0000 0000 0000 0000 0000 0000.
0000 0000 0000 0000 0000 0000 0000 0000 0000 0000 0000 0000
0000 0000 0000 0000 0000 0000 0000 0000 0000 0000 0000 0000.
0000 0000 0000 0000 0000 0000 0000 0000 0000 0000 0000 0000
0000 0000 0000 0000 0000 0000 0000 0000 0000 0000 0000 0000.
0000 0000 0000 0000 0000 0000 0000 0000 0000 0000 0000 0000
0000 0000 0000 0000 0000 0000 0000 0000 0000 0000 0000 ////.
0000 0000 0000 0000 0000 0000 0004 0000 0001 0000 0000 0001
0000 0000 0000 //// 0000 0000 0000 0000 0000 0000 0000 0000.
0000 0000 0000 0000 0000 0000 0000 0000 0000 0000 0000 0000
0000 0000 0000 0000 0000 0000 0000 0000 0000 0000 0000 0000.
0000 0000 0000 0000 0000 0000 0000 0000 0000 0000 0000 0000
0000 0000 0000 0000 0000 0000 0000 0000 0000 0000 0000 0000.
0000 0000 0000 0000 0000 0000 0000 0000 0000 0000 0000 0000
0000 0000 0000 0000 0000 0000 0000 0000 0000 0000 0000 0000.
0000 0000 0000 0000 0000 0000 0000 0000 0000 0000 0000 0000
0000 0000 0000 0000 0000 0000 0000 0000 0003 0001 0001 0000.
0000 0000 0000 0000 0000 0000 0000 0000 0000 0000 0000 0000
0000 0000 0000 0000 0000 0000 0000 0000 0000 0000 0000 0000.
0000 0000 0000 0000 0000 0000 0000 0000 0000 0000 0000 0000
0000 0000 0000 0000 0000 0000 0000 0000 0000 0000 0000 0000.
0000 0000 0000 0000 0000 0000 0000 0000 0000 0000 0000 0000
0000 //// //// //// 0000 0000 0000 0000 0000 0000 0000 0000.
0000 0000 0000 0000 0000 0000 0000 0000 0000 0000 0000 0000
0000 //// 0000 0000 0000 0000 0000 0000 0000 0000 0000 0000.
0000 0000 0000 0000 0000 0000 0000 0000 0000 0000 0000 0000
0000 0000 0000 0000 0000 0000 0000 0000 0000 0000 0000 0000.
0000 0000 0000 0000 0000 0000 0000 0000 0000 0000 0000 0000
0000 0000 0000 0000 0000 0000 0000 0000 0000 0000 0000 0000.
0000 0000 0000 0000 0000 0000 0000 0000 0000 0000 0000 0000
0000 0000 0000 0000 0000 0000 0000 0000 0000 0000 0000 0000.
0000 0000 0000 0000 0000 0000 //// 0000 0000 0000 0000 0000
0000 0000 0000 0000 0000 0000 0000 0000 0000 0000 0000 0000.
0000 0000 0000 0000 0000 0000 0000 0000 0000 0000 0000 0000
0000 0000 0000 0000 0000 0000 0014 0002 0001 0001 0001 0001.
0000 0001 0000 0000 0001 0000 0001 0000 0000 0000 0001 0000
0000 0001 0000 0000 0000 0001 0000 0000 0000 0000 0001 0000.
0000 0000 0000 0000 0000 0000 0000 0000 0000 0000 0000 0000
0000 0000 0000 0000 0000 0000 0000 0000 0000 0000 0000 0000.
0000 0000 0000 0000 0000 0000 0000 0000 0000 0000 0000 0000
0000 0000 0000 0000 0000 0000 0000 0000 0000 0000 0000 0000.
0000 0000 0000 0000 0000 0000 0000 0000 0000 0000 0000 0000
0000 0000 0000 0000 0000 0000 0000 0000 0000 0000 0000 0000.
0000 0000 0000 0000 0000 0000 0000 0000 0000 0000 0000 0000
0000 0000 0000 0000 0000 0000 0013 0002 0001 0000 0001 0001.
0000 0000 0001 0000 0001 0000 0000 0001 0000 0000 0001 0000
0000 0001 0000 0000 0001 0000 0009 0172 0016 0004 0082 0023.
0011 0001 0003 0001 0001 0001 0000 0001 0000 0000 0001 0000
0000 0001 0000 0000 0001 0000 0000 0001 0000 0000 0000 0001.
0000 0000 0000 0001 0002 0003 0001 0000 0001 0000 0000 0000
0001 0000 0000 0001 0000 0000 0000 0000 0001 0000 0000 0000.
0000 0000 0001 0000 0000 0000 0000 0001 0000 0000 0001 0000
0000 0000 0001 0000 0000 0000 0001 0000 0000 0001 0000 0000.
0001 0000 0000 0001 0001 0000 0001 0000 0000 0000 0001 0000
0000 0000 0000 0000 0000 0000 0000 0000 0000 0024 0010 0004.
0002 0001 0001 0001 0003 0002 0005 0006 0026 0011 0001 0003
0012 0001 0000 0000 0000 0000 0000 0000 0000 0003 0000 0001=
0000 ////////// 00000=
W=
L=
Z=
G=
F=
D=
K=
A=
S=
B=
??????
******
YF
O4510
河南省
栾川合峪
镇政府3楼顶
山地；城镇；楼顶
空缺
计算机
计算机
计算机
计算机
计算机
20120716=
JY
8888=
GK
01/
05/=
BZ
00/335031/1115350
10/24/逐时观测
10/24/24时连续观测
11/不守班=
######
