O4511 3401N 11125E 009200 000000 000 000 S15 99999999919999999999 0 2009 05
P=
T=
I=
E=
U=
N=
H=
C=
V=
R6
0000 0000 0000
0000 0000 0000
0000 0000 0000
0000 0000 0000
0000 0000 0000
0000 0000 0000
0000 0000 0000
0000 0000 0000
0007 0003 0010
0286 0063 0349
0060 0071 0131
0014 0001 0015
0002 0003 0005
0019 0251 0270
0222 0127 0349
0002 0000 0002
//// //// ////
//// //// ////
//// //// ////
//// //// ////
//// //// ////
//// //// ////
0000 0000 0000
0000 0000 0000
0000 0000 0000
0000 0000 0000
0000 0000 0000
0000 0000 0000
0000 0000 0000
0000 0000 0000
//// //// ////=
0000 0000 0000 0000 0000 0000 0000 0000 0000 0000 0000 0000
0000 0000 0000 0000 0000 0000 0000 0000 0000 0000 0000 0000.
0000 0000 0000 0000 0000 0000 0000 0000 0000 0000 0000 0000
0000 0000 0000 0000 0000 0000 0000 0000 0000 0000 0000 0000.
0000 0000 0000 0000 0000 0000 0000 0000 0000 0000 0000 0000
0000 0000 0000 0000 0000 0000 0000 0000 0000 0000 0000 0000.
0000 0000 0000 0000 0000 0000 0000 0000 0000 0000 0000 0000
0000 0000 0000 0000 0000 0000 0000 0000 0000 0000 0000 0000.
0000 0000 0000 0000 0000 0000 0000 0000 0000 0000 0000 0000
0000 0000 0000 0000 0000 0000 0000 0000 0000 0000 0000 0000.
0000 0000 0000 0000 0000 0000 0000 0000 0000 0000 0000 0000
0000 0000 0000 0000 0000 0000 0000 0000 0000 0000 0000 0000.
0000 0000 0000 0000 0000 0000 0000 0000 0000 0000 0000 0000
0000 0000 0000 0000 0000 0000 0000 0000 0000 0000 0000 0000.
0000 0000 0000 0000 0000 0000 0000 0000 0000 0000 0000 0000
0000 0000 0000 0000 0000 0000 0000 0000 0000 0000 0000 0000.
0000 0000 0000 0000 0000 0000 0000 0000 0000 0000 0000 0007
0000 0000 0000 0000 0000 0001 0002 0000 0000 0000 0000 0000.
0000 0000 0087 0073 0112 0013 0001 0000 0000 0000 0000 0000
0000 0001 0002 0006 0006 0017 0006 0003 0000 0001 0008 0013.
0009 0001 0000 0000 0000 0000 0000 0010 0040 0000 0000 0000
0000 0000 0000 0000 0006 0007 0019 0003 0001 0014 0019 0002.
0001 0000 0011 0002 0000 0000 0000 0000 0000 0000 0000 0000
0000 0000 0000 0000 0001 0000 0000 0000 0000 0000 0000 0000.
0000 0000 0001 0000 0001 0000 0000 0000 0000 0000 0000 0000
0000 0000 0000 0000 0000 0000 0000 0000 0000 0003 0000 0000.
0000 0003 0009 0000 0003 0000 0000 0000 0000 0004 0000 0000
0000 0000 0141 0058 0005 0017 0000 0015 0000 0015 0000 0000.
0003 0000 0000 0058 0000 0000 0033 0014 0000 0114 0000 0000
0095 0012 0000 0014 0000 0002 0000 0000 0000 0004 0000 0000.
0001 0000 0001 0000 0000 0000 0000 0000 0000 0000 0000 0000
0000 0000 0000 0000 0000 0000 0000 0000 0000 0000 0000 0000.
//// //// //// //// //// //// //// //// //// //// //// ////
//// //// //// //// //// //// //// //// //// //// //// ////.
//// //// //// //// //// //// //// //// //// //// //// ////
//// //// //// //// //// //// //// //// //// //// //// ////.
//// //// //// //// //// //// //// //// //// //// //// ////
//// //// //// //// //// //// //// //// //// //// //// ////.
//// //// //// //// //// //// //// //// //// //// //// ////
//// //// //// //// //// //// //// //// //// //// //// ////.
//// //// //// //// //// //// //// //// //// //// //// ////
//// //// //// //// //// //// //// //// //// //// //// ////.
//// //// //// //// //// //// //// //// //// //// //// ////
//// //// 0000 0000 0000 0000 0000 0000 0000 0000 0000 0000.
0000 0000 0000 0000 0000 0000 0000 0000 0000 0000 0000 0000
0000 0000 0000 0000 0000 0000 0000 0000 0000 0000 0000 0000.
0000 0000 0000 0000 0000 0000 0000 0000 0000 0000 0000 0000
0000 0000 0000 0000 0000 0000 0000 0000 0000 0000 0000 0000.
0000 0000 0000 0000 0000 0000 0000 0000 0000 0000 0000 0000
0000 0000 0000 0000 0000 0000 0000 0000 0000 0000 0000 0000.
0000 0000 0000 0000 0000 0000 0000 0000 0000 0000 0000 0000
0000 0000 0000 0000 0000 0000 0000 0000 0000 0000 0000 0000.
0000 0000 0000 0000 0000 0000 0000 0000 0000 0000 0000 0000
0000 0000 0000 0000 0000 0000 0000 0000 0000 0000 0000 0000.
0000 0000 0000 0000 0000 0000 0000 0000 0000 0000 0000 0000
0000 0000 0000 0000 0000 0000 0000 0000 0000 0000 0000 0000.
0000 0000 0000 0000 0000 0000 0000 0000 0000 0000 0000 0000
0000 0000 0000 0000 0000 0000 0000 0000 0000 0000 0000 0000.
0000 0000 0000 0000 0000 0000 0000 0000 0000 0000 0000 0000
0000 0000 0000 0000 0000 0000 0000 0000 0000 0000 0000 0000.
//// //// //// //// //// //// //// //// //// //// //// ////
//// //// //// //// //// //// //// //// //// //// //// ////=
0000 ////////// 00000=
W=
L=
Z=
G=
F=
D=
K=
A=
S=
B=
??????
******
YF
O4511
河南省
栾川白土
乡政府三楼顶
山地；村镇；楼顶
张跃武
张钰
张钰
张钰
王国安
张钰
20090622=
JY
8888=
GK
01/本月缺测数据较多,降水量无法统计.
05/=
BZ
BB/17-21/17日-21日降水量均缺测.
BB/22/20时-10时降水量缺测.
BB/31/全天降水量缺测.
00/340100/1112500
10/340100/1112500
10/24/24小时连续观测
11/不守班=
######
