O4510 3351N 11154E 006270 006270 105 000 S15 99999999919999999999 0 2010 07
P=
T=
I=
E=
U=
N=
H=
C=
V=
R6
0000 0092 0092
0164 0002 0166
0893 0024 0917
0000 //// ////
0000 //// ////
0000 //// ////
0000 //// ////
0045 0077 0122
0001 //// 0001
0234 0011 0245
0000 //// ////
0000 //// ////
0000 //// ////
0000 //// ////
0000 0109 0109
0089 0012 0101
0001 0398 0399
0037 0064 0101
0644 0007 0651
0000 //// ////
0000 //// ////
0000 //// ////
0090 0250 0340
0364 0431 0795
//// //// ////
0001 0032 0033
//// 0123 0123
0000 0002 0002
0001 //// 0001
0000 //// ////
//// 0004 0004=
0000 0000 0000 0000 0000 0000 0000 0000 0000 0000 0000 0000
0000 0000 0000 0000 0000 0000 0000 0000 0000 0000 0092 ////.
0074 0000 0000 0000 0001 0000 0085 0004 0000 0000 0000 0000
0000 0000 0000 0001 0000 0000 0000 0001 0000 0000 0000 ////.
0000 0000 0000 0086 0670 0076 0039 0015 0001 0000 0000 0006
0000 0001 0001 0000 0001 0000 0000 0000 0004 0004 0013 ////.
0000 0000 0000 0000 0000 0000 0000 0000 0000 0000 0000 0000
0000 0000 0000 0000 0000 0000 0000 0000 0000 0000 0000 ////.
0000 0000 0000 0000 0000 0000 0000 0000 0000 0000 0000 0000
0000 0000 0000 0000 0000 0000 0000 0000 0000 0000 0000 ////.
0000 0000 0000 0000 0000 0000 0000 0000 0000 0000 0000 0000
0000 0000 0000 0000 0000 0000 //// 0000 0000 0000 0000 ////.
0000 0000 0000 0000 0000 0000 0000 0000 0000 0000 0000 0000
0000 0000 0000 0000 0000 0000 0000 0000 0000 0000 0000 ////.
0000 0000 0000 0000 0000 0000 0000 0000 0000 0000 0003 0042
0014 0011 //// 0028 0012 0000 0000 0007 0002 0002 0001 ////.
0000 0000 0001 0000 0000 0000 0000 0000 0000 0000 0000 0000
0000 0000 0000 0000 0000 0000 0000 0000 0000 0000 0000 ////.
0006 0011 0007 0013 0024 0039 0029 0017 0035 0039 //// 0014
0008 0000 0002 0000 0001 0000 0000 0000 0000 0000 0000 ////.
0000 0000 0000 0000 0000 0000 0000 0000 0000 0000 0000 0000
0000 0000 0000 0000 0000 0000 0000 0000 0000 0000 0000 ////.
0000 0000 0000 0000 0000 0000 0000 0000 0000 0000 0000 0000
0000 0000 0000 0000 0000 0000 0000 0000 0000 0000 0000 ////.
0000 0000 0000 0000 0000 0000 0000 0000 0000 0000 0000 0000
0000 0000 0000 0000 0000 0000 0000 0000 0000 0000 0000 ////.
0000 0000 0000 0000 0000 0000 0000 0000 0000 0000 0000 0000
0000 0000 0000 0000 0000 0000 0000 0000 0000 0000 0000 ////.
0000 0000 0000 0000 0000 0000 0000 0000 0000 0000 0000 0000
0000 0000 0000 0000 0000 0000 0035 0016 0038 0019 0001 ////.
0001 0000 0000 0000 0000 0000 0000 0000 0010 0003 0047 0028
0003 0008 0000 0001 0000 0000 0000 0000 0000 0000 0000 ////.
0000 0000 0000 0000 0000 0000 0000 0000 0000 0001 0000 0000
0037 0085 0101 0143 0019 0005 0005 0001 0001 0000 0001 ////.
0000 0000 0014 0006 0000 0001 0001 0001 0008 0001 0004 0001
0000 0001 0000 0000 0000 0000 0001 0008 0022 0022 0010 ////.
0096 0158 0094 0055 0093 0060 0040 0003 0007 0038 //// ////
//// 0007 0000 0000 0000 0000 0000 0000 0000 0000 0000 ////.
0000 0000 0000 0000 0000 0000 0000 0000 0000 0000 0000 0000
0000 0000 0000 0000 0000 0000 0000 0000 0000 0000 0000 ////.
0000 0000 0000 0000 0000 0000 0000 0000 0000 0000 0000 0000
0000 0000 0000 0000 0000 0000 0000 0000 0000 0000 0000 ////.
0000 0000 0000 0000 0000 0000 0000 0000 0000 0000 0000 0000
0000 0000 0000 0000 0000 0000 0000 0000 0000 0000 0000 ////.
0000 0000 0000 0000 0029 0033 0025 0003 0000 0000 0000 0000
0000 0000 0000 0001 0001 0052 0103 0092 0001 0000 0000 ////.
0000 0000 0005 0016 0072 0078 0051 0038 0058 0037 0004 0005
0008 0032 0003 0056 0152 0180 //// //// //// //// //// ////.
//// //// //// //// //// //// //// //// //// //// //// ////
//// //// //// //// //// //// //// //// //// //// //// ////.
//// //// //// 0000 0000 0000 0000 0000 0001 0000 0000 0000
0000 0000 0000 0000 0000 0000 0000 0000 0000 0032 0000 ////.
0000 0000 0000 0000 0000 0000 0000 0000 0000 0000 //// 0000
0000 0000 0000 0000 0000 0000 0000 0000 0104 0019 0000 ////.
0000 0000 0000 0000 0000 0000 0000 0000 0000 0000 0000 0000
0000 0000 0000 0000 0000 0000 0001 0001 0000 0000 0000 ////.
0000 0000 0000 0001 0000 0000 0000 0000 0000 0000 0000 0000
0000 0000 0000 0000 0000 0000 0000 0000 0000 0000 0000 ////.
0000 0000 0000 0000 0000 0000 0000 0000 0000 0000 0000 0000
0000 0000 0000 0000 0000 0000 0000 0000 0000 //// //// ////.
//// //// //// //// //// //// //// //// //// //// //// ////
//// //// //// //// //// //// 0001 0002 0000 0001 0000 ////=
0000 ////////// 00000=
W=
L=
Z=
G=
F=
D=
K=
A=
S=
B=
??????
******
YF
O4510
河南省
栾川合峪
镇政府3楼顶
山地；城镇；楼顶
空缺
计算机
计算机
计算机
计算机
计算机
20100805=
JY
8888=
GK
01/
05/=
BZ
00/335031/1115350
10/24/逐时观测
10/24/24时连续观测
11/不守班=
######
