O4509 3355N 11127E 013000 013000 105 000 S15 99999999919999999999 0 2010 07
P=
T=
I=
E=
U=
N=
H=
C=
V=
R6
//// 0179 0179
0022 0036 0058
0083 0074 0157
0000 //// ////
0000 //// ////
0000 //// ////
0000 //// ////
0084 0040 0124
0000 //// ////
0238 0002 0240
0000 //// ////
0000 0000 0000
0000 0000 0000
0000 0004 0004
0002 0100 0102
0256 0070 0326
0008 0391 0399
0019 0045 0064
0145 0000 0145
0000 //// ////
0000 0000 0000
0000 //// ////
0141 0073 0214
0442 0440 0882
//// //// ////
//// //// ////
0000 //// ////
0000 0000 0000
0000 0058 0058
0001 0000 0001
0000 0239 0239=
//// //// //// //// //// //// //// //// //// //// //// 0000
0000 0000 0016 0000 0000 0000 0000 0000 0000 0000 0163 ////.
0000 0000 0000 0000 0014 0008 0000 0000 0000 0000 0000 0000
0000 0000 0001 0000 0030 0001 0002 0001 0001 0000 0000 ////.
0001 0004 0005 0004 0000 0000 0000 0000 0000 0000 0006 0063
0045 0023 0005 0000 0000 0000 0000 0000 0000 0000 0001 ////.
0000 0000 0000 0000 0000 0000 0000 0000 0000 0000 0000 0000
0000 0000 0000 0000 0000 0000 0000 0000 0000 0000 0000 ////.
0000 0000 0000 0000 0000 0000 0000 0000 0000 0000 0000 0000
0000 0000 0000 0000 0000 0000 0000 0000 0000 0000 0000 ////.
0000 0000 0000 0000 0000 0000 0000 0000 0000 0000 0000 0000
0000 0000 0000 0000 0000 0000 0000 0000 0000 0000 0000 ////.
0000 0000 0000 0000 0000 0000 0000 0000 0000 0000 0000 0000
0000 0000 0000 0000 0000 0000 0000 0000 0000 0000 0000 ////.
0000 0000 0000 0000 0000 0000 0000 0000 0000 0022 0032 0030
0002 0000 0002 0034 0002 0000 0000 0000 0000 0000 0000 ////.
0000 0000 0000 0000 0000 0000 0000 0000 0000 0000 0000 0000
0000 0000 0000 0000 0000 0000 0000 0000 0000 0000 0000 ////.
0000 0002 0009 0009 0035 0029 0035 0015 0040 0023 0023 0018
0002 0000 0000 0000 0000 0000 0000 0000 0000 0000 0000 ////.
0000 0000 0000 0000 0000 0000 0000 0000 0000 0000 0000 0000
0000 0000 0000 0000 0000 0000 0000 0000 0000 0000 0000 ////.
0000 0000 0000 0000 0000 0000 0000 0000 0000 0000 0000 0000
0000 0000 0000 0000 0000 0000 0000 0000 0000 0000 0000 0000.
0000 0000 0000 0000 0000 0000 0000 0000 0000 0000 0000 0000
0000 0000 0000 0000 0000 0000 0000 0000 0000 0000 0000 0000.
0000 0000 0000 0000 0000 0000 0000 0000 0000 0000 0000 0000
0000 0000 0000 0000 0000 0000 0000 0000 0000 0000 0004 0000.
0000 0002 0000 0000 0000 0000 0000 0000 0000 0000 0000 0000
0000 0000 0000 0000 0006 //// 0019 0051 0024 0000 0000 0000.
0000 0000 0000 0000 0001 0000 0001 0037 0077 0122 0018 0000
0000 0000 0006 0061 0001 0001 0001 0000 0000 0000 0000 0000.
0000 0000 0000 0000 0000 0000 0000 0000 0000 0000 0003 0005
0235 0076 0032 0018 0011 0008 0002 0003 0000 0001 0005 0000.
0000 0001 0007 0002 0000 0000 0000 0004 0002 0000 0000 0003
0001 0000 0000 0000 0000 0004 0010 0014 0010 0003 0002 0001.
0006 0009 0010 0041 0011 0051 0011 0004 0002 //// //// ////
0000 0000 0000 0000 0000 0000 0000 0000 0000 0000 0000 0000.
0000 0000 0000 0000 0000 0000 0000 0000 0000 0000 0000 0000
0000 0000 0000 0000 0000 0000 0000 0000 0000 0000 0000 ////.
0000 0000 0000 0000 0000 0000 0000 0000 0000 0000 0000 0000
0000 0000 0000 0000 0000 0000 0000 0000 0000 0000 0000 0000.
0000 0000 0000 0000 0000 0000 0000 0000 0000 0000 0000 0000
0000 0000 0000 0000 0000 0000 0000 0000 0000 0000 0000 ////.
0000 0002 0000 0000 0057 0067 0013 0002 0000 0000 0000 0000
0005 0000 0000 0000 0004 0000 0037 0024 0001 0000 0001 0001.
0000 0000 0000 0092 0051 0033 0006 0048 0091 0025 0037 0059
0180 0155 0105 //// //// //// //// //// //// //// //// ////.
//// //// //// //// //// //// //// //// //// //// //// ////
//// //// //// //// //// //// //// //// //// //// //// ////.
//// //// //// //// //// //// //// //// //// //// //// ////
//// //// //// //// //// //// //// //// //// //// 0000 0000.
0000 0000 0000 0000 0000 0000 0000 0000 0000 0000 0000 0000
0000 0000 0000 0000 0000 0000 0000 0000 0000 0000 0000 ////.
0000 0000 0000 0000 0000 0000 0000 0000 0000 0000 0000 0000
0000 0000 0000 0000 0000 0000 0000 0000 0000 0000 0000 0000.
0000 0000 0000 0000 0000 0000 0000 0000 0000 0000 0000 0000
0000 0000 0000 0000 0000 0000 0056 0001 0000 0000 0001 0000.
0000 0000 0000 0000 0000 0000 0001 0000 0000 0000 0000 0000
0000 0000 0000 0000 0000 0000 0000 0000 0000 0000 0000 0000.
0000 0000 0000 0000 0000 0000 0000 0000 0000 0000 0000 0000
0000 0000 0000 0000 0235 0000 0004 0000 0000 0000 0000 0000=
0000 ////////// 00000=
W=
L=
Z=
G=
F=
D=
K=
A=
S=
B=
??????
******
YF
O4509
河南省
栾川冷水
镇政府3楼顶
山地；城镇；楼顶
空缺
计算机
计算机
计算机
计算机
计算机
20100805=
JY
8888=
GK
01/
05/=
BZ
00/335512/1112700
10/24/逐时观测
10/24/24时连续观测
11/不守班=
######
