O4519 3354N 11143E 006300 000000 000 000 S15 99999999919999999999 0 2009 07
P=
T=
I=
E=
U=
N=
H=
C=
V=
R6
0000 0000 0000
0000 0000 0000
0000 0000 0000
0000 0000 0000
//// 0003 0003
0014 0003 0017
0036 0028 0064
0006 0003 0009
0003 0003 0006
0003 0002 0005
0004 0117 0121
0029 0015 0044
0006 0006 0012
0004 0006 0010
0004 0005 0009
0004 0004 0008
0003 0003 0006
0003 0002 0005
0002 0001 0003
0001 0002 0003
0013 0003 0016
0002 0002 0004
0002 0002 0004
0003 0002 0005
0003 0002 0005
0002 0002 0004
0002 0001 0003
0002 0001 0003
//// 0001 0001
0001 0001 0002
0002 0001 0003=
0000 0000 0000 0000 0000 0000 0000 0000 0000 0000 0000 0000
0000 0000 0000 0000 0000 0000 0000 0000 0000 0000 0000 0000.
0000 0000 0000 0000 0000 0000 0000 0000 0000 0000 0000 0000
0000 0000 0000 0000 0000 0000 0000 0000 0000 0000 0000 0000.
0000 0000 0000 0000 0000 0000 0000 0000 0000 0000 0000 0000
0000 0000 0000 0000 0000 0000 0000 0000 0000 0000 0000 0000.
0000 0000 0000 0000 0000 0000 0000 0000 0000 0000 0000 0000
0000 0000 0000 0000 0000 0000 0000 0000 0000 0000 0000 0000.
0000 //// //// //// 0000 0000 0000 0000 0000 0000 0000 0000
0000 0000 0000 0000 0000 0000 0000 0000 0000 0000 0003 ////.
0003 0001 0002 0001 0002 0001 0000 0001 0001 0000 0001 0001
0000 0000 0001 0000 0001 0000 0000 0000 0001 0000 0000 ////.
0000 0000 0000 0000 0001 0000 0002 0006 0010 0007 0006 0004
0003 0003 0002 0004 0003 0002 0001 0004 0003 0002 0001 ////.
0001 0001 0000 0001 0000 0001 0000 0000 0001 0000 0001 0000
0000 0001 0000 0000 0001 0000 0000 0001 0000 0000 0000 ////.
0000 0000 0001 0000 0000 0000 0001 0000 0000 0000 0001 ////
0000 0000 0001 //// 0000 0001 0000 0000 0000 0001 0000 ////.
0000 0001 0000 0000 0000 0000 0001 0000 0000 0000 0000 0001
0000 0000 0000 0000 0001 0000 0000 0000 0001 0000 0000 ////.
0001 0000 0000 0000 0001 0000 0000 0000 0001 0000 0001 0000
0000 0001 0004 0004 0004 0014 0031 0025 0017 0010 0007 ////.
0005 0004 0004 0003 0002 0002 0002 0002 0001 0002 0001 0001
0002 0001 0002 0002 0003 0001 0001 0001 0001 0001 0000 ////.
0000 0001 0000 0001 0001 0000 0001 0000 0001 0000 0000 0001
0000 0001 0001 0001 0000 0001 0001 //// 0001 //// //// ////.
//// 0001 0000 0000 0001 0000 0000 0001 0000 0000 0001 0000
0001 0000 0001 0000 0001 0000 0001 0000 0001 0000 0001 ////.
0000 0001 0000 0000 0001 0000 0000 0001 0000 0000 0001 0000
0000 0001 0000 0001 0000 0001 0000 0001 0000 0000 0001 ////.
0000 0001 0000 0000 0001 0000 0000 0000 0001 0000 0000 0001
0000 0001 0000 0000 0001 0000 0000 0001 0000 0000 0001 ////.
0000 0001 0000 0000 0000 0001 //// 0000 0000 0001 0000 0000
0000 0001 0000 0000 0001 0000 0000 0000 0001 0000 0000 ////.
0000 0000 0000 0001 0000 0000 0000 0001 0000 0000 0000 0001
0000 0000 0000 0001 0000 0000 0000 0000 0000 0001 0000 ////.
0000 0000 0001 0000 0000 0000 0000 0000 0000 0001 0000 0000
0000 0000 0000 0001 0000 0000 0000 0000 0000 0000 0000 ////.
0000 0000 0000 0000 0000 0000 0000 0001 0000 0000 0000 0000
0000 0000 0000 0000 0000 0000 0000 0000 0000 0001 0001 ////.
0003 0002 0001 0002 0001 0001 0001 0000 0001 0000 0001 0000
0000 0001 0000 0001 0000 0000 0001 0000 0000 0000 0000 ////.
0000 0000 0000 0000 0001 0000 0000 0000 0000 0000 0000 0001
0000 0000 0000 0000 0001 0000 0000 0000 0000 0000 0001 ////.
0000 0000 0000 0001 0000 0000 0000 0000 0000 0001 0000 0000
0000 0000 0000 0001 0000 0000 0000 0001 0000 0000 0000 ////.
0001 0000 0000 0000 0000 0001 0000 0000 0000 //// 0001 0000
0000 0000 0001 0000 0000 0000 0000 0001 0000 0000 0000 ////.
0001 0000 0000 0000 0000 0000 0001 0000 0000 0000 0001 0000
0000 0000 0000 0000 0001 0000 0000 0000 0000 0000 0001 ////.
0000 0000 0000 0000 0001 0000 0000 0000 0000 0000 0001 0000
0000 0000 0000 0000 0000 0001 0000 0000 0000 0000 0001 ////.
0000 0000 0000 0000 0000 0001 0000 0000 0000 0000 0000 0001
0000 0000 0000 0000 0000 0000 0001 0000 0000 0000 0000 ////.
0000 0001 0000 0000 0000 0000 0000 0000 0001 0000 0000 0000
0000 0000 0001 0000 0000 0000 //// //// 0000 0000 0000 ////.
//// //// 0000 0000 0000 0000 //// 0000 //// //// 0000 0000
0000 0000 0000 0001 0000 0000 0000 0000 0000 0000 0000 ////.
0000 0000 0001 0000 0000 0000 0000 //// //// //// //// 0000
0000 0001 0000 0000 0000 //// 0000 0000 0000 //// 0000 ////.
0000 0001 0000 0000 0000 0000 0000 0000 0000 0000 0000 0001
0000 0000 0000 0000 0000 0001 0000 0000 0000 0000 0000 ////=
0000 ////////// 00000=
W=
L=
Z=
G=
F=
D=
K=
A=
S=
B=
??????
******
YF
O4519
河南省
栾川大清沟
乡政府三楼顶
山地；村镇；楼顶
张跃武
刘磊
刘磊
刘磊
王国安
刘磊
20090825=
JY
8888=
GK
01/本月合计降水量为：37.5mm.
02/本月主要降水过程出现在：5日-31日，降水量为：37.5mm.
05/=
BZ
BB/05/21-24时、19-20时降水量缺测。
BB/06/19-20时降水量缺测。
BB/07/19-20时降水量缺测。
BB/08/19-20时降水量缺测。
BB/09/7-8时、11-12时、19-20时降水量缺测。
BB/10/19-20时降水量缺测。
BB/11/19-20时降水量缺测。
BB/12/19-20时降水量缺测。
BB/13/15-16时、17-20时降水量缺测。
BB/14/19-20时降水量缺测。
BB/15/19-20时降水量缺测。
BB/16/19-20时降水量缺测。
BB/17/2-3时、19-20时降水量缺测。
BB/18/19-20时降水量缺测。
BB/19/19-20时降水量缺测。
BB/20/19-20时降水量缺测。
BB/21/19-20时降水量缺测。
BB/22/19-20时降水量缺测。
BB/23/19-20时降水量缺测。
BB/24/19-20时降水量缺测。
BB/25/19-20时降水量缺测。
BB/26/19-20时降水量缺测。
BB/27/19-20时降水量缺测。
BB/28/14-16时、19-20时降水量缺测。
BB/29/20-22时、2-3时、4-6时、19-20时降水量缺测。
BB/30/3-7时、13-14时、17-18时、19-20时降水量缺测。
BB/31/19-20时降水量缺测。
00/335400/1114300
10/335400/1114300
10/24/24小时连续观测
11/不守班=
######
