O4517 3346N 11144E 007540 007540 105 000 S15 99999999919999999999 0 2010 07
P=
T=
I=
E=
U=
N=
H=
C=
V=
R6
0067 0003 0070
0125 0003 0128
0186 0008 0194
0001 //// 0001
0000 //// ////
0000 //// ////
0000 //// ////
0019 0055 0074
0000 //// ////
0299 0021 0320
0000 //// ////
0000 //// ////
0000 //// ////
0000 //// ////
0000 0095 0095
0101 0002 0103
0022 0344 0366
0051 0111 0162
0514 0030 0544
0000 //// ////
0000 //// ////
0000 //// ////
0147 0126 0273
0487 0293 0780
//// //// ////
//// 0008 0008
0000 //// ////
0000 //// ////
0000 //// ////
0000 //// ////
//// 0268 0268=
0000 0027 0036 0000 0001 0000 0000 0002 0000 0001 0000 0000
0000 0000 0000 0000 0000 0000 0002 0001 0000 0000 0000 ////.
0107 0000 0000 0000 0003 0009 0000 0006 0000 0000 0000 0000
0000 0000 0000 0000 0000 0001 0001 0001 0000 0000 0000 ////.
0035 0006 0002 0001 0080 0031 0012 0005 0005 0004 0003 0002
0002 0002 0001 0001 0001 0000 0001 0000 0000 0000 0000 ////.
0000 0001 0000 0000 0000 0000 0000 0000 0000 0000 0000 0000
0000 0000 0000 0000 0000 0000 0000 0000 0000 0000 0000 ////.
0000 0000 0000 0000 0000 0000 0000 0000 0000 0000 0000 0000
0000 0000 0000 0000 0000 0000 0000 0000 0000 0000 0000 ////.
0000 0000 0000 0000 0000 0000 0000 0000 0000 0000 0000 0000
0000 0000 0000 0000 0000 0000 0000 0000 0000 0000 0000 ////.
0000 0000 0000 0000 0000 0000 0000 0000 0000 0000 0000 0000
0000 0000 0000 0000 0000 0000 0000 0000 0000 0000 0000 ////.
0000 0000 0000 0000 0000 0000 0000 0000 0000 0000 0003 0016
0012 0012 0004 0004 0021 0001 0001 0000 0000 0000 0000 ////.
0000 0000 0000 0000 0000 0000 0000 0000 0000 0000 0000 0000
0000 0000 0000 0000 0000 0000 0000 0000 0000 0000 0000 ////.
0000 0015 0029 0017 0020 0036 0053 0013 0025 0038 0036 0017
0010 0004 0007 0000 0000 0000 0000 0000 0000 0000 0000 ////.
0000 0000 0000 0000 0000 0000 0000 0000 0000 0000 0000 0000
0000 0000 0000 0000 0000 0000 0000 0000 0000 0000 0000 ////.
0000 0000 0000 0000 0000 0000 0000 0000 0000 0000 0000 0000
0000 0000 0000 0000 0000 0000 0000 0000 0000 0000 0000 ////.
0000 0000 0000 0000 0000 0000 0000 0000 0000 0000 0000 0000
0000 0000 0000 0000 0000 0000 0000 0000 0000 0000 0000 ////.
0000 0000 0000 0000 0000 0000 0000 0000 0000 0000 0000 0000
0000 0000 0000 0000 0000 0000 0000 0000 0000 0000 0000 ////.
0000 0000 0000 0000 0000 0000 0000 0000 0000 0000 0000 0000
0000 0000 0000 0000 0000 0000 0014 0016 0053 0012 0000 ////.
0000 0000 0000 0000 0001 0000 0001 0000 0001 0063 0024 0011
0001 0000 0000 0000 0000 0000 0000 0000 0000 0001 0000 ////.
0000 0000 0000 0000 0000 0000 0000 0000 0000 0006 0015 0001
0062 0085 0152 0023 0010 0005 0004 0003 0000 0000 0000 ////.
0000 0000 0001 0000 0011 0003 0002 0012 0015 0001 0006 0000
0000 0000 0000 0000 0000 0001 0004 0012 0035 0012 0047 ////.
0079 0069 0060 0104 0012 0048 0077 0006 0018 0013 0028 ////
0025 0004 0000 0001 0000 0000 0000 0000 0000 0000 0000 ////.
0000 0000 0000 0000 0000 0000 0000 0000 0000 0000 0000 0000
0000 0000 0000 0000 0000 0000 0000 0000 0000 0000 0000 ////.
0000 0000 0000 0000 0000 0000 0000 0000 0000 0000 0000 0000
0000 0000 0000 0000 0000 0000 0000 0000 0000 //// 0000 ////.
0000 0000 0000 0000 0000 0000 0000 0000 0000 0000 0000 0000
0000 0000 0000 0000 0000 0000 0000 0000 0000 0000 0000 ////.
0000 0000 0000 0013 0062 0052 0016 0004 0000 0000 0000 0000
0000 0000 0000 0000 0001 0024 0088 0013 0000 0000 0000 ////.
0000 0001 0016 0038 0082 0068 0031 0041 0132 0067 0007 0004
0008 0004 0147 0024 0110 //// //// //// //// //// //// ////.
//// //// //// //// //// //// //// //// //// //// //// ////
//// //// //// //// //// //// //// //// //// //// //// ////.
//// //// //// //// //// //// 0000 0000 0000 0000 0000 0000
0000 0000 0000 0000 0000 0000 0000 0000 0001 0004 0003 ////.
0000 0000 0000 0000 0000 0000 0000 0000 0000 0000 0000 0000
0000 0000 0000 0000 0000 0000 0000 0000 0000 0000 0000 ////.
0000 0000 0000 0000 0000 0000 0000 0000 0000 0000 0000 0000
0000 0000 0000 0000 0000 0000 0000 0000 0000 0000 0000 ////.
0000 0000 0000 0000 0000 0000 0000 0000 0000 0000 0000 0000
0000 0000 0000 0000 0000 0000 0000 0000 0000 0000 0000 ////.
0000 0000 0000 0000 0000 0000 0000 0000 0000 0000 0000 0000
0000 0000 0000 0000 0000 0000 0000 0000 0000 0000 0000 ////.
0000 //// 0000 0000 0000 0000 0000 0000 0000 0000 0000 0000
0000 0000 0000 0000 0000 0010 0251 0003 0001 0002 0001 ////=
0000 ////////// 00000=
W=
L=
Z=
G=
F=
D=
K=
A=
S=
B=
??????
******
YF
O4517
河南省
栾川庙子
乡政府3楼顶
山地；城镇；楼顶
空缺
计算机
计算机
计算机
计算机
计算机
20100805=
JY
8888=
GK
01/
05/=
BZ
00/334608/1114354
10/24/逐时观测
10/24/24时连续观测
11/不守班=
######
