O4563 3424N 11158E 005330 005330 105 000 S15 99999999919999999999 0 2010 06
P=
T=
I=
E=
U=
N=
H=
C=
V=
R6
0013 //// 0013
0000 0000 0000
//// //// ////
//// 0006 0006
0000 0000 0000
//// 0000 ////
//// 0014 0014
0094 0015 0109
0096 0002 0098
0003 0001 0004
0003 //// 0003
0000 //// ////
0001 //// 0001
0000 0000 0000
0000 0000 0000
0000 //// ////
//// 0001 0001
0000 //// ////
0000 0000 0000
//// 0030 0030
0005 0001 0006
0000 0001 0001
0000 //// ////
0000 //// ////
0003 0001 0004
0000 //// ////
0005 0000 0005
0001 //// 0001
//// //// ////
//// 0002 0002=
0000 0000 0000 0000 0000 0000 0004 0006 0003 0000 0000 0000
0000 0000 //// 0000 0000 0000 0000 0000 0000 0000 //// 0000.
0000 0000 0000 0000 0000 0000 0000 0000 0000 0000 0000 0000
0000 0000 0000 0000 0000 0000 0000 0000 0000 0000 0000 0000.
//// 0000 0000 0000 0000 0000 0000 0000 0000 0000 0000 0000
//// //// 0000 0000 0000 0000 0000 0000 0000 0000 0000 0000.
0000 0000 //// //// //// //// //// //// //// //// //// ////
0004 0002 0000 0000 0000 0000 0000 0000 0000 0000 0000 0000.
0000 0000 0000 0000 0000 0000 0000 0000 0000 0000 0000 0000
0000 0000 0000 0000 0000 0000 0000 0000 0000 0000 0000 0000.
0000 0000 //// 0000 0000 0000 0000 0000 0000 0000 0000 0000
0000 0000 0000 0000 0000 0000 0000 0000 0000 0000 0000 0000.
0000 0000 //// 0000 0000 0000 0000 0000 0000 0000 0000 0000
0000 0000 0000 0000 0001 0002 0003 0002 0003 0001 0000 0002.
0004 0005 0002 0005 0001 0002 0004 0012 0029 0025 0005 0000
0000 0000 0000 0000 0000 0000 0000 0000 0002 0005 //// 0008.
//// //// 0002 0006 0005 0013 0033 0011 0006 0004 0008 0008
0002 0000 0000 0000 0000 0000 0000 0000 0000 0000 0000 0000.
0000 0000 0000 0000 0000 0003 0000 0000 0000 0000 0000 0000
0000 0001 0000 0000 0000 0000 0000 0000 //// 0000 0000 0000.
0000 0000 0000 0000 0001 0000 0000 0000 0001 0001 0000 0000
0000 0000 0000 0000 0000 0000 //// 0000 0000 //// 0000 0000.
0000 0000 0000 0000 0000 0000 0000 0000 0000 0000 0000 0000
0000 0000 //// 0000 //// 0000 0000 0000 0000 0000 0000 0000.
0000 0000 0000 0000 0000 0000 0000 0000 0000 //// 0000 0001
0000 0000 0000 0000 0000 0000 0000 //// //// 0000 0000 0000.
0000 0000 0000 0000 0000 0000 0000 0000 0000 0000 0000 0000
0000 0000 0000 0000 0000 0000 0000 0000 0000 0000 0000 0000.
0000 0000 0000 0000 0000 0000 0000 0000 0000 0000 0000 0000
0000 0000 0000 0000 0000 0000 0000 0000 0000 0000 0000 0000.
0000 0000 0000 0000 0000 0000 0000 0000 0000 0000 0000 0000
0000 0000 0000 0000 0000 0000 0000 //// //// 0000 0000 0000.
0000 0000 0000 0000 //// //// //// 0000 //// 0000 0000 0000
0000 0000 0000 0000 //// //// 0001 0000 0000 0000 0000 ////.
0000 0000 0000 0000 0000 0000 0000 0000 0000 0000 0000 0000
0000 0000 0000 0000 //// //// //// //// //// //// //// ////.
0000 0000 0000 0000 0000 0000 0000 0000 0000 0000 0000 0000
0000 0000 0000 0000 0000 0000 0000 0000 0000 0000 0000 0000.
0000 0000 0000 0000 0000 0000 0000 //// //// 0000 //// 0000
//// 0000 0000 0000 0000 //// 0000 0021 0001 0004 //// 0004.
0000 0000 0000 0005 0000 0000 0000 0000 0000 0000 0000 0000
0000 0000 0001 0000 0000 0000 0000 0000 0000 0000 0000 0000.
0000 0000 0000 0000 0000 0000 0000 0000 0000 0000 0000 0000
0000 0000 0001 0000 0000 0000 0000 //// //// 0000 0000 0000.
0000 0000 0000 0000 0000 0000 0000 0000 0000 0000 0000 0000
0000 //// //// //// //// //// //// //// 0000 0000 0000 0000.
0000 0000 0000 0000 0000 0000 0000 0000 0000 0000 0000 0000
0000 0000 0000 0000 0000 0000 0000 //// 0000 0000 0000 0000.
0000 0000 0000 0000 0000 0000 0000 0001 0001 0001 0000 0000
0000 0001 0000 0000 0000 0000 0000 0000 0000 0000 0000 0000.
0000 0000 0000 0000 0000 0000 0000 0000 0000 0000 0000 0000
0000 0000 0000 //// //// //// 0000 0000 //// 0000 0000 0000.
0000 0000 0000 0000 0000 0000 //// 0003 //// 0002 0000 0000
0000 0000 0000 0000 0000 0000 0000 0000 0000 0000 0000 0000.
0000 0000 0000 0000 0000 0000 0000 0001 0000 0000 0000 0000
0000 //// 0000 0000 0000 0000 0000 0000 0000 //// //// 0000.
0000 0000 0000 0000 0000 0000 0000 //// 0000 0000 0000 0000
0000 //// 0000 0000 0000 0000 0000 0000 0000 0000 0000 0000.
0000 0000 //// //// 0000 0000 0000 0000 0000 0000 0000 0000
//// 0000 0000 0000 0000 0000 0000 0000 0000 0000 0001 0001=
0000 ////////// 00000=
W=
L=
Z=
G=
F=
D=
K=
A=
S=
B=
??????
******
YF
O4563
河南省
宜阳上观
乡政府院内3楼顶
山地；城镇；楼顶
空缺
计算机
计算机
计算机
计算机
计算机
20100719=
JY
8888=
GK
01/
05/=
BZ
00/342426/1115748
10/24/逐时观测
10/24/24时连续观测
11/不守班=
######
