O4513 3400N 11145E 004620 004620 105 000 S15 99999999919999999999 0 2010 04
P=
T=
I=
E=
U=
N=
H=
C=
V=
R6
//// //// ////
//// //// ////
//// //// ////
//// //// ////
0565 //// 0565
0000 //// ////
0000 //// ////
0000 //// ////
//// //// ////
0002 0007 0009
0006 0010 0016
0002 //// 0002
0000 //// ////
0004 0082 0086
0000 //// ////
0000 //// ////
0000 //// ////
0057 //// 0057
//// //// ////
//// 0271 0271
0442 0024 0466
0001 //// 0001
0000 //// ////
//// //// ////
0004 0002 0006
//// //// ////
0000 //// ////
0000 //// ////
0000 //// ////
0000 //// ////=
//// //// //// //// //// //// //// //// //// //// //// ////
//// //// //// //// //// //// //// //// //// //// //// ////.
//// //// //// //// //// //// //// //// //// //// //// ////
//// //// //// //// //// //// //// //// //// //// //// ////.
//// //// //// //// //// //// //// //// //// //// //// ////
//// //// //// //// //// //// //// //// //// 0000 //// ////.
//// //// //// //// //// //// //// //// //// //// 0000 0000
//// //// //// //// //// //// //// //// //// //// //// ////.
//// //// //// //// //// 0565 //// //// //// //// //// 0000
0000 0000 0000 0000 //// //// //// //// //// //// 0000 ////.
0000 0000 0000 0000 0000 0000 0000 0000 0000 0000 0000 0000
0000 0000 0000 0000 0000 0000 0000 0000 0000 0000 0000 ////.
0000 0000 0000 0000 0000 0000 0000 0000 0000 0000 0000 0000
0000 0000 0000 0000 0000 0000 0000 0000 0000 0000 0000 ////.
0000 0000 0000 0000 0000 0000 0000 0000 0000 0000 0000 0000
0000 0000 0000 0000 0000 0000 0000 0000 0000 0000 0000 ////.
//// //// 0000 0000 0000 0000 0000 0000 0000 0000 0000 0000
0000 0000 0000 0000 0000 0000 0000 0000 0000 0000 0000 ////.
0000 0000 0000 0000 0000 0000 0000 0000 0000 0000 0000 0002
0001 0003 0001 0001 0000 0000 0000 0000 0000 0001 0000 ////.
0000 0000 0000 0000 0000 0000 0000 0004 0002 0000 0000 0000
0000 0000 0000 0003 0007 0000 0000 0000 0000 0000 0000 ////.
0000 0000 0000 0000 0000 0001 0001 0000 0000 0000 0000 0000
0000 0000 0000 0000 0000 0000 0000 0000 0000 0000 0000 ////.
0000 0000 0000 0000 0000 0000 0000 0000 0000 0000 0000 0000
0000 0000 0000 0000 0000 0000 0000 0000 0000 0000 0000 ////.
0000 0000 0000 0001 0000 0000 0000 0001 0000 0000 0000 0002
0009 0012 0022 0033 0005 0001 0000 0000 0000 0000 0000 ////.
0000 0000 0000 0000 0000 0000 0000 0000 0000 0000 0000 0000
0000 0000 0000 0000 0000 0000 0000 0000 0000 0000 0000 ////.
0000 0000 0000 0000 0000 0000 0000 0000 0000 0000 0000 0000
0000 0000 0000 0000 0000 0000 0000 0000 0000 //// 0000 ////.
0000 0000 0000 0000 0000 0000 0000 0000 0000 0000 0000 0000
0000 0000 0000 0000 0000 0000 0000 0000 0000 0000 0000 ////.
0009 0011 0019 0016 0001 0001 0000 0000 0000 0000 0000 0000
0000 0000 0000 0000 0000 0000 0000 0000 0000 0000 0000 ////.
0000 0000 0000 0000 0000 0000 0000 0000 0000 //// 0000 0000
0000 0000 0000 0000 0000 0000 0000 0000 0000 0000 0000 ////.
0000 0000 0000 0000 //// 0000 0000 0000 0000 0000 0000 0000
0000 0000 0010 0028 0030 0026 0007 0015 0040 0052 0063 ////.
0052 0061 0084 0065 0058 0051 0015 0025 0014 0005 0001 0011
0016 0004 0004 0000 0000 0000 0000 0000 0000 0000 0000 ////.
0000 0000 0000 0000 0000 0000 0001 0000 0000 0000 0000 0000
0000 0000 0000 0000 0000 0000 0000 0000 0000 0000 0000 ////.
0000 0000 0000 0000 0000 0000 0000 0000 0000 0000 0000 0000
0000 0000 0000 0000 0000 0000 0000 0000 0000 0000 0000 ////.
0000 0000 0000 //// //// //// //// //// 0000 0000 0000 0000
0000 0000 0000 0000 0000 0000 0000 0000 0000 0000 0000 ////.
0000 0000 0000 0000 0000 0000 0000 0000 0000 0000 0000 0004
0002 0000 0000 0000 0000 0000 0000 0000 0000 0000 0000 ////.
0000 0000 0000 0000 0000 0000 //// //// 0000 0000 0000 0000
0000 0000 0000 0000 0000 0000 0000 0000 0000 0000 0000 ////.
0000 0000 0000 0000 0000 0000 0000 0000 0000 0000 0000 0000
0000 0000 0000 0000 0000 0000 0000 0000 0000 0000 0000 ////.
0000 0000 0000 0000 0000 0000 0000 0000 0000 0000 0000 0000
0000 0000 0000 0000 0000 0000 0000 0000 0000 0000 0000 ////.
0000 0000 0000 0000 0000 0000 0000 0000 0000 0000 0000 0000
0000 0000 0000 0000 0000 0000 0000 0000 0000 0000 0000 ////.
0000 0000 0000 0000 0000 0000 0000 0000 0000 0000 0000 0000
0000 0000 0000 0000 0000 0000 0000 0000 0000 0000 0000 ////=
0000 ////////// 00000=
W=
L=
Z=
G=
F=
D=
K=
A=
S=
B=
??????
******
YF
O4513
河南省
栾川潭头
镇政府3楼顶
丘陵；城镇；楼顶
空缺
计算机
计算机
计算机
计算机
计算机
20100506=
JY
8888=
GK
01/
05/=
BZ
00/340018/1114457
10/24/逐时观测
10/24/24时连续观测
11/不守班=
######
