O4563 3424N 11158E 005330 005330 105 000 S15 99999999919999999999 0 2012 04
P=
T=
I=
E=
U=
N=
H=
C=
V=
R6
0007 0001 0008
0000 //// ////
//// 0166 0166
0075 0008 0083
0058 0032 0090
0293 0030 0323
0056 0018 0074
0709 0025 0734
0004 0000 0004
0000 0001 0001
0000 //// ////
0000 0000 0000
0000 0000 0000
0000 //// ////
0000 //// ////
0001 0000 0001
0000 0000 0000
0000 0000 0000
0000 //// ////
0000 0000 0000
0001 0013 0014
0236 0056 0292
0289 0100 0389
0447 0098 0545
0000 0046 0046
0059 0117 0176
0072 0007 0079
0054 0004 0058
0011 0453 0464
0000 0013 0013=
0001 0003 0000 0000 0001 0000 0000 0001 0000 0000 0001 0000
//// //// //// 0000 0001 0000 0000 0000 0000 0000 0000 0000.
0000 0000 0000 0000 0000 0000 0000 0000 0000 0000 0000 0000
0000 0000 0000 0000 //// //// //// //// //// //// //// ////.
0000 0000 0000 0000 0000 0000 0000 0000 0000 0000 //// ////
//// //// 0000 0000 0000 0001 0000 0000 0000 0000 0026 0139.
0001 0039 0000 0001 0007 0026 0001 0000 0000 0000 0000 0000
0000 0000 0000 0007 0000 0000 0000 0000 0000 0000 0000 0001.
0039 0000 0001 0000 0000 0000 0000 0000 0000 0001 0000 0017
0010 0000 0000 0005 0000 0003 0005 0002 0005 0002 0000 0000.
0023 0021 0023 0029 0045 0000 0000 0005 0019 0056 0000 0072
0000 0000 0006 0006 0010 0002 0000 0005 0001 0000 0000 0000.
0010 0000 0002 0000 0006 0006 0032 0000 0000 0000 0000 0000
0000 0000 0004 0010 0002 0000 0000 0000 0000 0000 0000 0002.
0001 0001 0002 0705 0000 0000 0000 0000 0000 0000 0000 0000
0000 0000 0000 0005 0011 0000 0001 0000 0000 0000 0000 0008.
0000 0000 0000 0000 0000 0000 0000 0000 0000 0000 0000 0004
0000 0000 0000 0000 0000 0000 0000 0000 0000 0000 0000 0000.
0000 0000 0000 0000 0000 0000 0000 0000 0000 0000 0000 0000
0000 0000 0000 0000 //// 0001 0000 0000 0000 0000 0000 0000.
0000 0000 0000 0000 0000 0000 0000 0000 0000 0000 0000 0000
0000 0000 0000 0000 0000 //// 0000 0000 0000 0000 0000 0000.
0000 0000 0000 0000 0000 0000 0000 0000 0000 0000 0000 0000
0000 0000 0000 0000 0000 0000 0000 0000 0000 0000 0000 0000.
0000 0000 0000 0000 0000 0000 0000 0000 0000 0000 0000 0000
0000 0000 0000 0000 0000 0000 0000 0000 0000 0000 0000 0000.
0000 0000 0000 0000 0000 0000 0000 0000 0000 0000 0000 0000
0000 0000 0000 //// 0000 //// 0000 0000 0000 0000 0000 0000.
0000 0000 0000 0000 0000 0000 0000 0000 0000 0000 0000 0000
0000 //// 0000 0000 0000 0000 0000 0000 0000 0000 0000 0000.
0000 0000 0000 0000 0000 0000 0000 0000 0000 0000 //// 0001
0000 0000 0000 0000 0000 0000 0000 0000 0000 0000 0000 0000.
0000 0000 0000 0000 0000 0000 0000 0000 0000 0000 0000 0000
0000 0000 0000 0000 0000 0000 0000 0000 0000 0000 0000 0000.
0000 0000 0000 0000 0000 0000 0000 0000 0000 0000 0000 0000
0000 0000 0000 0000 0000 0000 0000 0000 0000 0000 0000 0000.
0000 0000 0000 0000 0000 0000 0000 0000 0000 0000 0000 0000
0000 0000 //// 0000 0000 0000 0000 0000 0000 0000 0000 0000.
0000 0000 0000 0000 0000 0000 0000 0000 0000 0000 0000 0000
0000 0000 0000 0000 0000 0000 0000 0000 0000 0000 0000 0000.
0001 //// //// //// //// //// //// //// //// //// //// ////
//// //// //// 0002 0000 0004 0004 0000 0000 0002 0001 0000.
0000 0001 0024 0033 0007 0003 0029 0000 0006 0046 0083 0004
0017 0014 0017 0006 0000 0000 0000 0000 0000 0000 0000 0002.
0014 0000 0018 0016 0000 0042 0082 0019 0037 0020 0018 0023
0072 0000 0000 0021 0003 0000 0000 0004 0000 0000 0000 0000.
0000 0006 0020 0008 0067 0078 0046 0018 0033 0040 0040 0091
0050 0004 0000 0000 0000 0000 0027 0000 0013 0004 0000 0000.
0000 0000 0000 0000 0000 0000 0000 0000 0000 0000 0000 0000
0000 0014 0002 0000 0002 //// //// 0000 0003 0003 0004 0018.
0006 0000 0000 0011 0004 0000 0001 0027 0000 0000 0005 0005
0021 0017 0007 0071 0000 0000 0000 0000 0000 0000 0000 0001.
0000 0017 0007 0000 0000 0000 0000 0000 0000 0000 0000 0048
0000 0004 0000 0002 0000 0000 0000 0000 0000 0000 0001 ////.
0003 0000 0000 0000 0000 0000 0000 0000 0051 0000 0000 ////
//// //// //// 0003 0000 0000 //// //// 0001 0000 0000 0000.
0008 0002 0000 0000 0000 0000 0000 0001 0000 0000 0000 0000
0004 0000 0000 0000 0000 0384 0063 0002 0000 0000 0000 0000.
0000 0000 0000 0000 0000 0000 0000 0000 0000 0000 0000 0000
0000 0000 0000 0000 0000 0003 0008 0000 0000 0001 0000 0001=
0000 ////////// 00000=
W=
L=
Z=
G=
F=
D=
K=
A=
S=
B=
??????
******
YF
O4563
河南省
宜阳上观
乡政府院内3楼顶
山地；城镇；楼顶
空缺
计算机
计算机
计算机
计算机
计算机
20120511=
JY
8888=
GK
01/
05/=
BZ
00/342426/1115748
10/24/逐时观测
10/24/24时连续观测
11/不守班=
######
