O4676 3451N 11217E 004150 004150 105 000 S15 99999999919999999999 0 2010 07
P=
T=
I=
E=
U=
N=
H=
C=
V=
R6
0252 0001 0253
0000 //// ////
0048 0015 0063
0000 //// ////
0000 //// ////
0000 //// ////
0000 //// ////
0115 0015 0130
0000 //// ////
0102 0003 0105
0000 //// ////
0000 //// ////
0000 //// ////
0000 //// ////
0082 0125 0207
0000 //// ////
0006 0027 0033
0000 //// ////
0250 0001 0251
0000 //// ////
0000 //// ////
0000 0000 0000
0000 0405 0405
0169 0435 0604
0037 0000 0037
0000 0000 0000
0000 0000 0000
0000 0000 0000
0000 0000 0000
0000 //// ////
0000 0000 0000=
0000 0105 0099 0041 0007 0000 0000 0000 0000 0000 0000 0000
0000 0000 0000 0001 0000 0000 0000 0000 0000 0000 0000 ////.
0000 0000 0000 0000 0000 0000 0000 0000 0000 0000 0000 0000
0000 0000 0000 0000 0000 0000 0000 0000 0000 0000 0000 ////.
0000 0000 0000 0000 0000 0014 0012 0016 0004 0001 0000 0001
0000 0006 0005 0003 0001 0000 0000 0000 0000 0000 0000 ////.
0000 0000 0000 0000 0000 0000 0000 0000 0000 0000 0000 0000
0000 0000 0000 0000 0000 0000 0000 0000 0000 0000 0000 ////.
0000 0000 0000 0000 0000 0000 0000 0000 0000 0000 0000 0000
0000 0000 0000 0000 0000 0000 0000 0000 0000 0000 0000 ////.
0000 0000 0000 0000 0000 0000 0000 0000 0000 0000 0000 0000
0000 0000 0000 0000 0000 0000 0000 0000 0000 0000 0000 ////.
0000 0000 0000 0000 0000 0000 0000 0000 0000 0000 0000 0000
0000 0000 0000 0000 0000 0000 0000 0000 0000 0000 0000 ////.
0000 0000 0000 0000 0000 0000 0000 0000 0000 0040 0061 0014
0008 0005 0001 0001 0000 0000 0000 0000 0000 0000 0000 ////.
0000 0000 0000 0000 0000 0000 0000 0000 0000 0000 0000 0000
0000 0000 0000 0000 0000 0000 0000 0000 0000 0000 0000 ////.
0000 0000 0003 0008 0021 0008 0012 0009 0011 0010 0011 0009
0002 0001 0000 0000 0000 0000 0000 0000 0000 0000 0000 ////.
0000 0000 0000 0000 0000 0000 0000 0000 0000 0000 0000 0000
0000 0000 0000 0000 0000 0000 0000 0000 0000 0000 0000 ////.
0000 0000 0000 0000 0000 0000 0000 0000 0000 0000 0000 0000
0000 0000 0000 0000 0000 0000 0000 0000 0000 0000 0000 ////.
0000 0000 0000 0000 0000 0000 0000 0000 0000 0000 0000 0000
0000 0000 0000 0000 0000 0000 0000 0000 0000 0000 0000 ////.
0000 0000 0000 0000 0000 0000 0000 0000 0000 0000 0000 0000
0000 0000 0000 0000 0000 0000 0000 0000 0000 0000 0000 ////.
0001 0001 0000 0000 0000 0000 0013 0029 0026 0011 0001 0000
0005 0006 0011 0047 0012 0009 0006 0013 0009 0006 0001 ////.
0000 0000 0000 0000 0000 0000 0000 0000 0000 0000 0000 0000
0000 0000 0000 0000 0000 0000 //// 0000 0000 0000 0000 ////.
0000 0000 0000 0000 0000 0000 0000 0000 0000 0000 0000 0006
0004 0003 0005 0005 0007 0001 0002 0000 0000 0000 0000 ////.
0000 0000 0000 0000 0000 0000 0000 0000 0000 0000 0000 0000
0000 0000 0000 0000 0000 0000 0000 0000 0000 0000 0000 ////.
0000 0000 0005 0019 0045 0036 0040 0062 0012 0031 //// ////
0001 0000 0000 0000 0000 0000 0000 0000 0000 0000 0000 ////.
0000 0000 0000 0000 0000 0000 0000 0000 0000 0000 0000 0000
0000 0000 0000 0000 0000 0000 0000 0000 0000 0000 0000 ////.
0000 0000 0000 0000 0000 0000 0000 0000 0000 0000 0000 0000
0000 0000 0000 //// 0000 0000 0000 0000 0000 0000 0000 0000.
0000 0000 0000 0000 0000 0000 0000 0000 0000 0000 0000 0000
0000 0000 0000 0000 0000 0000 0000 0000 0000 0000 0000 0000.
0000 0000 0000 0000 0000 0000 0000 0000 0000 0000 0000 0000
0000 0000 0000 0000 0041 0142 0000 //// 0000 0158 0042 0022.
0002 0002 0001 0000 0003 0039 0102 0009 0001 0000 0007 0003
0009 0004 0010 0000 0005 0000 0000 0010 0248 0122 0027 ////.
//// 0001 0001 0000 0000 0027 0003 0003 0001 0000 0000 0001
0000 0000 0000 0000 0000 0000 0000 0000 0000 0000 0000 0000.
0000 0000 0000 0000 0000 0000 0000 0000 0000 0000 0000 0000
0000 0000 0000 0000 0000 0000 0000 0000 0000 0000 0000 0000.
0000 0000 0000 0000 0000 0000 0000 0000 0000 0000 0000 0000
0000 0000 0000 0000 0000 0000 0000 0000 0000 0000 0000 0000.
0000 0000 0000 0000 0000 0000 0000 0000 0000 0000 0000 0000
0000 0000 0000 0000 0000 0000 0000 0000 0000 0000 0000 0000.
0000 0000 0000 0000 0000 0000 0000 0000 0000 0000 0000 0000
0000 0000 0000 0000 0000 0000 0000 0000 0000 0000 0000 0000.
0000 0000 0000 0000 0000 0000 0000 0000 0000 0000 0000 0000
0000 0000 0000 0000 0000 0000 0000 0000 0000 0000 //// ////.
0000 0000 0000 0000 0000 0000 0000 0000 0000 0000 0000 0000
0000 0000 0000 0000 0000 0000 0000 0000 0000 0000 0000 0000=
0000 ////////// 00000=
W=
L=
Z=
G=
F=
D=
K=
A=
S=
B=
??????
******
YF
O4676
河南省
孟津横水
镇政府2楼
丘陵；城镇；楼顶
白凌霞
计算机
计算机
计算机
计算机
计算机
20100805=
JY
8888=
GK
01/
05/=
BZ
00/345126/1121714
10/24/逐时观测
10/24/24时连续观测
11/不守班=
######
