O4646 3445N 11201E 003300 003300 105 000 S15 99999999919999999999 0 2010 07
P=
T=
I=
E=
U=
N=
H=
C=
V=
R6
0011 0000 0011
0000 0000 0000
0170 0003 0173
0000 //// ////
0000 0000 0000
0000 //// ////
//// //// ////
0072 0090 0162
0000 0004 0004
0313 0002 0315
0000 0000 0000
0000 0000 0000
0000 0000 0000
0000 0000 0000
0065 0047 0112
0001 0000 0001
0003 0086 0089
0000 0000 0000
0335 0001 0336
0000 0000 0000
0000 0000 0000
//// 0000 ////
0026 0157 0183
0131 0382 0513
0222 //// 0222
//// //// ////
0000 0000 0000
0000 0000 0000
0000 0000 0000
0000 0026 0026
0001 //// 0001=
//// //// //// 0010 0001 0000 0000 0000 0000 0000 0000 0000
0000 0000 0000 0000 0000 0000 0000 0000 0000 0000 0000 0000.
0000 0000 0000 0000 0000 0000 0000 0000 0000 0000 0000 0000
0000 0000 0000 0000 0000 0000 0000 0000 0000 0000 0000 0000.
0000 0000 0000 0000 0014 0116 0031 0001 0003 0004 0001 0000
0000 0001 0001 0001 0000 0000 0000 0000 0000 0000 0000 0000.
0000 0000 0000 0000 0000 0000 0000 0000 0000 0000 0000 0000
0000 0000 0000 //// 0000 0000 0000 0000 0000 0000 0000 0000.
0000 0000 0000 0000 0000 0000 0000 0000 0000 0000 0000 0000
0000 0000 0000 0000 0000 0000 0000 0000 0000 0000 0000 0000.
0000 0000 0000 0000 0000 0000 0000 0000 0000 0000 0000 0000
0000 0000 //// 0000 0000 0000 0000 0000 0000 0000 //// 0000.
0000 0000 0000 0000 0000 0000 0000 0000 0000 //// //// 0000
0000 0000 0000 0000 0000 0000 0000 0000 0000 //// //// 0000.
0000 0000 0000 0000 0000 0000 0000 0000 0000 0003 0036 0033
0030 0038 0004 0000 0000 0000 0000 0000 0000 0001 0017 ////.
0000 0000 0000 0000 0000 0000 0000 0000 0000 0000 0000 0000
0000 0000 0000 0000 0000 0000 0000 0000 0000 0000 0002 0002.
0001 0000 0011 0018 0023 0039 0085 0044 0043 0043 //// 0006
0002 0000 0000 0000 0000 0000 0000 0000 0000 0000 0000 0000.
0000 0000 0000 0000 0000 0000 0000 0000 0000 0000 0000 0000
0000 0000 0000 0000 0000 0000 0000 0000 0000 0000 0000 0000.
0000 0000 0000 0000 0000 0000 0000 0000 0000 0000 0000 0000
0000 0000 0000 0000 0000 0000 0000 0000 0000 0000 0000 0000.
0000 0000 0000 0000 0000 0000 0000 0000 0000 0000 0000 0000
0000 0000 0000 0000 0000 0000 0000 0000 0000 0000 0000 0000.
0000 0000 0000 0000 0000 0000 0000 0000 0000 0000 0000 0000
0000 0000 0000 0000 0000 0000 0000 0000 0000 0000 0000 0000.
0003 0002 //// //// 0000 0006 0028 0002 0004 0012 0001 0007
0000 0009 0000 0000 0000 0012 0016 0009 0001 0000 0000 0000.
0000 0001 0000 0000 0000 //// 0000 0000 0000 0000 0000 0000
0000 0000 0000 0000 0000 0000 0000 0000 0000 0000 0000 0000.
0000 0000 0000 0000 0000 0000 0000 0000 0000 0000 0000 0003
0037 0019 0020 0005 0001 0004 0000 0000 0000 0000 0000 0000.
0000 0000 0000 0000 0000 0000 0000 0000 0000 0000 0000 0000
0000 0000 0000 0000 0000 0000 0000 0000 0000 0000 0000 0000.
0000 0000 0009 0015 0069 0150 0025 0042 0004 //// 0021 ////
0001 0000 0000 0000 0000 0000 0000 0000 0000 0000 0000 0000.
0000 0000 0000 0000 0000 0000 0000 0000 0000 0000 0000 0000
0000 0000 0000 0000 0000 0000 0000 0000 0000 0000 0000 0000.
0000 0000 0000 0000 0000 0000 0000 0000 0000 0000 0000 0000
0000 0000 0000 0000 0000 0000 0000 0000 0000 0000 0000 0000.
0000 0000 0000 0000 0000 //// //// //// 0000 0000 0000 0000
0000 0000 0000 0000 0000 0000 0000 0000 0000 0000 0000 0000.
0000 0000 0000 0000 0000 0000 0000 0000 0000 0000 0017 0009
0000 0000 0004 0010 0003 0000 0000 //// 0069 0009 0058 0004.
0010 0002 //// //// //// 0057 0029 0001 0000 0007 0014 0011
0006 0009 0015 0017 0015 0006 0314 //// //// //// //// ////.
0001 0003 0001 0001 0015 0196 0004 0000 0000 0000 0000 0001
0000 0000 0000 0000 //// 0000 0000 0000 0000 0000 0000 0000.
0000 //// //// //// //// 0000 //// //// //// //// //// ////
//// //// //// //// //// //// //// 0000 0000 0000 0000 0000.
0000 0000 0000 0000 0000 0000 0000 0000 0000 0000 0000 0000
0000 0000 0000 0000 0000 0000 0000 0000 0000 0000 0000 0000.
0000 0000 0000 0000 0000 0000 0000 0000 0000 0000 0000 0000
0000 0000 0000 0000 0000 0000 0000 0000 0000 0000 0000 0000.
0000 0000 0000 0000 0000 0000 0000 0000 0000 0000 0000 0000
0000 0000 0000 0000 0000 0000 0000 0000 0000 0000 0000 0000.
0000 0000 0000 0000 0000 0000 0000 0000 0000 0000 0000 0000
0000 0000 0000 0000 0000 0000 0000 0000 //// //// 0026 ////.
//// //// 0000 0000 0000 0000 0000 0000 0001 0000 0000 0000
0000 0000 0000 0000 0000 0000 0000 0000 //// 0000 0000 0000=
0000 ////////// 00000=
W=
L=
Z=
G=
F=
D=
K=
A=
S=
B=
??????
******
YF
O4646
河南省
新安铁门
镇政府门卫室平房顶
丘陵；城镇；房顶
空缺
计算机
计算机
计算机
计算机
计算机
20100805=
JY
8888=
GK
01/
05/=
BZ
00/344456/1120112
10/24/逐时观测
10/24/24时连续观测
11/不守班=
######
