O4640 3453N 11201E 003950 000000 000 000 S15 99999999919999999999 0 2009 09
P=
T=
I=
E=
U=
N=
H=
C=
V=
R6
0000 0000 0000
0000 0000 0000
0000 0000 0000
0000 0000 0000
0000 0000 0000
0003 0032 0035
0018 0006 0024
0001 0001 0002
0009 0000 0009
0000 0000 0000
0000 0021 0021
0001 0003 0004
0040 0070 0110
0024 0001 0025
0000 0000 0000
0009 0012 0021
0013 0000 0013
0000 0000 0000
0070 0144 0214
0080 0000 0080
0000 0000 0000
0000 0000 0000
0000 0000 0000
0000 0000 0000
0000 0000 0000
0000 0000 0000
0000 0000 0000
0000 0000 0000
0000 0000 0000
0000 0000 0000=
0000 0000 0000 0000 0000 0000 0000 0000 0000 0000 0000 0000
0000 0000 0000 0000 0000 0000 0000 0000 0000 0000 0000 0000.
0000 0000 0000 0000 0000 0000 0000 0000 0000 0000 0000 0000
0000 0000 0000 0000 0000 0000 0000 0000 0000 0000 0000 0000.
0000 0000 0000 0000 0000 0000 0000 0000 0000 0000 0000 0000
0000 0000 0000 0000 0000 0000 0000 0000 0000 0000 0000 0000.
0000 0000 0000 0000 0000 0000 0000 0000 0000 0000 0000 0000
0000 0000 0000 0000 0000 0000 0000 0000 0000 0000 0000 0000.
0000 0000 0000 0000 0000 0000 0000 0000 0000 0000 0000 0000
0000 0000 0000 0000 0000 0000 0000 0000 0000 0000 0000 0000.
0000 0000 0000 0000 0000 0000 0000 0000 0000 0000 0002 0001
0000 0000 0001 0001 0001 0002 0003 0005 0008 0005 0006 0000.
0004 0000 0000 0005 0001 0003 0001 0001 0000 0001 0002 0000
0000 0001 0000 0000 0000 0000 0001 0000 0002 0001 0001 0000.
0001 0000 0000 0000 0000 0000 0000 0000 0000 0000 0000 0000
0000 0000 0000 0000 0000 0000 0000 0000 0000 0000 0001 0000.
0000 0000 0000 0000 0000 0000 0000 0006 0000 0002 0000 0001
0000 0000 0000 0000 0000 0000 0000 0000 0000 0000 0000 0000.
0000 0000 0000 0000 0000 0000 0000 0000 0000 0000 0000 0000
0000 0000 0000 0000 0000 0000 0000 0000 0000 0000 0000 0000.
0000 0000 0000 0000 0000 0000 0000 0000 0000 0000 0000 0000
0000 0000 0000 0000 0000 0009 0009 0003 0000 0000 0000 0000.
0000 0000 0000 0000 0000 0001 0000 0000 0000 0000 0000 0000
0000 0000 0000 0000 0000 0000 0000 0000 0000 0001 0002 0000.
0000 0000 0001 0002 0001 0001 0001 0006 0015 0001 0009 0003
0004 0000 0004 0009 0003 0000 0024 0010 0003 0002 0011 0000.
0000 0000 0006 0005 0008 0001 0000 0000 0003 0000 0001 0000
0000 0000 0001 0000 0000 0000 0000 0000 0000 0000 0000 0000.
0000 0000 0000 0000 0000 0000 0000 0000 0000 0000 0000 0000
0000 0000 0000 0000 0000 0000 0000 0000 0000 0000 0000 0000.
0000 0000 0000 0000 0000 0000 0000 0001 0004 0003 0001 0000
0000 0002 0001 0000 0000 0007 0001 0000 0001 0000 0000 0000.
0000 0000 0001 0000 0000 0001 0000 0007 0002 0001 0000 0001
0000 0000 0000 0000 0000 0000 0000 0000 0000 0000 0000 0000.
0000 0000 0000 0000 0000 0000 0000 0000 0000 0000 0000 0000
0000 0000 0000 0000 0000 0000 0000 0000 0000 0000 0000 0000.
0004 0009 0005 0012 0007 0005 0007 0006 0006 0004 0000 0005
0007 0004 0004 0003 0004 0025 0039 0014 0020 0014 0010 0000.
0015 0000 0031 0013 0011 0000 0007 0003 0000 0000 0000 0000
0000 0000 0000 0000 0000 0000 0000 0000 0000 0000 0000 0000.
0000 0000 0000 0000 0000 0000 0000 0000 0000 0000 0000 0000
0000 0000 0000 0000 0000 0000 0000 0000 0000 0000 0000 0000.
0000 0000 0000 0000 0000 0000 0000 0000 0000 0000 0000 0000
0000 0000 0000 0000 0000 0000 0000 0000 0000 0000 0000 0000.
0000 0000 0000 0000 0000 0000 0000 0000 0000 0000 0000 0000
0000 0000 0000 0000 0000 0000 0000 0000 0000 0000 0000 0000.
0000 0000 0000 0000 0000 0000 0000 0000 0000 0000 0000 0000
0000 0000 0000 0000 0000 0000 0000 0000 0000 0000 0000 0000.
0000 0000 0000 0000 0000 0000 0000 0000 0000 0000 0000 0000
0000 0000 0000 0000 0000 0000 0000 0000 0000 0000 0000 0000.
0000 0000 0000 0000 0000 0000 0000 0000 0000 0000 0000 0000
0000 0000 0000 0000 0000 0000 0000 0000 0000 0000 0000 0000.
0000 0000 0000 0000 0000 0000 0000 0000 0000 0000 0000 0000
0000 0000 0000 0000 0000 0000 0000 0000 0000 0000 0000 0000.
0000 0000 0000 0000 0000 0000 0000 0000 0000 0000 0000 0000
0000 0000 0000 0000 0000 0000 0000 0000 0000 0000 0000 0000.
0000 0000 0000 0000 0000 0000 0000 0000 0000 0000 0000 0000
0000 0000 0000 0000 0000 0000 0000 0000 0000 0000 0000 0000.
0000 0000 0000 0000 0000 0000 0000 0000 0000 0000 0000 0000
0000 0000 0000 0000 0000 0000 0000 0000 0000 0000 0000 0000=
0000 ////////// 00000=
W=
L=
Z=
G=
F=
D=
K=
A=
S=
B=
??????
******
YF
O4640
河南省
新安曹村
乡政府2楼阳台
丘陵；村镇；楼顶
杨仕贤
胡容
胡容
胡容
王国安
胡容
20091025=
JY
8888=
GK
01/本月雨量55.8毫米。
02/本月主要降水过程出现在6-9日、11-14日、16-17日、19-20日。
05/=
BZ
00/345200/1120000
10/345200/1120000
10/24/24小时连续观测
11/不守班=
######
