O4676 3451N 11217E 004150 004150 105 000 S15 99999999919999999999 0 2010 09
P=
T=
I=
E=
U=
N=
H=
C=
V=
R6
0000 0000 0000
0000 0002 0002
0000 0000 0000
0187 0000 0187
0000 0000 0000
0010 0123 0133
0095 0014 0109
//// 0002 0002
0000 0020 0020
0001 0000 0001
0000 0000 0000
0000 0000 0000
0000 0000 0000
0000 //// ////
0000 //// ////
0000 //// ////
0000 //// ////
0000 //// ////
0000 //// ////
0000 //// ////
0000 0038 0038
0001 0001 0002
0000 //// ////
0000 0079 0079
0040 0005 0045
0001 //// 0001
0000 //// ////
0000 //// ////
//// //// ////
0001 //// 0001=
0000 0000 0000 0000 0000 0000 0000 0000 0000 0000 0000 0000
0000 0000 0000 0000 0000 0000 0000 0000 0000 0000 0000 0000.
0000 0000 0000 0000 0000 0000 0000 0000 0000 0000 0000 0000
0000 0000 0000 0000 0001 0001 0000 0000 0000 0000 0000 0000.
0000 0000 0000 0000 0000 0000 0000 0000 0000 0000 0000 0000
0000 0000 0000 0000 0000 0000 0000 0000 0000 0000 0000 0000.
0000 0000 0000 0000 0000 0000 0000 0000 0000 0000 0186 0001
0000 0000 0000 0000 0000 0000 0000 0000 0000 0000 0000 0000.
0000 0000 0000 0000 0000 0000 0000 0000 0000 0000 0000 0000
0000 0000 0000 0000 0000 0000 0000 0000 0000 0000 0000 0000.
0000 0001 0003 0003 0001 0000 0000 0001 0000 0000 0001 0000
0001 0002 0013 0026 0025 0018 0005 0007 0008 0008 0009 0001.
0010 0009 0022 0025 0016 0005 0003 0001 0002 0000 0001 0001
0001 0000 0000 0000 0000 0000 0000 0000 0013 0000 0000 0000.
//// 0000 0000 0000 0000 0000 0000 0000 0000 0000 0000 0000
0000 0000 0000 0002 0000 0000 0000 0000 0000 0000 0000 0000.
0000 0000 0000 0000 0000 0000 0000 0000 0000 0000 0000 0000
0000 0000 0000 //// 0001 0000 0000 0005 0007 0004 0002 0001.
0000 0000 0000 0000 0001 0000 0000 0000 0000 0000 0000 0000
0000 0000 0000 0000 0000 0000 0000 0000 0000 0000 0000 0000.
0000 0000 0000 0000 0000 0000 0000 0000 0000 0000 0000 0000
0000 0000 0000 0000 0000 0000 0000 0000 0000 0000 0000 0000.
0000 0000 0000 0000 0000 0000 0000 0000 0000 0000 0000 0000
0000 0000 0000 0000 0000 0000 0000 0000 0000 0000 0000 0000.
0000 0000 0000 0000 0000 0000 0000 0000 0000 0000 0000 0000
0000 0000 0000 0000 0000 0000 0000 0000 0000 0000 0000 0000.
0000 0000 0000 0000 0000 0000 0000 0000 0000 0000 0000 0000
0000 0000 0000 0000 0000 0000 0000 0000 0000 0000 0000 ////.
0000 0000 0000 0000 0000 0000 0000 0000 0000 0000 0000 0000
0000 0000 0000 0000 0000 0000 0000 0000 0000 0000 0000 ////.
0000 0000 0000 0000 0000 0000 0000 0000 0000 0000 0000 0000
0000 0000 0000 0000 0000 0000 0000 0000 0000 0000 0000 ////.
0000 0000 0000 0000 0000 0000 0000 0000 0000 0000 0000 0000
0000 0000 0000 0000 0000 0000 0000 0000 0000 0000 0000 ////.
0000 0000 0000 0000 0000 0000 0000 0000 0000 0000 0000 0000
0000 0000 0000 0000 0000 0000 0000 0000 //// 0000 0000 ////.
0000 0000 0000 0000 0000 0000 0000 0000 0000 0000 0000 0000
0000 0000 0000 0000 0000 0000 0000 0000 0000 0000 0000 ////.
0000 0000 0000 0000 0000 0000 0000 0000 0000 0000 0000 0000
0000 0000 0000 0000 0000 0000 0000 0000 0000 0000 0000 ////.
0000 0000 0000 0000 0000 0000 0000 0000 0000 0000 0000 0000
0000 0000 0000 0000 0000 0000 //// 0001 0013 0021 0003 ////.
0000 0000 0000 0000 0000 0000 0000 0000 0000 0001 0000 0000
0000 0000 0000 0000 0000 0001 0000 0000 0000 0000 0000 ////.
0000 0000 0000 0000 0000 0000 0000 0000 0000 0000 0000 0000
0000 0000 0000 0000 0000 0000 0000 0000 0000 0000 0000 ////.
0000 0000 0000 0000 0000 0000 0000 0000 0000 0000 0000 0000
0000 0000 0006 0001 0002 0017 0021 0017 0004 0002 0009 ////.
0004 0003 0002 0006 0005 0005 0004 0002 0001 0005 0003 0000
0001 0001 0001 0000 0000 0000 0002 0000 0000 0000 0000 ////.
0000 0000 0000 0000 0000 0000 0000 0000 0000 0000 0000 0001
0000 0000 0000 0000 0000 0000 0000 0000 0000 0000 0000 ////.
0000 0000 0000 0000 0000 0000 0000 0000 0000 0000 0000 0000
0000 0000 0000 0000 0000 0000 0000 0000 0000 0000 0000 ////.
0000 0000 0000 0000 0000 0000 0000 0000 0000 0000 0000 0000
0000 0000 0000 0000 0000 0000 0000 0000 0000 0000 0000 ////.
//// 0000 0000 0000 0000 0000 0000 0000 0000 0000 0000 0000
0000 0000 0000 0000 0000 0000 0000 0000 0000 0000 0000 ////.
0000 0000 0000 0000 0000 0000 0000 0000 0000 0001 0000 0000
0000 0000 0000 0000 0000 0000 0000 0000 0000 0000 0000 ////=
0000 ////////// 00000=
W=
L=
Z=
G=
F=
D=
K=
A=
S=
B=
??????
******
YF
O4676
河南省
孟津横水
镇政府2楼
丘陵；城镇；楼顶
空缺
计算机
计算机
计算机
计算机
计算机
20101029=
JY
8888=
GK
01/
05/=
BZ
BB/01-30/由于河南省大气探测装备中心对区域自动站设备升级，造成本月正点与分钟数据不符，所有数据基本不可用。因此，为了保证数据文件的完整性，仅对A文件进行了处理，未处理J文件。
00/345126/1121714
10/24/逐时观测
10/24/24时连续观测
11/不守班=
######
