O4642 3446N 11214E 002530 002530 105 000 S15 99999999919999999999 0 2010 08
P=
T=
I=
E=
U=
N=
H=
C=
V=
R6
0014 0107 0121
0003 //// 0003
0000 0000 0000
0000 //// ////
0000 0000 0000
0000 //// ////
//// 0000 ////
0000 0000 0000
0000 0000 0000
//// 0000 ////
0000 0000 0000
0030 0002 0032
0000 0000 0000
0086 0001 0087
0000 0000 0000
//// //// ////
//// 0000 ////
0000 //// ////
0003 0134 0137
0011 0032 0043
0004 0002 0006
0009 0005 0014
0023 0088 0111
0118 0090 0208
//// //// ////
//// 0123 0123
0029 //// 0029
//// //// ////
//// //// ////
0000 0000 0000
//// 0025 0025=
0000 0000 0000 0000 0000 0000 0000 0000 0000 0003 0008 0003
0093 0014 0000 0000 0000 0000 0000 0000 0000 0000 0000 0000.
0000 0000 0000 0000 0000 0000 0000 0000 0000 0000 0000 0003
//// 0000 0000 0000 0000 0000 0000 0000 0000 0000 0000 0000.
0000 0000 0000 0000 0000 0000 0000 0000 0000 0000 0000 0000
0000 0000 0000 0000 0000 0000 0000 0000 0000 0000 0000 0000.
0000 0000 0000 0000 0000 0000 0000 0000 0000 0000 0000 0000
0000 0000 0000 //// //// //// 0000 0000 0000 0000 0000 0000.
0000 0000 0000 0000 0000 0000 0000 0000 0000 0000 0000 0000
0000 0000 0000 0000 0000 0000 0000 0000 0000 0000 0000 0000.
0000 0000 0000 0000 0000 0000 0000 0000 0000 0000 0000 0000
0000 0000 0000 0000 0000 0000 0000 //// //// //// //// ////.
//// //// //// //// //// //// //// //// //// //// //// ////
0000 0000 0000 0000 0000 0000 0000 0000 0000 0000 0000 0000.
0000 0000 0000 0000 0000 0000 0000 0000 0000 0000 0000 0000
0000 0000 0000 0000 0000 0000 0000 0000 0000 0000 0000 0000.
0000 0000 0000 0000 0000 0000 0000 0000 0000 0000 0000 0000
0000 0000 0000 0000 0000 0000 0000 0000 0000 0000 0000 0000.
0000 0000 0000 0000 0000 //// //// //// //// //// //// 0000
0000 0000 0000 0000 0000 0000 0000 0000 0000 0000 0000 0000.
0000 0000 0000 0000 0000 0000 0000 0000 0000 0000 0000 0000
0000 0000 0000 0000 0000 0000 0000 0000 0000 0000 0000 0000.
0000 0000 0000 0000 0000 0001 0000 0003 0005 0001 0012 0008
0001 0000 0001 0000 0000 0000 0000 0000 0000 0000 0000 0000.
0000 0000 0000 0000 0000 0000 0000 0000 0000 0000 0000 0000
0000 0000 0000 0000 0000 0000 0000 0000 0000 0000 0000 0000.
0000 0000 0000 0000 0000 0004 0038 0024 0018 0002 0000 0000
0000 0000 0000 0000 0001 0000 0000 0000 0000 0000 0000 0000.
0000 0000 0000 0000 0000 0000 0000 0000 0000 0000 0000 0000
0000 0000 0000 0000 0000 0000 0000 0000 0000 0000 0000 0000.
0000 0000 0000 //// 0000 0000 //// 0000 //// 0000 0000 0000
0000 0000 0000 0000 0000 0000 0000 0000 //// //// //// ////.
0000 //// //// //// //// //// //// //// //// 0000 0000 ////
0000 0000 0000 0000 0000 0000 0000 0000 0000 0000 0000 0000.
0000 0000 0000 0000 0000 0000 0000 0000 0000 0000 0000 0000
0000 0000 0000 0000 0000 0000 0000 0000 //// 0000 0000 0000.
0002 0000 0000 0000 0000 0000 0000 0000 0000 0000 0001 0000
0000 0000 0003 0000 0000 0024 0001 0000 0071 0020 0015 0000.
0000 0001 0005 0000 0000 0001 0002 0001 0000 0000 0001 0000
0000 0000 0001 0001 0006 0000 0000 0001 0001 0001 0020 0001.
0000 0000 0000 0001 0001 0000 0001 0000 0000 0000 0001 0000
0000 0000 0002 0000 0000 0000 0000 //// //// //// 0000 0000.
0000 0000 0000 0000 0000 0000 0006 0001 0001 0000 0001 0000
0000 0000 0000 0000 0000 0000 0000 0000 0000 0000 0000 0005.
0006 0003 0007 0000 0001 0000 0000 0000 0000 0003 0002 0001
0000 0002 //// //// //// //// //// //// 0006 0042 0023 0015.
0016 //// //// 0021 0019 0020 0010 0008 0001 0007 0007 0009
0020 0026 0019 0018 //// //// 0000 0001 0004 0002 //// ////.
//// //// //// //// //// //// //// //// //// //// //// ////
0000 0000 0000 //// //// //// //// //// //// //// //// ////.
//// 0000 //// //// //// //// //// //// //// //// //// ////
0000 //// //// //// //// //// //// //// 0123 0000 0000 0000.
0029 0000 //// //// //// //// //// //// 0000 0000 0000 0000
0000 0000 0000 0000 //// 0000 0000 0000 0000 0000 0000 0000.
0000 0000 0000 0000 0000 0000 0000 0000 0000 0000 //// 0000
0000 0000 0000 0000 0000 0000 0000 //// 0000 0000 //// 0000.
0000 0000 0000 0000 0000 //// 0000 0000 //// //// //// ////
0000 0000 0000 0000 0000 //// //// 0000 0000 0000 0000 ////.
0000 0000 0000 0000 0000 0000 0000 0000 0000 0000 0000 0000
0000 0000 0000 0000 0000 0000 0000 0000 0000 0000 0000 0000.
0000 0000 0000 0000 //// //// //// 0000 0000 0000 0000 0000
0000 0000 //// //// 0000 0000 0000 0019 0006 0000 0000 0000=
0000 ////////// 00000=
W=
L=
Z=
G=
F=
D=
K=
A=
S=
B=
??????
******
YF
O4642
河南省
新安五头
镇政府4楼顶
丘陵；城镇；楼顶
空缺
计算机
计算机
计算机
计算机
计算机
20100926=
JY
8888=
GK
01/
05/=
BZ
00/344553/1121331
10/24/逐时观测
10/24/24时连续观测
11/不守班=
######
