O4602 3410N 11217E 003920 000000 000 000 S15 99999999919999999999 0 2009 05
P=
T=
I=
E=
U=
N=
H=
C=
V=
R6
0000 0000 0000
0000 0000 0000
0000 0000 0000
0000 0000 0000
0000 0000 0000
0000 0000 0000
0000 0000 0000
0000 0000 0000
0000 0000 0000
0143 0022 0165
0115 0042 0157
0012 0000 0012
0002 0004 0006
0005 0288 0293
0351 0165 0516
//// 0001 0001
0000 0000 0000
//// 0000 ////
0000 0000 0000
//// 0000 ////
0000 0000 0000
//// 0000 ////
0000 0000 0000
0000 0000 0000
//// 0005 0005
//// 0000 ////
//// 0088 0088
0033 0062 0095
//// 0000 ////
//// 0000 ////
//// 0000 ////=
0000 0000 0000 0000 0000 0000 0000 0000 0000 0000 0000 0000
0000 0000 0000 0000 0000 0000 0000 0000 0000 0000 0000 0000.
0000 0000 0000 0000 0000 0000 0000 0000 0000 0000 0000 0000
0000 0000 0000 0000 0000 0000 0000 0000 0000 0000 0000 0000.
0000 0000 0000 0000 0000 0000 0000 0000 0000 0000 0000 0000
0000 0000 0000 0000 0000 0000 0000 0000 0000 0000 0000 0000.
0000 0000 0000 0000 0000 0000 0000 0000 0000 0000 0000 0000
0000 0000 0000 0000 0000 0000 0000 0000 0000 0000 0000 0000.
0000 0000 0000 0000 0000 0000 0000 0000 0000 0000 0000 0000
0000 0000 0000 0000 0000 0000 0000 0000 0000 0000 0000 0000.
0000 0000 0000 0000 0000 0000 0000 0000 0000 0000 0000 0000
0000 0000 0000 0000 0000 0000 0000 0000 0000 0000 0000 0000.
0000 0000 0000 0000 0000 0000 0000 0000 0000 0000 0000 0000
0000 0000 0000 0000 0000 0000 0000 0000 0000 0000 0000 0000.
0000 0000 0000 0000 0000 0000 0000 0000 0000 0000 0000 0000
0000 0000 0000 0000 0000 0000 0000 0000 0000 0000 0000 0000.
0000 0000 0000 0000 0000 0000 0000 0000 0000 0000 0000 0000
0000 0000 0000 0000 0000 0000 0000 0000 0000 0000 0000 0000.
0000 0000 0000 0000 0001 0051 0036 0045 0005 0002 0003 0000
0000 0000 0000 0000 0001 0000 0004 0001 0000 0003 0000 0013.
//// 0019 0006 0020 0034 0002 0000 0000 0007 0001 0026 0000
0000 0000 0000 0000 0000 0000 0000 0012 0003 0009 0005 0013.
0006 0002 0000 0001 0002 0000 0000 0000 0000 0000 0001 0000
0000 0000 0000 0000 0000 0000 0000 0000 0000 0000 0000 0000.
0000 0000 0000 0000 0000 0001 0001 0000 0000 0000 0000 0000
0000 0000 0000 0000 0000 0000 0000 0000 0000 0000 0000 0004.
0004 0001 0000 0000 0000 0000 0000 0000 0000 0000 0000 0000
0000 0055 0035 0025 0004 0115 0015 0000 0024 0015 0000 0000.
0002 0000 0000 0105 0082 0052 0066 0033 0011 0000 0000 0000
0110 0026 0017 0000 0000 0012 0000 0000 0000 0000 0000 0000.
//// //// //// 0000 0000 0000 0000 0000 0000 0000 0000 0000
0000 0000 0000 0000 0001 0000 0000 0000 0000 0000 0000 0000.
0000 0000 0000 0000 0000 0000 0000 0000 0000 0000 0000 0000
0000 0000 0000 0000 0000 0000 0000 0000 0000 0000 0000 0000.
//// //// //// //// //// //// //// //// //// //// //// ////
0000 0000 0000 0000 0000 0000 0000 0000 0000 0000 0000 0000.
0000 0000 0000 0000 0000 0000 0000 0000 0000 0000 0000 0000
0000 0000 0000 0000 0000 0000 0000 0000 0000 0000 0000 0000.
//// //// //// //// //// //// 0000 0000 0000 0000 0000 0000
0000 0000 0000 0000 0000 0000 0000 0000 0000 0000 0000 0000.
0000 0000 0000 0000 0000 0000 0000 0000 0000 0000 0000 0000
0000 0000 0000 0000 0000 0000 0000 0000 0000 0000 0000 0000.
//// //// //// 0000 0000 0000 0000 0000 0000 0000 0000 0000
0000 0000 0000 0000 0000 0000 0000 0000 0000 0000 0000 0000.
0000 0000 0000 0000 0000 0000 0000 0000 0000 0000 0000 0000
0000 0000 0000 0000 0000 0000 0000 0000 0000 0000 0000 0000.
0000 0000 0000 0000 0000 0000 0000 0000 0000 0000 0000 0000
0000 0000 0000 0000 0000 0000 0000 0000 0000 0000 0000 0000.
//// //// //// //// //// //// //// //// //// //// //// ////
0005 0000 0000 0000 0000 0000 0000 0000 0000 0000 0000 0000.
//// 0000 0000 0000 0000 0000 0000 0000 0000 0000 0000 0000
0000 0000 0000 0000 0000 0000 0000 0000 0000 0000 0000 0000.
//// //// //// //// //// 0000 0000 0000 0000 0000 0000 0000
0000 0000 0005 0001 0000 0003 0011 0013 0016 0022 0014 0003.
//// //// //// //// //// //// //// //// //// //// 0031 0002
0003 0000 0007 0010 0007 0000 0032 0003 0000 0000 0000 0000.
//// //// 0000 0000 0000 0000 0000 0000 0000 0000 0000 0000
0000 0000 0000 0000 0000 0000 0000 0000 0000 0000 0000 0000.
//// 0000 0000 0000 0000 0000 0000 0000 0000 0000 0000 0000
0000 0000 0000 0000 0000 0000 0000 0000 0000 0000 0000 0000.
//// 0000 0000 0000 0000 0000 0000 0000 0000 0000 0000 0000
0000 0000 0000 0000 0000 0000 0000 0000 0000 0000 0000 0000=
0000 ////////// 00000=
W=
L=
Z=
G=
F=
D=
K=
A=
S=
B=
??????
******
YF
O4602
河南省
嵩县九店
九店乡政府院内
丘陵；村镇；楼顶
时修礼
李志锋
李志锋
李志锋
王国安
李志锋
20090606=
JY
8888=
GK
05/=
BZ
00/341000/1121700
10/341000/1121700
10/24/24小时连续观测
11/不守班=
######
