O4602 3410N 11217E 003920 003920 105 000 S15 99999999919999999999 0 2010 06
P=
T=
I=
E=
U=
N=
H=
C=
V=
R6
0144 0001 0145
0576 //// 0576
0000 //// ////
0000 //// ////
//// //// ////
0000 //// ////
0000 0006 0006
0062 0022 0084
0190 0009 0199
0000 0001 0001
0000 //// ////
0000 //// ////
0000 //// ////
0000 //// ////
//// //// ////
0000 //// ////
0664 //// 0664
0631 //// 0631
//// //// ////
//// 0001 0001
0000 //// ////
0000 //// ////
0000 //// ////
0000 //// ////
0000 //// ////
//// //// ////
0000 //// ////
0000 //// ////
0000 //// ////
0000 0001 0001=
0000 0000 0000 0000 0000 0046 0064 0017 0010 0006 0001 0000
0001 0000 //// //// //// //// //// //// //// //// //// ////.
//// //// //// //// 0576 //// //// //// //// //// //// 0000
0000 0000 0000 0000 0000 0000 0000 0000 0000 0000 0000 ////.
0000 0000 0000 0000 0000 0000 0000 0000 0000 0000 0000 0000
0000 0000 0000 0000 0000 0000 0000 0000 0000 0000 0000 ////.
0000 0000 0000 0000 0000 0000 0000 0000 0000 0000 0000 0000
0000 0000 0000 0000 0000 0000 0000 0000 0000 0000 0000 ////.
0000 0000 //// 0000 0000 0000 0000 0000 0000 0000 0000 0000
0000 0000 0000 0000 0000 0000 0000 0000 0000 0000 0000 ////.
0000 0000 0000 0000 0000 0000 0000 0000 0000 0000 0000 0000
0000 0000 0000 0000 0000 0000 0000 0000 0000 0000 0000 ////.
0000 0000 0000 0000 0000 0000 0000 0000 0000 0000 0000 0000
0000 0000 0000 0000 0000 0000 0000 0003 0002 0001 0000 ////.
0001 0003 0001 0002 0006 0002 0015 0007 0001 0002 0017 0005
0000 0000 0000 0000 0000 0000 0000 0000 0000 0000 0022 ////.
0015 0032 0011 0010 0009 0020 0016 0016 0007 0006 0037 0011
0006 0002 0001 0000 0000 0000 0000 0000 0000 0000 0000 ////.
0000 0000 0000 0000 0000 0000 0000 0000 0000 0000 0000 0000
0000 0000 0001 0000 0000 0000 0000 0000 0000 0000 0000 ////.
0000 0000 0000 0000 0000 0000 0000 0000 0000 0000 0000 0000
0000 0000 0000 0000 0000 0000 0000 0000 0000 0000 0000 ////.
0000 0000 0000 0000 0000 0000 0000 0000 0000 0000 0000 0000
0000 0000 0000 0000 0000 0000 0000 0000 0000 0000 0000 ////.
0000 0000 0000 0000 0000 0000 0000 0000 0000 0000 0000 0000
0000 0000 0000 0000 0000 0000 0000 0000 0000 0000 0000 ////.
0000 0000 0000 0000 0000 0000 0000 0000 0000 0000 0000 0000
0000 0000 0000 0000 0000 0000 0000 0000 0000 0000 0000 ////.
0000 0000 0000 0000 0000 //// //// //// //// //// //// ////
//// 0000 0000 0000 0000 0000 0000 0000 0000 0000 0000 ////.
0000 0000 0000 0000 0000 0000 0000 0000 0000 0000 0000 0000
0000 0000 0000 //// 0000 0000 0000 0000 //// //// //// ////.
0000 //// //// //// 0664 //// //// //// //// 0000 0000 ////
0000 0000 0000 0000 0000 //// 0000 0000 0000 0000 0000 ////.
0000 //// 0000 0000 0631 0000 0000 0000 0000 0000 0000 0000
0000 0000 0000 0000 0000 0000 0000 0000 0000 0000 0000 ////.
0000 0000 0000 0000 0000 0000 0000 0000 0000 0000 0000 ////
0000 0000 0000 0000 0000 //// //// //// //// //// //// ////.
0000 0000 0000 0000 0000 0000 //// //// //// //// //// ////
//// //// //// //// //// //// 0000 0000 0001 0000 0000 ////.
0000 0000 0000 0000 0000 0000 0000 0000 0000 0000 0000 0000
0000 0000 0000 0000 0000 0000 0000 0000 0000 0000 0000 ////.
0000 0000 0000 0000 0000 0000 0000 0000 0000 0000 0000 0000
0000 0000 0000 0000 0000 0000 0000 0000 0000 0000 0000 ////.
0000 0000 0000 0000 0000 0000 0000 0000 0000 0000 0000 0000
0000 0000 0000 0000 0000 0000 0000 0000 0000 0000 0000 ////.
0000 0000 0000 0000 0000 0000 0000 0000 0000 0000 0000 0000
0000 0000 0000 0000 0000 0000 0000 0000 0000 0000 0000 ////.
0000 0000 0000 0000 0000 0000 0000 0000 0000 0000 0000 0000
0000 0000 0000 0000 0000 0000 0000 0000 0000 0000 0000 ////.
//// 0000 0000 0000 0000 0000 0000 0000 0000 0000 0000 0000
0000 0000 0000 0000 0000 0000 0000 0000 0000 0000 0000 ////.
0000 0000 0000 0000 0000 0000 0000 0000 0000 0000 0000 0000
0000 0000 0000 0000 0000 0000 0000 0000 0000 0000 0000 ////.
0000 0000 0000 0000 0000 0000 0000 0000 0000 0000 0000 0000
0000 0000 0000 0000 0000 0000 0000 0000 0000 0000 0000 ////.
0000 0000 0000 0000 0000 0000 0000 0000 0000 0000 0000 0000
0000 0000 0000 0000 0000 0000 0000 0000 0000 0000 0000 ////.
0000 0000 0000 0000 0000 0000 0000 0000 0000 0000 0000 0000
0000 0000 0000 0000 0000 0000 0000 0001 0000 0000 //// ////=
0000 ////////// 00000=
W=
L=
Z=
G=
F=
D=
K=
A=
S=
B=
??????
******
YF
O4602
河南省
嵩县九店
乡政府院内2楼顶
丘陵；城镇；楼顶
空缺
计算机
计算机
计算机
计算机
计算机
20100719=
JY
8888=
GK
01/
05/=
BZ
00/341008/1121726
10/24/逐时观测
10/24/24时连续观测
11/不守班=
######
