O4717 3435N 11239E 002180 000000 000 000 S15 99999999919999999999 0 2009 05
P=
T=
I=
E=
U=
N=
H=
C=
V=
R6
0000 0000 0000
0000 0000 0000
0000 0000 0000
0000 0000 0000
0000 0000 0000
0000 0000 0000
0000 0000 0000
0000 0000 0000
0000 0000 0000
0176 0014 0190
0078 0050 0128
0023 0000 0023
0000 0006 0006
0024 0173 0197
0047 0064 0111
0000 0000 0000
//// //// ////
//// 0000 ////
//// //// ////
0000 0000 0000
//// //// ////
0073 //// 0073
0000 0000 0000
0000 0000 0000
0000 0000 0000
//// //// ////
//// 0020 0020
0029 0061 0090
//// //// ////
//// //// ////
0000 //// ////=
0000 0000 0000 0000 0000 0000 0000 0000 0000 0000 0000 0000
0000 0000 0000 0000 0000 0000 0000 0000 0000 0000 0000 0000.
0000 0000 0000 0000 0000 0000 0000 0000 0000 0000 0000 0000
0000 0000 0000 0000 0000 0000 0000 0000 0000 0000 0000 0000.
0000 0000 0000 0000 0000 0000 0000 0000 0000 0000 0000 0000
0000 0000 0000 0000 0000 0000 0000 0000 0000 0000 0000 0000.
0000 0000 0000 0000 0000 0000 0000 0000 0000 0000 0000 0000
0000 0000 0000 0000 0000 0000 0000 0000 0000 0000 0000 0000.
0000 0000 0000 0000 0000 0000 0000 0000 0000 0000 0000 0000
0000 0000 0000 0000 0000 0000 0000 0000 0000 0000 0000 0000.
0000 0000 0000 0000 0000 0000 0000 0000 0000 0000 0000 0000
0000 0000 0000 0000 0000 0000 0000 0000 0000 0000 0000 0000.
0000 0000 0000 0000 0000 0000 0000 0000 0000 0000 0000 0000
0000 0000 0000 0000 0000 0000 0000 0000 0000 0000 0000 0000.
0000 0000 0000 0000 0000 0000 0000 0000 0000 0000 0000 0000
0000 0000 0000 0000 0000 0000 0000 0000 0000 0000 0000 0000.
0000 0000 0000 0000 0000 0000 0000 0000 0000 0000 0000 0000
0000 0000 0000 0000 0000 0000 0000 0000 0000 0000 0000 0000.
0000 0000 0000 0000 0000 0000 0021 0113 0038 0002 0000 0002
0003 0000 0000 0000 0000 0000 0002 0000 0002 0002 0002 0003.
0005 0005 0012 0002 0002 0020 0011 0006 0000 0003 0010 0002
0000 0000 0000 0000 0022 0001 0003 0000 0003 0002 0005 0014.
0016 0005 0002 0000 0000 0000 0000 0000 0000 0000 0000 0000
0000 0000 0000 0000 0000 0000 0000 0000 0000 0000 0000 0000.
0000 0000 0000 0000 0000 0000 0000 0000 0000 0000 0000 0000
0000 0000 0000 0000 0000 0000 0000 0003 0002 0000 0000 0001.
0005 0019 //// //// 0000 //// //// //// //// 0000 0000 ////
0000 0013 0034 0016 0030 0036 0015 0007 0008 0012 0002 ////.
//// //// 0001 0004 0019 //// //// 0003 0009 0011 //// ////
0041 0019 //// 0004 0000 0000 0000 0000 0000 0000 0000 0000.
0000 0000 0000 0000 0000 0000 0000 0000 0000 0000 0000 0000
0000 0000 0000 0000 0000 0000 0000 0000 0000 0000 0000 0000.
0000 0000 0000 0000 0000 0000 0000 //// //// //// //// ////
//// //// //// //// //// //// //// //// //// //// //// ////.
//// //// //// //// //// //// //// //// //// //// //// ////
0000 0000 0000 0000 0000 0000 0000 0000 0000 0000 0000 0000.
0000 0000 0000 0000 0000 0000 0000 0000 0000 0000 //// ////
//// //// //// 0000 0000 0000 0000 0000 0000 0000 0000 0000.
0000 0000 0000 0000 0000 0000 0000 0000 0000 0000 0000 0000
0000 0000 0000 0000 0000 0000 0000 0000 0000 0000 0000 0000.
0000 0000 0000 0000 //// //// 0000 0000 //// //// //// ////
//// //// //// //// //// //// //// //// //// //// //// ////.
//// //// //// 0000 0048 0021 0000 0003 0000 0001 0000 0000
0000 0000 0000 0000 0000 0000 0000 //// 0000 0000 0000 0000.
0000 0000 0000 0000 0000 0000 0000 0000 0000 0000 0000 0000
0000 0000 0000 0000 0000 0000 0000 0000 0000 0000 0000 0000.
0000 0000 0000 0000 0000 0000 0000 0000 0000 0000 0000 0000
0000 0000 0000 0000 0000 0000 0000 0000 0000 0000 0000 0000.
0000 0000 0000 0000 0000 0000 0000 0000 0000 0000 0000 0000
0000 0000 0000 0000 0000 0000 0000 0000 0000 0000 0000 0000.
0000 0000 0000 0000 0000 0000 0000 //// 0000 0000 0000 0000
0000 0000 0000 0000 0000 0000 0000 0000 0000 0000 //// ////.
//// //// //// //// //// //// //// //// //// //// //// ////
0000 0000 //// 0000 0000 0000 0000 0000 0001 0006 0013 ////.
0000 0002 0003 0001 0000 0000 0001 0001 0002 0006 0001 0012
0014 0016 0009 0010 0005 0005 //// 0001 0001 0000 0000 ////.
0000 0000 0000 0000 0000 0000 0000 0000 0000 0000 0000 ////
//// //// 0000 0000 0000 0000 0000 0000 0000 0000 0000 ////.
//// 0000 0000 0000 0000 0000 0000 0000 0000 0000 0000 0000
0000 0000 0000 0000 0000 0000 0000 0000 0000 0000 0000 ////.
0000 0000 0000 0000 0000 0000 0000 0000 0000 0000 0000 0000
0000 0000 0000 0000 0000 0000 0000 0000 0000 0000 0000 ////=
0000 ////////// 00000=
W=
L=
Z=
G=
F=
D=
K=
A=
S=
B=
??????
******
YF
O4717
河南省
偃师寇店
寇店水利站一楼
平原；楼顶；村镇
马淑玲
仝军峰
仝军峰
仝军峰
王国安
仝军峰
20090718=
JY
8888=
GK
01/本月本站月总降水量83.8毫米。
02/本月主要降水过程出现在10-15日、22日、27-28日。
05/=
BZ
00/343501/1123900
10/343501/1123900
10/24/24小时连续观测
11/不守班=
######
