O4765 3430N 11229E 001710 001710 105 000 S15 99999999919999999999 0 2010 08
P=
T=
I=
E=
U=
N=
H=
C=
V=
R6
0000 0379 0379
0001 0001 0002
0000 //// ////
0000 //// ////
0000 //// ////
0000 //// ////
0000 //// ////
0000 //// ////
0000 //// ////
0917 0004 0921
0000 //// ////
0000 //// ////
0000 0001 0001
0125 0001 0126
0000 //// ////
0000 //// ////
0000 //// ////
0000 //// ////
0000 0602 0602
0030 //// 0030
0000 //// ////
0008 0008 0016
0011 0034 0045
0145 0082 0227
0039 0015 0054
0000 //// ////
0500 //// 0500
//// //// ////
//// //// ////
0000 //// ////
//// 0192 0192=
0000 0000 0000 0000 0000 0000 0000 0000 0000 0000 0000 0000
0000 0000 0000 0000 0000 0001 0231 0146 0001 0000 0000 ////.
0000 0000 0000 0001 0000 0000 0000 0000 0000 0000 0000 0000
//// 0000 0000 0000 0001 0000 0000 0000 0000 0000 0000 ////.
0000 0000 0000 0000 0000 0000 0000 0000 0000 0000 0000 0000
0000 0000 0000 0000 0000 0000 0000 0000 0000 0000 0000 ////.
0000 0000 0000 0000 0000 0000 0000 0000 0000 0000 0000 0000
0000 0000 0000 //// //// //// 0000 0000 0000 0000 0000 ////.
0000 0000 0000 0000 0000 0000 0000 0000 0000 0000 0000 0000
0000 0000 0000 0000 0000 0000 0000 0000 0000 0000 0000 ////.
0000 0000 0000 0000 0000 0000 0000 0000 0000 0000 0000 0000
0000 0000 0000 0000 0000 0000 0000 0000 0000 0000 0000 ////.
0000 0000 0000 0000 0000 0000 0000 0000 0000 0000 0000 0000
0000 0000 0000 0000 0000 0000 0000 0000 0000 0000 0000 ////.
0000 0000 0000 0000 0000 0000 0000 0000 0000 0000 0000 0000
0000 0000 0000 0000 0000 0000 0000 0000 0000 0000 0000 ////.
0000 0000 0000 0000 0000 0000 0000 0000 0000 0000 0000 0000
0000 0000 0000 0000 0000 0000 0000 0000 0000 0000 0000 ////.
0000 0000 0000 0000 0000 //// //// //// //// 0917 //// 0000
0000 0000 0000 0000 0000 0000 0000 0000 0000 0000 0004 ////.
0000 0000 0000 0000 0000 0000 0000 0000 0000 0000 0000 0000
0000 0000 0000 0000 0000 0000 0000 0000 0000 0000 0000 ////.
0000 0000 0000 0000 0000 0000 0000 0000 0000 0000 0000 0000
0000 0000 0000 0000 0000 0000 0000 0000 0000 0000 0000 ////.
0000 0000 0000 0000 0000 0000 0000 0000 0000 0000 0000 0000
0000 0000 0000 0000 0000 0000 0000 0000 0000 0001 0000 ////.
0000 0000 0000 0013 0000 0000 0000 0000 0069 0042 0001 0000
0000 0000 0000 0000 0000 0000 0000 0001 0000 0000 0000 ////.
0000 0000 0000 0000 0000 0000 0000 0000 0000 0000 0000 0000
0000 0000 0000 0000 0000 0000 0000 0000 0000 0000 0000 ////.
0000 0000 0000 0000 0000 0000 0000 0000 0000 0000 0000 0000
0000 0000 0000 0000 0000 0000 0000 0000 //// //// //// ////.
0000 0000 0000 0000 0000 0000 0000 0000 0000 0000 0000 0000
0000 0000 0000 0000 0000 0000 0000 0000 0000 0000 0000 ////.
0000 0000 0000 0000 0000 0000 0000 0000 0000 0000 0000 0000
0000 0000 0000 0000 0000 0000 0000 0000 0000 0000 0000 ////.
0000 0000 0000 0000 0000 0000 0000 0000 0000 0000 0000 0000
0000 0000 //// 0000 0000 0000 0000 0000 0019 0518 0065 ////.
0030 0000 0000 0000 0000 0000 0000 0000 0000 0000 0000 0000
0000 0000 0000 0000 0000 0000 0000 0000 0000 0000 0000 ////.
0000 0000 0000 0000 0000 0000 0000 0000 0000 0000 0000 0000
0000 0000 0000 0000 0000 0000 0000 //// //// //// 0000 ////.
0000 0000 0000 0000 0000 0001 0000 0000 0001 0005 0000 0001
0000 0001 0001 0000 0000 0000 0001 0002 0003 0000 0000 ////.
0002 0001 0001 0000 0001 0000 0000 0000 0003 0002 0001 0000
0005 0001 //// //// //// //// //// 0007 0007 0008 0006 ////.
0017 //// //// 0031 0022 0015 0020 0016 0008 0004 0005 0007
0004 0007 0017 0024 //// //// 0003 0008 0009 0006 0004 ////.
0001 0000 0001 0000 0002 0006 0003 0003 0013 0007 0001 0002
0003 0007 0004 0001 0000 //// 0000 0000 0000 0000 0000 ////.
0000 0000 0000 0000 0000 0000 0000 0000 0000 0000 0000 0000
0000 0000 0000 0000 0000 0000 0000 //// 0000 0000 0000 ////.
0000 0000 //// //// 0500 //// //// //// 0000 0000 0000 0000
0000 0000 0000 0000 //// 0000 0000 0000 0000 0000 0000 ////.
0000 0000 0000 0000 0000 0000 0000 0000 0000 0000 //// 0000
0000 0000 0000 0000 0000 0000 0000 //// 0000 0000 //// ////.
0000 0000 0000 0000 0000 //// 0000 0000 0000 0000 0000 0000
0000 0000 0000 0000 0000 //// //// 0000 0000 0000 0000 ////.
0000 0000 0000 0000 0000 0000 0000 0000 0000 0000 0000 0000
0000 0000 0000 0000 0000 0000 0000 0000 0000 0000 0000 ////.
0000 0000 0000 0000 //// //// //// 0000 0000 0000 0000 0000
0000 0000 //// //// 0000 0000 0000 0000 0192 //// //// ////=
0000 ////////// 00000=
W=
L=
Z=
G=
F=
D=
K=
A=
S=
B=
??????
******
YF
O4765
河南省
伊川彭婆
镇政府院3楼顶
平原；城镇；楼顶
空缺
计算机
计算机
计算机
计算机
计算机
20100926=
JY
8888=
GK
01/
05/=
BZ
00/342934/1122854
10/24/逐时观测
10/24/24时连续观测
11/不守班=
######
