O4712 3444N 11242E 001410 001410 105 000 S15 99999999919999999999 0 2010 08
P=
T=
I=
E=
U=
N=
H=
C=
V=
R6
0000 //// ////
0000 //// ////
0000 //// ////
0000 //// ////
0000 //// ////
//// //// ////
0000 //// ////
0000 //// ////
0000 0086 0086
0013 //// 0013
0000 //// ////
0016 //// 0016
0000 //// ////
0075 0001 0076
0000 //// ////
0000 //// ////
0000 //// ////
0000 //// ////
0000 0422 0422
0051 //// 0051
0002 //// 0002
0069 0002 0071
0019 0038 0057
0137 0089 0226
0005 0001 0006
0001 //// 0001
0000 //// ////
0000 //// ////
0000 //// ////
0683 //// 0683
//// 0063 0063=
0000 0000 0000 0000 0000 0000 0000 0000 0000 0000 0000 0000
0000 0000 0000 0000 0000 0000 0000 0000 0000 0000 0000 ////.
0000 0000 0000 0000 0000 0000 0000 0000 0000 0000 0000 0000
0000 //// 0000 0000 0000 0000 0000 0000 0000 0000 0000 ////.
0000 0000 0000 0000 0000 0000 0000 0000 0000 0000 0000 0000
0000 0000 0000 0000 0000 0000 0000 0000 0000 0000 0000 ////.
0000 0000 0000 0000 0000 0000 0000 0000 0000 0000 0000 0000
0000 0000 0000 0000 0000 0000 0000 0000 0000 0000 0000 ////.
0000 0000 0000 0000 0000 0000 0000 0000 0000 0000 0000 0000
0000 0000 0000 0000 0000 0000 0000 0000 0000 0000 0000 ////.
0000 0000 0000 0000 0000 //// //// //// //// //// //// ////
0000 0000 0000 0000 0000 0000 0000 0000 0000 0000 0000 ////.
0000 0000 0000 0000 0000 0000 0000 0000 0000 0000 0000 0000
0000 0000 0000 0000 0000 0000 0000 0000 0000 0000 0000 ////.
0000 0000 0000 0000 0000 0000 0000 0000 0000 0000 0000 0000
0000 0000 0000 0000 0000 0000 0000 0000 0000 0000 0000 ////.
0000 0000 0000 0000 0000 0000 0000 0000 0000 0000 0000 0000
0000 0000 0000 0000 0000 0000 0000 0004 0081 0001 0000 ////.
0000 0000 0000 0000 0000 0000 0000 0000 0000 0013 0000 0000
0000 0000 0000 0000 0000 0000 0000 0000 0000 0000 0000 ////.
0000 0000 0000 0000 0000 0000 0000 0000 0000 0000 0000 0000
0000 0000 0000 0000 0000 0000 0000 0000 0000 0000 0000 ////.
0000 0000 0000 0000 0000 0000 0014 0002 0000 0000 0000 0000
0000 0000 0000 0000 0000 0000 0000 0000 0000 0000 0000 ////.
0000 0000 0000 0000 0000 0000 0000 0000 0000 0000 0000 0000
0000 0000 0000 0000 0000 0000 0000 0000 0000 0000 0000 ////.
0000 0000 0000 0001 0001 0000 0000 0009 0057 0006 0001 0000
0001 0000 0000 0000 0000 0000 0000 0000 0000 0000 0000 ////.
0000 0000 0000 0000 0000 0000 0000 0000 0000 0000 0000 0000
0000 0000 0000 0000 0000 0000 0000 0000 0000 0000 0000 ////.
0000 0000 0000 0000 0000 0000 0000 0000 0000 0000 0000 0000
0000 0000 0000 0000 0000 0000 0000 0000 0000 0000 0000 ////.
0000 0000 0000 0000 0000 0000 0000 0000 0000 0000 0000 0000
0000 0000 0000 0000 0000 0000 0000 0000 0000 0000 0000 ////.
0000 0000 0000 0000 0000 0000 0000 0000 0000 0000 0000 0000
0000 0000 0000 0000 0000 0000 0000 0000 0000 0000 0000 ////.
0000 0000 0000 0000 0000 0000 0000 0000 0000 0000 0000 0000
0000 0000 0000 0000 0000 0000 0000 0000 0009 0239 0174 ////.
0032 0017 0000 0002 0000 0000 0000 0000 0000 0000 0000 0000
0000 0000 0000 0000 0000 0000 0000 0000 0000 0000 0000 ////.
0000 0000 0000 0001 0000 0000 0001 0000 0000 0000 0000 0000
0000 0000 0000 0000 0000 0000 0000 0000 0000 0000 0000 ////.
0000 0000 0000 0000 0011 0019 0000 0000 0000 0032 0007 0000
0000 0000 0002 0000 0000 0000 0000 0000 0000 0000 0000 ////.
0001 0003 0007 0002 0000 0000 0000 0000 0001 0000 0004 0001
//// //// 0000 0000 0000 0000 0007 0005 0005 0006 0015 ////.
0003 0004 0005 0031 0026 0027 0017 0013 0006 0002 0000 0003
0005 0009 0018 0025 0019 0001 0000 0002 0005 0004 0001 ////.
0000 0001 0000 0000 0000 0000 0001 0001 0001 0001 0000 0000
0000 0001 0000 0000 0000 0000 0000 0000 0000 0000 0000 ////.
0001 0000 0000 0000 0000 0000 0000 0000 0000 0000 0000 0000
0000 0000 0000 0000 0000 0000 0000 0000 0000 0000 0000 ////.
0000 0000 0000 0000 0000 0000 0000 0000 0000 0000 0000 0000
0000 0000 0000 0000 0000 0000 0000 0000 0000 0000 0000 ////.
0000 0000 0000 0000 0000 0000 0000 0000 0000 0000 0000 0000
0000 0000 0000 0000 0000 0000 0000 0000 0000 0000 0000 ////.
0000 0000 0000 0000 0000 0000 0000 0000 0000 0000 0000 0000
0000 0000 0000 0000 0000 //// //// //// //// //// //// ////.
//// //// //// //// 0683 //// //// //// //// //// //// ////
0000 0000 0000 0000 0000 0000 0000 0000 0000 0000 0000 ////.
0000 0000 0000 0000 //// //// //// //// 0000 0000 0000 0000
0000 0000 0000 0000 0000 0000 0050 0003 0000 0010 0000 ////=
0000 ////////// 00000=
W=
L=
Z=
G=
F=
D=
K=
A=
S=
B=
??????
******
YF
O4712
河南省
偃师首阳山
首阳山水利站3楼
平原；城镇；楼顶
空缺
计算机
计算机
计算机
计算机
计算机
20100926=
JY
8888=
GK
01/
05/=
BZ
00/344333/1124210
10/24/逐时观测
10/24/24时连续观测
11/不守班=
######
