O4712 3444N 11242E 001410 000000 000 000 S15 99999999919999999999 0 2009 05
P=
T=
I=
E=
U=
N=
H=
C=
V=
R6
0000 0000 0000
0000 0000 0000
0000 0000 0000
0000 0000 0000
0000 0000 0000
0000 0000 0000
0000 0000 0000
//// //// ////
0020 0013 0033
0135 0019 0154
0030 0045 0075
//// //// ////
0000 0001 0001
0014 0107 0121
0034 0034 0068
0000 //// ////
//// //// ////
//// //// ////
//// //// ////
0000 //// ////
0000 //// ////
0011 //// 0011
//// 0000 ////
0000 //// ////
0000 //// ////
0000 //// ////
0000 0017 0017
0048 0028 0076
0000 //// ////
//// //// ////
0000 //// ////=
0000 0000 0000 0000 0000 0000 0000 0000 0000 0000 0000 0000
0000 0000 0000 0000 0000 0000 0000 0000 0000 0000 0000 0000.
0000 0000 0000 0000 0000 0000 0000 0000 0000 0000 0000 0000
0000 0000 0000 0000 0000 0000 0000 0000 0000 0000 0000 0000.
0000 0000 0000 0000 0000 0000 0000 0000 0000 0000 0000 0000
0000 0000 0000 0000 0000 0000 0000 0000 0000 0000 0000 0000.
0000 0000 0000 0000 0000 0000 0000 0000 0000 0000 0000 0000
0000 0000 0000 0000 0000 0000 0000 0000 0000 0000 0000 0000.
0000 0000 0000 0000 0000 0000 0000 0000 0000 0000 0000 0000
0000 0000 0000 0000 0000 0000 0000 0000 0000 0000 0000 0000.
0000 0000 0000 0000 0000 0000 0000 0000 0000 0000 0000 0000
0000 0000 0000 0000 0000 0000 0000 0000 0000 0000 0000 0000.
0000 0000 0000 0000 0000 0000 0000 0000 0000 0000 0000 0000
0000 0000 0000 0000 0000 0000 0000 0000 0000 0000 0000 0000.
0000 0000 0000 0000 0000 0000 0000 0000 0000 0000 //// 0000
0000 0000 0000 0000 0000 0000 0000 //// //// 0000 0000 0000.
0000 0000 0000 0000 0000 0000 0000 0009 0006 0002 0002 0001
0000 0011 0002 0000 0000 0000 0000 0000 0000 0000 0000 0000.
0000 0000 0000 0000 0000 0005 0027 0078 0019 0002 0003 0001
0001 0000 0000 0000 0000 0000 0000 0001 0006 0004 0004 0003.
0002 0009 0002 0001 0000 0007 0001 0002 0000 0000 0002 0004
0000 0000 0000 0001 0008 0004 0005 0001 0002 0002 0005 0017.
//// //// //// //// //// //// //// //// //// //// //// ////
//// //// 0000 0000 0000 0000 0000 0000 0000 0000 0000 0000.
0000 0000 0000 0000 0000 0000 0000 0000 0000 0000 0000 0000
0000 0000 0000 0000 0000 0000 //// //// 0000 0000 0000 0001.
0002 0012 //// //// //// //// //// //// //// 0000 0000 ////
0000 0001 0020 0012 0021 0025 0008 0003 0004 0004 0008 0001.
//// //// 0000 0000 0004 //// //// 0003 0010 0017 //// ////
0034 //// //// //// //// //// 0000 0000 0000 0000 0000 ////.
0000 0000 0000 0000 0000 0000 0000 0000 0000 0000 0000 0000
0000 0000 0000 0000 0000 0000 0000 //// //// //// 0000 ////.
0000 0000 0000 0000 0000 //// //// //// //// //// //// ////
//// //// //// //// //// //// //// //// //// //// //// ////.
//// //// //// //// //// //// //// //// //// //// //// ////
0000 0000 0000 0000 0000 0000 0000 0000 0000 0000 0000 ////.
0000 0000 0000 0000 0000 0000 0000 0000 0000 0000 //// ////
//// //// //// 0000 0000 0000 0000 0000 0000 0000 0000 0000.
0000 0000 0000 0000 0000 0000 0000 0000 0000 0000 0000 0000
0000 0000 0000 0000 0000 0000 //// //// 0000 0000 0000 ////.
0000 0000 0000 //// 0000 //// 0000 0000 //// //// //// ////
//// //// //// //// //// //// //// //// //// //// //// ////.
//// //// //// 0011 0000 0000 0000 0000 0000 0000 0000 0000
0000 0000 //// 0000 //// //// //// //// //// //// //// ////.
//// //// 0000 0000 0000 0000 //// 0000 0000 0000 0000 0000
0000 0000 0000 0000 0000 0000 0000 0000 0000 0000 0000 0000.
0000 0000 0000 0000 0000 0000 0000 0000 0000 0000 0000 0000
0000 0000 0000 0000 0000 0000 //// 0000 0000 0000 0000 0000.
0000 0000 0000 0000 0000 0000 0000 0000 0000 0000 0000 0000
0000 0000 0000 0000 0000 0000 0000 0000 0000 0000 0000 ////.
0000 0000 0000 0000 0000 //// 0000 0000 0000 0000 0000 0000
0000 //// //// 0000 0000 0000 0000 0000 0000 //// //// ////.
//// //// //// //// //// //// //// //// //// //// //// ////
//// 0000 0000 0000 0000 0000 0000 0000 0000 0008 0009 ////.
0003 0001 0001 0002 0002 0001 0001 0005 0002 0008 0009 0013
0008 0006 0003 0003 0003 0003 //// 0002 0000 0000 0000 ////.
0000 0000 0000 0000 0000 0000 0000 0000 0000 0000 0000 0000
//// 0000 0000 0000 0000 0000 0000 0000 0000 0000 0000 ////.
//// 0000 0000 0000 0000 0000 0000 0000 0000 0000 0000 0000
0000 0000 0000 0000 0000 0000 0000 0000 0000 0000 0000 ////.
0000 0000 0000 0000 0000 0000 0000 0000 0000 0000 0000 0000
0000 0000 0000 0000 0000 0000 0000 0000 0000 0000 0000 ////=
0000 ////////// 00000=
W=
L=
Z=
G=
F=
D=
K=
A=
S=
B=
??????
******
YF
O4712
河南省
偃师首阳山
首阳山水利站三楼
平原；楼顶；村镇
马淑玲
仝军峰
仝军峰
仝军峰
王国安
仝军峰
20090718=
JY
8888=
GK
01/本月本站月总降水量55.6毫米。
02/本月主要降水过程出现在9-11日、13-15日、22日、27-28日。
05/=
BZ
00/344333/1124210
10/344333/1124210
10/24/24小时连续观测
11/不守班=
######
