O4769 3427N 11218E 003490 003490 105 000 S15 99999999919999999999 0 2010 05
P=
T=
I=
E=
U=
N=
H=
C=
V=
R6
0322 0000 0322
//// 0000 ////
0000 0000 0000
0001 0014 0015
0001 //// 0001
0002 //// 0002
0637 //// 0637
//// //// ////
0000 //// ////
0792 //// 0792
//// //// ////
//// 0059 0059
0009 //// 0009
//// //// ////
0673 //// 0673
//// 0022 0022
0081 0001 0082
0000 //// ////
0000 //// ////
0000 //// ////
0005 0018 0023
0001 //// 0001
0000 //// ////
0587 //// 0587
//// //// ////
//// 0023 0023
0069 0279 0348
0035 //// 0035
0000 //// ////
//// //// ////
//// //// ////=
0000 0000 0000 0000 0322 //// 0000 0000 0000 0000 0000 0000
0000 0000 0000 0000 0000 0000 0000 0000 0000 0000 0000 0000.
0000 0000 0000 0000 0000 0000 //// //// 0000 0000 0000 0000
0000 0000 0000 0000 0000 0000 0000 0000 0000 0000 0000 0000.
0000 0000 0000 0000 0000 0000 0000 0000 0000 0000 0000 0000
0000 0000 0000 0000 0000 0000 0000 0000 0000 0000 0000 0000.
0000 0000 0000 0000 0000 0000 0000 0000 0000 0001 0000 0000
0000 0000 0000 0000 0000 0002 0003 0000 0007 0002 0000 0000.
0001 0000 0000 0000 0000 0000 0000 0000 0000 0000 0000 0000
0000 0000 0000 0000 0000 0000 0000 0000 0000 0000 0000 ////.
0000 0000 0000 0000 0000 0000 0002 0000 0000 0000 0000 0000
0000 0000 0000 0000 0000 0000 0000 0000 0000 0000 0000 ////.
0000 //// //// //// 0637 //// //// 0000 0000 0000 0000 0000
0000 0000 0000 0000 0000 0000 0000 //// //// //// //// ////.
//// //// 0000 0000 0000 0000 0000 0000 0000 0000 0000 0000
0000 0000 0000 0000 0000 0000 0000 0000 0000 0000 0000 ////.
0000 0000 0000 0000 0000 0000 0000 0000 0000 0000 0000 0000
0000 0000 0000 0000 0000 0000 0000 0000 0000 0000 0000 ////.
0000 0000 //// //// 0792 0000 0000 0000 0000 0000 0000 0000
0000 0000 0000 //// //// 0000 0000 0000 0000 0000 0000 ////.
0000 0000 //// 0000 0000 0000 0000 0000 0000 0000 0000 ////
//// 0000 0000 0000 0000 0000 0000 0000 0000 0000 0000 ////.
0000 0000 //// //// 0000 0000 0000 0000 0000 0000 0000 0000
//// 0000 0000 0000 0000 0007 0015 0021 //// 0007 0009 ////.
0004 0002 0001 0000 //// //// //// //// //// 0000 0001 0001
0000 0000 0000 //// //// //// //// //// //// 0000 0000 ////.
0000 0000 0000 0000 0000 0000 0000 0000 0000 //// 0000 0000
0000 0000 0000 0000 0000 0000 0000 //// //// //// 0000 ////.
//// //// 0000 0000 0673 0000 0000 0000 0000 0000 0000 0000
0000 //// //// //// 0000 0000 0000 0000 0000 0000 0000 ////.
0000 0000 0000 0000 //// 0000 0000 0000 0000 0000 0000 0000
0000 0000 0000 0000 //// 0000 0000 //// 0012 0009 0001 ////.
0029 0040 0002 0003 0005 0001 0001 0000 0000 0000 //// ////
//// //// //// 0001 0000 0000 0000 0000 //// //// //// ////.
0000 0000 0000 0000 0000 0000 0000 0000 0000 0000 0000 0000
0000 0000 0000 0000 //// 0000 0000 0000 0000 0000 0000 ////.
0000 0000 0000 0000 0000 0000 0000 0000 0000 0000 0000 0000
//// //// //// //// 0000 0000 0000 0000 0000 0000 0000 ////.
0000 0000 0000 0000 0000 0000 0000 0000 0000 0000 0000 0000
0000 0000 0000 0000 0000 0000 0000 0000 0000 0000 0000 ////.
0000 0000 0000 0000 0000 0000 0000 0000 0000 0000 0004 0001
0001 0005 0005 0002 0001 0001 0002 0000 0000 0000 0001 ////.
0001 0000 0000 //// //// //// 0000 0000 0000 0000 0000 0000
0000 0000 0000 0000 0000 0000 0000 0000 0000 0000 0000 ////.
0000 0000 0000 0000 0000 0000 0000 0000 0000 0000 0000 0000
0000 0000 0000 0000 0000 0000 0000 0000 0000 0000 0000 ////.
0000 0000 0000 0000 0587 //// //// //// //// //// //// ////
//// //// //// 0000 0000 0000 0000 0000 0000 0000 0000 ////.
0000 0000 0000 0000 0000 0000 0000 //// //// 0000 0000 0000
0000 0000 0000 0000 0000 0000 0000 0000 0000 0000 0000 ////.
0000 0000 0000 0000 0000 0000 0000 0000 0000 //// //// ////
0000 0000 0000 0008 0014 0001 0000 0000 //// //// //// ////.
0001 0000 0001 0006 0011 0000 0007 0006 0009 0011 0002 0015
0039 0031 0022 0030 0053 0026 0027 0016 0018 0012 0005 ////.
0002 0002 0009 0008 0009 0004 0001 0000 0000 0000 0000 0000
0000 //// //// //// 0000 0000 0000 0000 0000 0000 0000 ////.
0000 0000 0000 0000 0000 0000 0000 0000 0000 0000 0000 0000
0000 0000 0000 0000 0000 0000 0000 0000 0000 0000 0000 ////.
0000 0000 0000 //// 0000 0000 0000 0000 0000 0000 0000 ////
//// 0000 0000 0000 //// 0000 0000 0000 //// //// //// ////.
//// //// 0000 0000 0000 0000 0000 0000 0000 0000 0000 0000
0000 0000 0000 0000 0000 0000 0000 0000 0000 0000 0000 ////=
0000 ////////// 00000=
W=
L=
Z=
G=
F=
D=
K=
A=
S=
B=
??????
******
YF
O4769
河南省
伊川樊店水库
范店水库管理站2楼顶
丘陵；城镇；楼顶
空缺
计算机
计算机
计算机
计算机
计算机
20100617=
JY
8888=
GK
01/
05/=
BZ
00/342700/1121737
10/24/逐时观测
10/24/24时连续观测
11/不守班=
######
