O4765 3430N 11229E 001710 000000 000 000 S15 99999999919999999999 1 2008 07
P=
T=
I=
E=
U=
N=
H=
C=
V=
R6
0018 0019 0037
//// 0000 ////
0000 0002 0002
0000 0382 0382
0298 0000 0298
0000 0000 0000
0000 0000 0000
0000 0000 0000
0000 0000 0000
0000 0000 0000
0000 0000 0000
0100 0000 0100
0000 0000 0000
0105 0000 0105
0238 0018 0256
0000 0000 0000
0039 0000 0039
0143 0000 0143
0000 0000 0000
0000 0000 0000
0000 0000 0000
//// 0023 0023
0007 0001 0008
0000 0000 0000
0000 0000 0000
0000 0000 0000
0000 0000 0000
0000 0000 0000
0000 0000 0000
0003 0004 0007
0000 0000 0000=
0000 0000 0000 0000 0000 0003 0000 0001 0002 0008 0004 0000
0000 0007 0003 0002 0006 0001 0000 0000 0000 0000 0000 0000.
//// 0000 0000 0000 0000 0000 0000 0000 0000 0000 0000 0000
0000 0000 0000 0000 0000 0000 0000 0000 0000 0000 0000 0000.
0000 0000 0000 0000 0000 0000 0000 0000 0000 0000 0000 0000
0000 0000 0000 0000 0000 0000 0000 0000 0000 0002 0000 0000.
0000 0000 0000 0000 0000 0000 0000 0000 0000 0000 0000 0000
0000 0000 0000 0000 0000 0000 0038 0336 0005 0002 0000 0001.
0001 0033 0001 0000 0001 0054 0084 0072 0040 0012 0000 0000
0000 0000 0000 0000 0000 0000 0000 0000 0000 0000 0000 0000.
0000 0000 0000 0000 0000 0000 0000 0000 0000 0000 0000 0000
0000 0000 0000 0000 0000 0000 0000 0000 0000 0000 0000 0000.
0000 0000 0000 0000 0000 0000 0000 0000 0000 0000 0000 0000
0000 0000 0000 0000 0000 0000 0000 0000 0000 0000 0000 0000.
0000 0000 0000 0000 0000 0000 0000 0000 0000 0000 0000 0000
0000 0000 0000 0000 0000 0000 0000 0000 0000 0000 0000 0000.
0000 0000 0000 0000 0000 0000 0000 0000 0000 0000 0000 0000
0000 0000 0000 0000 0000 0000 0000 0000 0000 0000 0000 0000.
0000 0000 0000 0000 0000 0000 0000 0000 0000 0000 0000 0000
0000 0000 0000 0000 0000 0000 0000 0000 0000 0000 0000 0000.
0000 0000 0000 0000 0000 0000 0000 0000 0000 0000 0000 0000
0000 0000 0000 0000 0000 0000 0000 0000 0000 0000 0000 0000.
0000 0029 0068 0003 0000 0000 0000 0000 0000 0000 0000 0000
0000 0000 0000 0000 0000 0000 0000 0000 0000 0000 0000 0000.
0000 0000 0000 0000 0000 0000 0000 0000 0000 0000 0000 0000
0000 0000 0000 0000 0000 0000 0000 0000 0000 0000 0000 0000.
0000 0000 0000 0000 0103 0001 0001 0000 0000 0000 0000 0000
0000 0000 0000 0000 0000 0000 0000 0000 0000 0000 0000 0000.
0034 0201 0000 0000 0000 0000 0000 0000 0000 0000 0000 0003
0006 0001 0000 0000 0000 0002 0009 0000 0000 0000 0000 0000.
0000 0000 0000 0000 0000 0000 0000 0000 0000 0000 0000 0000
0000 0000 0000 0000 0000 0000 0000 0000 0000 0000 0000 0000.
0000 0000 0000 0000 0000 0000 0000 0000 0000 0039 0000 0000
0000 0000 0000 0000 0000 0000 0000 0000 0000 0000 0000 0000.
0000 0003 0027 0112 0001 0000 0000 0000 0000 0000 0000 0000
0000 0000 0000 0000 0000 0000 0000 0000 0000 0000 0000 0000.
0000 0000 0000 0000 0000 0000 0000 0000 0000 0000 0000 0000
0000 0000 0000 0000 0000 0000 0000 0000 0000 0000 0000 0000.
0000 0000 0000 0000 0000 0000 0000 0000 0000 0000 0000 0000
0000 0000 0000 0000 0000 0000 0000 0000 0000 0000 0000 0000.
0000 0000 0000 0000 0000 0000 0000 0000 0000 0000 0000 0000
0000 0000 0000 0000 0000 0000 0000 0000 0000 0000 0000 0000.
//// //// //// //// //// //// //// //// //// //// //// ////
0002 0005 0001 0003 0000 0000 0003 0003 0004 0002 0000 0000.
0000 0000 0000 0000 0000 0000 0005 0002 0000 0000 0000 0000
0000 0000 0000 0000 0000 0000 0001 0000 0000 0000 0000 0000.
0000 0000 0000 0000 0000 0000 0000 0000 0000 0000 0000 0000
0000 0000 0000 0000 0000 0000 0000 0000 0000 0000 0000 0000.
0000 0000 0000 0000 0000 0000 0000 0000 0000 0000 0000 0000
0000 0000 0000 0000 0000 0000 0000 0000 0000 0000 0000 0000.
0000 0000 0000 0000 0000 0000 0000 0000 0000 0000 0000 0000
0000 0000 0000 0000 0000 0000 0000 0000 0000 0000 0000 0000.
0000 0000 0000 0000 0000 0000 0000 0000 0000 0000 0000 0000
0000 0000 0000 0000 0000 0000 0000 0000 0000 0000 0000 0000.
0000 0000 0000 0000 0000 0000 0000 0000 0000 0000 0000 0000
0000 0000 0000 0000 0000 0000 0000 0000 0000 0000 0000 0000.
0000 0000 0000 0000 0000 0000 0000 0000 0000 0000 0000 0000
0000 0000 0000 0000 0000 0000 0000 0000 0000 0000 0000 0000.
0000 0000 0000 0000 0000 0000 0000 0000 0000 0000 0003 0000
0000 0002 0000 0001 0000 0000 0000 0000 0000 0000 0000 0001.
0000 0000 0000 0000 0000 0000 0000 0000 0000 0000 0000 0000
0000 0000 0000 0000 0000 0000 0000 0000 0000 0000 0000 0000=
0001 ////////// 00000=
W=
L=
Z=
G=
F=
D=
K=
A=
S=
B=
??????
QP=
QT=
QI=
QE=
QU=
QN=
QH=
QC=
QV=
QR6
099 099 099
899 099 899
099 099 099
099 099 099
099 099 099
099 099 099
099 099 099
099 099 099
099 099 099
099 099 099
099 099 099
099 099 099
099 099 099
099 099 099
099 099 099
099 099 099
099 099 099
099 099 099
099 099 099
099 099 099
099 099 099
899 099 099
099 099 099
099 099 099
099 099 099
099 099 099
099 099 099
099 099 099
099 099 099
099 099 099
099 099 099=
099 099 099 099 099 099 099 099 099 099 099 099 099 099 099 099 099 099 099 099 099 099 099 099
899 099 099 099 099 099 099 099 099 099 099 099 099 099 099 099 099 099 099 099 099 099 099 099
099 099 099 099 099 099 099 099 099 099 099 099 099 099 099 099 099 099 099 099 099 099 099 099
099 099 099 099 099 099 099 099 099 099 099 099 099 099 099 099 099 099 099 099 099 099 099 099
099 099 099 099 099 099 099 099 099 099 099 099 099 099 099 099 099 099 099 099 099 099 099 099
099 099 099 099 099 099 099 099 099 099 099 099 099 099 099 099 099 099 099 099 099 099 099 099
099 099 099 099 099 099 099 099 099 099 099 099 099 099 099 099 099 099 099 099 099 099 099 099
099 099 099 099 099 099 099 099 099 099 099 099 099 099 099 099 099 099 099 099 099 099 099 099
099 099 099 099 099 099 099 099 099 099 099 099 099 099 099 099 099 099 099 099 099 099 099 099
099 099 099 099 099 099 099 099 099 099 099 099 099 099 099 099 099 099 099 099 099 099 099 099
099 099 099 099 099 099 099 099 099 099 099 099 099 099 099 099 099 099 099 099 099 099 099 099
099 099 099 099 099 099 099 099 099 099 099 099 099 099 099 099 099 099 099 099 099 099 099 099
099 099 099 099 099 099 099 099 099 099 099 099 099 099 099 099 099 099 099 099 099 099 099 099
099 099 099 099 099 099 099 099 099 099 099 099 099 099 099 099 099 099 099 099 099 099 099 099
099 099 099 099 099 099 099 099 099 099 099 099 099 099 099 099 099 099 099 099 099 099 099 099
099 099 099 099 099 099 099 099 099 099 099 099 099 099 099 099 099 099 099 099 099 099 099 099
099 099 099 099 099 099 099 099 099 099 099 099 099 099 099 099 099 099 099 099 099 099 099 099
099 099 099 099 099 099 099 099 099 099 099 099 099 099 099 099 099 099 099 099 099 099 099 099
099 099 099 099 099 099 099 099 099 099 099 099 099 099 099 099 099 099 099 099 099 099 099 099
099 099 099 099 099 099 099 099 099 099 099 099 099 099 099 099 099 099 099 099 099 099 099 099
099 099 099 099 099 099 099 099 099 099 099 099 099 099 099 099 099 099 099 099 099 099 099 099
899 899 899 899 899 899 899 899 899 899 899 899 099 099 099 099 099 099 099 099 099 099 099 099
099 099 099 099 099 099 099 099 099 099 099 099 099 099 099 099 099 099 099 099 099 099 099 099
099 099 099 099 099 099 099 099 099 099 099 099 099 099 099 099 099 099 099 099 099 099 099 099
099 099 099 099 099 099 099 099 099 099 099 099 099 099 099 099 099 099 099 099 099 099 099 099
099 099 099 099 099 099 099 099 099 099 099 099 099 099 099 099 099 099 099 099 099 099 099 099
099 099 099 099 099 099 099 099 099 099 099 099 099 099 099 099 099 099 099 099 099 099 099 099
099 099 099 099 099 099 099 099 099 099 099 099 099 099 099 099 099 099 099 099 099 099 099 099
099 099 099 099 099 099 099 099 099 099 099 099 099 099 099 099 099 099 099 099 099 099 099 099
099 099 099 099 099 099 099 099 099 099 099 099 099 099 099 099 099 099 099 099 099 099 099 099
099 099 099 099 099 099 099 099 099 099 099 099 099 099 099 099 099 099 099 099 099 099 099 099=
099 899 099=
QW=
QL=
QZ=
QG=
QF=
QD=
QK=
QA=
QS=
QB=
=
******
YF
O4765
河南省
伊川彭婆
镇政府院三楼顶
平原楼房顶村镇
褚桂成
田玉玲
田玉玲
田玉玲
王国安
田玉玲
20081025=
JY
8888=
GK
01/本月降水量140.0MM。
02/主要降水过程在：1、3-5、12、14-15、17-18、22-23、30日。
05/=
BZ
00/343000/1122900
10/343000/1122900
10/24/24小时连续观测
11/不守班=
######
