O4755 3426N 11217E 003660 003660 105 000 S15 99999999919999999999 0 2010 07
P=
T=
I=
E=
U=
N=
H=
C=
V=
R6
0014 0001 0015
0000 //// ////
0013 0020 0033
0000 //// ////
0000 //// ////
0000 //// ////
0000 //// ////
0233 0280 0513
0000 //// ////
0250 0004 0254
0000 //// ////
0000 //// ////
0000 //// ////
0000 //// ////
0023 0064 0087
0005 //// 0005
0000 0045 0045
0001 0001 0002
0444 0002 0446
0000 //// ////
0000 //// ////
0000 0308 0308
0000 0100 0100
0079 0128 0207
0111 //// 0111
0000 //// ////
0000 //// ////
0000 //// ////
0000 //// ////
0000 //// ////
0000 //// ////=
0000 0000 0002 0009 0003 0000 0000 0000 0000 0000 0000 0000
0000 0000 0000 0001 0000 0000 0000 0000 0000 0000 0000 ////.
0000 0000 0000 0000 0000 0000 0000 0000 0000 0000 0000 0000
0000 0000 0000 0000 0000 0000 0000 0000 0000 //// 0000 ////.
0000 0000 0000 0000 0000 0000 0000 0000 0000 0013 0000 0000
0014 0006 0000 0000 0000 0000 0000 0000 0000 0000 0000 ////.
0000 0000 0000 0000 0000 0000 0000 0000 0000 0000 0000 0000
0000 0000 0000 0000 0000 0000 0000 0000 0000 0000 0000 ////.
0000 0000 0000 0000 0000 0000 0000 0000 0000 0000 0000 0000
0000 0000 0000 0000 0000 0000 0000 0000 0000 0000 0000 ////.
0000 0000 0000 0000 0000 0000 0000 0000 0000 0000 0000 0000
0000 0000 0000 0000 0000 0000 0000 0000 0000 0000 0000 ////.
0000 0000 0000 0000 0000 0000 0000 0000 0000 0000 0000 0000
0000 0000 0000 0000 0000 0000 0000 0000 0000 0000 0000 ////.
0000 0000 0000 0000 0000 0000 0000 0000 0000 0000 0047 0186
0224 0031 0009 0013 0003 0000 0000 0000 0000 0000 0000 ////.
0000 0000 0000 0000 0000 0000 0000 0000 0000 0000 0000 0000
0000 0000 0000 0000 0000 0000 0000 0000 0000 0000 0000 ////.
0003 0000 0002 0026 0002 0018 0063 0052 0036 0025 0018 0005
0003 0000 0001 0000 0000 0000 0000 0000 0000 0000 0000 ////.
0000 0000 0000 0000 0000 0000 0000 0000 0000 0000 0000 0000
0000 0000 0000 0000 0000 0000 0000 0000 0000 0000 0000 ////.
0000 0000 0000 0000 0000 0000 0000 0000 0000 0000 0000 0000
0000 0000 0000 0000 0000 0000 0000 0000 0000 0000 0000 ////.
0000 0000 0000 0000 0000 0000 0000 0000 0000 0000 0000 0000
0000 0000 0000 0000 0000 0000 0000 0000 0000 0000 0000 ////.
0000 0000 0000 0000 0000 0000 0000 0000 0000 0000 0000 0000
0000 0000 0000 0000 0000 0000 0000 0000 0000 0000 0000 ////.
0000 0001 0002 0001 0000 0000 0003 0002 0001 0009 0003 0001
0001 0000 0003 0000 0023 0005 0009 0015 0007 0001 0000 ////.
0000 0001 0002 0001 0001 0000 0000 0000 0000 0000 0000 0000
0000 0000 0000 0000 0000 0000 0000 0000 0000 0000 0000 ////.
0000 0000 0000 0000 0000 0000 0000 0000 0000 0000 0000 0000
0000 0002 0018 0011 0008 0001 0001 0002 0002 0000 0000 ////.
0000 0001 0000 0000 0000 0000 0000 0000 0000 0000 0000 0000
0001 0000 0000 0000 0000 0000 0000 0000 0000 0000 0000 ////.
0000 0018 0057 0044 0057 0082 0060 0056 0007 0037 0026 ////
0002 0000 0000 0000 0000 0000 0000 0000 0000 0000 0000 ////.
0000 0000 0000 0000 0000 0000 0000 0000 0000 0000 0000 0000
0000 0000 0000 0000 0000 0000 0000 0000 0000 0000 0000 ////.
0000 0000 0000 0000 0000 0000 0000 0000 0000 0000 0000 0000
0000 0000 0000 0000 0000 0000 0000 0000 0000 0000 0000 ////.
0000 0000 0000 0000 0000 0000 0000 0000 0000 0000 0000 0000
0000 0000 0000 0308 0000 0000 0000 0000 0000 0000 0000 ////.
0000 0000 0000 0000 0000 0000 0000 0000 0000 0000 0000 0000
0000 0000 0000 0014 0000 0000 0007 0004 0029 0019 0027 ////.
0004 0000 0000 0000 0020 0008 0008 0012 0007 0002 0013 0005
0004 0003 0000 0004 0004 0002 0010 0062 0024 0003 0012 ////.
//// 0013 0014 0019 0048 0014 0001 0002 0000 0000 0000 0000
0000 0000 0000 0000 0000 0000 0000 0000 0000 0000 0000 ////.
0000 0000 0000 0000 0000 0000 0000 0000 0000 0000 0000 0000
0000 0000 0000 0000 0000 0000 0000 0000 0000 0000 0000 ////.
0000 0000 0000 0000 0000 0000 0000 0000 0000 0000 0000 0000
0000 0000 0000 0000 0000 0000 0000 0000 0000 0000 0000 ////.
0000 0000 0000 0000 0000 0000 0000 0000 0000 0000 0000 0000
0000 0000 0000 0000 0000 0000 0000 0000 0000 0000 0000 ////.
0000 0000 0000 0000 0000 0000 0000 0000 0000 0000 0000 0000
0000 0000 0000 0000 0000 0000 0000 0000 0000 0000 0000 ////.
0000 0000 0000 0000 0000 0000 0000 0000 0000 0000 0000 0000
0000 0000 0000 0000 0000 0000 0000 0000 0000 0000 //// ////.
0000 0000 0000 0000 0000 0000 0000 0000 0000 0000 0000 0000
0000 0000 0000 0000 0000 0000 0000 0000 0000 0000 0000 ////=
0000 ////////// 00000=
W=
L=
Z=
G=
F=
D=
K=
A=
S=
B=
??????
******
YF
O4755
河南省
伊川高山
乡政府院3楼顶
丘陵；城镇；楼顶
空缺
计算机
计算机
计算机
计算机
计算机
20100805=
JY
8888=
GK
01/
05/=
BZ
00/342548/1121648
10/24/逐时观测
10/24/24时连续观测
11/不守班=
######
