O4723 3430N 11252E 003320 003320 105 000 S15 99999999919999999999 0 2012 05
P=
T=
I=
E=
U=
N=
H=
C=
V=
R6
0001 0001 0002
0002 0000 0002
0000 0000 0000
0000 0000 0000
0000 0000 0000
0000 0000 0000
0000 0003 0003
0000 0000 0000
0000 0000 0000
0000 0000 0000
0000 0002 0002
0038 0007 0045
0003 0003 0006
0003 0002 0005
0002 0001 0003
0002 0002 0004
0002 0002 0004
0001 0002 0003
0001 0000 0001
0000 0000 0000
0000 0000 0000
0000 0005 0005
0004 0002 0006
0002 0001 0003
0000 0000 0000
0000 0000 0000
0000 0000 0000
0000 0000 0000
0001 0005 0006
0003 0002 0005
0001 0001 0002=
0000 0000 0000 0000 0000 0001 0000 0000 0000 0000 0000 0000
0000 0001 0000 0000 0000 0000 0000 0000 0000 0000 0000 0000.
0000 0001 0000 0000 0000 0000 0000 0000 0000 0000 0000 0001
0000 0000 0000 0000 0000 0000 0000 0000 0000 0000 0000 0000.
0000 0000 0000 0000 0000 0000 0000 0000 0000 0000 0000 0000
0000 0000 0000 0000 0000 0000 0000 0000 0000 0000 0000 0000.
0000 0000 0000 0000 0000 0000 0000 0000 0000 0000 0000 0000
0000 0000 0000 0000 0000 0000 0000 0000 0000 0000 0000 0000.
0000 0000 0000 0000 0000 0000 0000 0000 0000 0000 0000 0000
0000 0000 0000 0000 0000 0000 0000 0000 0000 0000 0000 0000.
0000 0000 0000 0000 0000 0000 0000 0000 0000 0000 0000 0000
0000 0000 0000 0000 0000 0000 0000 0000 0000 0000 0000 0000.
0000 0000 0000 0000 0000 0000 0000 0000 0000 0000 0000 0000
0001 0001 0001 0000 0000 0000 0000 0000 0000 0000 0000 0000.
0000 0000 0000 0000 0000 0000 0000 0000 0000 0000 0000 0000
0000 0000 0000 0000 0000 0000 0000 0000 0000 0000 0000 0000.
0000 0000 0000 0000 0000 0000 0000 0000 0000 0000 0000 0000
0000 0000 0000 0000 0000 0000 0000 0000 0000 0000 0000 0000.
0000 0000 0000 0000 0000 0000 0000 0000 0000 0000 0000 0000
0000 0000 0000 0000 0000 0000 0000 0000 0000 0000 0000 0000.
0000 0000 0000 0000 0000 0000 0000 0000 0000 0000 0000 0000
0000 0000 0000 0000 0000 0000 0000 0000 0000 0000 0001 0001.
0000 0001 0000 0001 0000 0001 0002 0010 0017 0004 0002 0000
0001 0000 0001 0000 0001 0001 0001 0000 0001 0000 0000 0001.
0000 0000 0001 0000 0000 0000 0001 0000 0000 0000 0000 0001
0000 0001 0000 0000 0000 0001 0000 0000 0001 0000 0000 0000.
0001 0000 0000 0000 0001 0000 0000 0000 0000 0001 0000 0000
0000 0000 0000 0000 0000 0000 0001 0000 0000 0000 0001 0000.
0000 0000 0000 0001 0000 0000 0000 0000 0001 0000 0000 0000
0000 0000 0000 0000 0000 0000 0000 0000 0000 0000 0000 0001.
0000 0000 0000 0000 0000 0001 0000 0000 0000 0000 0000 0001
0000 0000 0000 0000 0001 0000 0000 0000 0000 0000 0001 0000.
0000 0000 0000 0001 0000 0000 0000 0000 0000 0000 0001 0000
0000 0000 0000 0000 0001 0000 0000 0000 0000 0000 0001 0000.
0000 0000 0000 0000 0000 0001 0000 0000 0000 0000 0000 0000
0001 0000 0000 0000 0000 0000 0001 //// //// //// //// ////.
//// //// //// //// 0000 0000 0000 0000 0000 0000 0000 0001
0000 0000 0000 0000 0000 0000 0000 0000 0000 0000 0000 0000.
0000 0000 0000 0000 0000 0000 0000 0000 0000 0000 0000 0000
0000 0000 0000 0000 0000 0000 0000 0000 0000 0000 0000 0000.
0000 0000 0000 0000 0000 0000 0000 0000 0000 0000 0000 0000
0000 0000 0000 0000 0000 0000 0000 0000 0000 0000 0000 0000.
0000 0000 0000 0000 0000 0000 0000 0000 0000 0000 0000 0000
0000 0000 0001 0000 0001 0000 0001 0000 0001 0000 0000 0001.
0000 0000 0001 0000 0000 0000 0000 0002 0000 0000 0000 0001
0000 0000 0000 0001 0000 0000 0000 0001 0000 0000 0000 0000.
0001 0000 0000 0000 0000 0000 0000 0001 0000 0000 0000 0000
0000 0000 0001 0000 0000 0000 0000 0000 0000 0000 0000 0000.
0000 0000 0000 0000 0000 0000 0000 0000 0000 0000 0000 0000
0000 0000 0000 0000 0000 0000 0000 0000 0000 0000 0000 0000.
0000 0000 0000 0000 0000 0000 0000 0000 0000 0000 0000 0000
0000 0000 0000 0000 0000 0000 0000 0000 0000 0000 0000 0000.
0000 0000 0000 0000 0000 0000 0000 0000 0000 0000 0000 0000
0000 0000 0000 0000 0000 0000 0000 0000 0000 0000 0000 0000.
0000 0000 0000 0000 0000 0000 0000 0000 0000 0000 0000 0000
0000 0000 0000 0000 0000 0000 0000 0000 0000 0000 0000 0000.
0000 0000 0000 0000 0000 0000 0000 0000 0000 0000 0000 0001
0001 0000 0001 0000 0000 0002 0000 0000 0001 0000 0000 0000.
0001 0000 0000 0000 0000 0001 0000 0000 0000 0000 0000 0001
0000 0000 0000 0000 0001 0000 0000 0000 0000 0000 0001 0000.
0000 0000 0000 0000 0000 0000 0001 0000 0000 0000 0000 0000
0000 0000 0000 0001 0000 0000 0000 0000 0000 0000 0000 0000=
0000 ////////// 00000=
W=
L=
Z=
G=
F=
D=
K=
A=
S=
B=
??????
******
YF
O4723
河南省
偃师九龙角
九龙角水库2楼
丘陵；城镇；楼顶
空缺
计算机
计算机
计算机
计算机
计算机
20120613=
JY
8888=
GK
01/
05/=
BZ
00/343020/1125130
10/24/逐时观测
10/24/24时连续观测
11/不守班=
######
