O4755 3426N 11217E 003660 000000 000 000 S15 99999999919999999999 0 2009 05
P=
T=
I=
E=
U=
N=
H=
C=
V=
R6
0000 0000 0000
0000 0000 0000
0000 0000 0000
0000 0000 0000
0000 0000 0000
0000 0000 0000
//// //// ////
//// //// ////
//// //// ////
//// //// ////
0142 0065 0207
0008 0000 0008
0000 0035 0035
0001 0203 0204
0124 0148 0272
0000 0000 0000
0000 0000 0000
//// //// ////
0000 0000 0000
//// 0000 ////
0000 0000 0000
0018 0000 0018
//// 0000 ////
0000 0000 0000
//// //// ////
0000 0000 0000
//// 0077 0077
0062 0069 0131
0000 0000 0000
0000 0000 0000
//// 0000 ////=
0000 0000 0000 0000 0000 0000 0000 0000 0000 0000 0000 0000
0000 0000 0000 0000 0000 0000 0000 0000 0000 0000 0000 0000.
0000 0000 0000 0000 0000 0000 0000 0000 0000 0000 0000 0000
0000 0000 0000 0000 0000 0000 0000 0000 0000 0000 0000 0000.
0000 0000 0000 0000 0000 0000 0000 0000 0000 0000 0000 0000
0000 0000 0000 0000 0000 0000 0000 0000 0000 0000 0000 0000.
0000 0000 0000 0000 0000 0000 0000 0000 0000 0000 0000 0000
0000 0000 0000 0000 0000 0000 0000 0000 0000 0000 0000 0000.
0000 0000 0000 0000 0000 0000 0000 0000 0000 0000 0000 0000
0000 0000 0000 0000 0000 0000 0000 0000 0000 0000 0000 0000.
0000 0000 0000 0000 0000 0000 0000 0000 0000 0000 0000 0000
0000 0000 0000 0000 0000 0000 0000 0000 0000 0000 0000 0000.
//// //// //// //// //// //// //// //// //// //// //// ////
//// //// //// //// //// //// //// //// //// //// //// ////.
//// //// //// //// //// //// //// //// //// //// //// ////
//// //// //// //// //// //// //// //// //// //// //// ////.
//// //// //// //// //// //// //// //// //// //// //// ////
//// //// //// //// //// //// //// //// //// //// //// ////.
//// //// //// //// //// //// //// //// //// //// //// ////
//// //// //// //// //// //// //// //// //// //// //// ////.
0039 0010 0002 0000 0010 0024 0000 0001 0001 0047 0001 0007
0002 0000 0000 0002 0000 0008 0001 0006 0004 0004 0002 0036.
0000 0007 0000 0000 0001 0000 0000 0000 0000 0000 0000 0000
0000 0000 0000 0000 0000 0000 0000 0000 0000 0000 0000 0000.
0000 0000 0000 0000 0000 0000 0000 0000 0000 0000 0000 0000
0000 0000 0000 0000 0000 0000 0000 0000 0023 0000 0001 0011.
//// //// 0000 0000 0000 0000 0000 0000 0000 0001 0000 0000
0000 0000 0064 0028 0006 0072 0001 0032 0000 0000 0000 0000.
//// 0029 0000 0015 0017 0016 0006 0018 0004 0019 0000 0000
0111 0018 0002 0017 0000 0000 0000 0000 0000 0000 0000 0000.
0000 0000 0000 0000 0000 0000 0000 0000 0000 0000 0000 0000
0000 0000 0000 0000 0000 0000 0000 0000 0000 0000 0000 0000.
0000 0000 0000 0000 0000 0000 0000 0000 0000 0000 0000 0000
0000 0000 0000 0000 0000 0000 0000 0000 0000 0000 0000 0000.
//// //// //// //// //// //// //// //// //// //// //// ////
//// 0000 0000 0000 0000 0000 0000 0000 0000 0000 0000 0000.
0000 0000 0000 0000 0000 0000 0000 0000 0000 0000 0000 0000
0000 0000 0000 0000 0000 0000 0000 0000 0000 0000 0000 0000.
//// //// //// //// //// //// 0000 0000 0000 0000 0000 0000
0000 0000 0000 0000 0000 0000 0000 0000 0000 0000 0000 0000.
0000 0000 0000 0000 0000 0000 0000 0000 0000 0000 0000 0000
0000 0000 0000 0000 0000 0000 0000 0000 0000 0000 0000 0000.
//// //// //// 0000 0012 0006 0000 0000 0000 0000 0000 0000
0000 0000 0000 0000 0000 0000 0000 0000 0000 0000 0000 0000.
//// //// //// 0000 0000 0000 0000 0000 0000 0000 0000 0000
0000 0000 0000 0000 0000 0000 0000 0000 0000 0000 0000 0000.
0000 0000 0000 0000 0000 0000 0000 0000 0000 0000 0000 0000
0000 0000 0000 0000 0000 0000 0000 0000 0000 0000 0000 0000.
//// //// //// //// //// //// //// //// //// //// //// ////
//// //// 0000 0000 0000 0000 0000 0000 0000 0000 0000 0000.
0000 0000 0000 0000 0000 0000 0000 0000 0000 0000 0000 0000
0000 0000 0000 0000 0000 0000 0000 0000 0000 0000 0000 0000.
//// //// //// //// //// //// //// //// //// //// //// ////
0000 0000 0002 0000 0000 0001 0007 0022 0016 0010 0013 0006.
0005 0001 0003 0001 0000 0000 0006 0017 0008 0015 0004 0002
0002 0007 0009 0013 0009 0018 0001 0000 0000 0000 0010 0000.
0000 0000 0000 0000 0000 0000 0000 0000 0000 0000 0000 0000
0000 0000 0000 0000 0000 0000 0000 0000 0000 0000 0000 0000.
0000 0000 0000 0000 0000 0000 0000 0000 0000 0000 0000 0000
0000 0000 0000 0000 0000 0000 0000 0000 0000 0000 0000 0000.
//// //// //// //// 0000 0000 0000 0000 0000 0000 0000 0000
0000 0000 0000 0000 0000 0000 0000 0000 0000 0000 0000 0000=
0000 ////////// 00000=
W=
L=
Z=
G=
F=
D=
K=
A=
S=
B=
??????
******
YF
O4755
河南省
伊川高山
乡政府院3楼顶
丘陵；楼顶；村镇
褚桂成
张国莉
张国莉
张国莉
王国安
张国莉
20090610=
JY
8888=
GK
01/
05/=
BZ
00/342600/1121700
10/24/逐时观测
10/24/24时连续观测
11/不守班=
######
