O4797 3357N 11216E 006400 000000 000 000 S15 99999999919999999999 1 2008 06
P=
T=
I=
E=
U=
N=
H=
C=
V=
R6
0000 0000 0000
0000 0000 0000
0006 0000 0006
0000 0000 0000
0000 0000 0000
0000 0000 0000
0008 0000 0008
0000 0000 0000
0000 0000 0000
0000 0000 0000
0000 0005 0005
0000 0360 0360
0001 0000 0001
0000 0000 0000
0000 0000 0000
0101 0000 0101
0000 0000 0000
0000 0000 0000
0000 0000 0000
0000 0000 0000
0000 0000 0000
0000 0013 0013
0001 0000 0001
0000 0000 0000
0000 0000 0000
0000 0000 0000
0000 0000 0000
0000 0000 0000
0000 0077 0077
0000 0000 0000=
0000 0000 0000 0000 0000 0000 0000 0000 0000 0000 0000 0000
0000 0000 0000 0000 0000 0000 0000 0000 0000 0000 0000 0000.
0000 0000 0000 0000 0000 0000 0000 0000 0000 0000 0000 0000
0000 0000 0000 0000 0000 0000 0000 0000 0000 0000 0000 0000.
0000 0004 0001 0000 0001 0000 0000 0000 0000 0000 0000 0000
0000 0000 0000 0000 0000 0000 0000 0000 0000 0000 0000 0000.
0000 0000 0000 0000 0000 0000 0000 0000 0000 0000 0000 0000
0000 0000 0000 0000 0000 0000 0000 0000 0000 0000 0000 0000.
0000 0000 0000 0000 0000 0000 0000 0000 0000 0000 0000 0000
0000 0000 0000 0000 0000 0000 0000 0000 0000 0000 0000 0000.
0000 0000 0000 0000 0000 0000 0000 0000 0000 0000 0000 0000
0000 0000 0000 0000 0000 0000 0000 0000 0000 0000 0000 0000.
0000 0000 0002 0003 0001 0000 0000 0000 0001 0001 0000 0000
0000 0000 0000 0000 0000 0000 0000 0000 0000 0000 0000 0000.
0000 0000 0000 0000 0000 0000 0000 0000 0000 0000 0000 0000
0000 0000 0000 0000 0000 0000 0000 0000 0000 0000 0000 0000.
0000 0000 0000 0000 0000 0000 0000 0000 0000 0000 0000 0000
0000 0000 0000 0000 0000 0000 0000 0000 0000 0000 0000 0000.
0000 0000 0000 0000 0000 0000 0000 0000 0000 0000 0000 0000
0000 0000 0000 0000 0000 0000 0000 0000 0000 0000 0000 0000.
0000 0000 0000 0000 0000 0000 0000 0000 0000 0000 0000 0000
0000 0000 0000 0000 0000 0000 0000 0000 0000 0000 0004 0001.
0000 0000 0000 0000 0000 0000 0000 0000 0000 0000 0000 0000
0000 0001 0000 0000 0000 0311 0045 0002 0001 0000 0000 0000.
0000 0000 0001 0000 0000 0000 0000 0000 0000 0000 0000 0000
0000 0000 0000 0000 0000 0000 0000 0000 0000 0000 0000 0000.
0000 0000 0000 0000 0000 0000 0000 0000 0000 0000 0000 0000
0000 0000 0000 0000 0000 0000 0000 0000 0000 0000 0000 0000.
0000 0000 0000 0000 0000 0000 0000 0000 0000 0000 0000 0000
0000 0000 0000 0000 0000 0000 0000 0000 0000 0000 0000 0000.
0000 0000 0000 0000 0001 0000 0000 0000 0000 0000 0098 0002
0000 0000 0000 0000 0000 0000 0000 0000 0000 0000 0000 0000.
0000 0000 0000 0000 0000 0000 0000 0000 0000 0000 0000 0000
0000 0000 0000 0000 0000 0000 0000 0000 0000 0000 0000 0000.
0000 0000 0000 0000 0000 0000 0000 0000 0000 0000 0000 0000
0000 0000 0000 0000 0000 0000 0000 0000 0000 0000 0000 0000.
0000 0000 0000 0000 0000 0000 0000 0000 0000 0000 0000 0000
0000 0000 0000 0000 0000 0000 0000 0000 0000 0000 0000 0000.
0000 0000 0000 0000 0000 0000 0000 0000 0000 0000 0000 0000
0000 0000 0000 0000 0000 0000 0000 0000 0000 0000 0000 0000.
0000 0000 0000 0000 0000 0000 0000 0000 0000 0000 0000 0000
0000 0000 0000 0000 0000 0000 0000 0000 0000 0000 0000 0000.
0000 0000 0000 0000 0000 0000 0000 0000 0000 0000 0000 0000
0000 0000 0000 0000 0004 0008 0001 0000 0000 0000 0000 0000.
0001 0000 0000 0000 0000 0000 0000 0000 0000 0000 0000 0000
0000 0000 0000 0000 0000 0000 0000 0000 0000 0000 0000 0000.
0000 0000 0000 0000 0000 0000 0000 0000 0000 0000 0000 0000
0000 0000 0000 0000 0000 0000 0000 0000 0000 0000 0000 0000.
0000 0000 0000 0000 0000 0000 0000 0000 0000 0000 0000 0000
0000 0000 0000 0000 0000 0000 0000 0000 0000 0000 0000 0000.
0000 0000 0000 0000 0000 0000 0000 0000 0000 0000 0000 0000
0000 0000 0000 0000 0000 0000 0000 0000 0000 0000 0000 0000.
0000 0000 0000 0000 0000 0000 0000 0000 0000 0000 0000 0000
0000 0000 0000 0000 0000 0000 0000 0000 0000 0000 0000 0000.
0000 0000 0000 0000 0000 0000 0000 0000 0000 0000 0000 0000
0000 0000 0000 0000 0000 0000 0000 0000 0000 0000 0000 0000.
0000 0000 0000 0000 0000 0000 0000 0000 0000 0000 0000 0000
0000 0000 0000 0000 0000 0002 0016 0059 0000 0000 0000 0000.
0000 0000 0000 0000 0000 0000 0000 0000 0000 0000 0000 0000
0000 0000 0000 0000 0000 0000 0000 0000 0000 0000 0000 0000=
0000 25/05/2008 00000=
W=
L=
Z=
G=
F=
D=
K=
A=
S=
B=
??????
QP=
QT=
QI=
QE=
QU=
QN=
QH=
QC=
QV=
QR6
099 099 099
099 099 099
099 099 099
099 099 099
099 099 099
099 099 099
099 099 099
099 099 099
099 099 099
099 099 099
099 099 099
099 099 099
099 099 099
099 099 099
099 099 099
099 099 099
099 099 099
099 099 099
099 099 099
099 099 099
099 099 099
099 099 099
099 099 099
099 099 099
099 099 099
099 099 099
099 099 099
099 099 099
099 099 099
099 099 099=
099 099 099 099 099 099 099 099 099 099 099 099 099 099 099 099 099 099 099 099 099 099 099 099
099 099 099 099 099 099 099 099 099 099 099 099 099 099 099 099 099 099 099 099 099 099 099 099
099 099 099 099 099 099 099 099 099 099 099 099 099 099 099 099 099 099 099 099 099 099 099 099
099 099 099 099 099 099 099 099 099 099 099 099 099 099 099 099 099 099 099 099 099 099 099 099
099 099 099 099 099 099 099 099 099 099 099 099 099 099 099 099 099 099 099 099 099 099 099 099
099 099 099 099 099 099 099 099 099 099 099 099 099 099 099 099 099 099 099 099 099 099 099 099
099 099 099 099 099 099 099 099 099 099 099 099 099 099 099 099 099 099 099 099 099 099 099 099
099 099 099 099 099 099 099 099 099 099 099 099 099 099 099 099 099 099 099 099 099 099 099 099
099 099 099 099 099 099 099 099 099 099 099 099 099 099 099 099 099 099 099 099 099 099 099 099
099 099 099 099 099 099 099 099 099 099 099 099 099 099 099 099 099 099 099 099 099 099 099 099
099 099 099 099 099 099 099 099 099 099 099 099 099 099 099 099 099 099 099 099 099 099 099 099
099 099 099 099 099 099 099 099 099 099 099 099 099 099 099 099 099 099 099 099 099 099 099 099
099 099 099 099 099 099 099 099 099 099 099 099 099 099 099 099 099 099 099 099 099 099 099 099
099 099 099 099 099 099 099 099 099 099 099 099 099 099 099 099 099 099 099 099 099 099 099 099
099 099 099 099 099 099 099 099 099 099 099 099 099 099 099 099 099 099 099 099 099 099 099 099
099 099 099 099 099 099 099 099 099 099 099 099 099 099 099 099 099 099 099 099 099 099 099 099
099 099 099 099 099 099 099 099 099 099 099 099 099 099 099 099 099 099 099 099 099 099 099 099
099 099 099 099 099 099 099 099 099 099 099 099 099 099 099 099 099 099 099 099 099 099 099 099
099 099 099 099 099 099 099 099 099 099 099 099 099 099 099 099 099 099 099 099 099 099 099 099
099 099 099 099 099 099 099 099 099 099 099 099 099 099 099 099 099 099 099 099 099 099 099 099
099 099 099 099 099 099 099 099 099 099 099 099 099 099 099 099 099 099 099 099 099 099 099 099
099 099 099 099 099 099 099 099 099 099 099 099 099 099 099 099 099 099 099 099 099 099 099 099
099 099 099 099 099 099 099 099 099 099 099 099 099 099 099 099 099 099 099 099 099 099 099 099
099 099 099 099 099 099 099 099 099 099 099 099 099 099 099 099 099 099 099 099 099 099 099 099
099 099 099 099 099 099 099 099 099 099 099 099 099 099 099 099 099 099 099 099 099 099 099 099
099 099 099 099 099 099 099 099 099 099 099 099 099 099 099 099 099 099 099 099 099 099 099 099
099 099 099 099 099 099 099 099 099 099 099 099 099 099 099 099 099 099 099 099 099 099 099 099
099 099 099 099 099 099 099 099 099 099 099 099 099 099 099 099 099 099 099 099 099 099 099 099
099 099 099 099 099 099 099 099 099 099 099 099 099 099 099 099 099 099 099 099 099 099 099 099
099 099 099 099 099 099 099 099 099 099 099 099 099 099 099 099 099 099 099 099 099 099 099 099=
099 099 099=
QW=
QL=
QZ=
QG=
QF=
QD=
QK=
QA=
QS=
QB=
=
******
YF
O4797
河南省
汝阳靳村
乡政府院内3楼顶
楼房顶
姜发
肖红培
肖红培
肖红培
王国安
肖红培
20081028=
JY
8888=
GK
01/本月降水量为57.2毫米。
02/本月天气过程主要发生在3日、7日、11-13日、16日、22-23日、29日。
05/=
BZ
00/335700/1121536
10/335700/1121536
10/24/24小时连续观测
11/不守班=
######
