O4805 3416N 11230E 002950 002950 105 000 S15 99999999919999999999 0 2010 06
P=
T=
I=
E=
U=
N=
H=
C=
V=
R6
0105 //// 0105
0512 //// 0512
0000 //// ////
0000 //// ////
0000 //// ////
0000 //// ////
0000 //// ////
0064 0002 0066
0135 //// 0135
0000 //// ////
0000 //// ////
0000 //// ////
0000 //// ////
0000 //// ////
0000 //// ////
0000 //// ////
//// //// ////
0000 //// ////
0000 //// ////
//// 0369 0369
//// //// ////
0000 //// ////
0000 //// ////
0000 //// ////
0000 //// ////
0000 //// ////
0000 //// ////
0000 //// ////
0000 //// ////
0000 //// ////=
0000 0000 0000 0000 0037 0053 0004 0007 0002 0001 0000 0001
0000 0000 //// 0000 0000 0000 0000 0000 0000 0000 0000 ////.
//// //// //// //// 0512 //// //// //// //// //// //// ////
0000 0000 0000 0000 0000 0000 0000 0000 0000 0000 0000 ////.
0000 0000 0000 0000 0000 0000 0000 0000 0000 0000 0000 0000
0000 0000 0000 0000 0000 0000 0000 0000 0000 0000 0000 ////.
0000 0000 0000 0000 0000 0000 0000 0000 0000 0000 0000 0000
0000 0000 0000 0000 0000 0000 0000 0000 0000 0000 0000 ////.
0000 0000 0000 0000 0000 0000 0000 0000 0000 0000 0000 0000
0000 0000 0000 0000 0000 0000 0000 0000 0000 0000 0000 ////.
0000 0000 0000 0000 0000 0000 0000 0000 0000 0000 0000 0000
0000 0000 0000 0000 0000 0000 0000 0000 0000 0000 0000 ////.
0000 0000 0000 0000 0000 0000 0000 0000 0000 0000 0000 0000
0000 0000 0000 0000 0000 0000 0000 0000 0000 0000 0000 ////.
0000 0002 0001 0000 0003 0006 0001 0025 0007 0000 0003 0016
0000 0000 0000 0000 0000 0000 0000 0000 0000 0000 0002 ////.
0017 0008 0003 0004 0010 0010 0013 0009 0007 0024 0028 0002
0000 0000 0000 0000 0000 0000 0000 0000 0000 0000 0000 ////.
0000 0000 0000 0000 0000 0000 0000 0000 0000 0000 0000 0000
0000 0000 0000 0000 0000 0000 0000 0000 0000 0000 0000 ////.
0000 0000 0000 0000 0000 0000 0000 0000 0000 0000 0000 0000
0000 0000 0000 0000 0000 0000 0000 0000 0000 0000 0000 ////.
0000 0000 0000 0000 0000 0000 0000 0000 0000 0000 0000 0000
0000 0000 0000 0000 0000 0000 0000 0000 0000 0000 0000 ////.
0000 0000 0000 0000 0000 0000 0000 0000 0000 0000 0000 0000
0000 0000 0000 0000 0000 0000 0000 0000 0000 0000 0000 ////.
0000 0000 0000 0000 0000 0000 0000 0000 0000 0000 0000 0000
0000 0000 0000 0000 0000 0000 0000 0000 0000 0000 0000 ////.
0000 0000 0000 0000 0000 0000 0000 0000 0000 0000 0000 0000
0000 0000 0000 0000 0000 0000 0000 0000 0000 0000 0000 ////.
0000 0000 0000 0000 0000 0000 0000 0000 0000 0000 0000 0000
0000 0000 0000 0000 0000 0000 0000 //// //// 0000 0000 ////.
0000 0000 0000 0000 0000 //// //// 0000 0000 0000 //// 0000
0000 0000 0000 0000 0000 //// 0000 0000 0000 0000 0000 ////.
0000 0000 0000 0000 0000 0000 0000 0000 0000 0000 0000 0000
0000 0000 0000 0000 0000 0000 0000 0000 0000 0000 0000 ////.
0000 0000 0000 0000 0000 0000 0000 0000 0000 0000 0000 0000
0000 0000 0000 0000 0000 0000 //// //// //// //// //// ////.
0000 0000 0000 0000 0000 0000 //// //// 0000 //// //// ////
//// //// //// //// //// //// //// 0118 0180 0070 0001 ////.
//// 0000 0000 0000 0000 0000 0000 0000 0000 0000 0000 0000
0000 0000 0000 0000 0000 0000 0000 0000 0000 0000 0000 ////.
0000 0000 0000 0000 0000 0000 0000 0000 0000 0000 0000 0000
0000 0000 0000 0000 0000 0000 0000 0000 0000 0000 0000 ////.
0000 0000 0000 0000 0000 0000 0000 0000 0000 0000 0000 0000
0000 0000 0000 0000 0000 0000 0000 0000 0000 0000 0000 ////.
0000 0000 0000 0000 0000 0000 0000 0000 0000 0000 0000 0000
0000 0000 0000 0000 0000 0000 0000 0000 0000 0000 0000 ////.
0000 0000 0000 0000 0000 0000 0000 0000 0000 0000 0000 0000
0000 0000 0000 0000 0000 0000 0000 0000 0000 0000 0000 ////.
0000 0000 0000 0000 0000 0000 0000 0000 0000 0000 0000 0000
0000 0000 0000 0000 0000 0000 0000 0000 0000 0000 0000 ////.
0000 0000 0000 0000 0000 0000 0000 0000 0000 0000 0000 0000
0000 0000 0000 0000 0000 0000 0000 0000 0000 0000 0000 ////.
0000 0000 0000 0000 0000 0000 0000 0000 0000 0000 0000 0000
0000 0000 0000 0000 0000 0000 0000 0000 0000 0000 0000 ////.
0000 0000 0000 0000 0000 0000 0000 0000 0000 0000 0000 0000
0000 0000 0000 0000 0000 0000 0000 0000 0000 0000 //// ////.
0000 0000 0000 0000 0000 0000 0000 0000 0000 0000 0000 0000
0000 0000 0000 0000 0000 0000 0000 0000 0000 0000 0000 ////=
0000 ////////// 00000=
W=
L=
Z=
G=
F=
D=
K=
A=
S=
B=
??????
******
YF
O4805
河南省
汝阳陶营
乡政府院内2楼顶
丘陵；城镇；楼顶
空缺
计算机
计算机
计算机
计算机
计算机
20100719=
JY
8888=
GK
01/
05/=
BZ
00/341554/1122946
10/24/逐时观测
10/24/24时连续观测
11/不守班=
######
