O4801 3402N 11224E 005150 005150 105 000 S15 99999999919999999999 0 2010 06
P=
T=
I=
E=
U=
N=
H=
C=
V=
R6
0062 //// 0062
0507 //// 0507
0000 //// ////
0000 //// ////
//// //// ////
0000 //// ////
0000 0035 0035
0049 0007 0056
0260 0016 0276
0000 //// ////
0000 //// ////
0000 //// ////
0000 //// ////
0000 //// ////
//// //// ////
0000 //// ////
0699 //// 0699
//// //// ////
0000 //// ////
//// 0057 0057
0000 //// ////
0000 //// ////
0000 //// ////
0000 //// ////
0000 //// ////
//// //// ////
0000 //// ////
0000 //// ////
0000 //// ////
0000 0009 0009=
0000 0000 0000 0000 0000 0000 0023 0013 0020 0002 0004 0000
0000 0000 //// //// //// //// //// //// //// //// //// ////.
//// //// //// //// 0507 //// //// //// //// //// //// 0000
0000 0000 0000 0000 0000 0000 0000 0000 0000 0000 0000 ////.
0000 0000 0000 0000 0000 0000 0000 0000 0000 0000 0000 0000
0000 0000 0000 0000 0000 0000 0000 0000 0000 0000 0000 ////.
0000 0000 0000 0000 0000 0000 0000 0000 0000 0000 0000 0000
0000 0000 0000 0000 0000 0000 0000 0000 0000 0000 0000 ////.
0000 0000 //// 0000 0000 0000 0000 0000 0000 0000 0000 0000
0000 0000 0000 0000 0000 0000 0000 0000 0000 0000 0000 ////.
0000 0000 0000 0000 0000 0000 0000 0000 0000 0000 0000 0000
0000 0000 0000 0000 0000 0000 0000 0000 0000 0000 0000 ////.
0000 0000 0000 0000 0000 0000 0000 0000 0000 0000 0000 0000
0000 0000 0000 0000 0000 0001 0009 0010 0007 0007 0001 ////.
0002 0003 0001 0001 0003 0011 0002 0004 0005 0002 0010 0005
0001 0000 0000 0000 0000 0000 0000 0000 0000 0006 //// ////.
0047 0019 0003 0007 0015 0012 0023 0019 0020 0016 0049 0030
0005 0007 0002 0002 0000 0000 0000 0000 0000 0000 0000 ////.
0000 0000 0000 0000 0000 0000 0000 0000 0000 0000 0000 0000
0000 0000 0000 0000 0000 0000 0000 0000 0000 0000 0000 ////.
0000 0000 0000 0000 0000 0000 0000 0000 0000 0000 0000 0000
0000 0000 0000 0000 0000 0000 0000 0000 0000 0000 0000 ////.
0000 0000 0000 0000 0000 0000 0000 0000 0000 0000 0000 0000
0000 0000 0000 0000 0000 0000 0000 0000 0000 0000 0000 ////.
0000 0000 0000 0000 0000 0000 0000 0000 0000 0000 0000 0000
0000 0000 0000 0000 //// //// 0000 0000 0000 0000 0000 ////.
0000 0000 0000 0000 0000 0000 0000 0000 0000 0000 0000 0000
0000 0000 0000 0000 0000 0000 0000 0000 0000 0000 0000 ////.
0000 0000 0000 0000 0000 //// //// //// //// //// //// ////
//// 0000 //// 0000 0000 0000 0000 0000 0000 0000 0000 ////.
0000 0000 0000 0000 0000 0000 0000 0000 0000 0000 0000 0000
0000 0000 0000 //// 0000 0000 0000 //// //// //// //// ////.
0000 0000 //// //// 0699 //// 0000 //// 0000 //// 0000 ////
0000 0000 0000 0000 0000 //// 0000 0000 0000 0000 0000 ////.
0000 0000 0000 0000 //// //// 0000 0000 0000 0000 0000 0000
0000 0000 //// //// //// //// //// //// //// //// //// ////.
0000 0000 0000 0000 0000 0000 0000 0000 0000 0000 0000 0000
0000 0000 0000 0000 0000 //// //// //// //// //// //// ////.
0000 0000 0000 0000 0000 0000 //// //// //// //// //// ////
//// //// //// //// //// //// //// 0000 0022 0032 0003 ////.
0000 0000 0000 0000 0000 0000 0000 0000 0000 0000 0000 0000
//// //// //// //// //// //// 0000 0000 0000 0000 0000 ////.
0000 0000 0000 0000 0000 0000 0000 0000 0000 0000 0000 0000
0000 0000 0000 0000 0000 0000 0000 0000 0000 0000 0000 ////.
0000 0000 0000 0000 0000 0000 0000 0000 0000 0000 0000 0000
0000 0000 0000 0000 0000 0000 0000 0000 0000 0000 0000 ////.
0000 0000 0000 0000 0000 0000 0000 0000 0000 0000 0000 0000
0000 0000 0000 0000 0000 0000 0000 0000 0000 0000 0000 ////.
0000 0000 0000 0000 0000 0000 0000 0000 0000 0000 0000 0000
0000 0000 0000 0000 0000 0000 0000 0000 0000 0000 0000 ////.
//// 0000 0000 0000 0000 0000 0000 0000 0000 0000 0000 0000
0000 0000 0000 0000 0000 0000 0000 0000 0000 0000 0000 ////.
0000 0000 0000 0000 0000 0000 0000 0000 0000 0000 0000 0000
0000 0000 //// //// //// //// //// //// 0000 0000 0000 ////.
0000 0000 0000 0000 0000 0000 0000 0000 0000 0000 0000 0000
0000 0000 0000 0000 0000 0000 0000 0000 0000 0000 0000 ////.
0000 0000 0000 0000 0000 0000 0000 0000 0000 0000 0000 0000
0000 0000 0000 0000 0000 0000 0000 0000 0000 0000 0000 ////.
0000 0000 0000 0000 0000 0000 0000 0000 0000 0000 0000 0000
0000 0000 0000 0000 0000 0000 0000 0003 0001 0005 //// ////=
0000 ////////// 00000=
W=
L=
Z=
G=
F=
D=
K=
A=
S=
B=
??????
******
YF
O4801
河南省
汝阳十八盘
乡政府院内2楼顶
山地；城镇；楼顶
空缺
计算机
计算机
计算机
计算机
计算机
20100719=
JY
8888=
GK
01/
05/=
BZ
00/340210/1122359
10/24/逐时观测
10/24/24时连续观测
11/不守班=
######
