2011-01-01 ,,,, ,,,, ,,,,
2011-01-02 ,,,, ,,,, ,,,,
2011-01-03 ,,,, ,,,, ,,,,
2011-01-04 ,,,, ,,,, ,,,,
2011-01-05 ,,,, ,,,, ,,,,
2011-01-06 ,,,, ,,,, ,,,,
2011-01-07 ,,,, ,,,, ,,,,
2011-01-08 ,,,, ,,,, ,,,,
2011-01-09 ,,,, ,,,, ,,,,
2011-01-10 ,,,, ,,,, ,,,,
2011-01-11 ,,,, ,,,, ,,,,
2011-01-12 ,,,, ,,,, ,,,,
2011-01-13 ,,,, ,,,, ,,,,
2011-01-14 ,,,, ,,,, ,,,,
2011-01-15 ,,,, ,,,, ,,,,
2011-01-16 ,,,, ,,,, ,,,,
2011-01-17 ,,,, ,,,, ,,,,
2011-01-18 ,,,, ,,,, ,,,,
2011-01-19 ,,,, ,,,, ,,,,
2011-01-20 ,,,, ,,,, ,,,,
2011-01-21 ,,,, ,,,, ,,,,
2011-01-22 ,,,, ,,,, ,,,,
2011-01-23 ,,,, ,,,, ,,,,
2011-01-24 ,,,, ,,,, ,,,,
2011-01-25 ,,,, ,,,, ,,,,
2011-01-26 ,,,, ,,,, ,,,,
2011-01-27 ,,,, ,,,, ,,,,
2011-01-28 ,,,, ,,,, ,,,,
2011-01-29 ,,,, ,,,, ,,,,
2011-01-30 ,,,, ,,,, ,,,,
2011-01-31 ,,,, ,,,, ,,,,
2011-02-01 ,,,, ,,,, ,,,,
2011-02-02 ,,,, ,,,, ,,,,
2011-02-03 ,,,, ,,,, ,,,,
2011-02-04 ,,,, ,,,, ,,,,
2011-02-05 ,,,, ,,,, ,,,,
2011-02-06 ,,,, ,,,, ,,,,
2011-02-07 ,,,, ,,,, ,,,,
2011-02-08 ,,,, ,,,, ,,,,
2011-02-09 ,,,, ,,,, ,,,,
2011-02-10 ,,,, ,,,, ,,,,
2011-02-11 ,,,, ,,,, ,,,,
2011-02-12 ,,,, ,,,, ,,,,
2011-02-13 ,,,, ,,,, ,,,,
2011-02-14 ,,,, ,,,, ,,,,
2011-02-15 ,,,, ,,,, ,,,,
2011-02-16 ,,,, ,,,, ,,,,
2011-02-17 ,,,, ,,,, ,,,,
2011-02-18 ,,,, ,,,, ,,,,
2011-02-19 ,,,, ,,,, ,,,,
2011-02-20 ,,,, ,,,, ,,,,
2011-02-21 ,,,, ,,,, ,,,,
2011-02-22 ,,,, ,,,, ,,,,
2011-02-23 ,,,, ,,,, ,,,,
2011-02-24 ,,,, ,,,, ,,,,
2011-02-25 ,,,, ,,,, ,,,,
2011-02-26 ,,,, ,,,, ,,,,
2011-02-27 ,,,, ,,,, ,,,,
2011-02-28 ,,,, ,,,, ,,,,
2011-03-01 ,,,, ,,,, ,,,,
2011-03-02 ,,,, ,,,, ,,,,
2011-03-03 ,,,, ,,,, ,,,,
2011-03-04 ,,,, ,,,, ,,,,
2011-03-05 ,,,, ,,,, ,,,,
2011-03-06 ,,,, ,,,, ,,,,
2011-03-07 ,,,, ,,,, ,,,,
2011-03-08 ,,,, 0000 ,,,,
2011-03-09 0 0 0
2011-03-10 0 0 0
2011-03-11 0 0 0
2011-03-12 0 0 0
2011-03-13 0 0 0
2011-03-14 0 0 0
2011-03-15 0 0 0
2011-03-16 0 0 0
2011-03-17 0 0 0
2011-03-18 0 0 0
2011-03-19 0 0 0
2011-03-20 0 0 0
2011-03-21 0 0 0
2011-03-22 0 6 6
2011-03-23 0 0 0
2011-03-24 0 0 0
2011-03-25 0 0 0
2011-03-26 0 0 0
2011-03-27 0 0 0
2011-03-28 0 0 0
2011-03-29 0 0 0
2011-03-30 0 0 0
2011-03-31 0 0 0
2011-04-01 0 0 0
2011-04-02 74 12 86
2011-04-03 0 0 0
2011-04-04 0 0 0
2011-04-05 0 2 2
2011-04-06 4 0 4
2011-04-07 0 0 0
2011-04-08 0 0 0
2011-04-09 0 0 0
2011-04-10 0 0 0
2011-04-11 0 0 0
2011-04-12 0 0 0
2011-04-13 0 0 0
2011-04-14 0 0 0
2011-04-15 0 0 0
2011-04-16 0 0 0
2011-04-17 0 0 0
2011-04-18 0 0 0
2011-04-19 0 0 0
2011-04-20 0 17 17
2011-04-21 0 0 0
2011-04-22 0 0 0
2011-04-23 0 0 0
2011-04-24 0 0 0
2011-04-25 0 0 0
2011-04-26 0 0 0
2011-04-27 0 0 0
2011-04-28 0 0 0
2011-04-29 0 0 0
2011-04-30 0 0 0
2011-05-01 0 98 98
2011-05-02 3 0 3
2011-05-03 0 0 0
2011-05-04 0 0 0
2011-05-05 0 0 0
2011-05-06 0 0 0
2011-05-07 0 0 0
2011-05-08 0 0 0
2011-05-09 0 1 1
2011-05-10 245 12 257
2011-05-11 0 0 0
2011-05-12 0 0 0
2011-05-13 0 0 0
2011-05-14 0 0 0
2011-05-15 0 0 0
2011-05-16 0 0 0
2011-05-17 0 0 0
2011-05-18 0 0 0
2011-05-19 0 0 0
2011-05-20 0 4 4
2011-05-21 71 0 71
2011-05-22 1 3 4
2011-05-23 0 0 0
2011-05-24 0 0 0
2011-05-25 0 0 0
2011-05-26 0 0 0
2011-05-27 0 0 0
2011-05-28 0 0 0
2011-05-29 2 3 5
2011-05-30 0 0 0
2011-05-31 0 0 0
2011-06-01 0 0 0
2011-06-02 0 0 0
2011-06-03 0 0 0
2011-06-04 0 0 0
2011-06-05 0 0 0
2011-06-06 0 0 0
2011-06-07 0 0 0
2011-06-08 0 0 0
2011-06-09 0 0 0
2011-06-10 0 0 0
2011-06-11 0 0 0
2011-06-12 0 0 0
2011-06-13 0 0 0
2011-06-14 0 0 0
2011-06-15 0 0 0
2011-06-16 0 0 0
2011-06-17 0 17 17
2011-06-18 1 0 1
2011-06-19 0 0 0
2011-06-20 0 0 0
2011-06-21 0 16 16
2011-06-22 0 2 2
2011-06-23 14 8 22
2011-06-24 0 0 0
2011-06-25 40 2 42
2011-06-26 0 0 0
2011-06-27 16 12 28
2011-06-28 0 0 0
2011-06-29 0 0 0
2011-06-30 0 0 0
2011-07-01 0 0 0
2011-07-02 0 0 0
2011-07-03 14 62 76
2011-07-04 1 19 20
2011-07-05 0 0 0
2011-07-06 1 86 87
2011-07-07 40 0 40
2011-07-08 0 0 0
2011-07-09 0 0 0
2011-07-10 0 0 0
2011-07-11 0 0 0
2011-07-12 52 0 52
2011-07-13 0 0 0
2011-07-14 0 0 0
2011-07-15 0 0 0
2011-07-16 0 0 0
2011-07-17 0 0 0
2011-07-18 0 0 0
2011-07-19 0 0 0
2011-07-20 0 0 0
2011-07-21 0 0 0
2011-07-22 21 6 27
2011-07-23 20 0 20
2011-07-24 0 12 12
2011-07-25 0 0 0
2011-07-26 0 0 0
2011-07-27 0 0 0
2011-07-28 0 0 0
2011-07-29 0 38 38
2011-07-30 57 0 57
2011-07-31 0 35 35
2011-08-01 235 170 405
2011-08-02 245 110 355
2011-08-03 24 0 24
2011-08-04 0 0 0
2011-08-05 0 67 67
2011-08-06 69 0 69
2011-08-07 0 0 0
2011-08-08 0 0 0
2011-08-09 0 0 0
2011-08-10 0 0 0
2011-08-11 0 0 0
2011-08-12 0 0 0
2011-08-13 0 0 0
2011-08-14 0 0 0
2011-08-15 0 0 0
2011-08-16 0 0 0
2011-08-17 0 0 0
2011-08-18 14 6 20
2011-08-19 0 0 0
2011-08-20 76 86 162
2011-08-21 122 242 364
2011-08-22 1 1 2
2011-08-23 0 0 0
2011-08-24 1 0 1
2011-08-25 0 0 0
2011-08-26 0 0 0
2011-08-27 0 0 0
2011-08-28 0 0 0
2011-08-29 0 0 0
2011-08-30 0 0 0
2011-08-31 0 0 0
2011-09-01 0 0 0
2011-09-02 0 0 0
2011-09-03 0 0 0
2011-09-04 63 89 152
2011-09-05 158 101 259
2011-09-06 69 112 181
2011-09-07 42 91 133
2011-09-08 0 0 0
2011-09-09 0 0 0
2011-09-10 94 2 96
2011-09-11 96 484 580
2011-09-12 226 16 242
2011-09-13 95 306 401
2011-09-14 267 113 380
2011-09-15 78 0 78
2011-09-16 1 19 20
2011-09-17 177 166 343
2011-09-18 154 300 454
2011-09-19 25 0 25
2011-09-20 0 0 0
2011-09-21 0 0 0
2011-09-22 0 0 0
2011-09-23 0 0 0
2011-09-24 0 0 0
2011-09-25 0 0 0
2011-09-26 0 0 0
2011-09-27 0 125 125
2011-09-28 114 63 177
2011-09-29 0 0 0
2011-09-30 0 0 0
2011-10-01 0 0 0
2011-10-02 0 0 0
2011-10-03 0 0 0
2011-10-04 0 1 1
2011-10-05 0 0 0
2011-10-06 0 0 0
2011-10-07 0 0 0
2011-10-08 0 0 0
2011-10-09 2 0 2
2011-10-10 10 48 58
2011-10-11 8 143 151
2011-10-12 114 2 116
2011-10-13 2 0 2
2011-10-14 0 0 0
2011-10-15 0 0 0
2011-10-16 0 0 0
2011-10-17 0 0 0
2011-10-18 0 0 0
2011-10-19 0 0 0
2011-10-20 0 0 0
2011-10-21 0 0 0
2011-10-22 0 133 133
2011-10-23 75 54 129
2011-10-24 14 0 14
2011-10-25 0 0 0
2011-10-26 0 6 6
2011-10-27 1 0 1
2011-10-28 0 0 0
2011-10-29 0 0 0
2011-10-30 0 0 0
2011-10-31 0 0 0
2011-11-01 2 0 2
2011-11-02 0 0 0
2011-11-03 19 3 22
2011-11-04 57 3 60
2011-11-05 30 0 30
2011-11-06 2 41 43
2011-11-07 184 143 327
2011-11-08 0 0 0
2011-11-09 0 0 0
2011-11-10 0 0 0
2011-11-11 0 0 0
2011-11-12 0 0 0
2011-11-13 0 0 0
2011-11-14 0 0 0
2011-11-15 13 14 27
2011-11-16 45 48 93
2011-11-17 66 6 72
2011-11-18 42 1 43
2011-11-19 0 0 0
2011-11-20 0 0 0
2011-11-21 0 0 0
2011-11-22 28 0 28
2011-11-23 0 0 0
2011-11-24 0 0 0
2011-11-25 0 0 0
2011-11-26 0 0 0
2011-11-27 0 0 0
2011-11-28 180 11 191
2011-11-29 142 4 146
2011-11-30 0 0 0
2011-12-01 1 0 1
2011-12-02 0 0 0
2011-12-03 0 0 0
2011-12-04 0 0 0
2011-12-05 0 0 0
2011-12-06 0 0 0
2011-12-07 0 0 0
2011-12-08 0 0 0
2011-12-09 0 0 0
2011-12-10 0 0 0
2011-12-11 0 0 0
2011-12-12 0 0 0
2011-12-13 0 0 0
2011-12-14 0 0 0
2011-12-15 0 0 0
2011-12-16 0 0 0
2011-12-17 0 0 0
2011-12-18 0 0 0
2011-12-19 0 0 0
2011-12-20 0 0 0
2011-12-21 0 0 0
2011-12-22 0 0 0
2011-12-23 0 0 0
2011-12-24 0 0 0
2011-12-25 0 0 0
2011-12-26 0 0 0
2011-12-27 0 0 0
2011-12-28 0 0 0
2011-12-29 0 0 0
2011-12-30 0 0 0
2011-12-31 0 0 0
2012-04-01 0 0 0
2012-04-02 0 0 0
2012-04-03 0 0 0
2012-04-04 0 0 0
2012-04-05 0 0 0
2012-04-06 0 0 0
2012-04-07 0 0 0
2012-04-08 0 0 0
2012-04-09 0 14 14
2012-04-10 0 0 0
2012-04-11 0 0 0
2012-04-12 3 0 3
2012-04-13 0 0 0
2012-04-14 0 0 0
2012-04-15 0 0 0
2012-04-16 0 0 0
2012-04-17 0 0 0
2012-04-18 0 0 0
2012-04-19 0 0 0
2012-04-20 0 0 0
2012-04-21 41 0 41
2012-04-22 0 0 0
2012-04-23 0 0 0
2012-04-24 133 15 148
2012-04-25 0 0 0
2012-04-26 0 0 0
2012-04-27 0 0 0
2012-04-28 0 0 0
2012-04-29 0 0 0
2012-04-30 0 2 2
2012-05-01 3 0 3
2012-05-02 0 0 0
2012-05-03 0 0 0
2012-05-04 0 0 0
2012-05-05 0 0 0
2012-05-06 0 0 0
2012-05-07 4 0 4
2012-05-08 0 0 0
2012-05-09 0 0 0
2012-05-10 0 0 0
2012-05-11 0 0 0
2012-05-12 84 0 84
2012-05-13 0 0 0
2012-05-14 0 0 0
2012-05-15 0 0 0
2012-05-16 0 0 0
2012-05-17 0 0 0
2012-05-18 0 0 0
2012-05-19 0 0 0
2012-05-20 0 0 0
2012-05-21 0 0 0
2012-05-22 0 0 0
2012-05-23 0 0 0
2012-05-24 0 0 0
2012-05-25 0 0 0
2012-05-26 0 0 0
2012-05-27 0 0 0
2012-05-28 0 0 0
2012-05-29 70 11 81
2012-05-30 0 0 0
2012-05-31 0 0 0
2012-06-01 0 0 0
2012-06-02 0 0 0
2012-06-03 0 0 0
2012-06-04 0 0 0
2012-06-05 0 0 0
2012-06-06 0 0 0
2012-06-07 0 0 0
2012-06-08 0 0 0
2012-06-09 0 0 0
2012-06-10 0 0 0
2012-06-11 0 0 0
2012-06-12 0 0 0
2012-06-13 0 0 0
2012-06-14 0 0 0
2012-06-15 0 0 0
2012-06-16 0 0 0
2012-06-17 0 0 0
2012-06-18 0 0 0
2012-06-19 0 0 0
2012-06-20 0 0 0
2012-06-21 0 0 0
2012-06-22 0 0 0
2012-06-23 0 0 0
2012-06-24 0 0 0
2012-06-25 1 6 7
2012-06-26 5 3 8
2012-06-27 1 2 3
2012-06-28 1 2 3
2012-06-29 5 1 6
2012-06-30 11 1 12
