O2191 3419N 11151E 009300 009300 105 000 S15 91999999919999199999 0 2011 06
P=
TB
0193 0188 0185 0185 0183 0181 0183 0168 0174 0167 0149 0162
0184 0216 0238 0247 0271 0263 0261 0244 0240 0228 0224 0211 0274 1245 0146 0708.
0197 0193 0189 0186 0180 0171 0169 0171 0171 0170 0169 0184
0195 0206 0228 0241 0251 0275 0286 0270 0273 0240 0218 0207 0288 1508 0164 0636.
0194 0199 0195 0189 0188 0186 0184 0185 0187 0184 0185 0188
0212 0244 0254 0286 0281 0286 0281 0273 0268 0234 0219 0212 0304 1353 0177 0239.
0212 0200 0188 0184 0180 0174 0179 0176 0170 0175 0179 0181
0213 0232 0227 0248 0254 0264 0273 0266 0255 0239 0229 0225 0280 1439 0169 0508.
0231 0229 0220 0206 0202 0196 0197 0190 0185 0182 0187 0199
0210 0243 0251 0258 0258 0260 0264 0256 0241 0235 0218 0214 0269 1508 0178 0516.
0210 0211 0200 0198 0197 0202 0209 0195 0197 0193 0201 0207
0233 0241 0265 0273 0294 0303 0302 0305 0296 0257 0247 0235 0317 1525 0185 0540.
0240 0218 0223 0203 0194 0193 0191 0190 0181 0195 0212 0221
0265 0286 0313 0322 0331 0338 0348 0344 0337 0280 0265 0261 0356 1517 0174 0520.
0252 0250 0255 0235 0238 0235 0230 0226 0250 0252 0252 0266
0290 0318 0318 0336 0329 0331 0330 0339 0320 0289 0275 0269 0345 1417 0223 0320.
0267 0254 0243 0231 0251 0243 0236 0237 0229 0226 0214 0229
0232 0233 0242 0250 0248 0240 0240 0237 0221 0225 0218 0206 0270 2001 0206 1955.
0200 0196 0185 0190 0181 0172 0179 0183 0188 0190 0197 0205
0214 0226 0240 0266 0274 0294 0294 0298 0288 0262 0237 0227 0298 1502 0169 0135.
0218 0213 0212 0223 0217 0214 0214 0211 0202 0200 0203 0225
0246 0256 0285 0306 0312 0313 0310 0320 0302 0282 0264 0246 0330 1538 0193 0516.
0240 0236 0229 0223 0221 0218 0211 0202 0200 0191 0204 0224
0241 0257 0265 0271 0276 0291 0277 0282 0279 0265 0255 0242 0294 1408 0191 0543.
0239 0239 0234 0234 0228 0218 0213 0216 0212 0199 0205 0219
0230 0245 0264 0269 0272 0258 0254 0256 0253 0250 0238 0218 0278 1251 0196 0609.
0217 0232 0228 0211 0199 0196 0183 0180 0180 0180 0190 0200
0205 0224 0231 0237 0250 0265 0252 0244 0235 0235 0225 0205 0267 1408 0179 0354.
0206 0202 0199 0194 0189 0182 0177 0174 0171 0175 0180 0194
0210 0231 0244 0267 0274 0283 0297 0299 0292 0274 0260 0239 0311 1543 0170 0512.
0235 0218 0211 0208 0209 0197 0194 0193 0190 0188 0193 0214
0221 0240 0245 0267 0291 0257 0261 0251 0252 0246 0238 0226 0298 1257 0185 0437.
0232 0218 0209 0201 0199 0192 0193 0186 0183 0182 0190 0200
0198 0206 0196 0198 0199 0194 0189 0164 0157 0159 0154 0154 0235 2033 0153 1917.
0160 0160 0158 0157 0157 0158 0154 0153 0152 0148 0176 0192
0194 0207 0203 0230 0249 0259 0262 0244 0245 0235 0228 0200 0266 1350 0146 0524.
0194 0213 0217 0198 0189 0187 0184 0179 0179 0181 0192 0211
0221 0241 0243 0268 0275 0297 0282 0277 0273 0263 0250 0247 0300 1402 0175 0535.
0243 0239 0235 0229 0219 0206 0200 0198 0197 0195 0209 0220
0212 0206 0215 0228 0243 0256 0282 0262 0258 0251 0237 0226 0283 1439 0195 0320.
0214 0209 0204 0200 0199 0197 0197 0197 0196 0197 0199 0202
0202 0203 0198 0202 0210 0217 0208 0202 0199 0200 0199 0194 0226 2001 0191 1017.
0194 0190 0189 0188 0190 0192 0192 0191 0192 0191 0193 0201
0203 0212 0214 0217 0216 0226 0229 0231 0240 0222 0218 0208 0242 1704 0187 0010.
0211 0208 0196 0196 0192 0191 0188 0183 0179 0179 0176 0181
0182 0189 0195 0197 0202 0208 0216 0243 0239 0213 0202 0196 0255 1648 0174 0633.
0192 0191 0195 0196 0192 0198 0197 0205 0210 0193 0200 0201
0237 0271 0282 0282 0301 0310 0306 0301 0288 0262 0245 0235 0317 1413 0187 2120.
0232 0209 0205 0207 0171 0169 0169 0167 0167 0171 0168 0173
0173 0171 0168 0161 0156 0153 0156 0157 0150 0151 0158 0160 0235 2001 0149 1734.
0154 0153 0147 0140 0135 0136 0143 0159 0167 0156 0166 0176
0181 0192 0211 0226 0230 0242 0260 0254 0256 0235 0219 0207 0266 1538 0130 0139.
0202 0201 0200 0197 0193 0186 0199 0179 0176 0175 0178 0183
0184 0181 0193 0227 0225 0228 0245 0237 0234 0225 0212 0203 0261 1527 0173 0619.
0189 0185 0180 0173 0173 0169 0166 0166 0157 0163 0166 0187
0216 0244 0260 0278 0293 0306 0305 0295 0291 0262 0246 0232 0320 1439 0156 0432.
0220 0249 0247 0223 0205 0198 0198 0191 0196 0191 0193 0210
0233 0255 0257 0285 0289 0303 0306 0290 0288 0274 0265 0260 0306 1406 0185 0543.
0259 0258 0255 0247 0216 0209 0202 0202 0195 0197 0204 0219
0249 0279 0291 0306 0317 0335 0336 0326 0312 0301 0288 0279 0341 1455 0193 0528=
I=
E=
U=
N=
H=
C=
V=
R6
0000 0000 0000
0001 0000 0001
0001 0000 0001
0000 0000 0000
0000 0001 0001
0000 0000 0000
0001 0000 0001
//// 0000 ////
0000 0000 0000
0000 0000 0000
0000 0000 0000
0000 0000 0000
0000 0004 0004
0000 0000 0000
0000 0000 0000
0000 0000 0000
0001 0003 0004
0000 0000 0000
0000 0000 0000
0000 0000 0000
0000 0000 0000
0000 0000 0000
0002 //// 0002
0000 0000 0000
0000 0000 0000
0000 0000 0000
0000 0000 0000
0000 0000 0000
0000 0000 0000
0000 0000 0000=
0000 0000 0000 0000 0000 0000 0000 0000 0000 0000 0000 0000
0000 0000 0000 0000 0000 0000 0000 0000 0000 0000 0000 0000.
0000 0001 0000 0000 0000 0000 0000 0000 0000 0000 0000 0000
0000 0000 0000 0000 0000 0000 0000 0000 0000 0000 0000 0000.
0000 0000 0000 0000 0000 0000 0000 0000 0000 0000 0001 0000
0000 0000 0000 0000 0000 0000 0000 0000 0000 0000 0000 0000.
0000 0000 0000 0000 0000 0000 0000 0000 0000 0000 0000 0000
0000 0000 0000 0000 0000 0000 0000 0000 0000 0000 0000 0000.
0000 0000 0000 0000 0000 0000 0000 0000 0000 0000 0000 0000
0000 0001 0000 0000 0000 0000 0000 0000 0000 0000 0000 0000.
0000 0000 0000 0000 0000 0000 0000 0000 0000 0000 0000 0000
0000 0000 0000 0000 0000 0000 0000 0000 0000 0000 0000 0000.
0000 0000 0000 0000 0000 0000 0001 0000 0000 0000 0000 0000
0000 0000 0000 0000 0000 0000 0000 0000 0000 0000 0000 0000.
0000 0000 0000 0000 //// //// //// 0000 0000 0000 0000 0000
0000 0000 0000 0000 0000 0000 0000 0000 0000 0000 0000 0000.
0000 0000 0000 0000 0000 0000 0000 0000 0000 0000 0000 0000
0000 0000 0000 0000 0000 0000 0000 0000 0000 0000 0000 0000.
0000 0000 0000 0000 0000 0000 0000 0000 0000 0000 0000 0000
0000 0000 0000 0000 0000 0000 0000 0000 0000 0000 0000 0000.
0000 0000 0000 0000 0000 0000 0000 0000 0000 0000 0000 0000
0000 0000 0000 0000 0000 0000 0000 0000 0000 0000 0000 0000.
0000 0000 0000 0000 0000 0000 0000 0000 0000 0000 0000 0000
0000 0000 0000 0000 0000 0000 0000 0000 0000 0000 0000 0000.
0000 0000 0000 0000 0000 0000 0000 0000 0000 0000 0000 0000
0000 0003 0000 0000 0000 0000 0001 0000 0000 0000 0000 0000.
0000 0000 0000 0000 0000 0000 0000 0000 0000 0000 0000 0000
0000 0000 0000 0000 0000 0000 0000 0000 0000 0000 0000 0000.
0000 0000 0000 0000 0000 0000 0000 0000 0000 0000 0000 0000
0000 0000 0000 0000 0000 0000 0000 0000 0000 0000 0000 0000.
0000 0000 0000 0000 0000 0000 0000 0000 0000 0000 0000 0000
0000 0000 0000 0000 0000 0000 0000 0000 0000 0000 0000 0000.
0000 0000 0001 0000 0000 0000 0000 0000 0000 0000 0000 0000
0000 0000 0000 0000 0000 0000 0003 0000 0000 0000 0000 0000.
0000 0000 0000 0000 0000 0000 0000 0000 0000 0000 0000 0000
0000 0000 0000 0000 0000 0000 0000 0000 0000 0000 0000 0000.
0000 0000 0000 0000 0000 0000 0000 0000 0000 0000 0000 0000
0000 0000 0000 0000 0000 0000 0000 0000 0000 0000 0000 0000.
0000 0000 0000 0000 0000 0000 0000 0000 0000 0000 0000 0000
0000 0000 0000 0000 0000 0000 0000 0000 0000 0000 0000 0000.
0000 0000 0000 0000 0000 0000 0000 0000 0000 0000 0000 0000
0000 0000 0000 0000 0000 0000 0000 0000 0000 0000 0000 0000.
0000 0000 0000 0000 0000 0000 0000 0000 0000 0000 0000 0000
0000 0000 0000 0000 0000 0000 0000 0000 0000 0000 0000 0000.
0000 0000 0002 0000 0000 0000 0000 0000 0000 0000 0000 0000
0000 0000 //// //// 0000 0000 0000 0000 0000 0000 0000 0000.
0000 0000 0000 0000 0000 0000 0000 0000 0000 0000 0000 0000
0000 0000 0000 0000 0000 0000 0000 0000 0000 0000 0000 0000.
0000 0000 0000 0000 0000 0000 0000 0000 0000 0000 0000 0000
0000 0000 0000 0000 0000 0000 0000 0000 0000 0000 0000 0000.
0000 0000 0000 0000 0000 0000 0000 0000 0000 0000 0000 0000
0000 0000 0000 0000 0000 0000 0000 0000 0000 0000 0000 0000.
0000 0000 0000 0000 0000 0000 0000 0000 0000 0000 0000 0000
0000 0000 0000 0000 0000 0000 0000 0000 0000 0000 0000 0000.
0000 0000 0000 0000 0000 0000 0000 0000 0000 0000 0000 0000
0000 0000 0000 0000 0000 0000 0000 0000 0000 0000 0000 0000.
0000 0000 0000 0000 0000 0000 0000 0000 0000 0000 0000 0000
0000 0000 0000 0000 0000 0000 0000 0000 0000 0000 0000 0000.
0000 0000 0000 0000 0000 0000 0000 0000 0000 0000 0000 0000
0000 0000 0000 0000 0000 0000 0000 0000 0000 0000 0000 0000=
0000 ////////// 00000=
W=
L=
Z=
G=
FN
188015 156015 160011 176015 146013 161014
163014 166018 181016 141013 099007 PPC001
012012 345016 355020 349018 347021 313022
230019 244014 150009 156009 174020 176017.
160014 170017 176012 162022 158010 153013
124010 139006 149012 130009 147009 184003
227004 006013 351015 015017 354010 356021
003013 193010 234014 207010 164012 171015.
191010 191014 106007 181014 126011 129008
193015 166017 176019 164016 176017 175007
049008 359019 349016 235013 223017 259015
291016 204020 210008 187010 156010 154013.
162019 151011 176011 187017 185014 185013
174014 170019 170016 163016 139012 098005
351022 244029 254017 278011 203025 032011
248013 275030 125009 360013 181012 180020.
195030 213016 227022 155013 173008 190012
136012 179017 170011 160010 159009 029010
015017 208021 304008 249017 251016 223017
172008 202007 196010 148009 147005 180015.
160014 195014 178007 173015 165013 146010
146013 186017 161013 163012 139009 178014
111016 339008 359020 342012 235011 191012
326009 027009 079013 182013 215007 175015.
100017 183007 172011 185013 157008 120011
154015 172014 137012 172012 122008 067009
028013 080012 223010 030028 019033 293008
292012 356023 348014 173016 191018 193011.
194016 183013 167014 174015 ////// //////
////// 168018 146018 192026 160012 086006
027030 052017 090031 099025 180017 032014
062011 259011 021017 168010 176013 182017.
185017 171007 060012 086008 214010 164029
179018 189030 229015 005022 029011 206020
223016 234026 185021 023028 241008 050011
208010 PPC001 168006 347014 335005 179008.
121005 134007 165011 185015 143005 117010
125008 183018 101009 148011 115009 032006
029019 037023 346024 064027 153018 116013
240012 240023 150015 156010 156010 191015.
155012 129009 181011 177019 186015 122011
163016 156007 141012 123014 171011 036011
133005 017011 261015 355025 175007 241013
239014 196020 003021 170005 193013 160005.
176014 176013 141015 176012 164014 183018
175014 169012 165010 149009 160011 342010
027012 008015 255017 203029 216015 231024
240021 251016 263024 218028 195040 139029.
165016 138017 127025 155017 179014 106016
266013 136027 068012 308005 040008 059007
357016 294011 239007 222017 121014 226017
241011 240012 186008 075009 196010 PPC002.
141008 126009 135010 182005 123007 177009
169011 137007 167008 119005 166006 341004
007015 346008 355008 114011 347008 199010
084009 163020 192028 139010 174007 178015.
164013 181013 163015 176016 153016 132009
153015 177014 180012 171011 PPC000 049006
357015 016016 335018 345019 019020 017013
006021 203026 224023 195036 150020 163010.
219005 173016 136011 146012 157012 127012
152011 171007 151007 126010 179006 PPC001
351018 299012 335015 012018 232012 246026
253025 284017 175024 185014 235018 161009.
210010 185011 167010 172005 019005 163007
190012 063006 116006 358005 PPC000 210005
343007 354013 359010 212006 354015 066008
007007 094009 133011 120003 128010 196017.
164006 147006 182011 167008 177020 145008
PPC000 193009 PPC002 181012 022014 059005
003015 082009 280006 239011 293024 359014
205015 291022 269019 194020 166022 149011.
218011 145020 164018 204010 107008 137008
180011 135007 125007 183012 190005 212016
189016 220014 234026 232012 155014 218015
212021 216033 214022 241008 210022 180030.
178031 152023 156030 130007 170008 141006
127014 183011 155013 150009 193009 294006
081005 353010 004007 048007 021017 105017
298012 008014 116009 005009 191010 182006.
169007 180007 PPC001 PPC000 PPC000 176011
128006 169010 146008 PPC001 PPC000 PPC001
PPC002 342009 357009 345009 033006 007018
115005 343008 335003 354007 PPC001 PPC000.
171006 PPC000 151003 172005 129007 172007
PPC000 157005 148007 PPC001 102008 PPC000
127005 360010 PPC001 348010 358009 228007
199004 262006 246005 194012 226009 PPC000.
120006 090016 028004 175011 142020 159010
PPC001 PPC001 059010 143009 130011 080013
191013 PPC002 ////// ////// 334008 278008
353009 344012 009009 163009 184011 166018.
189021 181017 178018 167012 149011 156016
159017 148014 155013 123010 153007 064005
331006 348014 013011 003019 351019 089012
247012 164015 281018 221019 205035 201062.
202041 217037 235033 192065 PPC002 236017
071006 002012 212008 351016 244008 022014
004011 359018 007012 353021 254007 PPC001
247004 355010 351007 003007 205005 PPC000.
PPC000 125006 191015 155006 138004 175015
172011 082007 032006 243007 PPC000 357011
190012 312010 340008 351016 207013 018016
089008 344015 295011 219008 166008 077007.
188013 049004 146009 163009 153007 152005
047006 PPC002 194010 175011 135004 173007
PPC000 259007 194014 006010 065022 052023
266011 158011 300009 052004 196011 159008.
184012 187012 164015 180011 165012 163016
148012 158010 140009 166014 PPC000 179008
098010 228005 053012 338015 009023 348017
008020 215019 225020 179015 183011 169017.
199023 197026 189026 131007 190013 210005
182012 176016 140010 172013 181009 PPC000
018016 176008 003018 145014 201036 248028
019013 250031 238021 210016 222028 183031.
154018 200031 195018 197011 179011 171010
142011 171014 156009 103008 186011 PPC000
352016 302012 002020 253011 351012 237019
235027 271014 271018 250015 208029 160030=
165013 156013 159011 175014 148013 159014
170013 165016 177017 142013 124007 092003
028010 347016 013015 003018 351015 338015
235018 232013 163009 163010 181018 178019.
169014 174016 162014 166020 149009 145012
133010 133007 154012 137009 140010 165003
252006 000010 350016 359016 349011 001016
000014 008013 257014 194010 155012 177013.
195011 184014 223010 178012 154013 146010
174014 161015 174017 162015 169017 165008
043008 359015 355015 241014 234014 220020
252018 206020 211009 186009 148010 168013.
158018 165012 162012 170016 168015 174014
161015 166019 167015 163014 154012 125007
357019 240026 250016 272015 220019 319013
253013 284024 155009 321015 183012 184022.
199035 197016 195018 159011 173010 190014
151012 171014 162012 166013 161009 317006
000016 232016 292013 248018 252019 218018
276010 208006 182011 155008 146004 179014.
163013 190014 165008 173015 160013 147010
139012 183015 174015 168015 157011 182013
114014 328009 323018 319014 343010 010013
345013 001013 047013 192012 207010 164012.
126016 186010 178014 168012 163008 133012
147012 168014 141010 142010 143010 072007
036016 056022 168011 045022 097024 331015
265013 328023 007023 171016 178014 183014.
189016 176014 158013 178012 ////// //////
////// 169015 156019 192021 172014 142007
059019 057016 076023 193019 199017 067015
076012 234011 019014 178010 180014 186017.
188018 154009 124011 139006 235015 195030
187018 187033 188015 015016 049009 199018
210015 218024 191027 019027 231010 092011
177009 354004 173003 007013 003005 178007.
117005 151008 161010 184013 141005 133009
136008 172015 138008 160009 118011 346009
031017 031026 350026 077020 112017 066014
204014 248017 214017 093010 171010 184016.
158012 149008 191012 178020 180016 142013
164015 158010 147012 135014 161011 057009
166006 005014 303014 024024 145010 249014
207015 191021 013024 173006 186013 157009.
181013 171012 153015 177014 168015 180017
167013 167012 164012 144009 151010 011008
015014 319015 253019 209025 220017 219025
237022 245017 283021 212026 191037 157030.
159018 137018 134019 143016 146012 126012
352011 132024 092009 032004 039008 027010
001013 024011 331009 212014 078011 245015
230011 247011 094008 050011 169008 176005.
131009 143013 143011 258006 136006 181010
168009 152008 163008 139006 173006 331006
002015 290007 359010 162008 334008 189011
248013 192017 197028 161014 175004 166011.
159013 178012 170014 182013 166015 134008
164012 170012 172013 162012 124003 046005
008015 005015 344018 334016 024020 004017
016022 198027 217022 194033 161020 164009.
201008 164014 144010 143012 154013 135009
148008 160009 141009 138009 177005 094004
347015 338015 353016 002016 203012 248021
245021 251021 212022 200013 223014 247007.
196011 163011 160008 137004 091006 156006
174010 089006 115005 095003 PPC000 199004
352009 325009 360010 245007 003012 059006
003008 113010 157012 175006 149010 197016.
163008 132007 190011 152008 171016 146009
PPC002 190010 161004 177013 006011 333009
354013 020011 038011 254018 279023 308016
250016 278021 268018 196020 175019 159010.
191010 155020 178023 190011 136010 137011
185011 128009 126008 172011 320007 235011
198016 214014 231025 237013 219018 234016
219023 231022 222015 241009 203020 191026.
175029 165022 151022 119009 146009 151007
140012 166011 156012 166010 197009 317004
041007 003010 353007 043007 291014 132015
295014 013013 089010 036008 192013 132005.
170007 163009 153003 PPC001 PPC001 156008
136006 152007 158008 PPC002 PPC000 PPC001
PPC002 334007 001007 328008 026007 338015
114006 322005 330004 335006 PPC001 PPC000.
166006 PPC000 PPC002 153004 159007 167006
PPC000 121005 135007 177004 098006 PPC002
070004 347009 135003 349010 010009 294007
264005 017008 269004 172012 216011 PPC002.
134006 122014 024007 147010 125018 145011
165003 PPC002 080009 096015 129011 092012
160012 284006 ////// ////// 287007 237008
004006 342012 357009 182008 181009 171016.
180019 179017 177018 171015 160012 157014
153017 151016 151015 133010 155009 096005
350008 346015 002013 359017 340016 060017
233015 165016 234018 223022 200034 197049.
197038 220032 209027 185062 184005 244013
057006 021010 172008 304015 213010 353012
357009 004015 026011 360021 300007 040005
303004 008008 350007 339005 200007 PPC001.
010003 135007 179014 157007 143005 166012
164010 102008 038008 109008 PPC000 358008
178010 151009 331008 004012 226012 044017
311013 022021 298012 266010 157009 143007.
166013 213005 156009 135009 147008 158007
346008 PPC002 181009 181009 163006 185004
PPC000 291008 144012 027016 060028 131020
188014 071010 251008 041005 195011 151008.
168011 171011 157012 172011 162011 166014
144012 157011 138010 167012 PPC002 163006
086009 307005 022013 316015 015018 346016
317018 225020 237017 186013 176012 173020.
194020 199030 193027 165007 188011 190007
172011 160014 147010 163012 173009 PPC000
014013 244010 009019 156017 193034 266025
291015 235027 240016 239016 228021 197032.
164017 188029 174018 182010 166011 174011
139011 169013 163009 135009 179010 PPC000
358013 345012 001018 330015 348012 223017
222025 251020 256016 243014 202022 164030=
026002 1306 061332 1155
032020 1552 051015 1603
032206 1430 062150 1201
031242 1228 065336 1157
040202 2058 068230 2058
022064 1440 058014 1426
038025 0839 086346 1412
039021 0907 088016 0921
047202 1052 094193 1038
037036 1018 072032 1038
038024 1340 078015 1446
045194 1903 080207 1844
040183 2021 082158 2308
034194 1709 066214 1456
044201 1928 075199 1927
033210 1318 076224 1558
021186 2025 041202 2025
032223 1454 060183 1608
035195 1927 078215 1046
039202 2029 069357 1526
016013 1233 029008 1408
017010 0819 033329 1722
030030 0548 067039 0556
058191 1954 110210 1954
064189 0002 119198 0001
028034 1556 060019 1555
043035 1311 092015 1144
025245 1521 063236 1522
043192 1309 078199 1307
045201 2036 077221 1945=
D=
K=
A=
S=
B=
??????
******
YF
O2191
河南省
豫宜阳花果山
宜阳县花果山风景区内花果山宾馆
山地；景区；地面
空缺
计算机
计算机
计算机
计算机
计算机
20120208=
JY
8888=
GK
01/
05/=
BZ
BB/08/01时气温用正点前4分钟值代替。02时气温用正点前10分钟值代替。03时气温用正点前10分钟值代替。日最低气温用03时20分数据代替。
BB/23/11时气温用正点前10分钟值代替。12时气温用正点前10分钟值代替。
00/341922/1115038
10/24/逐时观测
10/24/24时连续观测
11/不守班=
######
