O2182 3428N 11129E 007060 007060 105 000 S15 91999999919999199999 0 2010 07
P=
TB
0257 0253 0254 0247 0243 0243 0243 0238 0236 0235 0239 0260
0272 0282 0274 0309 0303 0302 0313 0305 0328 0315 0290 0291 0338 1511 0234 0524.
0279 0273 0264 0264 0259 0260 0252 0245 0248 0247 0248 0250
0251 0262 0273 0273 0282 0286 0305 0296 0284 0280 0275 0256 0309 1522 0243 0629.
0250 0246 0241 0241 0238 0235 0234 0230 0223 0218 0216 0216
0217 0221 0226 0241 0237 0251 0255 0257 0255 0255 0254 0242 0260 1637 0215 0651.
0229 0227 0222 0218 0219 0225 0231 0229 0230 0226 0250 0255
0281 0294 0301 0307 0304 0321 0323 0312 0313 0299 0284 0272 0336 1422 0218 2334.
0263 0269 0259 0251 0254 0258 0242 0242 0236 0238 0244 0259
0265 0286 0304 0310 0308 0309 0326 0321 0309 0299 0288 0264 0328 1438 0234 0502.
0258 0258 0251 0240 0233 0227 0221 0218 0217 0224 0240 0279
0283 0305 0320 0327 0341 0344 0341 0341 0337 0331 0309 0274 0346 1415 0216 0525.
0266 0253 0255 0256 0254 0241 0230 0222 0218 0209 0246 0266
0291 0293 0319 0320 0329 0329 0342 0330 0318 0298 0290 0284 0346 1501 0207 0602.
0279 0279 0274 0265 0254 0254 0250 0243 0233 0227 0217 0208
0198 0200 0197 0196 0198 0203 0207 0211 0207 0206 0208 0208 0283 2001 0196 1136.
0207 0208 0207 0204 0203 0205 0199 0192 0191 0193 0205 0221
0223 0246 0253 0264 0266 0262 0259 0251 0247 0213 0214 0212 0270 1413 0189 0432.
0207 0206 0203 0202 0201 0199 0197 0196 0195 0195 0192 0197
0198 0199 0212 0224 0237 0251 0264 0273 0274 0261 0250 0230 0279 1641 0192 0636.
0217 0220 0218 0216 0211 0206 0210 0208 0207 0207 0210 0216
0216 0221 0232 0251 0253 0265 0264 0270 0265 0262 0254 0240 0275 1426 0204 0146.
0235 0233 0231 0229 0228 0219 0221 0215 0213 0219 0225 0222
0235 0263 0256 0269 0270 0283 0285 0275 0268 0273 0260 0249 0291 1454 0210 0425.
0242 0238 0234 0233 0228 0224 0218 0219 0216 0218 0224 0229
0229 0242 0242 0260 0265 0267 0262 0259 0255 0255 0249 0243 0280 1522 0214 0443.
0241 0237 0235 0233 0230 0217 0216 0214 0212 0208 0217 0228
0238 0246 0257 0274 0268 0275 0268 0261 0258 0255 0249 0217 0280 1357 0206 0524.
0217 0210 0209 0211 0213 0209 0205 0208 0206 0207 0202 0197
0193 0196 0192 0191 0190 0192 0193 0191 0190 0188 0187 0188 0219 2036 0187 1746.
0186 0187 0183 0184 0183 0181 0179 0180 0181 0184 0189 0195
0197 0202 0204 0208 0220 0233 0252 0250 0251 0249 0240 0227 0260 1526 0178 0216.
0221 0218 0218 0219 0219 0218 0220 0219 0216 0219 0220 0222
0221 0213 0218 0222 0220 0222 0228 0231 0232 0229 0224 0219 0233 1648 0212 1052.
0217 0210 0207 0207 0203 0196 0198 0196 0194 0196 0203 0214
0229 0237 0234 0240 0245 0257 0257 0243 0239 0232 0226 0220 0260 1439 0191 0514.
0220 0217 0214 0210 0209 0199 0192 0183 0187 0184 0181 0178
0182 0214 0226 0246 0266 0262 0276 0275 0268 0279 0250 0220 0286 1740 0177 0821.
0215 0217 0212 0207 0204 0202 0203 0196 0192 0193 0198 0210
0232 0246 0264 0277 0289 0297 0293 0285 0291 0281 0265 0243 0304 1414 0192 0454.
0235 0222 0227 0222 0213 0215 0216 0221 0223 0218 0224 0237
0249 0259 0279 0276 0285 0286 0294 0296 0286 0286 0267 0255 0301 1517 0213 0058.
0248 0239 0231 0227 0224 0218 0216 0217 0218 0219 0224 0226
0233 0239 0246 0254 0270 0279 0276 0275 0264 0261 0258 0254 0287 1406 0213 0322.
0244 0241 0238 0232 0228 0224 0223 0221 0220 0218 0217 0220
0223 0223 0224 0229 //// //// 0248 0235 0222 0221 0216 0214 0254 2001 0216 0709.
0212 0211 0211 0211 0210 0210 0207 0206 0206 0205 0203 0202
0201 0202 0205 0206 0210 0211 0208 //// //// //// //// //// 0215 2023 0200 0840.
//// 0214 0216 0214 0212 0214 0210 0209 0208 0207 0209 0211
0220 0224 0226 0233 0241 0247 0250 0256 0256 0250 0241 0237 0264 1553 0206 0532.
0229 0231 0232 0229 0228 0222 0218 0220 0214 0218 0224 0240
0245 0254 0263 0269 0283 0288 0293 0286 0280 0273 0265 0257 0294 1459 0214 0459.
0253 0248 0243 0240 0236 0234 0224 0221 0217 0221 0228 0250
0254 0257 0266 0270 0280 0287 0291 0285 0282 0273 0267 0258 0298 1425 0217 0456.
0251 0248 0240 0242 0236 0225 0223 0222 0221 0223 0230 0236
0251 0270 0282 0293 0306 0311 0307 0308 0297 0286 0277 0266 0313 1359 0217 0449.
0260 0258 0254 0253 0242 0240 0239 0239 0243 0243 0245 0255
0279 0284 0325 0318 0317 0320 0328 0322 0313 0301 0296 0282 0332 1458 0235 0225.
0276 0275 0269 0258 0258 0257 0254 0258 0254 0255 0257 0265
0280 0302 0306 0315 0319 0325 0328 0322 0311 0274 0281 0280 0331 1411 0252 0520.
0278 0277 0271 0268 0262 0257 0255 0254 0249 0245 0252 0272
0292 0301 0311 0318 0317 0295 0288 0315 0310 0306 0289 0267 0326 1241 0242 0541=
I=
E=
U=
N=
H=
C=
V=
R6
0005 0000 0005
0000 0006 0006
0191 0142 0333
0000 0000 0000
0000 0000 0000
0000 0000 0000
0000 0000 0000
0037 0289 0326
0021 0143 0164
0312 0077 0389
0005 0000 0005
0000 0000 0000
0000 0000 0000
0000 0014 0014
0038 0105 0143
0009 0004 0013
0005 0146 0151
0002 0001 0003
0169 0002 0171
0001 0001 0002
0001 0000 0001
0001 0001 0002
0001 0028 0029
0376 0439 0815
0002 0001 0003
0001 0000 0001
0001 0000 0001
0000 0001 0001
0001 0000 0001
0001 0018 0019
0002 0008 0010=
0004 0001 0000 0000 0000 0000 0000 0000 0000 0000 0000 0000
0000 0000 0000 0000 0000 0000 0000 0000 0000 0000 0000 0000.
0000 0000 0000 0000 0000 0000 0000 0000 0000 0000 0000 0000
0000 0000 0000 0000 0000 0000 0000 0000 0000 0006 0000 0000.
0000 0000 0007 0000 0001 0000 0014 0012 0034 0062 0041 0020
0021 0052 0024 0018 0014 0010 0002 0000 0001 0000 0000 0000.
0000 0000 0000 0000 0000 0000 0000 0000 0000 0000 0000 0000
0000 0000 0000 0000 0000 0000 0000 0000 0000 0000 0000 0000.
0000 0000 0000 0000 0000 0000 0000 0000 0000 0000 0000 0000
0000 0000 0000 0000 0000 0000 0000 0000 0000 0000 0000 0000.
0000 0000 0000 0000 0000 0000 0000 0000 0000 0000 0000 0000
0000 0000 0000 0000 0000 0000 0000 0000 0000 0000 0000 0000.
0000 0000 0000 0000 0000 0000 0000 0000 0000 0000 0000 0000
0000 0000 0000 0000 0000 0000 0000 0000 0000 0000 0000 0000.
0000 0000 0000 0000 0000 0000 0000 0000 0003 0007 0020 0007
0010 0122 0082 0036 0008 0007 0006 0004 0004 0003 0003 0004.
0003 0002 0002 0003 0002 0002 0002 0001 0001 0001 0001 0001
0001 0001 0001 0003 0001 0001 0001 0002 0000 0060 0054 0018.
0013 0033 0029 0051 0033 0037 0024 0009 0024 0034 0021 0004
0001 0002 0001 0001 0001 0002 0003 0011 0011 0011 0015 0018.
0005 0000 0000 0000 0000 0000 0000 0000 0000 0000 0000 0000
0000 0000 0000 0000 0000 0000 0000 0000 0000 0000 0000 0000.
0000 0000 0000 0000 0000 0000 0000 0000 0000 0000 0000 0000
0000 0000 0000 0000 0000 0000 0000 0000 0000 0000 0000 0000.
0000 0000 0000 0000 0000 0000 0000 0000 0000 0000 0000 0000
0000 0000 0000 0000 0000 0000 0000 0000 0000 0000 0000 0000.
0000 0000 0000 0000 0000 0000 0000 0000 0000 0000 0000 0000
0000 0000 0000 0000 0000 0000 0000 0000 0000 0000 0000 0014.
0002 0012 0011 0000 0001 0003 0001 0002 0001 0001 0002 0002
0001 0002 0001 0003 0012 0049 0025 0007 0001 0001 0002 0001.
0000 0001 0001 0002 0001 0001 0001 0000 0002 0000 0000 0000
0001 0000 0001 0000 0000 0001 0000 0000 0001 0000 0000 0000.
0001 0001 0000 0001 0000 0000 0001 0000 0000 0000 0001 0000
0000 0070 0031 0009 0016 0013 0004 0001 0001 0000 0000 0001.
0001 0000 0000 0000 0000 0000 0000 0000 0001 0000 0000 0000
0000 0000 0000 0000 0000 0001 0000 0000 0000 0000 0000 0000.
0000 0018 0014 0011 0006 0046 0041 0019 0006 0005 0000 0003
0001 0000 0001 0000 0000 0000 0000 0000 0000 0000 0000 0000.
0000 0000 0001 0000 0000 0000 0000 0000 0000 0000 0000 0000
0000 0000 0000 0000 0000 0001 0000 0000 0000 0000 0000 0000.
0000 0000 0000 0000 0000 0000 0000 0000 0001 0000 0000 0000
0000 0000 0000 0000 0000 0000 0000 0000 0000 0000 0000 0000.
0001 0000 0000 0000 0000 0000 0000 0000 0000 0000 0000 0000
0000 0000 0000 0000 0000 0001 0000 0000 0000 0000 0000 0000.
0000 0000 0000 0000 0000 0000 0000 0000 0001 0000 0000 0000
0000 0000 0000 0000 0000 0000 0000 0000 0013 0004 0011 0000.
0001 0000 0000 0005 0031 0039 0015 0030 0047 0045 0050 0113
0041 0090 0106 0087 0053 0020 0042 0000 //// //// //// ////.
//// 0001 0000 0000 0000 0000 0000 0000 0000 0001 0000 0000
0000 0000 0000 0000 0000 0001 0000 0000 0000 0000 0000 0000.
0000 0000 0000 0000 0000 0000 0000 0000 0000 0000 0000 0001
0000 0000 0000 0000 0000 0000 0000 0000 0000 0000 0000 0000.
0000 0000 0000 0000 0000 0000 0000 0001 0000 0000 0000 0000
0000 0000 0000 0000 0000 0000 0000 0000 0000 0000 0000 0000.
0000 0000 0000 0000 0000 0000 0000 0000 0000 0000 0000 0000
0000 0000 0001 0000 0000 0000 0000 0000 0000 0000 0000 0000.
0000 0000 0000 0000 0000 0000 0001 0000 0000 0000 0000 0000
0000 0000 0000 0000 0000 0000 0000 0000 0000 0000 0000 0000.
0000 0000 0000 0000 0000 0000 0000 0000 0000 0000 0001 0000
0000 0000 0000 0000 0000 0000 0000 0000 0000 0009 0009 0000.
0001 0000 0000 0000 0000 0000 0000 0000 0001 0000 0000 0000
0000 0000 0000 0000 0000 0000 0007 0000 0001 0000 0000 0000=
0000 ////////// 00000=
W=
L=
Z=
G=
FN
280015 275008 092014 102006 082013 PPC000
PPC000 211004 213007 235006 137005 135013
173010 125016 356011 330036 164033 030015
349031 169018 311032 328020 337022 320023.
154034 219007 298011 288017 297014 323013
219007 274006 006013 005007 023014 097015
063019 101021 013015 098013 046024 116022
123035 093027 091018 005009 283007 263009.
293006 357006 316006 010011 343005 289006
317005 340005 056013 123011 118005 146008
093008 194010 PPC000 114015 159014 149015
212023 166018 172014 096009 186006 294013.
289013 283010 302007 280013 295015 299011
356006 304012 270008 300009 259011 171012
314019 288019 137028 179025 177021 035010
334016 175012 ////// 270010 270014 323005.
294014 300013 310010 284013 312012 312014
284010 309010 302012 284016 294009 290009
255005 221010 196014 096015 108029 051019
357012 017015 060017 ////// 056014 273005.
349012 337011 338008 300010 303018 301014
PPC000 307011 299010 330007 287010 256005
215010 093006 136021 093023 132020 099022
016015 045013 072016 028013 354008 325011.
307012 294022 267018 271026 285012 302008
PPC000 313009 313009 286014 282009 098011
087005 158018 124023 174026 107035 131033
226018 233021 266017 274019 266011 262016.
253035 262039 213018 226011 285009 061006
003020 004019 008015 018014 058016 046017
033011 025019 017024 011030 008028 016018
359019 010013 007013 031016 018012 346011.
004010 331011 357010 291011 328007 008008
289005 319009 278013 ////// PPC000 205008
144006 PPC000 073018 102016 140005 105014
129019 166016 182007 008015 PPC000 042005.
015009 010009 018008 007007 248006 186009
177013 163007 132007 134006 101007 154008
147015 165013 170017 152028 169026 141021
089018 157020 126010 186013 137009 294013.
325006 001011 020007 356012 019014 015013
357010 087009 029007 092010 201010 126015
////// 143019 133020 157012 185017 166013
084022 097026 112024 054022 043008 347011.
340014 340012 337014 009016 017010 352013
358010 293004 286006 354006 010011 179016
090007 110021 098029 117018 027015 062027
100029 091027 034015 343011 019016 016012.
012015 009018 012012 355013 350010 009007
018006 356008 350005 011019 345015 023008
046016 037009 051013 074018 065021 055022
062023 087029 080021 018023 016013 350010.
////// 013009 023011 010011 PPC000 345010
011013 002015 352012 358017 356011 023019
////// 060019 059016 101038 076033 050024
035013 074027 358012 347013 009016 004022.
354012 349017 008014 001008 013014 334005
352013 005017 353005 017013 352017 021018
012019 010014 007017 071015 042012 021012
041010 064014 046011 054011 103010 082007.
135013 128015 098011 108008 011010 001009
020007 344006 203012 271006 049009 128016
130013 149013 142010 294006 245009 169015
179012 122014 142018 083010 066013 295008.
291009 287012 288014 008016 352007 001006
355013 003011 358009 021014 010012 356007
354007 007017 189009 162008 101013 162010
222016 094010 007008 173012 170012 155005.
321004 PPC000 277014 353009 275012 280008
293013 315011 337009 294017 PPC000 PPC000
006011 049010 ////// 075012 083008 201014
164017 182013 205017 186009 158010 288006.
PPC000 013013 011012 352022 353015 033016
334040 023012 324036 166016 ////// //////
236027 254023 190037 245010 035011 172019
260009 268013 227011 287006 339009 302020.
004016 333019 359012 344015 053006 292015
257010 134010 289007 284006 134013 187018
218016 188023 168022 165021 039011 181021
113018 031011 057009 114018 073008 349008.
360015 008015 342011 004008 288009 349006
301009 293008 318005 124009 014006 PPC000
139015 141019 081016 112026 117030 103022
////// 061018 042025 007024 027010 021014.
012014 349012 012012 350014 004020 004009
351013 357025 356021 004017 052009 052016
092022 039013 079021 072017 039030 071030
086032 057020 077022 025012 080015 007018.
342015 349015 354016 001010 346015 337022
354021 010025 019006 044013 077014 054012
039017 059011 089022 039017 ////// //////
075031 ////// 075032 064027 019005 //////.
041017 045019 052015 042011 040012 036011
055029 049019 044018 040020 069031 055045
082037 096034 147028 220022 209010 160012
182015 ////// ////// ////// ////// //////.
////// 034010 032018 097015 032010 000014
016026 034016 015020 056014 045012 019015
023012 045027 051020 078018 078032 047023
058017 356014 032010 060012 047016 005012.
014008 356008 079005 014010 011007 018010
134007 297010 278010 288008 263005 153011
145021 149024 124019 186019 165026 084018
092036 082023 075025 081018 341006 001009.
359012 001011 016009 359014 015012 351012
344007 001010 PPC000 006010 061005 PPC000
153008 120024 087020 091017 096029 098021
079027 097021 050017 017013 020013 360013.
357011 349014 356007 343007 008011 344005
292012 326008 339007 291010 157006 145015
205010 144017 128017 163031 170023 130020
120031 156024 070016 083022 062015 348009.
356010 346010 353013 353012 335010 319008
293010 073005 331005 240006 PPC000 160009
350012 185011 244010 095010 179023 180007
123029 091018 093028 057013 044014 337010.
344010 351020 005011 004015 001008 PPC000
284008 009008 PPC000 028004 188007 188021
182017 215023 131029 157021 081015 102026
099030 057019 077031 071020 338006 002015.
004008 009010 342008 357015 190005 312009
305007 290009 316006 303006 290007 111009
261005 159024 153018 204017 116015 294017
302012 242012 199018 254008 340005 293013=
280014 273008 090018 138006 083012 PPC000
257005 204006 228004 206006 156005 141012
181011 129017 013009 300030 176026 046016
348032 177015 302026 323024 336022 316026.
149030 208007 297011 290017 298014 315013
215008 310005 010014 018007 011014 097016
080018 103021 011015 080013 086027 102023
119031 090026 088017 359008 009004 272009.
319006 337008 332006 012009 343005 308004
337004 003005 063012 117012 147007 163010
125008 191010 230005 111011 153013 148018
193022 174017 167016 100009 204006 290012.
291013 293012 303007 288012 294015 299011
330008 303010 277007 305010 244009 143011
315015 281021 152026 184021 167019 023012
332017 167014 ////// 273011 271014 333006.
295013 305011 310010 285013 316011 309014
293009 313010 299013 285015 302010 291009
249005 235008 179012 122020 106027 063019
010015 026016 063016 ////// 044012 295004.
349011 344011 341010 312009 301016 304014
PPC000 305011 302010 323009 281010 264005
195011 128008 110019 082021 124019 096024
037018 043017 066015 033015 003009 324010.
299014 296021 269020 273024 285013 295008
PPC000 306010 312008 287013 304007 081010
059005 153019 149021 169022 110029 134032
220019 240020 267020 276019 264012 261016.
258028 261037 218017 233011 281010 084004
006020 359017 359015 014015 052015 055025
054014 017018 013022 007032 006024 012019
003016 006014 008015 025015 013011 347011.
006009 335012 357009 292012 328006 015009
294006 319009 281012 ////// PPC000 226008
154007 263004 075016 098018 114008 110016
122017 167015 179007 012013 297006 062006.
024008 006009 357007 002005 166004 180009
181013 148010 122007 134007 097007 153007
151015 172013 163017 166023 185022 147023
112018 164019 131013 183013 142008 290014.
321007 355012 007008 356014 011015 005014
002011 071009 058006 091011 196010 123013
////// 141018 131016 148017 165018 122015
089023 097021 110023 059018 023009 355010.
342013 353013 339015 010019 010009 001016
003011 290005 269007 351004 013009 184014
096009 105015 096029 105025 041019 069024
082026 080025 043014 009010 018014 015014.
014014 007018 008014 359013 353010 344008
014007 003010 351008 008018 355015 021008
025022 030012 051013 057017 065020 054023
054022 082029 079021 014019 013013 358009.
////// 022009 020010 021010 PPC000 342009
005013 005015 350013 004017 354012 030018
////// 059023 064019 100039 078033 050026
061021 072028 359012 344013 014014 002018.
356011 357019 005016 326009 010014 334006
351013 004018 003007 018011 354017 013015
009020 019013 013018 080013 057016 011011
043010 058014 046012 058012 095012 078008.
137013 121014 101012 107009 010008 004008
010009 356007 194011 244008 044009 133015
148012 162013 161010 260007 222010 175016
159012 110014 123015 091010 072011 294006.
292009 288011 295013 005013 356008 347006
359014 358012 000009 020014 002012 352008
352009 359016 210008 150009 103011 152008
225016 117009 004008 169012 164012 PPC000.
310004 PPC000 277013 339009 261012 289009
299012 301010 333009 290017 PPC000 PPC000
019009 033009 ////// 074010 096009 199016
159014 177013 191019 191010 147010 282004.
321005 008013 002015 354018 357019 025015
338037 015012 327033 157017 ////// //////
231023 245021 198035 218011 031010 169018
255012 221014 213011 279006 334009 302019.
004014 339017 357015 347015 042008 283013
250012 118009 285007 272006 142013 190017
201016 182021 173020 184016 062014 169020
114017 031011 062012 110017 083009 353008.
359014 005013 346011 358009 286009 329007
290009 290007 318006 137008 022005 PPC000
138016 134019 064014 109025 108031 092020
////// 051018 051024 007022 020013 022016.
023017 352013 006011 348014 001019 005011
349013 004025 358019 360018 065011 054015
090018 071017 081027 068019 046031 076030
078025 055019 070023 042017 058014 004015.
349016 347016 354017 014009 347017 348023
002020 011024 051010 038012 073017 052012
053015 061014 087020 064021 ////// //////
064026 ////// 079032 074026 029010 //////.
039018 047021 070018 044013 047013 035013
045024 041019 047020 049020 056022 041037
072036 105034 146020 212022 222009 156012
183014 ////// ////// ////// ////// //////.
////// 036011 039017 086014 019011 011016
020023 038016 034015 049014 052010 024014
021012 032020 047019 082017 067026 056021
056018 038016 040013 064016 046014 013012.
000010 359008 PPC000 013010 004006 018010
099006 298011 283010 302008 PPC000 150010
142020 128022 108022 171020 144026 096021
099029 084023 078023 082016 002008 008008.
360012 010011 008010 357010 016014 352013
346007 000010 PPC000 000011 071006 226004
173009 122025 100019 090020 094033 100025
083027 089022 054020 020015 013013 357014.
356012 354014 355007 349006 001012 321007
292013 321009 334007 289008 166005 151014
180012 124014 144017 163028 157021 123021
121027 158021 088018 081020 061015 354010.
349010 348011 356012 349011 317010 323008
290009 075006 342006 296005 PPC000 147009
349011 178011 248009 113015 180021 165011
099022 093019 088026 069016 035011 348010.
347010 352019 002012 003013 005009 PPC000
285008 009008 PPC000 PPC000 194006 182018
180018 215022 141029 152025 095020 097027
094025 073022 085029 052018 360006 002014.
012009 003011 340008 357015 165006 297008
333007 289008 314005 302007 283007 064007
118009 178020 163018 183017 114018 289016
320012 228019 213018 230009 336005 299012=
038330 1912 058309 1939
034135 1251 050088 1505
027203 1502 042156 1452
029277 0955 042150 1042
027104 1259 048182 1517
031093 1356 044087 1239
039144 1409 061197 1503
048069 0825 073043 0823
023125 1204 036020 1734
025184 1246 035179 1245
029110 1407 048126 1406
033094 1157 044112 1052
037087 1613 060070 1625
048079 1246 064111 1202
031006 1043 045008 1040
022198 0524 029189 1357
021010 0942 027349 1022
021179 1705 026193 1711
042343 0250 065303 0302
032195 1019 039005 2316
033108 1301 055116 1430
049081 1249 067077 1249
034077 1707 055070 0704
056071 0935 091045 0934
029068 1302 047031 0546
036130 1443 052118 1619
039085 1255 056085 1254
034119 1433 047119 1426
032123 1425 043102 1742
035083 1729 055074 1727
042335 1428 056323 1428=
D=
K=
A=
S=
B=
??????
******
YF
O2182
河南省
豫洛宁马店
洛宁县马店乡吕村村
山地；乡村；地面
王林香
计算机
计算机
计算机
计算机
计算机
20100805=
JY
8888=
GK
01/
05/=
BZ
BB/04/17时温度用正点后2分钟值代替。
BB/05/18时温度用正点前3分钟值代替。
BB/09/06时温度用正点前3分钟值代替。
BB/11/09时温度用正点前2分钟值代替。
BB/14/21时温度用正点前1分钟值代替。09时温度用正点前7分钟值代替。
BB/18/11时温度用正点前1分钟值代替。
BB/19/08时温度用正点后4分钟值代替。07时温度用前后正点数据内插。
BB/21/15时温度用正点后1分钟值代替。
BB/23/16时温度用前后正点数据内插。20时温度用前后正点数据内插。
00/342741/1112845
10/24/逐时观测
10/24/24时连续观测
11/不守班=
######
