O2190 3435N 11152E 004500 004500 105 000 S15 91999999919999199999 0 2012 05
P=
TB
0166 0162 0163 0164 0161 0157 0157 0156 0157 0157 0159 0168
0184 0192 0193 0192 0209 0213 0239 0217 0218 0215 0199 0180 0242 1439 0155 0306.
0181 0179 0178 0177 0166 0158 0163 0160 0160 0159 0168 0183
0195 0215 0235 0244 0253 0258 0271 0265 0251 0239 0227 0213 0276 1435 0158 0200.
0209 0199 0190 0176 0173 0170 0169 0166 0161 0158 0180 0200
0223 0239 0255 0250 0262 0269 0275 0269 0261 0246 0222 0210 0278 1520 0155 0525.
0199 0185 0172 0165 0165 0164 0159 0157 0149 0150 0171 0185
0212 0239 0257 0267 0275 0284 0296 0301 0297 0287 0249 0236 0312 1525 0139 0529.
0210 0194 0185 0177 0180 0178 0185 0171 0178 0173 0194 0214
0242 0267 0285 0300 0310 0324 0326 0326 0305 0284 0257 0242 0337 1522 0167 0349.
0231 0223 0213 0195 0182 0180 0188 0190 0172 0180 0193 0204
0225 0245 0274 0285 0309 0322 0331 0325 0309 0298 0270 0243 0333 1543 0169 0511.
0220 0214 0212 0216 0206 0203 0200 0198 0201 0198 0189 0202
0200 0202 0173 0185 0201 0201 0219 0227 0233 0225 0216 0206 0242 2015 0172 1101.
0192 0205 0202 0194 0199 0190 0183 0185 0183 0190 0204 0207
0225 0253 0264 0276 0288 0292 0289 0287 0279 0262 0244 0232 0296 1449 0179 0446.
0223 0213 0201 0189 0187 0185 0182 0194 0184 0184 0197 0218
0230 0245 0263 0261 0261 0270 0276 0272 0270 0263 0247 0231 0282 1515 0179 0139.
0224 0209 0190 0185 0185 0182 0179 0182 0178 0167 0182 0207
0225 0240 0273 0280 0296 0303 0305 0298 0293 0276 0259 0246 0311 1532 0164 0608.
0236 0229 0212 0199 0185 0181 0183 0175 0173 0174 0187 0191
0199 0206 0219 0220 0223 0214 0210 0208 0209 0211 0198 0192 0246 2002 0171 0429.
0188 0188 0183 0183 0181 0180 0182 0187 0186 0186 0186 0184
0187 0194 0191 0188 0191 0185 0179 0183 0187 0181 0166 0155 0197 0942 0155 2000.
0151 0149 0150 0135 0115 0118 0118 0111 0109 0106 0115 0138
0186 0182 0207 0208 0215 0228 0230 0213 0212 0204 0193 0194 0232 1356 0105 0613.
0198 0194 0197 0184 0172 0163 0155 0153 0152 0151 0158 0170
0195 0209 0216 0235 0247 0262 0267 0258 0257 0247 0219 0194 0269 1509 0149 0614.
0194 0192 0181 0175 0165 0154 0149 0143 0146 0149 0168 0202
0218 0240 0251 0258 0264 0271 0274 0274 0271 0258 0227 0211 0278 1627 0139 0351.
0189 0188 0177 0171 0161 0141 0137 0133 0142 0143 0166 0194
0237 0255 0281 0282 0291 0291 0288 0291 0278 0272 0241 0223 0301 1350 0129 0538.
0214 0183 0168 0164 0162 0147 0154 0141 0144 0141 0162 0183
0218 0236 0272 0297 0299 0305 0312 0317 0310 0281 0258 0221 0324 1553 0134 0553.
0229 0216 0200 0195 0199 0193 0191 0191 0183 0186 0186 0198
0210 0227 0214 0227 0253 0257 0254 //// //// 0239 //// //// 0263 1334 0177 0526.
//// //// //// 0175 0167 0164 0161 0157 0158 0151 0179 0197
0211 0243 0255 0284 0299 0308 0310 0312 0304 0287 0260 0235 0317 1522 0144 0545.
0223 0212 0200 0188 0181 0163 0170 0161 0156 0162 0191 0217
0232 0251 0273 0285 0296 0307 0305 0290 0284 0266 0245 0228 0310 1359 0154 0457.
0220 0215 0206 0197 0186 0177 0171 0169 0168 0167 0171 0182
0189 0201 0200 0210 0220 0235 0219 0220 0212 0206 0188 0176 0236 1359 0166 0630.
0171 0173 0174 0171 0169 0171 0171 0166 0166 0162 0166 0169
0170 0166 0174 0170 0171 0172 0180 0189 0187 0181 0178 0172 0191 1615 0162 0600.
0168 0165 0158 0161 0157 0149 0153 0146 0142 0148 0162 0179
0175 0186 0202 0215 0226 0241 0240 0232 0225 0221 0211 0202 0249 1442 0141 0513.
0191 0191 0189 0183 0191 0185 0181 0177 0174 0174 0175 0175
0176 0185 0204 0196 0207 0221 0216 0217 0213 0207 0198 0188 0222 1411 0172 0628.
0181 0173 0169 0162 0154 0152 0150 0149 0147 0147 0157 0173
0188 0215 0232 0245 0263 0275 0276 0273 0267 0257 0246 0230 0281 1457 0147 0500.
0216 0201 0199 0192 0189 0181 0177 0163 0167 0169 0193 0214
0233 0258 0271 0290 0292 0309 0320 0318 0323 0304 0273 0250 0324 1659 0158 0413.
0236 0224 0209 0194 0185 0185 0190 0185 0184 0186 0186 0223
0231 0247 0258 0282 0304 0320 0325 0320 0316 0301 0271 0245 0331 1448 0178 0421.
0228 0214 0202 0188 0179 0177 0179 0175 0176 0180 0194 0212
0236 0247 0253 0279 0298 0294 0289 0281 0273 0268 0258 0242 0306 1435 0170 0439.
0219 0206 0203 0203 0199 0187 0174 0172 0169 0170 0166 0165
0164 0170 0181 0196 0207 0220 0247 0260 0263 0256 0236 0214 0266 1627 0163 0858.
0210 0208 0204 0178 0176 0175 0172 0172 0168 0170 0185 0212
0244 0247 0261 0269 0282 0286 0291 0293 0292 0278 0253 0232 0299 1456 0165 0440.
0222 0214 0208 0204 0199 0199 0193 0187 0181 0182 0189 0196
0204 0221 0228 0232 0240 0240 0236 0237 0235 0231 0223 0211 0244 1256 0180 0545=
I=
E=
U=
N=
H=
C=
V=
R6
0000 0000 0000
0000 0000 0000
0000 0000 0000
0000 0000 0000
0000 0000 0000
0000 //// ////
0000 0000 0000
0000 0000 0000
0000 0000 0000
0000 0000 0000
0000 0006 0006
0014 0006 0020
0004 0005 0009
0003 0002 0005
0000 0000 0000
0000 //// ////
0000 0000 0000
0000 //// ////
//// 0000 ////
0000 0000 0000
0000 0003 0003
0028 0029 0057
0002 0000 0002
0001 0001 0002
0000 0000 0000
0000 0000 0000
0000 0000 0000
0000 0000 0000
0067 0014 0081
0000 0009 0009
0000 0000 0000=
0000 0000 0000 0000 0000 0000 0000 0000 0000 0000 0000 0000
0000 0000 0000 0000 0000 0000 0000 0000 0000 0000 0000 0000.
0000 0000 0000 0000 0000 0000 0000 0000 0000 0000 0000 0000
0000 0000 0000 0000 0000 0000 0000 0000 0000 0000 0000 0000.
0000 0000 0000 0000 0000 0000 0000 0000 0000 0000 0000 0000
0000 0000 0000 0000 0000 0000 0000 0000 0000 0000 0000 0000.
0000 0000 0000 0000 0000 0000 0000 0000 0000 0000 0000 0000
0000 0000 0000 0000 0000 0000 0000 0000 0000 0000 0000 0000.
0000 0000 0000 0000 0000 0000 0000 0000 0000 0000 0000 0000
0000 0000 0000 0000 0000 0000 0000 0000 0000 0000 0000 0000.
0000 0000 0000 0000 0000 0000 0000 0000 0000 0000 0000 0000
0000 //// 0000 0000 0000 0000 0000 0000 0000 0000 0000 0000.
0000 0000 0000 0000 0000 0000 0000 0000 0000 0000 0000 0000
0000 0000 0000 0000 0000 0000 0000 0000 0000 0000 0000 0000.
0000 0000 0000 0000 0000 0000 0000 0000 0000 0000 0000 0000
0000 0000 0000 0000 0000 0000 0000 0000 0000 0000 0000 0000.
0000 0000 0000 0000 0000 0000 0000 0000 0000 0000 0000 0000
0000 0000 0000 0000 0000 0000 0000 0000 0000 0000 0000 0000.
0000 0000 0000 0000 0000 0000 0000 0000 0000 0000 0000 0000
0000 0000 0000 0000 0000 0000 0000 0000 0000 0000 0000 0000.
0000 0000 0000 0000 0000 0000 0000 0000 0000 0000 0000 0000
0000 0000 0000 0000 0000 0000 0000 0002 0001 0001 0000 0002.
0002 0002 0002 0001 0001 0002 0000 0002 0000 0001 0001 0000
0001 0001 0000 0001 0000 0001 0000 0000 0001 0000 0001 0000.
0000 0001 0000 0001 0000 0000 0000 0001 0000 0000 0001 0000
0000 0001 0000 0001 0000 0000 0001 0000 0001 0000 0000 0001.
0000 0000 0001 0000 0000 0000 0001 0000 0000 0001 0000 0000
0001 0000 0000 0001 0000 0000 0000 0000 0000 0000 0000 0000.
0000 0000 0000 0000 0000 0000 0000 0000 0000 0000 0000 0000
0000 0000 0000 0000 0000 0000 0000 0000 0000 0000 0000 0000.
0000 0000 0000 0000 0000 0000 0000 0000 0000 0000 0000 0000
0000 0000 0000 0000 0000 0000 //// 0000 0000 0000 0000 0000.
0000 0000 0000 0000 0000 0000 0000 0000 0000 0000 0000 0000
0000 0000 0000 0000 0000 0000 0000 0000 0000 0000 0000 0000.
0000 0000 0000 0000 0000 0000 0000 0000 0000 0000 0000 0000
0000 0000 0000 0000 0000 0000 0000 //// //// 0000 //// ////.
//// //// //// 0000 0000 0000 0000 0000 0000 0000 0000 0000
0000 0000 0000 0000 0000 0000 0000 0000 0000 0000 0000 0000.
0000 0000 0000 0000 0000 0000 0000 0000 0000 0000 0000 0000
0000 0000 0000 0000 0000 0000 0000 0000 0000 0000 0000 0000.
0000 0000 0000 0000 0000 0000 0000 0000 0000 0000 0000 0000
0000 0000 0000 0000 0000 0000 0000 0000 0000 0000 0000 0003.
0003 0002 0002 0002 0002 0001 0001 0001 0006 0003 0003 0002
0002 0005 0004 0002 0001 0003 0003 0003 0001 0002 0002 0001.
0001 0000 0000 0000 0001 0000 0000 0000 0000 0000 0000 0000
0000 0000 0000 0000 0000 0000 0000 0000 0000 0000 0000 0000.
0000 0000 0000 0000 0000 0000 0000 0000 0000 0001 0000 0000
0000 0000 0000 0000 0000 0000 0000 0000 0000 0000 0000 0001.
0000 0000 0000 0000 0000 0000 0000 0000 0000 0000 0000 0000
0000 0000 0000 0000 0000 0000 0000 0000 0000 0000 0000 0000.
0000 0000 0000 0000 0000 0000 0000 0000 0000 0000 0000 0000
0000 0000 0000 0000 0000 0000 0000 0000 0000 0000 0000 0000.
0000 0000 0000 0000 0000 0000 0000 0000 0000 0000 0000 0000
0000 0000 0000 0000 0000 0000 0000 0000 0000 0000 0000 0000.
0000 0000 0000 0000 0000 0000 0000 0000 0000 0000 0000 0000
0000 0000 0000 0000 0000 0000 0000 0000 0000 0000 0000 0000.
0000 0000 0000 0000 0000 0000 0001 0027 0020 0010 0005 0004
0006 0007 0000 0000 0000 0000 0000 0000 0000 0000 0001 0000.
0000 0000 0000 0000 0000 0000 0000 0000 0000 0000 0000 0000
0000 0000 0000 0000 0000 0000 0000 0000 0000 0009 0000 0000.
0000 0000 0000 0000 0000 0000 0000 0000 0000 0000 0000 0000
0000 0000 0000 0000 0000 0000 0000 0000 0000 0000 0000 0000=
0000 ////////// 00000=
W=
L=
Z=
G=
FN
069007 106005 112008 079015 083015 099016
072009 071010 053019 089021 072015 093026
098021 097031 094020 106017 104016 116012
123028 169019 217021 217010 263004 243004.
103006 347010 344010 050008 PPC000 292012
195009 221003 266008 293008 PPC000 225011
229012 298014 123011 158019 158017 180015
124024 143016 137014 145011 141014 114011.
095011 095012 091014 037013 031013 351010
017011 077012 042012 048009 129011 091015
088025 114013 124024 098025 084043 116025
132025 102027 115027 134021 141013 122012.
124009 PPC000 028006 004008 013012 PPC000
202004 240006 PPC002 203006 PPC002 200011
259011 192008 161006 176017 333013 246008
290008 167011 220015 120011 149004 107010.
069007 275008 014011 048006 277008 278013
302023 246008 297023 298013 320010 278012
259018 263020 321028 313021 327013 029011
135022 151015 099039 095032 079023 063019.
062024 064020 053020 057011 012012 011011
204009 220008 205004 233009 212006 276011
212011 042005 064006 118010 137022 096027
122020 140025 109032 109023 114012 046013.
041013 017014 021012 039014 003010 005010
012010 001010 322010 293008 281008 242013
307014 018012 011043 062013 094011 304008
270011 226017 228018 239015 231010 230005.
334009 304012 307011 283009 302014 242010
279006 289010 312019 319018 157012 105021
105019 091021 134026 105021 132025 059014
123019 078023 084023 074021 081021 061026.
075021 093017 061011 042011 040011 040010
050008 102008 080011 067017 089023 072018
089026 113020 134018 117021 130021 100031
143016 103017 107020 083024 090020 085020.
092026 069014 006013 357012 039009 031010
008007 251009 200006 014005 022003 023010
355005 132017 117012 166027 096035 108032
136030 129027 120030 122033 119025 135021.
140019 112020 073013 066015 018014 054013
062007 050014 053018 063011 095010 148008
121014 161011 169015 158004 189009 353006
014008 PPC000 332009 305009 321013 306013.
333012 258008 272007 280013 256005 261012
294026 301043 310050 321041 313045 311042
286038 287040 298032 306030 293048 297032
251016 259020 243032 244027 274018 217012.
294015 289015 221012 234007 203004 267015
271009 256010 209004 251009 202013 261009
133005 147010 123013 169014 183019 154011
121005 199016 211011 281008 267009 292010.
270019 290015 286020 243019 269012 273015
313021 297012 286015 223006 292017 302024
267023 313034 310044 300028 299028 319033
300029 314033 283024 297014 298005 300007.
289009 314020 292012 243012 261009 290008
277013 251005 321014 232010 320013 322028
311044 323034 303029 305038 316059 322045
303038 316030 332042 319026 342010 334018.
254015 231006 253007 281010 223007 352006
254007 235005 235013 260006 295017 266016
246016 210016 324052 303054 311051 318036
300035 308042 332029 321027 341025 357027.
098030 034013 038012 355009 357009 338011
295004 310007 300006 265011 PPC002 217014
PPC002 PPC002 214011 142017 181011 354016
065012 112014 160011 118018 112014 084009.
103013 093011 009012 025013 019009 015011
015012 140006 115005 078009 056014 060008
089008 095009 199012 123007 123019 120014
154008 ////// ////// 100008 ////// //////.
////// ////// ////// 355013 018011 353010
PPC000 PPC000 195007 PPC001 PPC000 187008
168011 126019 086010 087011 113015 124019
149015 128028 117022 118022 117024 116017.
104014 107016 106011 080012 096011 035011
066013 019010 048013 061011 095017 093027
150017 136018 133026 119034 138026 163028
131031 109048 121033 133042 130018 134024.
125024 122027 114022 122017 104023 093026
092021 092030 114030 118034 107024 113030
111028 116036 120035 116033 109029 098053
085044 073025 083032 084033 078030 060014.
036024 046018 036012 021010 024009 PPC000
PPC000 001009 245012 354008 343009 328011
317015 321028 334027 311026 298015 312026
299011 253014 259015 268009 244010 261009.
244009 270004 332015 316018 312017 256020
278010 320010 247012 306009 299008 294008
252013 210014 274016 248016 011014 103008
126009 109015 125012 087013 093010 060013.
053011 046012 032011 035015 044009 096013
262006 030003 303005 262010 246009 251009
271012 264008 311021 317029 301018 307015
320018 304016 290018 298021 302014 308014.
306016 306020 310015 304023 289013 285010
300010 318015 303017 266008 300010 313012
264014 314020 303015 326011 261015 236017
244018 226020 246010 185011 209012 251009.
334010 359011 343010 307013 296009 291011
253008 PPC000 190010 285014 230009 133006
225016 285015 261015 033014 231010 216018
125018 318008 029008 171014 131013 124013.
123019 067023 077014 051014 028013 358007
265006 045008 024008 PPC001 025006 075007
072012 174010 276012 126022 126018 092032
138021 124017 143023 127020 124016 101011.
129006 094013 060016 005011 027015 043012
073010 060012 089008 095010 088012 078027
072025 119017 112034 126024 118041 126027
120037 111022 119027 101019 123019 241018.
218014 212022 041014 004010 240017 307028
331016 353012 199006 006007 002007 332005
317006 324017 322023 271011 269017 257012
276012 299028 298019 303023 304017 296016.
277018 309018 307021 279015 202015 228014
261013 274004 273009 259008 248019 247013
108018 095042 097027 110041 100040 132026
033019 069015 098027 114027 095029 082028.
082036 069031 079025 080030 077028 079023
071023 075021 071021 060022 070024 072032
082022 080033 088018 083028 065024 110021
122015 135013 106024 116016 122013 095008=
122015 074004 102008 081017 088016 097012
073009 064011 055018 090023 069008 097021
094031 094028 094020 117017 105018 122011
128019 186022 204018 210010 256006 PPC002.
PPC002 347008 343010 033007 269003 278010
208008 253004 261006 282008 PPC001 230008
216012 281011 141011 200012 107011 160014
125019 140016 113013 146013 142011 123012.
109011 098010 091012 042012 038012 016011
030010 070009 050012 045008 126008 082011
095021 114023 126019 109021 094032 136026
132034 107030 129022 128020 137011 121011.
124009 PPC000 033004 001010 006011 PPC002
202003 238006 PPC002 PPC002 PPC002 201007
275009 236010 103008 169017 271014 278013
278013 120013 214015 129012 151006 110010.
088005 319008 007011 PPC002 280005 287014
300017 253009 292018 292011 292009 268014
271017 252016 319029 317024 334017 351008
154015 149018 102031 093031 077025 066020.
064023 060020 061019 056012 015010 010009
219008 224009 222006 234007 183006 240010
212010 141012 133009 112009 112021 110022
128021 135022 109022 116021 111010 054012.
038012 016013 015011 032012 001010 010010
357011 001010 299008 311010 273013 262010
292008 012013 009040 059015 096007 295007
275011 238014 228016 243016 244011 224006.
338008 299010 304011 288009 304013 237008
277006 290008 306016 318016 095010 102019
100019 096020 132022 123019 126022 098022
117022 084031 084029 080030 084024 067022.
073021 086018 060011 040010 048011 048012
050007 098008 081009 068012 094022 086020
096027 115020 129023 118022 121019 103025
113024 109022 119019 097017 095025 100016.
092027 067015 010013 357009 032011 039008
005007 266006 140003 PPC001 000005 043009
068007 142014 093013 117026 088032 101027
136030 124031 119021 124028 116025 132020.
137015 114019 073013 069014 014013 052012
062012 053013 055016 054011 102011 146009
065014 163013 169013 146008 233004 342005
348007 311004 337008 312009 330010 307009.
330014 269009 278009 277012 281011 246012
302023 299035 312046 314042 318041 309039
290033 295044 301038 303038 297037 300031
257019 270021 247027 254024 260018 251011.
279013 288016 267010 248010 260004 269012
267009 270010 285005 257009 210013 248009
136004 185012 135013 140013 157012 141013
177008 194015 215009 247008 284007 257008.
260016 286020 267017 239014 250017 251009
312020 290014 297017 255009 287014 295024
272018 315036 314043 308034 306037 315031
319037 316039 290024 300017 308007 292005.
298010 309015 271010 271011 246006 280010
283010 285006 320012 216011 301012 313024
310040 321035 310028 316032 319051 312047
303038 302036 316034 320025 352009 332018.
232020 269007 187005 285010 228009 338004
248004 229004 232011 276006 296016 260017
239015 224017 318043 310058 308045 315045
300041 309039 326032 324029 339022 351025.
090026 050009 013014 352011 357011 332008
262006 317006 279007 281009 232003 193011
307003 193008 204011 140015 192010 001012
083011 131010 137013 123012 113013 085009.
105013 085009 012011 015013 019009 019012
018012 124008 064010 077010 053012 077007
073009 096006 209014 128007 128014 118013
089005 ////// ////// 091010 ////// //////.
////// ////// ////// 358011 014010 354010
PPC000 PPC000 237007 PPC002 PPC002 176006
165012 125015 167015 109014 129016 124017
147020 127024 119023 117020 115023 119016.
106016 113013 109009 077014 084012 031011
067015 026010 044011 058012 099018 102025
150015 129023 132027 118033 128026 134028
141030 113040 121039 131034 124025 131029.
133027 127025 111021 122016 109022 093026
094023 089027 116026 116025 105028 116039
109034 129036 132028 117033 122027 099040
093038 076026 077031 078031 080030 051015.
035023 049016 047014 033011 031012 PPC002
033003 338008 242007 353006 346009 327011
322015 321024 329026 316023 297015 307022
274014 250015 248015 267016 255010 255010.
263010 257005 329015 316017 318015 256018
288008 308009 244011 311006 290005 291004
233013 218010 256013 252014 341012 045008
120008 122014 130011 087014 089011 072012.
049012 045011 045011 037015 066011 088010
277003 331004 289008 255007 248008 237006
227008 270011 309015 319026 303016 308018
313022 288019 293018 310018 302015 307013.
306017 312018 303016 298020 293012 229008
283009 303012 298015 247006 278009 304010
260014 308017 293017 244008 221013 224012
146009 224014 223012 192011 206011 249008.
334009 356011 346011 321013 280007 279011
263009 036003 242012 278012 246007 215008
236013 268016 281013 021011 202018 227012
125017 358011 001009 172015 132011 123014.
111015 066025 075017 052015 027011 359008
252006 034008 004010 314004 036006 105005
085009 163010 245016 165017 136020 106024
134020 120023 135020 137022 124015 108012.
118008 088010 060015 004010 027014 039010
075010 069007 094008 093009 082013 085026
085027 122023 109039 120025 116030 128027
123037 114028 118025 109025 121018 230019.
228014 222019 044009 007009 242016 312025
325018 343011 183009 033007 014005 337007
325007 314011 322023 268014 264014 278020
303019 303033 296020 292025 305016 295013.
285016 306014 307022 273015 212010 235014
263012 285006 261004 264013 249017 269010
122013 094035 107028 100030 102030 131025
070025 106015 096027 109026 094038 077028.
077032 075028 081026 078029 077024 076024
072023 072019 066020 058018 075023 069028
077028 072032 073021 090027 086020 112024
117020 131014 101023 110018 124012 104009=
039096 0914 058082 0934
026121 1451 054127 1437
038108 1431 065104 1257
019174 1742 035354 1552
039092 1741 058073 1827
030105 1343 052107 1403
042012 1102 061340 1025
036096 1542 055082 1533
031104 1451 057107 1535
042098 1420 071101 1434
021120 2007 033087 2034
053316 0427 081307 1136
022306 1936 033321 1933
047318 1539 116292 1530
053331 1350 084014 1253
060316 1158 093298 1149
029353 2025 051231 1322
017050 0529 026146 1259
028138 1556 055096 1731
055107 1531 094115 1527
047107 1027 096093 1026
028313 1055 047000 1107
020097 1750 028242 1045
029308 1527 055326 1520
021293 0007 036335 1057
022172 1321 042205 1311
030068 2149 049127 1632
041111 1549 074115 1453
034313 1556 053321 1555
045089 1035 072087 1159
035076 2138 064070 2036=
D=
K=
A=
S=
B=
??????
******
YF
O2190
河南省
豫宜阳高村
宜阳县高村乡烟站
丘陵；城镇；地面
空缺
计算机
计算机
计算机
计算机
计算机
20120613=
JY
8888=
GK
01/
05/=
BZ
00/343459/1115147
10/24/逐时观测
10/24/24时连续观测
11/不守班=
######
