O2190 3435N 11152E 004500 004500 105 000 S15 91999999919999199999 0 2011 05
P=
TB
0189 0200 0199 0193 0186 0178 0179 0177 0178 0171 0151 0159
0167 0175 0176 0142 0133 0113 0094 0097 0100 0103 0105 0109 0213 2001 0093 1542.
0111 0113 0112 0114 0114 0114 0112 0114 0109 0111 0112 0121
0126 0131 0135 0132 0141 0163 0162 0168 0170 0170 0155 0142 0175 1745 0108 0453.
0137 0127 0126 0112 0113 0102 0101 0095 0098 0093 0107 0129
0146 0187 0202 0218 0229 0239 0241 0232 0229 0222 0200 0181 0245 1454 0090 0632.
0155 0148 0147 0139 0129 0122 0115 0109 0102 0107 0111 0138
0165 0188 0210 0230 0240 0250 0259 0262 0254 0239 0219 0202 0266 1554 0100 0524.
0186 0173 0155 0152 0140 0145 0129 0124 0122 0118 0145 0172
0196 0216 0233 0267 0278 0291 0309 0307 0298 0290 0263 0231 0314 1617 0118 0600.
0213 0200 0192 0187 0194 0190 0189 0175 0176 0171 0189 0195
0232 0264 0277 0270 0280 0291 0292 0291 0278 0263 0246 0228 0297 1435 0164 0450.
0220 0210 0205 0198 0190 0185 0194 0191 0193 0192 0193 0200
0211 0231 0243 0257 0272 0272 0255 0250 0240 0232 0224 0217 0279 1331 0185 0200.
0211 0209 0207 0205 0201 0198 0194 0191 0190 0188 0185 0187
0194 0200 0211 0226 0225 0232 0239 0231 0223 0208 0190 0179 0241 1459 0179 2000.
0173 0167 0166 0162 0159 0158 0159 0158 0156 0155 0156 0156
0159 0165 0171 0173 0168 0167 0156 0142 0141 0142 0140 0140 0179 2007 0139 1648.
0142 0142 0141 0139 0137 0134 0130 0131 0128 0129 0129 0131
0134 0139 0141 0139 0145 0152 0172 0177 0181 0180 0175 0168 0183 1735 0128 0500.
0161 0150 0148 0140 0139 0136 0144 0135 0135 0142 0164 0191
0209 0228 0236 0242 0250 0244 0245 0236 0236 0230 0219 0209 0252 1249 0132 0427.
0207 0196 0182 0176 0169 0166 0165 0163 0150 0145 0161 0180
0194 0204 0211 0222 0229 0238 0238 0234 0237 0227 0207 0188 0242 1442 0143 0617.
0169 0165 0164 0160 0152 0132 0139 0132 0118 0132 0146 0180
0217 0230 0230 0232 0236 0245 0245 0247 0243 0229 0213 0202 0250 1532 0116 0458.
0197 0186 0183 0181 0170 0173 0165 0164 0158 0148 0157 0188
0212 0231 0248 0257 0272 0275 0277 0288 0268 0266 0240 0224 0288 1600 0148 0600.
0210 0199 0183 0177 0175 0170 0164 0163 0169 0171 0167 0197
0215 0238 0253 0269 0282 0288 0290 0296 0289 0279 0258 0241 0298 1535 0161 0332.
0236 0228 0225 0208 0199 0205 0206 0186 0171 0172 0192 0208
0221 0239 0252 0263 0272 0288 0287 0300 0294 0281 0255 0228 0300 1600 0162 0538.
0215 0206 0193 0173 0172 0170 0166 0156 0153 0148 0173 0207
0222 0238 0280 0307 0313 0336 0344 0344 0328 0309 0294 0275 0351 1555 0146 0555.
0271 0254 0248 0243 0231 0242 0210 0212 0201 0204 0224 0255
0272 0289 0326 0334 0356 0363 0364 0364 0358 0344 0322 0306 0375 1450 0185 0541.
0304 0287 0283 0279 0264 0259 0265 0249 0244 0223 0220 0235
0255 0263 0274 0275 0282 0266 0262 0269 0265 0251 0234 0222 0305 2010 0217 0643.
0214 0213 0210 0204 0197 0198 0199 0197 0194 0189 0188 0187
0191 0192 0195 0202 0197 0181 0154 0142 0144 0143 0140 0129 0222 2001 0128 1959.
0128 0125 0120 0122 0121 0121 0119 0119 0118 0113 0112 0113
0127 0136 0152 0163 0164 0163 0164 0164 0162 0156 0153 0148 0169 1521 0111 0657.
0145 0143 0142 0141 0139 0137 0137 0133 0128 0130 0132 0127
0127 0137 0146 0154 0164 0164 0164 0167 0170 0175 0159 0134 0184 1749 0125 0843.
0134 0125 0115 0109 0106 0103 0095 0093 0089 0095 0114 0149
0170 0194 0213 0218 0227 0233 0238 0242 0238 0219 0196 0179 0252 1515 0088 0433.
0161 0152 0144 0136 0143 0142 0137 0135 0132 0133 0141 0157
0184 0192 0195 0195 0207 0207 0201 0205 0199 0189 0180 0173 0209 1302 0126 0444.
0166 0154 0148 0147 0144 0143 0138 0134 0126 0121 0147 0160
0192 0200 0205 0221 0236 0254 0256 0261 0257 0243 0227 0206 0262 1604 0119 0552.
0195 0181 0165 0148 0142 0154 0138 0136 0141 0128 0146 0184
0195 0221 0240 0247 0262 0278 0288 0293 0292 0281 0262 0240 0302 1614 0126 0550.
0226 0212 0204 0198 0185 0181 0177 0161 0162 0163 0183 0202
0211 0230 0250 0272 0291 0303 0306 0312 0304 0287 0267 0241 0317 1554 0160 0405.
0226 0217 0211 0203 0190 0182 0180 0175 0163 0168 0189 0212
0225 0241 0263 0278 0294 0304 0304 0301 0300 0295 0274 0254 0309 1341 0162 0502.
0242 0231 0218 0209 0192 0199 0193 0204 0199 0192 0183 0188
0188 0197 0198 0198 0211 0219 0219 0216 0219 0224 0219 0210 0254 2005 0183 0700.
0201 0196 0193 0185 0181 0185 0195 0189 0181 0182 0193 0207
0219 0233 0240 0251 0260 0270 0264 0263 0260 0253 0243 0232 0272 1358 0175 0448.
0222 0218 0214 0205 0195 0193 0194 0188 0188 0188 0194 0220
0263 0272 0287 0297 0302 0308 0318 0318 0310 0303 0284 0256 0331 1519 0178 0537=
I=
E=
U=
N=
H=
C=
V=
R6
0000 0108 0108
0003 0001 0004
0000 0000 0000
0000 0000 0000
0000 0000 0000
0000 //// ////
0000 0000 0000
0000 0000 0000
0000 0004 0004
0339 0003 0342
0000 0000 0000
0000 0000 0000
0000 0000 0000
0000 0000 0000
0000 0000 0000
0000 0000 0000
0000 0000 0000
0000 0000 0000
0000 0000 0000
0000 0022 0022
0028 0013 0041
0005 0004 0009
0003 0002 0005
0000 0001 0001
0000 //// ////
0000 //// ////
//// 0000 ////
0000 0000 0000
0004 0003 0007
0000 0001 0001
0000 //// ////=
0000 0000 0000 0000 0000 0000 0000 0000 0000 0000 0000 0000
0000 0000 0000 0005 0005 0016 0033 0034 0012 0003 0000 0000.
0001 0001 0000 0000 0000 0000 0000 0000 0001 0000 0000 0000
0000 0000 0000 0000 0000 0000 0000 0000 0001 0000 0000 0000.
0000 0000 0000 0000 0000 0000 0000 0000 0000 0000 0000 0000
0000 0000 0000 0000 0000 0000 0000 0000 0000 0000 0000 0000.
0000 0000 0000 0000 0000 0000 0000 0000 0000 0000 0000 0000
0000 0000 0000 0000 0000 0000 0000 0000 0000 0000 0000 0000.
0000 0000 0000 0000 0000 0000 0000 0000 0000 0000 0000 0000
0000 0000 0000 0000 0000 0000 0000 0000 0000 0000 0000 0000.
0000 0000 0000 0000 0000 0000 0000 0000 0000 0000 0000 0000
0000 0000 //// 0000 0000 0000 0000 0000 0000 0000 0000 0000.
0000 0000 0000 0000 0000 0000 0000 0000 0000 0000 0000 0000
0000 0000 0000 0000 0000 0000 0000 0000 0000 0000 0000 0000.
0000 0000 0000 0000 0000 0000 0000 0000 0000 0000 0000 0000
0000 0000 0000 0000 0000 0000 0000 0000 0000 0000 0000 0000.
0000 0000 0000 0000 0000 0000 0000 0000 0000 0000 0000 0000
0000 0000 0000 0000 0000 0000 0000 0000 0000 0000 0002 0002.
0002 0003 0015 0072 0094 0058 0008 0013 0034 0020 0011 0009
0001 0001 0000 0001 0000 0000 0000 0000 0000 0000 //// 0000.
0000 0000 0000 0000 0000 0000 0000 0000 0000 0000 0000 0000
0000 0000 0000 0000 0000 0000 0000 0000 0000 0000 0000 0000.
0000 0000 0000 0000 0000 0000 0000 0000 0000 0000 0000 0000
0000 0000 0000 0000 0000 0000 0000 0000 0000 0000 0000 0000.
0000 0000 0000 0000 0000 0000 0000 0000 0000 0000 0000 0000
0000 0000 0000 0000 0000 0000 0000 0000 0000 0000 0000 0000.
0000 0000 0000 0000 0000 0000 0000 0000 0000 0000 0000 0000
0000 0000 0000 0000 0000 0000 0000 0000 0000 0000 0000 0000.
0000 0000 0000 0000 0000 0000 0000 0000 0000 0000 0000 0000
0000 0000 0000 0000 0000 0000 0000 0000 0000 0000 0000 0000.
0000 0000 0000 0000 0000 0000 0000 0000 0000 0000 0000 0000
0000 0000 0000 0000 0000 0000 0000 0000 0000 0000 0000 0000.
0000 0000 0000 0000 0000 0000 0000 0000 0000 0000 0000 0000
0000 0000 0000 0000 0000 0000 0000 0000 0000 0000 0000 0000.
0000 0000 0000 0000 0000 0000 0000 0000 0000 0000 0000 0000
0000 0000 0000 0000 0000 0000 0000 0000 0000 0000 0000 0000.
0000 0000 0000 0000 0000 0000 0000 0000 0000 0000 0000 0000
0000 0000 0000 0000 0000 0000 0000 0000 0000 0000 0000 0000.
0000 0000 0000 0000 0000 0000 0000 0000 0000 0000 0000 0000
0000 0000 0000 0000 0000 0000 0004 0005 0005 0002 0001 0005.
0000 0001 0003 0003 0003 0001 0002 0003 0004 0003 0003 0002
0002 0002 0001 0002 0001 0001 0001 0000 0001 0001 0000 0001.
0000 0001 0000 0001 //// 0001 0000 0000 0001 0000 0001 0000
0000 0001 0000 0001 0000 0000 0001 0000 0000 0001 0000 0000.
0000 0001 0000 0000 0001 0000 0000 0000 0001 0000 0000 0000
0001 0000 0000 0000 0001 0000 0000 0000 0000 0000 0000 0000.
0000 0000 0000 0000 0000 0000 0000 0000 0000 0000 0000 0000
0001 0000 0000 0000 0000 0000 0000 0000 0000 0000 0000 0000.
0000 0000 0000 0000 0000 0000 0000 0000 0000 0000 0000 0000
0000 0000 0000 0000 //// 0000 0000 0000 0000 0000 0000 0000.
0000 0000 0000 0000 0000 0000 0000 0000 0000 0000 0000 0000
0000 //// 0000 0000 0000 0000 0000 0000 0000 0000 0000 0000.
0000 0000 0000 0000 0000 //// 0000 0000 0000 0000 0000 0000
0000 0000 0000 0000 0000 0000 0000 0000 0000 0000 0000 0000.
0000 0000 0000 0000 0000 0000 0000 0000 0000 0000 0000 0000
0000 0000 0000 0000 0000 0000 0000 0000 0000 0000 0000 0000.
0000 0000 0000 0000 0000 0000 0000 0000 0000 0000 0002 0002
0003 0000 0000 0000 0000 0000 0000 0000 0000 0000 0000 0000.
0000 0000 0000 0000 0000 0000 0000 0000 0000 0000 0000 0000
0000 0000 0001 0000 0000 0000 0000 0000 0000 0000 0000 0000.
0000 0000 0000 0000 0000 0000 0000 0000 0000 0000 0000 0000
//// 0000 0000 0000 0000 0000 0000 0000 0000 0000 0000 0000=
0000 ////////// 00000=
W=
L=
Z=
G=
FN
349010 323020 327028 321019 316030 309021
299021 306021 311025 PPC001 123007 124005
352009 349008 341022 349022 289017 233038
241035 277018 264029 268021 303023 271018.
327010 327022 311020 322037 315034 296024
303022 295026 279012 300012 296013 270012
310019 316019 299012 255013 233008 255013
214017 204037 232018 216021 195012 272007.
232008 231009 209011 PPC001 296018 289003
276012 272015 020005 263013 221013 276012
235012 190008 152013 123013 135025 096028
106029 111038 088042 115022 114014 105016.
047013 040014 023016 026012 031009 003011
040006 000012 025006 075005 037007 088017
133011 148011 135019 133017 127016 155025
134032 117042 108032 098051 102036 051017.
067020 059016 351019 030013 007013 012012
044012 031011 032008 009011 080010 091016
109023 158015 180019 317011 247024 032015
007012 311017 331023 304020 174013 026014.
039012 041008 355012 218008 226009 289010
258016 312015 280007 327015 310016 169015
189009 047016 065033 098042 091030 107038
074038 079036 230033 230027 230030 230028.
180021 230020 071019 064016 051014 063010
090015 143008 146006 164007 PPC000 200006
114014 100025 088031 121031 123029 139033
072051 088058 071064 085052 077051 092058.
230061 230047 230044 233037 076042 079032
085026 067026 067036 088031 089039 092031
230044 230054 230044 230047 230060 230037
230046 230052 086043 085040 078029 057021.
093034 073024 094030 073024 079017 056013
119008 159010 117008 159006 115012 113011
252016 248015 113018 099024 103033 104036
079039 071025 230027 080027 230020 063012.
054019 061034 050026 056008 112009 118022
125019 147015 119006 186009 235012 223008
192009 213013 224012 219008 196016 290012
293026 300021 308019 245008 308028 306034.
312021 305024 292016 277009 281016 313016
313036 262012 297022 300019 293018 293018
310053 312047 306040 313037 314039 295036
312040 312025 312027 308028 305030 301035.
291027 305029 299032 295026 296013 293022
268015 304031 295015 300025 306029 248027
233049 247042 248033 248051 248046 305047
248043 245049 311036 311035 276023 280019.
315017 318022 299014 296018 286018 240022
265008 300009 319020 340010 270020 254009
329012 294011 251010 312012 302024 254016
300019 283022 296014 275014 295019 291016.
303021 264009 311019 299018 287013 270010
288017 312025 303025 314022 301013 326023
285028 310021 323026 300025 278018 198011
225018 218013 241013 328014 318019 310016.
316025 314025 310010 310016 256010 267014
303009 320018 316022 308022 252017 305017
260013 283021 297014 236024 314033 275033
292026 299016 297026 283023 287014 292010.
280011 289007 283009 252013 267009 265011
295013 326014 350016 032016 052029 077030
105022 068021 132020 161022 088016 195018
125022 232016 181026 136023 091022 061014.
062019 071022 069019 007012 019008 021008
043008 PPC000 025007 019006 038009 PPC002
214013 234012 232017 238019 282019 222030
283022 319028 307013 334017 339097 276015.
256017 305023 251016 282018 297012 278013
314010 250012 311006 292008 310020 254012
201009 187014 189015 151016 111021 164015
249017 235022 204019 245013 325031 326031.
316034 248009 158008 298017 308031 293020
318031 248007 230003 230009 230010 130014
097043 116065 230057 230039 230050 090056
068051 082053 071046 089048 081047 090045.
056041 066043 084028 097038 062015 024021
098024 054017 063025 071017 101024 079016
073013 097013 094007 110010 089033 066027
095033 094049 121014 095035 068021 067022.
230043 241003 PPC002 238005 238004 248013
248011 230006 247012 248025 248013 248015
248014 247022 248019 248039 248035 248033
313031 286035 301020 300025 287020 284017.
246010 307013 294010 295007 284012 299017
292019 301013 225004 295020 286016 276027
262006 311023 309025 320021 334015 269020
224019 239024 265017 273019 305009 260005.
241011 267011 238007 296010 163010 270010
272013 240016 287010 282010 293020 293013
231018 252026 236021 185023 170025 230018
230011 150025 230025 230020 230013 230018.
230015 230014 230011 230016 230009 230017
230010 230010 230013 230009 230008 230018
230011 230014 230016 230016 230012 230008
230016 230019 230018 230014 230015 230011.
230010 230011 230010 230013 230014 230009
230008 230010 230008 230007 230006 230006
230007 230013 230007 230019 230016 230022
230031 230024 230021 230025 230019 230014.
230016 230012 230014 230013 230015 230011
230007 230010 230009 230008 230012 230004
230016 230013 230007 230012 230010 248015
230015 230011 230015 230023 230019 230015.
230016 230018 230023 230019 230011 //////
230020 230007 PPC001 230011 230007 236008
236012 236008 236009 236016 236028 230016
230016 230007 230029 230013 230046 230052.
230034 230031 230027 230016 236015 236005
236007 236010 PPC000 236008 236009 236012
236010 236015 230025 230009 230021 230022
230026 230020 230017 230013 230015 230014.
230012 230013 230005 230005 230012 230011
230010 230008 230009 PPC002 230013 230013
230017 230016 230009 230021 230011 230005
230018 230031 230017 230014 230014 230014.
230010 230013 230013 230016 230005 230024
230028 230016 230018 230006 230013 230013
230029 230030 230030 230031 230035 230017
230023 230027 230029 234027 234024 234017.
234007 234011 234013 234006 234006 234011
234012 234020 234016 234014 234023 234022
////// 238037 238033 238031 238043 238052
238050 241050 241034 248027 248013 248009=
341013 323022 327026 323020 316026 302023
302022 309022 312024 280005 137010 088005
358008 349008 335017 348028 285022 240035
246035 270020 266026 278023 300018 278013.
313011 333025 312022 322037 313029 295027
305026 282023 269014 274010 289013 261008
312020 312017 297013 246016 251013 221013
224023 209033 240023 229019 202011 236008.
234008 234007 212012 255003 283010 286008
265008 283010 323011 264015 216012 264010
228013 199008 161015 126016 132018 106031
111030 109032 097042 122026 111015 111015.
049011 048011 020016 026011 032009 002011
036007 000010 033006 067005 032008 095015
137013 160017 157020 128017 142018 145027
134029 123029 115033 095043 099040 073018.
062018 061014 353017 023014 009012 049010
036011 032012 016008 017010 074008 082016
107016 158015 201019 341009 219017 294012
317022 310026 317025 311024 159013 048014.
028011 035011 356012 140008 227006 297012
256015 312016 286010 329014 316015 173017
171011 064016 080031 097042 086034 112031
077031 086038 235038 221034 235028 235021.
194021 193021 079017 067016 057013 072010
090011 135005 137005 174007 071003 210007
110010 100024 098028 117040 116035 120044
079056 086060 078059 087063 079053 086055.
193057 235043 235038 241037 079036 085035
087035 071028 077032 086035 091034 083030
229035 235050 229053 235041 233047 220047
228047 225045 085048 074037 074033 065026.
093029 074022 091025 071022 077016 060009
126010 151010 119009 122007 122010 114010
314012 243009 168016 099021 098025 096031
089049 079029 206026 080023 217016 070014.
060022 057034 054021 055009 111007 109028
120017 142013 148006 217008 230010 226009
204009 224011 232013 206010 198017 268014
288021 304025 300016 269011 302022 307028.
306020 305021 296017 272009 275011 306017
313030 269014 291020 300021 297017 286015
314038 313037 305039 310041 313039 298040
305037 316036 311035 312039 303031 295029.
293025 303028 298030 295026 297014 303023
275013 309034 288014 304025 308036 243027
274044 240044 243043 243046 243050 307051
243044 239048 309040 305032 280018 296020.
308013 316018 299015 300016 278013 244021
265007 300009 332016 307010 270019 243013
311014 294015 281015 303017 310018 293018
296016 269021 272015 275011 291018 288016.
307022 285010 299019 295019 282012 273011
298018 313028 307023 314021 302016 320025
287025 291020 311024 314023 293017 223011
225017 158011 256018 300014 317020 311015.
319023 316027 296008 307011 255010 257013
298009 319018 314022 313022 271016 304014
270015 298018 298018 259015 312025 273030
309029 294025 294030 292027 281015 290011.
292014 275008 280009 252010 256008 262013
284010 330012 000012 036016 057033 063029
105032 076025 126021 137016 111023 172018
113016 204015 177020 128017 091016 063015.
061018 069020 063017 003011 009007 021008
043009 070003 PPC001 016007 025008 026003
207010 246012 238014 235023 284014 231022
268023 305028 304018 331017 339074 286013.
271015 307024 257013 278017 299012 284015
322010 258020 068008 285007 311017 279008
214011 193012 187011 151016 127015 171014
269017 232017 209021 246014 326029 327030.
320038 243012 206005 292019 306024 295023
318030 243008 238006 235009 235006 199010
093045 117055 235050 235056 235045 088050
079057 083053 080049 081044 084046 085041.
058038 066043 087028 099039 063016 037019
092024 068018 067024 072017 098025 076016
070019 098018 109009 112008 102024 066029
098036 098046 114018 097031 065021 064019.
235035 242008 235003 235007 PPC002 243010
243011 217007 242013 254027 243017 243013
243012 243021 243020 243037 243038 243037
301029 290032 304022 307021 293022 288016.
269013 302014 295012 285007 283010 297019
294019 295012 268007 293019 293026 284018
243012 306018 306025 312018 322016 274016
242025 234023 254013 273016 301010 268004.
238010 261010 231006 282007 218008 236009
278010 253016 268012 305008 294017 282015
245017 265019 247017 213020 186016 226019
235015 194020 243023 235022 235017 235018.
235014 235014 235009 235015 235013 235017
235014 235011 235009 235007 235005 235014
235016 235016 235014 235014 231016 235013
235017 235017 235014 235016 235015 235010.
235010 235012 235011 235011 235012 235009
235006 235009 235007 235006 235006 235007
235011 235013 235011 235016 235017 235018
235024 235022 235016 235019 235018 235014.
235015 235011 235015 235014 235014 235008
235008 235005 235007 235008 235011 235007
235014 235011 235009 235017 236012 243014
231013 235014 235017 235022 235015 235013.
235015 235017 235022 235020 235013 //////
235022 235008 PPC002 235009 235009 243008
243010 243009 243012 243013 243018 235013
235018 235019 235025 235021 235045 235055.
235038 235031 235026 235019 243014 243006
243007 243008 PPC002 243003 243007 243011
243010 243013 235019 235013 235022 235024
235020 235019 235019 235017 235013 235012.
235012 235010 235008 235006 235010 235011
235010 235004 235010 235005 235015 235013
235020 235015 235006 235020 235012 235007
235013 235027 235020 235016 235012 235011.
235009 235011 235009 235015 235007 235021
235027 235018 235013 235008 235014 235014
235029 235034 235029 235037 235029 235015
235023 235027 235031 242022 242022 242017.
242008 242008 242012 242006 242006 242009
242013 242020 242017 242014 242022 242018
////// 243041 243035 243029 243049 243046
243053 243037 243037 243029 243013 243009=
041244 1431 069239 1415
040317 0024 061318 0018
043100 1705 065087 1653
049103 1834 069084 1559
031285 1522 057304 1543
042097 1200 063104 1406
064088 1759 096098 1532
059135 2038 094239 1510
050098 1458 076118 1643
034057 2200 049298 1600
051304 1331 081318 1035
055243 1234 102239 1341
026256 1420 049301 1138
035313 1017 054242 1439
038309 1422 068315 1336
034054 0711 057048 0703
083331 1907 121318 1858
033328 1954 050332 1942
074112 1015 104096 1006
053054 2141 080048 2224
043222 2108 074239 1139
031296 0611 050321 0616
029226 1430 050239 1625
026235 1350 043239 1348
026235 1146 052239 1459
024235 1805 045239 1754
055235 2000 084239 1935
057235 2015 079239 2010
028235 1607 039239 1559
041235 0934 071239 0948
053243 1349 093239 1457=
D=
K=
A=
S=
B=
??????
******
YF
O2190
河南省
豫宜阳高村
宜阳县高村乡烟站
丘陵；城镇；地面
空缺
计算机
计算机
计算机
计算机
计算机
20120208=
JY
8888=
GK
01/
05/=
BZ
BB/27/02时气温用前后正点数据内插求得。
BB/31/09时气温用正点后2分钟值代替。
00/343459/1115147
10/24/逐时观测
10/24/24时连续观测
11/不守班=
######
