O2183 3435N 11148E 004120 004120 105 000 S15 91999999919999199999 0 2010 05
P=
TB
0148 0137 0131 0115 0105 0098 0093 0094 0082 0080 0092 0141
0190 0212 0243 0270 0289 0302 0314 0306 0300 0291 0249 0223 0315 1501 0076 0605.
0186 0163 0157 0143 0142 0137 0129 0128 0123 0116 0134 0185
0239 0275 0300 0323 0333 0352 0344 0342 0335 0311 0275 0255 0358 1402 0115 0527.
0233 0208 0194 0189 0179 0171 0163 0155 0153 0150 0159 0184
0238 0260 0281 0283 0284 0285 0281 0271 0266 0264 0255 0246 0291 1215 0150 0556.
0240 0234 0212 0211 0210 0200 0190 0205 0203 0205 0213 0216
0200 0208 0214 0219 0203 0206 0197 0197 0202 0199 0189 0191 0247 2001 0184 0245.
0182 0180 0180 0179 0178 0176 0172 0173 0182 0194 0193 0191
0193 0193 0208 0212 0209 0210 0233 0230 0237 0238 0223 0211 0244 1724 0170 0249.
0185 0182 0184 0170 0174 0178 0168 0175 0162 0149 0150 0158
0187 0204 0216 0231 0239 0256 0262 0271 0266 0245 0230 0193 0275 1542 0143 0622.
0152 0146 0123 0111 0103 0095 0087 0086 0082 0081 0099 0157
0213 0235 0260 0285 0291 0294 0290 0292 0289 0268 0247 0222 0301 1224 0081 0441.
0209 0202 0186 0184 0174 0175 0169 0161 0162 0158 0159 0167
0179 0182 0195 0202 0214 0213 0235 0238 0237 0217 0198 0177 0248 1506 0153 0606.
0162 0150 0138 0129 0122 0114 0107 0101 0105 0109 0138 0172
0191 0206 0205 0204 0208 0223 0230 0221 0212 0203 0179 0151 0230 1455 0099 0425.
0144 0125 0110 0105 0082 0075 0059 0057 0068 0060 0076 0119
0180 0207 0228 0243 0252 0266 0276 0279 0278 0259 0240 0192 0286 1427 0052 0425.
0164 0141 0122 0123 0111 0099 0095 0098 0080 0083 0107 0175
0184 0204 0215 0236 0243 0252 0255 0251 0245 0232 0209 0193 0260 1404 0079 0443.
0180 0172 0166 0160 0155 0152 0144 0143 0134 0136 0151 0161
0163 0165 0169 //// //// 0142 0135 0130 0125 0126 0128 0127 0192 2001 0120 1715.
0127 0126 0127 0129 0129 0129 0128 0128 0128 0127 0126 0129
0135 0139 0148 0156 0169 0179 0184 0187 0188 0185 0178 0170 0190 1603 0125 0602.
0160 0161 0164 0160 0157 0155 0143 0139 0130 0126 0132 0147
0168 0179 0185 0198 0203 0211 0212 0210 0210 0203 0192 0181 0216 1440 0124 0539.
0171 0153 0140 0132 0134 0123 0115 0109 0109 0103 0113 0150
0173 0185 0206 0220 0229 0220 0215 0216 0209 0200 0191 0185 0236 1329 0099 0549.
0180 0172 0167 0164 0160 0156 0151 0151 0150 0148 0147 0148
0151 0154 0159 0159 0159 0156 0154 0152 0148 0147 0146 0143 0185 2005 0143 1950.
0144 0144 0142 0141 0141 0139 0140 0140 0139 0140 0146 0157
0170 0182 0192 0210 0228 0224 0216 0217 0213 0214 0207 0192 0240 1342 0136 0249.
0184 0184 0192 0161 0156 0152 0150 0148 0138 0140 0141 0149
0167 0168 0180 0192 0217 0234 0220 0218 0233 0219 0207 0153 0235 1402 0136 0629.
0138 0134 0137 0115 0120 0111 0109 0097 0103 0100 0123 0166
0218 0238 0262 0269 0293 0292 0291 0291 0295 0280 0261 0191 0303 1403 0093 0537.
0170 0147 0129 0125 0121 0108 0100 0098 0094 0095 0119 0164
0207 0223 0262 0281 0290 0280 0277 0275 0259 0242 0233 0218 0297 1311 0090 0409.
0218 0205 0200 0188 0190 0176 0174 0169 0170 0169 0156 0161
0167 0171 0173 0175 0165 0162 0164 0170 0174 0177 0173 0166 0220 2053 0155 0701.
0158 0155 0150 0151 0151 0154 0142 0148 0147 0144 0153 0174
0194 0222 0244 0262 0270 0272 0274 0254 0256 0245 0221 0201 0293 1313 0141 0231.
0191 0183 0181 0160 0160 0157 0140 0134 0126 0124 0141 0179
0203 0223 0235 0255 0271 0284 0290 0293 0293 0282 0256 0240 0300 1548 0122 0537.
0217 0190 0182 0168 0164 0157 0148 0145 0141 0139 0167 0222
0266 0295 0315 0339 0357 0362 0365 0355 0351 0316 0283 0262 0369 1421 0137 0514.
0250 0241 0238 0231 0228 0228 0221 0212 0202 0201 0209 0225
0235 0245 0248 0257 0271 0283 0279 0280 0267 0258 0249 0239 0287 1408 0199 0534.
0233 0226 0218 0218 0214 0212 0206 0207 0205 0201 0195 0197
0200 0201 0186 0177 0179 0184 0181 0183 0186 0185 0182 0180 0238 2001 0177 1200.
0180 0179 0178 0176 0174 0169 0168 0171 0167 0166 0169 0167
0162 0164 0167 0169 0172 0169 0170 0158 0158 0156 0155 0151 0180 2001 0151 1959.
0151 0150 0149 0148 0148 0147 0147 0147 0148 0147 0152 0166
0177 0195 0211 0219 0245 0256 0265 0268 0270 0260 0244 0204 0272 1701 0145 0122.
0197 0188 0177 0174 0164 0159 0157 0148 0143 0145 0169 0212
0241 0251 0271 0289 0299 0315 0315 0315 0307 0296 0280 0233 0317 1555 0140 0505.
0215 0200 0197 0183 0183 0180 0174 0173 0172 0172 0186 0197
0230 0264 0282 //// //// 0303 0316 0311 0300 0282 0255 0235 0321 1512 0164 0535.
0214 0238 0235 0230 0224 0217 0206 0207 0205 0203 0205 0231
0240 0259 0253 0269 0268 0281 0269 0261 0256 0246 0239 0228 0284 1408 0200 0632=
I=
E=
U=
N=
H=
C=
V=
R6
0000 0000 0000
0000 0000 0000
0000 0000 0000
0000 0057 0057
0000 0000 0000
0000 0000 0000
0000 0000 0000
0000 0000 0000
0000 0000 0000
0000 0000 0000
0000 0000 0000
0000 0096 0096
0016 0000 0016
0000 0000 0000
0000 0000 0000
0000 0061 0061
0051 0000 0051
0000 0000 0000
0000 0000 0000
0000 0000 0000
0009 0008 0017
0000 0000 0000
0000 0000 0000
0000 0000 0000
0000 0000 0000
0000 0046 0046
0097 0244 0341
0011 0000 0011
0000 0000 0000
0000 //// ////
0000 0000 0000=
0000 0000 0000 0000 0000 0000 0000 0000 0000 0000 0000 0000
0000 0000 0000 0000 0000 0000 0000 0000 0000 0000 0000 0000.
0000 0000 0000 0000 0000 0000 0000 0000 0000 0000 0000 0000
0000 0000 0000 0000 0000 0000 0000 0000 0000 0000 0000 0000.
0000 0000 0000 0000 0000 0000 0000 0000 0000 0000 0000 0000
0000 0000 0000 0000 0000 0000 0000 0000 0000 0000 0000 0000.
0000 0000 0000 0000 0000 0000 0000 0000 0000 0000 0000 0000
0015 0004 0000 0000 0004 0006 0003 0024 0001 0000 0000 0000.
0000 0000 0000 0000 0000 0000 0000 0000 0000 0000 0000 0000
0000 0000 0000 0000 0000 0000 0000 0000 0000 0000 0000 0000.
0000 0000 0000 0000 0000 0000 0000 0000 0000 0000 0000 0000
0000 0000 0000 0000 0000 0000 0000 0000 0000 0000 0000 0000.
0000 0000 0000 0000 0000 0000 0000 0000 0000 0000 0000 0000
0000 0000 0000 0000 0000 0000 0000 0000 0000 0000 0000 0000.
0000 0000 0000 0000 0000 0000 0000 0000 0000 0000 0000 0000
0000 0000 0000 0000 0000 0000 0000 0000 0000 0000 0000 0000.
0000 0000 0000 0000 0000 0000 0000 0000 0000 0000 0000 0000
0000 0000 0000 0000 0000 0000 0000 0000 0000 0000 0000 0000.
0000 0000 0000 0000 0000 0000 0000 0000 0000 0000 0000 0000
0000 0000 0000 0000 0000 0000 0000 0000 0000 0000 0000 0000.
0000 0000 0000 0000 0000 0000 0000 0000 0000 0000 0000 0000
0000 0000 0000 0000 0000 0000 0000 0000 0000 0000 0000 0000.
0000 0000 0000 0000 0000 0000 0000 0000 0000 0000 0000 0000
0000 0000 0000 0000 //// 0008 0013 0021 0023 0015 0012 0004.
0003 0001 0000 0000 0000 0002 0002 0002 0003 0002 0000 0001
0000 0000 0000 0000 0000 0000 0000 0000 0000 0000 0000 0000.
0000 0000 0000 0000 0000 0000 0000 0000 0000 0000 0000 0000
0000 0000 0000 0000 0000 0000 0000 0000 0000 0000 0000 0000.
0000 0000 0000 0000 0000 0000 0000 0000 0000 0000 0000 0000
0000 0000 0000 0000 0000 0000 0000 0000 0000 0000 0000 0000.
0000 0000 0000 0000 0000 0000 0000 0000 0000 0000 0000 0000
0000 0000 0000 0000 0000 0000 0000 0001 0010 0006 0016 0028.
0019 0008 0015 0009 0000 0000 0000 0000 0000 0000 0000 0000
0000 0000 0000 0000 0000 0000 0000 0000 0000 0000 0000 0000.
0000 0000 0000 0000 0000 0000 0000 0000 0000 0000 0000 0000
0000 0000 0000 0000 0000 0000 0000 0000 0000 0000 0000 0000.
0000 0000 0000 0000 0000 0000 0000 0000 0000 0000 0000 0000
0000 0000 0000 0000 0000 0000 0000 0000 0000 0000 0000 0000.
0000 0000 0000 0000 0000 0000 0000 0000 0000 0000 0000 0000
0000 0000 0000 0000 0000 0000 0000 0000 0000 0000 0000 0000.
0000 0000 0000 0000 0000 0000 0000 0000 0000 0001 0007 0001
0000 0004 0003 0000 0001 0000 0000 0000 0000 0000 0000 0000.
0000 0000 0000 0000 0000 0000 0000 0000 0000 0000 0000 0000
0000 0000 0000 0000 0000 0000 0000 0000 0000 0000 0000 0000.
0000 0000 0000 0000 0000 0000 0000 0000 0000 0000 0000 0000
0000 0000 0000 0000 0000 0000 0000 0000 0000 0000 0000 0000.
0000 0000 0000 0000 0000 0000 0000 0000 0000 0000 0000 0000
0000 0000 0000 0000 0000 0000 0000 0000 0000 0000 0000 0000.
0000 0000 0000 0000 0000 0000 0000 0000 0000 0000 0000 0000
0000 0000 0000 0000 0000 0000 0000 0000 0000 0000 0000 0000.
0000 0000 0000 0000 0000 0000 0000 0000 0000 0000 0000 0000
0000 0000 0011 0030 0003 0000 0000 0000 0000 0000 0000 0002.
0001 0001 0001 0014 0007 0009 0001 0000 0020 0015 0006 0022
0056 0035 0031 0036 0021 0031 0014 0002 0015 0003 0000 0000.
0000 0004 0003 0002 0000 0000 0000 0000 0001 0001 0000 0000
0000 0000 0000 0000 0000 0000 0000 0000 0000 0000 0000 0000.
0000 0000 0000 0000 0000 0000 0000 0000 0000 0000 0000 0000
0000 0000 0000 0000 0000 0000 0000 0000 0000 0000 0000 0000.
0000 0000 0000 0000 0000 0000 0000 0000 0000 0000 0000 0000
0000 0000 0000 //// //// 0000 0000 0000 0000 0000 0000 0000.
0000 0000 0000 0000 0000 0000 0000 0000 0000 0000 0000 0000
0000 0000 0000 0000 0000 0000 0000 0000 0000 0000 0000 0000=
0000 ////////// 00000=
W=
L=
Z=
G=
FN
250023 239033 244018 231029 243031 239030
251032 262027 261027 264025 258029 321020
126020 095014 185009 191010 181021 143032
210018 105047 108018 085017 054036 094025.
238024 235030 247025 243028 242032 246029
245028 249025 257019 254034 272028 271023
271015 269015 187022 205028 350010 138013
027032 019017 033022 013036 070030 077034.
309016 278019 267028 264012 269013 279014
290022 293032 297033 284024 292024 302012
112024 100040 086061 069071 073059 074078
072084 071050 055067 053077 050054 044033.
040033 088016 239027 261037 267012 353014
017017 068016 101013 005023 063047 058062
061048 054043 059047 057055 042072 054048
054053 055027 046042 086036 058032 057017.
009027 336023 091011 PPC000 228015 244016
223017 199017 285038 281067 287057 286052
291084 286077 260072 266061 279050 261041
290088 287067 271062 249073 229038 229039.
250025 250030 221011 266022 274042 262024
236035 205028 271029 256016 254034 264030
259038 255032 237039 190032 238051 278027
192050 216046 178034 139041 152044 295014.
245019 266018 260023 258029 257021 249030
247028 264026 263026 267023 265030 280022
176009 233017 177007 109020 171024 075035
104038 075029 092018 059033 040011 054025.
238012 245008 242025 232012 222019 182007
206013 270014 157014 254016 255011 271010
////// 091023 301010 117015 112025 086019
073024 077052 052074 057060 063046 066023.
076032 044029 216006 220018 230027 231022
231034 231025 217010 227025 228033 234049
244048 243083 226096 237121 227091 295117
294088 293066 316075 304045 270016 325022.
340018 303027 298028 295021 296028 296024
314023 288040 283023 294031 298025 316010
185010 163012 222034 214011 229033 262089
263085 265046 306049 207024 281009 302022.
299031 315027 297037 277012 291023 300032
298031 307031 295027 299026 096007 069086
088088 073076 067059 082068 087053 095056
079063 083060 109064 093072 074065 068068.
061087 055062 055067 058065 053063 051063
100029 067041 079026 123022 082052 080063
080073 088065 090058 ////// ////// 093032
151020 124021 119017 038011 104019 111020.
095022 059029 044038 061049 064052 064048
057039 063040 066038 107012 151011 090021
070030 079024 065048 095037 085028 110030
112015 127012 140015 083025 074011 141010.
307011 263010 057016 099011 178011 132009
276013 293012 308013 322012 306017 282011
286006 152014 115015 128016 093037 108024
////// 075035 068027 132028 132021 101019.
102022 296006 308017 296011 191005 297017
314011 279014 319010 303014 279009 143014
121024 123038 123045 134053 108066 127055
099073 132055 125050 118058 102046 115045.
111073 109064 113066 112051 081055 097035
094029 074035 086047 096041 096048 088047
087047 093061 095048 099062 091048 074031
057041 075047 070038 080018 054020 061011.
280008 287008 PPC000 306011 PPC000 204009
285015 285016 327018 314021 285028 272015
216017 237021 276031 255020 188018 206014
231012 144021 114021 115014 117009 014008.
303014 279013 285040 265078 285094 291143
286070 281093 292068 268057 269034 297053
295064 292078 274053 283053 305063 288069
287063 226045 257042 217040 240046 289035.
283037 290036 277012 273031 292030 290029
288021 306031 315016 290057 287027 283047
230018 247026 266042 268050 329048 306029
252052 167038 092019 058011 029010 274023.
289023 282032 288031 279047 296028 281030
296028 302021 278040 283027 288023 230004
183008 ////// 107023 011035 028050 004029
004042 003041 007035 004036 013033 031030.
006029 071015 014011 031014 130006 244019
268015 255014 262014 197024 263035 266026
238017 231022 252030 194018 197051 192055
194032 217040 227016 267013 127015 343006.
116004 285020 267021 264011 PPC000 173008
278019 300008 284019 310010 116012 283011
270022 212018 241041 184021 156018 154024
115027 092031 094043 072043 059033 049028.
058021 006011 151005 255019 201008 321012
261013 268017 269025 276022 279016 261013
163013 127016 131016 051022 273009 291012
017018 001032 002027 002019 009024 036017.
247005 201016 022012 242020 207038 200023
213026 202029 207035 201030 204038 231019
181020 264018 210011 018018 006029 096025
137015 114043 137034 002074 030085 012078.
015086 016074 017081 016063 ////// 023067
025062 026059 029058 025047 037046 055063
051070 047076 042083 050061 041089 055063
041093 042084 048103 050076 052072 047056.
049070 044074 045053 053069 047071 037068
052058 041043 050058 036066 046044 035060
041071 044065 043063 046060 053065 059038
085014 085018 056020 069014 074015 053044.
055033 055054 046042 057036 072017 075021
070044 049043 043041 046057 050057 042042
048038 047048 045060 054070 042042 043049
051061 047056 049032 051062 050053 055047.
053042 047044 045041 033037 034038 039033
039017 309008 224014 218011 236007 278015
243021 235022 211041 208044 218050 252037
253028 224058 228036 180019 181011 238013.
234039 235038 243033 226018 250021 233023
265018 247028 254028 255016 262021 258011
110010 204013 285015 119017 110029 116012
110021 076026 114025 096013 055014 222010.
231028 225042 219026 225026 231027 253017
232024 232028 189016 253020 216030 171023
229014 132007 ////// ////// ////// 201060
209044 225040 166041 201026 111026 //////.
198021 003058 002044 003036 003035 002025
048016 012020 139004 020016 069007 034032
025038 013028 041026 048035 063032 046037
002030 004022 034031 040020 003035 002045=
236023 239031 248019 230029 240030 241028
252032 261028 259027 263026 255027 299019
124020 104017 166011 178011 179018 164026
172019 111039 108024 087021 053038 088027.
235022 244026 245028 246026 241032 244028
245029 251025 258021 254034 274026 272025
274016 288019 185021 202027 101012 136014
023039 018019 035020 013038 067031 076034.
289019 279020 268027 259012 281014 276014
288021 294033 298031 284023 291024 296013
115021 097042 090063 068069 076066 075076
075076 069050 056064 054074 050058 044034.
039034 092015 276025 259032 275012 324016
013020 075017 094017 326019 059043 061062
067045 060040 059050 052051 043070 049048
055055 050034 049042 079037 056027 058021.
023026 330024 087014 PPC000 237015 246015
224016 184020 286040 280071 287056 285054
289085 285079 264066 270062 275050 258038
286082 284068 273063 251073 227040 230040.
251029 237026 218011 267023 274040 259023
237034 203031 269029 261020 256034 266027
259036 247029 238036 191034 238051 261037
201039 209042 186030 141040 150041 265013.
250016 259019 258023 254030 254024 249030
248028 260026 261028 270024 263027 283023
192008 214016 184012 102015 158021 079033
107032 082026 093017 056031 045012 053025.
233013 244009 242023 235012 224021 199008
210013 254012 157012 257014 251010 258012
////// 084025 351012 124012 109025 088021
067024 077047 054070 057060 061050 066024.
073030 046027 203008 218016 227027 228020
231033 231023 218012 224025 230034 236041
243054 241092 233091 238102 225088 297119
296089 292066 317072 302043 276017 329021.
339018 304027 301027 287021 297027 296022
317023 286040 284023 291030 295025 315011
205008 155013 206031 232021 237033 264088
269087 268051 300043 228026 298010 305021.
298035 311030 296037 284016 295023 299032
298034 312028 298030 300025 171007 072080
082089 076076 068067 076058 094058 096054
085064 085068 101066 096073 073070 068067.
061079 055065 055067 055063 053062 051060
092030 064046 083027 104027 084048 077068
080065 086062 085057 ////// ////// 094030
147020 124019 122018 028012 109019 111019.
096021 057034 044037 060049 062051 063049
058044 064038 066037 117011 136011 091022
069029 076025 066047 090035 092029 116026
126017 126012 135016 086022 068011 154011.
313011 268009 065015 103011 163011 125011
285012 292011 306013 322013 304016 281013
269005 154014 124015 150015 077030 103023
////// 071033 068024 128028 129022 105020.
103021 013005 304018 299011 030006 297015
315011 278013 318011 303015 284010 142014
117028 124038 119041 133053 120058 118056
105066 133053 130052 121056 102045 113048.
112071 108064 111071 112052 084053 100035
096029 077038 088048 098041 093051 085048
091043 093058 095046 099060 089048 073038
059041 075045 068035 079019 053019 061013.
285007 288008 PPC000 303011 277006 198009
293015 289017 326017 314022 291030 274015
211015 235026 278031 252025 232017 209016
234015 139021 113020 112013 111009 002007.
300014 284015 287041 267086 281089 291138
284078 283093 290064 272065 275035 286057
297062 293082 281053 283063 301061 292062
290066 226048 255048 219044 238044 289034.
284038 293040 275014 274028 291026 286029
287022 301031 306018 289054 287026 284046
225020 253027 278043 267046 326043 299033
261055 174037 121021 067010 033009 277020.
286025 281032 285035 278048 289025 276028
291028 299023 276035 285026 283024 257005
172008 ////// 107023 009037 025042 004029
004040 003037 008038 004036 013032 031030.
005029 060013 009011 028016 131006 245019
266015 257021 264014 197031 263034 266029
233015 235020 246034 196019 198052 195053
188038 212038 208015 264010 125014 356006.
101009 282020 267020 265011 PPC000 153009
275018 296009 294021 311011 197014 269012
268017 220022 237035 199023 170021 161024
109036 086039 095039 075044 059034 048029.
060021 341009 004008 254020 225009 338014
270010 266020 267025 272023 279016 277011
094012 142019 138014 090018 236009 255014
024020 001031 002027 002020 006023 038018.
297006 203015 014014 237020 207039 206022
211026 204031 204035 202031 204035 230020
194019 252019 200012 058018 007028 047032
110020 115046 131035 002070 029084 012078.
015086 016077 017079 016061 ////// 024064
025064 026060 028056 027046 038047 055063
051072 051078 043083 051067 046081 050068
042095 044087 049094 053074 052069 047059.
049071 045073 045052 053070 046070 041066
052057 041048 049061 038062 047044 035061
040073 043064 043063 047059 056058 059040
086015 086016 062019 066015 075016 055041.
054035 055054 046042 056036 066019 072026
072043 051046 046040 045059 050058 042045
048039 047045 045063 054072 045047 045047
053063 047056 048036 052054 051049 053050.
052041 050042 044041 039039 034038 039034
035019 303009 233013 220012 242008 266016
250019 237024 202044 201040 219054 259045
257037 224047 223035 190020 184011 240014.
234038 237042 244034 232020 243022 233023
260019 250028 252029 261015 261021 255012
109010 204014 279012 123018 115026 122014
117021 062021 112022 098013 055014 232011.
239028 223039 220027 226027 227025 244018
230024 233027 193017 244021 216031 166019
231014 156009 ////// ////// ////// 199053
222037 227039 168039 198029 085026 //////.
193023 003052 002049 003036 003033 002028
031017 010022 163004 024016 075006 031032
026041 021033 047024 039030 063034 048036
003029 004025 034034 041020 003043 002045=
042055 1853 055189 1437
052009 1724 064009 1734
085071 1322 102071 1321
072044 1302 091037 1227
104288 1515 127280 1514
062238 1308 073239 1319
052071 1423 068070 1422
078077 1630 096043 1716
134275 1343 165296 1351
090274 1458 110281 1507
106080 0905 121075 0853
084061 2111 095060 2031
061062 0120 069063 0214
035071 1308 047050 1259
075106 1642 097110 1438
075109 2258 095123 2248
038292 1037 045304 1034
143289 0201 186287 0200
063276 1526 084320 1334
050279 2358 067003 1322
059207 1335 080208 1333
057086 1729 074081 1729
037035 1926 050005 1522
098020 1913 120021 1912
103041 1528 136054 1710
084051 2034 120050 2116
080046 1516 097049 1451
062221 1127 085265 1448
049231 2141 052234 2138
058234 1447 076204 1359
056002 1917 082002 2206=
D=
K=
A=
S=
B=
??????
******
YF
O2183
河南省
豫洛宁河底
洛宁县河底乡下营村
丘陵；乡村；地面
王林香
计算机
计算机
计算机
计算机
计算机
20100617=
JY
8888=
GK
01/
05/=
BZ
BB/08/09时温度用正点前9分钟值代替。
BB/14/15时温度用正点前2分钟值代替。
BB/20/10时温度用正点前4分钟值代替。
BB/25/01时温度用正点前7分钟值代替。
BB/30/11时温度用正点前4分钟值代替。20时温度用前后正点数据内插。
00/343430/1114744
10/24/逐时观测
10/24/24时连续观测
11/不守班=
######
