O2181 3421N 11113E 009810 009810 105 000 S15 91999999919999199999 0 2011 02
P=
TB
-012 -022 -022 -036 -040 -049 -053 -054 -047 -056 -051 -037
-017 -005 0010 0019 0037 0042 0047 0052 0042 0012 0005 0005 0053 1551 -059 0616.
0001 0011 0011 0017 0009 0013 0012 0014 0009 0012 0008 0012
0035 0050 0074 0087 0098 0116 0106 0097 0073 0053 0040 0023 0116 1359 -001 2009.
0019 0014 0018 0018 0021 0017 0015 0012 0004 0000 0007 0008
0012 0034 0049 0069 0079 0090 0100 0097 0064 0039 0021 0012 0108 1503 -005 0621.
0010 0009 0011 0010 0007 0012 0022 0021 0011 0026 0027 0038
0041 0057 0057 0060 0076 0081 0093 0091 0084 0055 0055 0033 0099 1603 0003 0116.
0028 0033 0037 0031 -009 -008 -007 -020 -017 0001 0007 -001
-005 0005 0059 0076 0099 0112 0131 0130 0084 0083 0085 0077 0141 1535 -025 0417.
0040 0034 0042 0045 0062 0062 0047 0076 0055 0067 0065 0060
0064 0091 0108 0109 0102 0102 0098 0088 0074 0055 0044 0033 0121 1442 0028 2146.
0029 0026 0018 0012 0008 0007 0006 -003 -001 -006 -011 -014
0000 0014 0036 0069 0090 0132 0117 0110 0095 0080 0063 0069 0132 1358 -019 0746.
0063 0064 0056 0065 0041 0047 0046 0062 0053 0057 0051 0058
0074 0088 0104 0113 0098 0084 0087 0078 0079 0063 0053 0034 0116 1201 0034 1959.
0024 0019 0013 0006 0000 -006 -009 -013 -015 -017 -016 -022
-024 -039 -052 -051 -051 -050 -052 -055 -057 -059 -060 -062 0034 2001 -062 1905.
-061 -062 -063 -067 -074 -070 -072 -072 -071 -071 -070 -066
-044 -043 -027 -009 -005 0025 0017 0010 0007 -001 -006 -003 0033 1357 -077 0431.
-004 -005 0000 -015 -024 -029 -034 -019 -025 -026 -022 -023
-017 -004 0005 0014 0007 0013 0009 0012 0015 0005 -007 -009 0019 1620 -035 0305.
-017 -018 -028 -038 -057 -047 -045 -046 -046 -045 -043 -042
-041 -034 -036 -032 -028 -028 -032 -036 -045 -052 -057 -054 -008 2002 -058 1908.
-055 -056 -059 -052 -046 -030 -031 -034 -034 -032 -036 -043
-037 -029 -024 -011 -011 -002 0006 -003 -006 -015 -030 -035 0011 1520 -061 2243.
-048 -051 -043 -047 -070 -068 -070 -066 -080 -077 -095 -084
-074 -061 -048 -039 -025 -027 -032 -032 -032 -042 -054 -058 -010 1246 -095 0700.
-061 -065 -068 -072 -083 -086 -082 -090 -095 -095 -092 -088
-086 -080 -077 -076 -079 -082 -078 -068 -070 -076 -079 -079 -058 2001 -100 0547.
-080 -078 -078 -078 -076 -074 -070 -063 -059 -064 -064 -055
-033 -010 0004 0022 0036 0046 0043 0035 0025 0021 0017 0014 0051 1537 -083 2057.
0012 0019 0012 0026 0025 0018 0016 0012 0021 0004 0001 -004
0015 0042 0058 0069 0078 0079 0078 0076 0061 0045 0026 0015 0085 1315 -005 0801.
0005 -001 -008 -018 -016 -021 -028 -030 -028 -033 -035 -034
-029 -020 -009 -005 -001 0003 0000 0004 0002 -003 -011 -016 0014 2001 -036 0709.
-015 -015 -014 -019 -018 -020 -020 -023 -025 -025 -026 -021
0000 0015 0028 0049 0064 0067 0064 0055 0042 0031 0017 0016 0080 1342 -028 0454.
0013 0016 0016 0011 0007 0001 -003 -005 -007 -010 -007 -002
0016 0031 0045 0049 0059 0076 0065 0054 0045 0031 0020 0012 0079 1422 -016 0646.
0006 -001 -006 -010 -005 -004 -007 -009 -011 -009 -012 -012
-009 -007 -004 -001 0005 0008 0010 0009 0003 -002 -004 -004 0013 1438 -014 0302.
-004 0000 0002 0004 0003 0003 0013 0016 0001 0031 0029 0027
0025 0047 0067 0082 0096 0100 0104 0106 0098 0084 0072 0076 0113 1434 -006 2031.
0075 0067 0071 0064 0060 0059 0055 0060 0053 0048 0051 0064
0082 0096 0127 0134 0165 0162 0162 0165 0143 0123 0097 0091 0175 1332 0043 0533.
0089 0087 0082 0076 0069 0075 0072 0079 0084 0073 0082 0088
0130 0127 0130 0143 0136 0133 0120 0113 0101 0087 0071 0057 0143 1200 0057 1959.
0045 0037 0030 0026 0029 0030 0030 0032 0030 0021 0022 0021
0022 0019 0016 0012 0003 0000 -002 -003 -003 -008 -011 -013 0058 2004 -014 1954.
-016 -016 -018 -021 -025 -032 -034 -036 -039 -038 -040 -038
-038 -039 -037 -038 -037 -033 -032 -033 -031 -033 -034 -033 -013 2002 -040 0531.
-036 -036 -035 -035 -034 -035 -033 -035 -032 -031 -027 -021
-023 -018 -016 -018 -016 -015 -020 -023 -023 -023 -025 -025 -013 1136 -037 2145.
-024 -025 -026 -025 -026 -026 -027 -028 -028 -024 -025 -020
-024 -020 -017 -013 -009 -005 -004 -006 -006 -014 -017 -017 -004 1431 -030 0430=
I=
E=
U=
N=
H=
C=
V=
R6
,,,, ,,,, ,,,,
,,,, ,,,, ,,,,
,,,, ,,,, ,,,,
,,,, ,,,, ,,,,
,,,, ,,,, ,,,,
,,,, ,,,, ,,,,
,,,, ,,,, ,,,,
,,,, ,,,, ,,,,
,,,, ,,,, ,,,,
,,,, 0022 0022
,,,, ,,,, ,,,,
,,,, 0018 0018
,,,, ,,,, ,,,,
,,,, ,,,, ,,,,
,,,, ,,,, ,,,,
,,,, 0017 0017
,,,, ,,,, ,,,,
,,,, ,,,, ,,,,
,,,, ,,,, ,,,,
,,,, ,,,, ,,,,
,,,, ,,,, ,,,,
,,,, ,,,, ,,,,
,,,, ,,,, ,,,,
,,,, ,,,, ,,,,
,,,, ,,,, ,,,,
,,,, ,,,, ,,,,
,,,, ,,,, ,,,,
,,,, ,,,, ,,,,=
0000 0000 0000 0000 0000 0000 0000 0000 0000 0000 0000 0000
0000 0000 0000 0000 0000 0000 0000 0000 0000 0000 0000 0000.
0000 0000 0000 0000 0000 0000 0000 0000 0000 0000 0000 0000
0000 0000 0000 0000 0000 0000 0000 0000 0000 0000 0000 0000.
0000 0000 0000 0000 0000 0000 0000 0000 0000 0000 0000 0000
0000 0000 0000 0000 0000 0000 0000 0000 0000 0000 0000 0000.
0000 0000 0000 0000 0000 0000 0000 0000 0000 0000 0000 0000
0000 0000 0000 0000 0000 0000 0000 0000 0000 0000 0000 0000.
0000 0000 0000 0000 0000 0000 0000 0000 0000 0000 0000 0000
0000 0000 0000 0000 0000 0000 0000 0000 0000 0000 0000 0000.
0000 0000 0000 0000 0000 0000 0000 0000 0000 0000 0000 0000
0000 0000 0000 0000 0000 0000 0000 0000 0000 0000 0000 0000.
0000 0000 0000 0000 0000 0000 0000 0000 0000 0000 0000 0000
0000 0000 0000 0000 0000 0000 0000 0000 0000 0000 0000 0000.
0000 0000 0000 0000 0000 0000 0000 0000 0000 0000 0000 0000
0000 0000 0000 0000 0000 0000 0000 0000 0000 0000 0000 0000.
0000 0000 0000 0000 0000 0000 0000 0000 0000 0000 0000 0000
0000 0000 0000 0000 0000 0000 0000 0000 0000 0000 0000 0000.
0000 0000 0000 0000 0000 0000 0000 0000 0000 0000 0000 0000
0000 0000 0000 0000 0000 0013 0008 0000 0001 0000 0000 0000.
0000 0000 0000 0000 0000 0000 0000 0000 0000 0000 0000 0000
0000 0000 0000 0000 0000 0000 0000 0000 0000 0000 0000 0000.
0000 0000 0000 0000 0000 0000 0000 0000 0000 0000 0000 0000
0000 0000 0000 0000 0000 0000 0014 0004 0000 0000 0000 0000.
0000 0000 0000 0000 0000 0000 0000 0000 0000 0000 0000 0000
0000 0000 0000 0000 0000 0000 0000 0000 0000 0000 0000 0000.
0000 0000 0000 0000 0000 0000 0000 0000 0000 0000 0000 0000
0000 //// 0000 0000 0000 0000 0000 0000 0000 0000 0000 0000.
0000 0000 0000 0000 0000 0000 0000 0000 0000 0000 0000 0000
0000 0000 0000 0000 0000 0000 0000 0000 0000 0000 0000 0000.
0000 0000 0000 0000 0000 0000 0000 0000 0000 0000 0000 0000
//// 0000 0007 0010 0000 0000 0000 0000 0000 0000 0000 0000.
0000 0000 0000 0000 0000 0000 0000 0000 0000 0000 0000 0000
0000 0000 0000 0000 0000 0000 0000 0000 0000 0000 0000 0000.
0000 0000 0000 0000 0000 0000 0000 0000 0000 0000 0000 0000
0000 0000 0000 0000 0000 0000 0000 0000 0000 0000 0000 0000.
0000 0000 0000 0000 0000 0000 0000 0000 0000 0000 0000 0000
0000 0000 0000 0000 0000 0000 0000 0000 0000 0000 0000 0000.
0000 0000 0000 0000 0000 0000 0000 0000 0000 0000 0000 0000
0000 0000 0000 0000 0000 0000 0000 0000 0000 0000 0000 0000.
0000 0000 0000 0000 0000 0000 0000 0000 0000 0000 0000 0000
0000 0000 0000 0000 0000 0000 0000 0000 0000 0000 0000 0000.
0000 0000 0000 0000 0000 0000 0000 0000 0000 0000 0000 0000
0000 0000 0000 0000 0000 0000 0000 0000 0000 0000 0000 0000.
0000 0000 0000 0000 0000 0000 0000 0000 0000 0000 0000 0000
0000 0000 0000 0000 0000 0000 0000 0000 0000 0000 0000 0000.
0000 0000 0000 0000 0000 0000 0000 0000 0000 0000 0000 0000
0000 0000 0000 0000 0000 0000 0000 0000 0000 0000 0000 0000.
0000 0000 0000 0000 0000 0000 0000 0000 0000 0000 0000 0000
0000 0000 0000 0000 0000 0000 0000 0000 0000 0000 0000 0000.
0000 0000 0000 0000 0000 0000 0000 0000 0000 0000 0000 0000
0000 0000 0000 0000 0000 0000 0000 0000 0000 0000 0000 0000.
0000 0000 0000 0000 0000 0000 0000 0000 0000 0000 0000 0000
0000 0000 0000 0000 0000 0000 0000 0000 0000 0000 0000 0000.
0000 0000 0000 0000 0000 0000 0000 0000 0000 0000 0000 0000
0000 0000 0000 0000 0000 0000 0000 0000 0000 0000 0000 0000=
0000 ////////// 00000=
W=
L=
Z=
G=
FN
282027 295029 291043 276031 276036 270037
255035 219015 223022 214029 237029 266040
265037 243043 297053 289059 273044 276069
280039 275045 286033 222026 276047 276040.
281019 120009 242012 255010 272030 274033
261024 287023 274044 274045 276037 262039
278048 248050 263029 311018 270052 273048
265048 277051 271050 070016 138008 180007.
268030 057010 286017 189007 096013 232013
307013 291027 105016 229019 036012 311027
263024 219023 188024 224034 187021 174034
251030 121015 079047 077034 058031 051020.
047027 079016 052010 084009 211009 253017
298016 231020 236026 272037 249047 262066
299032 304043 296034 304050 277043 250059
000028 305022 279027 285025 304040 274037.
060017 355028 358016 054021 062027 044030
077024 078014 075015 178003 269015 256017
068015 231017 235043 227039 224055 221048
237048 217035 075013 292036 294019 286038.
106015 057014 237035 259040 250015 242016
238017 222009 295022 315043 022020 212016
035017 088034 105031 064055 085039 108053
081046 085055 061069 063056 068049 056044.
046045 058048 088036 061045 075011 046026
125021 297008 073016 246016 103011 043014
140011 191016 214022 213031 193022 279038
285041 262043 295045 302039 252026 309037.
286022 278030 263044 280031 263036 276031
271013 237009 293008 PPC000 266010 274005
061010 097027 089022 088027 103032 119031
074046 070067 071047 073078 075078 067087.
066055 052065 063063 065075 072111 073086
060104 058094 058083 056072 061082 070082
069067 085066 073061 076047 069049 070045
067048 062055 069044 066038 066039 099018.
104017 070023 110009 071012 054013 072019
165007 334007 241006 234008 280011 244022
251014 230023 230031 274024 266039 238023
085019 084017 118008 257006 273023 244013.
227007 341009 075008 107008 061010 050007
283014 315028 275060 283045 258036 247040
272040 245049 259041 287055 273069 280035
288046 280034 314014 285020 076011 030012.
024014 049015 040049 076053 065054 051038
066053 059057 057064 074054 083027 069042
060046 064032 095026 071021 107025 072031
083023 109019 111015 081031 103015 042026.
203010 302014 262023 228025 248032 268046
287059 285043 284043 291047 300073 285072
294070 281075 295069 276050 293055 291052
275054 272043 301045 284040 049015 024032.
021028 032030 318026 175005 022022 237006
172010 032011 323008 039017 019016 258012
091016 ////// 101018 092028 069040 075051
084054 090057 064072 074068 062055 059080.
059063 067056 086024 081029 069025 040029
038019 055014 043031 064030 074024 089014
090020 072037 086009 068031 089019 083024
101017 093025 069031 093017 104014 087014.
080008 231012 209008 226016 246019 232015
239011 245015 268014 162008 197005 247026
////// 227019 214022 131022 242064 254046
293058 277027 328023 293027 276033 239022.
257035 314014 257032 305025 254023 263023
260034 267012 291020 294024 278040 251038
240034 265025 341025 209029 240029 200036
167025 148018 084032 099029 065067 060062.
062074 065073 064052 061041 054062 101033
074037 091022 080046 146014 090017 087021
085021 083026 082030 126018 105017 106014
114019 139017 110017 126012 115018 052019.
021021 036019 062005 073013 PPC001 PPC002
026008 040007 006011 241014 236014 028008
256008 248013 129014 207012 122012 146026
106036 074040 087037 086027 058026 057032.
106010 056023 105015 PPC001 PPC000 240012
018005 170006 PPC000 092007 353020 034015
044014 124017 072018 109023 091029 072031
082051 088058 070058 076040 064050 063056.
058051 065037 064037 058020 070012 146008
059012 072012 058007 170005 058009 091011
166003 107011 091023 147009 082018 097017
096018 078016 090027 098020 084008 231012.
276018 342006 048020 305007 227007 PPC002
269008 239010 075011 281022 242025 241015
248023 245043 235038 228019 227029 186037
334031 298018 244030 320017 288031 287032.
285020 267020 295026 286031 270031 277032
264029 259031 259031 270034 243037 252030
212019 194030 189020 132028 169025 104036
119034 079021 081034 084024 067024 055012.
066015 176006 239009 PPC000 021015 003015
282010 302011 235013 285008 036008 023018
096012 104022 118025 104049 070081 070095
078107 070116 069121 068093 060086 047103.
054072 070069 069083 066070 066073 067080
068078 064070 070070 062073 067082 061071
070075 067096 065079 069092 055082 061083
065107 065099 061081 072109 068110 071100.
063103 063080 067086 092071 075065 077068
073077 067056 065046 064038 070033 065039
070050 057029 120031 094035 PPC000 PPC000
PPC000 PPC000 PPC000 PPC000 PPC000 PPC000.
PPC000 PPC000 PPC000 PPC000 PPC000 PPC000
PPC000 PPC000 PPC000 PPC000 PPC000 PPC000
PPC000 PPC000 PPC000 PPC000 PPC000 PPC000
PPC000 PPC000 PPC000 PPC000 PPC000 PPC000.
PPC000 PPC000 PPC000 PPC000 PPC000 PPC000
PPC000 PPC000 PPC000 PPC000 PPC000 PPC000
PPC000 PPC000 PPC000 PPC000 PPC000 PPC000
PPC000 PPC000 PPC000 PPC000 PPC000 PPC000=
287029 293030 296045 276035 274038 265035
259033 217025 222025 209030 242032 277037
264035 242040 292047 286059 276041 285054
287046 282042 287035 232026 275047 277036.
287018 107009 239013 261011 272033 276032
263024 283026 274045 274047 275036 264039
276043 249048 261031 302021 268051 273038
263044 274048 271049 050016 045007 197011.
260023 058012 280018 248007 068014 210010
254012 274024 086016 236020 045015 317028
250025 209022 188023 229030 180023 182036
220034 150020 082049 075035 063032 050020.
047025 074015 049010 088009 208010 259015
289018 228021 251025 272038 247046 263061
289030 303040 295036 290050 280043 251056
300027 322027 260030 278029 308041 266034.
047016 355029 003017 048023 065025 044030
094021 074016 073015 097003 258016 254017
058015 233019 236043 231038 227049 221049
229045 220038 077012 283031 297028 284039.
075016 055016 236031 257040 251015 268018
234018 248008 280021 310041 013019 196012
040016 090035 117033 073052 086041 106049
078047 084056 064069 065056 067054 053045.
051047 058049 087035 058045 085011 045029
132016 359011 075016 250016 132008 057014
128009 206017 207020 211028 198024 279038
279045 258043 293045 299046 254023 308037.
295024 275026 262042 289036 262035 275032
275020 255011 295009 PPC001 271011 274005
061010 088026 097024 097025 104036 115035
071047 069060 065050 069081 073074 068081.
069062 059062 066066 064070 071097 069090
063098 061093 063081 057077 059081 067086
074071 085059 072064 077047 068054 072045
068048 065052 071044 066037 067036 103019.
103015 072023 111009 073014 049014 070017
143007 358008 277007 234009 263011 241020
254014 228020 229035 266027 274038 229020
083023 086018 124008 256007 273023 240013.
249009 350009 065007 096008 060010 048009
279015 296029 277056 281051 259037 248040
274040 249046 272041 285048 267058 282039
283053 280035 313017 287020 048010 020011.
035013 043016 042045 074052 066052 052038
068048 060056 064063 068054 083031 066041
062043 067032 091026 075023 111024 072028
080024 105020 105016 083029 095015 046026.
201011 322012 259023 225023 245034 269050
287063 290041 285039 285043 295064 287059
293074 282067 286068 295050 289051 290053
271050 283048 307042 284037 024017 011035.
024030 029034 335026 227005 022023 255009
171012 024009 309008 041019 031015 257015
092016 ////// 096022 086028 068042 077046
084054 087055 071067 073069 063056 056077.
058067 063053 081027 083030 071026 041029
037019 057014 044032 059030 078021 089015
085022 076036 075011 072032 092021 087021
099017 090021 070029 086018 104013 092013.
081008 227011 202009 226015 238018 227015
237013 242015 261016 178007 238003 245023
////// 226021 205022 129023 244063 256043
295054 278034 329026 301028 278030 243023.
261031 297018 262032 298026 263022 260027
262034 263016 323024 302019 282041 253042
237033 293021 340027 217026 262027 205034
187026 169015 080038 097031 063068 060066.
061073 065072 065053 060043 053058 096033
071037 093023 070046 138015 084016 086020
084020 088026 080028 110020 112021 113017
108020 135017 103016 117012 114018 053019.
023023 035017 058005 076013 PPC001 PPC001
020009 037007 009011 238013 234012 030009
249009 246015 145013 196013 146015 159022
106036 084038 084038 083028 061025 056028.
101011 054024 098016 PPC002 PPC000 236012
030004 146005 077003 072007 352019 030014
042014 119015 091019 126023 107029 073033
082048 084054 071061 075042 059051 056054.
059051 063036 063037 061021 078010 148008
059012 071011 060009 175004 061009 085012
140007 110010 094023 142011 077017 094016
087018 079017 085027 097021 092010 218010.
273018 022007 057017 344008 232010 PPC002
274008 249013 070013 282022 241025 242014
247021 244045 240041 235027 214027 181031
320032 295022 242031 317017 278031 282031.
291019 266021 292026 284031 268031 275034
263029 258033 259030 269031 246034 255031
210022 198034 172020 133029 185019 110039
121031 069023 080034 087026 067025 048014.
070014 178007 240008 PPC000 022015 008014
274010 290015 240017 287008 027010 017017
111009 101021 111027 100046 069082 072096
076108 074111 070116 067099 060090 053102.
059072 071070 067077 065072 066073 070084
071076 063075 072073 065074 067082 059072
069078 071090 066082 065095 058088 064087
065102 065097 056087 069100 064114 068098.
063109 067089 065085 083065 073064 075072
067075 072053 068049 059042 070035 070041
077048 057030 105030 087039 PPC000 PPC000
PPC000 PPC000 PPC000 PPC000 PPC000 PPC000.
PPC000 PPC000 PPC000 PPC000 PPC000 PPC000
PPC000 PPC000 PPC000 PPC000 PPC000 PPC000
PPC000 PPC000 PPC000 PPC000 PPC000 PPC000
PPC000 PPC000 PPC000 PPC000 PPC000 PPC000.
PPC000 PPC000 PPC000 PPC000 PPC000 PPC000
PPC000 PPC000 PPC000 PPC000 PPC000 PPC000
PPC000 PPC000 PPC000 PPC000 PPC000 PPC000
PPC000 PPC000 PPC000 PPC000 PPC000 PPC000=
065281 1402 118283 1402
055239 0933 084268 1251
059096 1634 080080 1633
068263 0805 142304 1039
072229 1121 096220 1120
084072 1707 101075 1704
063265 1424 095262 1421
089071 1938 113062 1934
108074 0104 160030 0139
057277 1316 081286 1312
071273 1307 114283 1322
077061 0510 098074 0510
085294 0715 146278 1215
082060 1949 109044 1949
081061 2011 111072 2008
070240 1305 108248 1226
080054 1920 107055 1919
087064 2132 112057 2050
045084 1643 060118 1519
066074 1650 085069 1651
062058 2038 089052 2038
059278 1427 115313 1427
045124 1353 065122 1347
123065 1707 165077 1731
128067 1831 188052 1835
124064 2045 166062 2022
000PPC 2001 000PPC 2001
000PPC 2001 003206 1553=
D=
K=
A=
S=
B=
??????
******
YF
O2181
河南省
豫洛宁上戈
洛宁县上戈乡里石头村人影基地
山地；乡村；地面
王林香
计算机
计算机
计算机
计算机
计算机
20110504=
JY
8888=
GK
01/
05/=
BZ
BB/02-28/由于河南省大气探测装备中心对区域自动站设备升级，造成本月正点与分钟数据不符，部分仪器最大风、极大风时间错误，所有数据基本不可用。因此，为了保证数据文件的完整性，仅对A文件进行了处理，未处理J文件。
BB/14/10时气温用前后正点数据内插求得。
BB/16/09时气温用前后正点数据内插求得。
00/342106/1111307
10/24/逐时观测
10/24/24时连续观测
11/不守班=
######
