O2187 3402N 11140E 006620 006620 105 000 S15 91999999919999199999 0 2010 12
P=
TB
0068 0048 0035 0025 0018 0011 0007 0010 0007 0001 0002 -001
0039 0068 0110 0149 0175 0205 0210 0207 0166 0121 0106 0085 0213 1506 -007 0710.
0074 0062 0044 0037 0028 0018 0037 0029 0058 0048 0059 0049
0081 0132 0137 0136 0143 0149 0146 0133 0123 0109 0074 0055 0156 1414 0017 0159.
0041 0026 0019 0005 0006 -004 -010 -014 -015 -023 -024 -023
0017 0048 0082 0122 0134 0135 0137 0129 0109 0078 0063 0053 0140 1448 -028 0656.
0044 0026 0024 0022 0015 0015 0012 0006 0008 0009 0001 0000
0040 0082 0122 0166 0213 0210 0200 0182 0159 0118 0101 0091 0220 1304 -002 0719.
0084 0064 0055 0052 0044 0041 0034 0033 0031 0033 0032 0032
0085 0143 0165 0156 0155 0160 0153 0136 0121 0111 0102 0103 0168 1323 0026 0657.
0100 0095 0086 0076 0067 0055 0049 0054 0043 0048 0050 0043
0048 0055 0065 0072 0063 0065 0063 0054 0048 0036 0027 0016 0104 2008 0016 1958.
0003 0005 -004 0001 0004 0016 0018 0014 0032 0033 0022 0027
0039 0061 0069 0081 0096 0112 0105 0102 0093 0052 0036 0024 0113 1405 -007 2309.
0013 0007 0000 -004 -015 -016 -021 -010 0034 0071 0055 0055
0072 0109 0125 0129 0132 0143 0144 0142 0129 0094 0081 0064 0153 1413 -024 0304.
0038 0026 0020 0015 0006 -004 -011 -013 -020 -019 -030 -027
0016 0043 0087 0137 0147 0134 0118 0118 0110 0080 0082 0065 0163 1233 -031 0702.
0042 0036 0029 0014 0010 0009 0002 -006 -001 -003 -005 0039
0096 0113 0124 0132 0136 0142 0145 0130 0110 0088 0074 0054 0152 1344 -013 0418.
0046 0027 0021 0008 0002 -011 -014 -019 -027 -028 -035 -034
-008 0021 0046 0073 0088 0105 0104 0098 0073 0053 0030 0023 0114 1443 -041 0735.
0015 0005 0002 0002 -003 -001 -004 -008 -011 -014 -012 -010
0004 0032 0087 0085 0093 0105 0097 0097 0079 0062 0050 0053 0109 1354 -016 0618.
0051 0050 0057 0043 0021 0019 0022 0032 0031 0029 0027 0025
0030 0036 0041 0049 0047 0046 0039 0036 0024 0013 0015 0007 0058 2249 0007 1958.
-005 -015 -024 -029 -030 -030 -028 -031 -033 -036 -040 -042
-038 -036 -023 -023 -015 -010 -013 -012 -016 -015 -017 -018 0007 2001 -044 0817.
-017 -018 -020 -020 -023 -026 -031 -032 -023 -027 -030 -037
-034 -032 -026 -021 -009 -019 -024 -036 -041 -043 -044 -044 0000 1229 -046 1846.
-040 -039 -034 -036 -035 -036 -040 -048 -053 -063 -066 -056
-039 -018 0007 0031 0047 0061 0059 0062 0049 0022 -007 -014 0072 1410 -075 0717.
-033 -038 -043 -046 -048 -049 -050 -065 -063 -074 -080 -075
-023 0005 0060 0108 0139 0146 0163 0152 0122 0060 0041 0021 0164 1456 -081 0657.
0012 0005 -010 -015 -020 -025 -028 -034 -038 -038 -034 -038
-012 0040 0075 0130 0163 0166 0163 0143 0119 0083 0077 0057 0171 1403 -050 0727.
0059 0054 0075 0057 0041 0048 0035 0027 0025 0028 0029 0028
0059 0090 0100 0112 0118 0127 0127 0113 0096 0065 0050 0040 0136 1346 0017 0713.
0028 0024 0003 -022 -025 -037 -047 -052 -056 -057 -061 -060
-026 0012 0063 0092 0134 0136 0129 0128 0109 0062 0048 0040 0139 1314 -068 0737.
0022 0012 0009 0001 -005 -015 -016 -024 -019 -020 -027 -025
0015 0082 0124 0139 0152 0156 0160 0158 0132 0096 0081 0060 0169 1449 -037 0733.
0035 0023 0007 -005 -004 -016 -018 -016 -009 -013 -028 -032
0014 0049 0089 0130 0180 0166 0153 0141 0129 0096 0081 0076 0184 1303 -033 0757.
0072 0066 0048 0030 0022 0016 0006 0010 -001 -007 -013 -019
-011 0007 0041 0062 0062 0065 0064 0059 0046 0038 0025 0014 0076 2001 -022 0755.
0002 -005 -013 -024 -032 -040 -044 -050 -053 -058 -060 -064
-065 -060 -053 -048 -049 -049 -048 -052 -052 -058 -058 -058 0014 2001 -067 0909.
-059 -062 -062 -062 -066 -071 -078 -083 -078 -075 -078 -078
-059 -023 0012 0022 0025 0030 0034 0020 0016 0005 -013 -030 0039 1445 -086 0407.
-027 -017 -002 -010 -017 -017 -047 -056 -069 -075 -084 -084
-055 -017 0023 0072 0106 0115 0118 0118 0110 0055 0022 0005 0124 1520 -086 0813.
-002 -020 -031 -033 -042 -047 -052 -055 -052 -052 -054 -062
-025 0018 0089 0120 0127 0128 0114 0104 0097 0075 0044 0042 0135 1255 -066 0756.
0058 0057 0068 0067 0063 0052 0051 0041 0037 0007 -004 -011
0015 0039 0066 0121 0130 0132 0138 0119 0093 0055 0037 0037 0144 1426 -018 0825.
0024 0007 -002 -008 -015 -012 -024 -024 -029 -029 0026 0024
0041 0058 0058 0063 0062 0070 0056 0058 0044 0027 0029 0017 0071 1257 -037 0507.
0008 0002 -006 -021 -026 -016 -017 -023 -028 -029 -033 -036
-020 -002 0002 0010 0021 0027 0024 0020 0010 -004 -022 -038 0033 1509 -047 1951.
-050 -057 -066 -075 -075 -084 -092 -098 -102 -106 -114 -119
-079 -035 -001 0007 0029 0027 0020 0020 0007 -016 -041 -045 0032 1259 -121 0753=
I=
E=
U=
N=
H=
C=
V=
R6
,,,, ,,,, ,,,,
,,,, ,,,, ,,,,
,,,, ,,,, ,,,,
,,,, ,,,, ,,,,
,,,, ,,,, ,,,,
,,,, ,,,, ,,,,
,,,, ,,,, ,,,,
,,,, ,,,, ,,,,
,,,, ,,,, ,,,,
,,,, ,,,, ,,,,
,,,, ,,,, ,,,,
,,,, ,,,, ,,,,
,,,, ,,,, ,,,,
,,,, 0002 0002
,,,, ,,,, ,,,,
,,,, ,,,, ,,,,
,,,, ,,,, ,,,,
,,,, ,,,, ,,,,
,,,, ,,,, ,,,,
,,,, ,,,, ,,,,
,,,, ,,,, ,,,,
,,,, ,,,, ,,,,
,,,, ,,,, ,,,,
,,,, ,,,, ,,,,
,,,, 0033 0033
,,,, 0009 0009
,,,, ,,,, ,,,,
,,,, ,,,, ,,,,
,,,, ,,,, ,,,,
,,,, ,,,, ,,,,
,,,, ,,,, ,,,,=
0000 0000 0000 0000 0000 0000 0000 0000 0000 0000 0000 0000
0000 0000 0000 0000 0000 0000 0000 0000 0000 0000 0000 0000.
0000 0000 0000 0000 0000 0000 0000 0000 0000 0000 0000 0000
0000 0000 0000 0000 0000 0000 0000 0000 0000 0000 0000 0000.
0000 0000 0000 0000 0000 0000 0000 0000 0000 0000 0000 0000
0000 0000 0000 0000 0000 0000 0000 0000 0000 0000 0000 0000.
0000 0000 0000 0000 0000 0000 0000 0000 0000 0000 0000 0000
0000 0000 0000 0000 0000 0000 0000 0000 0000 0000 0000 0000.
0000 0000 0000 0000 0000 0000 0000 0000 0000 0000 0000 0000
0000 0000 0000 0000 0000 0000 0000 0000 0000 0000 0000 0000.
0000 0000 0000 0000 0000 0000 0000 0000 0000 0000 0000 0000
0000 0000 0000 0000 0000 0000 0000 0000 0000 0000 0000 0000.
0000 0000 0000 0000 0000 0000 0000 0000 0000 0000 0000 0000
0000 0000 0000 0000 0000 0000 0000 0000 0000 0000 0000 0000.
0000 0000 0000 0000 0000 0000 0000 0000 0000 0000 0000 0000
0000 0000 0000 0000 0000 0000 0000 0000 0000 0000 0000 0000.
0000 0000 0000 0000 0000 0000 0000 0000 0000 0000 0000 0000
0000 0000 0000 0000 0000 0000 0000 0000 0000 0000 0000 0000.
0000 0000 0000 0000 0000 0000 0000 0000 0000 0000 0000 0000
0000 0000 0000 0000 0000 0000 0000 0000 0000 0000 0000 0000.
0000 0000 0000 0000 0000 0000 0000 0000 0000 0000 0000 0000
0000 0000 0000 0000 0000 0000 0000 0000 0000 0000 0000 0000.
0000 0000 0000 0000 0000 0000 0000 0000 0000 0000 0000 0000
0000 0000 0000 0000 0000 0000 0000 0000 0000 0000 0000 0000.
0000 0000 0000 0000 0000 0000 0000 0000 0000 0000 0000 0000
0000 0000 0000 0000 0000 0000 0000 0000 0000 0000 0000 0000.
0000 0000 0000 0000 0000 0000 0000 0000 0000 0000 0000 0000
0000 0000 0000 0000 0000 0001 0001 0000 0000 0000 0000 0000.
0000 0000 0000 0000 0000 0000 0000 0000 0000 0000 0000 0000
0000 0000 0000 0000 0000 0000 0000 0000 0000 0000 0000 0000.
0000 0000 0000 0000 0000 0000 0000 0000 0000 0000 0000 0000
0000 0000 0000 0000 0000 0000 0000 0000 0000 0000 0000 0000.
0000 0000 0000 0000 0000 0000 0000 0000 0000 0000 0000 0000
0000 0000 0000 0000 0000 0000 0000 0000 0000 0000 0000 0000.
0000 0000 0000 0000 0000 0000 0000 0000 0000 0000 0000 0000
0000 0000 0000 0000 0000 0000 0000 0000 0000 0000 0000 0000.
0000 0000 0000 0000 0000 0000 0000 0000 0000 0000 0000 0000
0000 0000 0000 0000 0000 0000 0000 0000 0000 0000 0000 0000.
0000 0000 0000 0000 0000 0000 0000 0000 0000 0000 0000 0000
0000 0000 0000 0000 0000 0000 0000 0000 0000 0000 0000 0000.
0000 0000 0000 0000 0000 0000 0000 0000 0000 0000 0000 0000
0000 0000 0000 0000 0000 0000 0000 0000 0000 0000 0000 0000.
0000 0000 0000 0000 0000 0000 0000 0000 0000 0000 0000 0000
0000 0000 0000 0000 0000 0000 0000 0000 0000 0000 0000 0000.
0000 0000 0000 0000 0000 0000 0000 0000 0000 0000 0000 0000
0000 0000 0000 0000 0000 0000 0000 0000 0000 0000 0000 0000.
0000 0000 0000 0000 0000 0000 0000 0000 0000 0000 0000 0000
0000 0000 0000 0000 0000 0000 0000 0000 0000 0000 0000 0000.
0000 0000 0000 0000 0000 0000 0000 0000 0000 0000 0000 0000
0000 0000 0000 0000 0006 0014 0010 0003 0000 0000 0000 0000.
0000 0000 0000 0000 0000 0000 0000 0000 0000 0000 0000 0000
0000 0000 0002 0005 0002 0000 0000 0000 0000 0000 0000 0000.
0000 0000 0000 0000 0000 0000 0000 0000 0000 0000 0000 0000
0000 0000 0000 0000 0000 0000 0000 0000 0000 0000 0000 0000.
0000 0000 0000 0000 0000 0000 0000 0000 0000 0000 0000 0000
0000 0000 0000 0000 0000 0000 0000 0000 0000 0000 0000 0000.
0000 0000 0000 0000 0000 0000 0000 0000 0000 0000 0000 0000
0000 0000 0000 0000 0000 0000 0000 0000 0000 0000 0000 0000.
0000 0000 0000 0000 0000 0000 0000 0000 0000 0000 0000 0000
0000 0000 0000 0000 0000 0000 0000 0000 0000 0000 0000 0000.
0000 0000 0000 0000 0000 0000 0000 0000 0000 0000 0000 0000
0000 0000 0000 0000 0000 0000 0000 0000 0000 0000 0000 0000=
0000 ////////// 00000=
W=
L=
Z=
G=
FN
236020 218015 PPC001 220009 092004 306006
PPC002 PPC000 PPC000 128007 PPC000 157004
138006 234013 175010 309006 245014 236012
270034 273021 083036 071012 325018 323019.
226012 196007 201009 180008 240005 002007
PPC002 293006 133005 215006 054008 082010
117010 256022 304044 304075 318049 317044
345038 308051 259032 208025 166012 PPC001.
134006 PPC000 214016 219018 114005 222005
232006 153005 PPC000 108004 090003 128005
112008 157010 235012 118020 105037 092034
103018 111017 098016 049013 096003 PPC002.
287004 222011 PPC002 180006 248007 148005
PPC000 049003 144006 059006 146004 PPC002
174008 192011 236010 234011 177018 082031
091025 092034 085018 078014 033014 089005.
273012 198005 109004 208009 PPC002 PPC001
205012 126007 282006 061008 104010 205006
136012 242055 245023 240053 247054 305056
288038 261053 272037 269028 238041 282033.
285039 227038 233031 250034 213010 255006
270016 290024 270010 237028 259021 298028
282025 300023 297021 290028 290031 264035
258050 254020 299024 298019 329018 234011.
067006 318013 269014 006005 253013 274022
299013 275028 316055 307033 277016 292031
245025 320043 285056 313039 271035 254048
312041 204013 267014 058010 004005 019005.
091010 PPC002 283007 146008 113003 148006
310019 248025 232026 270037 226007 062006
236021 240017 316030 296032 328055 335023
296033 286017 334007 005019 328021 311016.
259004 266003 204017 087005 069005 PPC000
044004 161004 044008 106004 307005 129009
139006 239010 255013 246013 095033 297057
227034 270014 282012 315008 335027 335015.
143010 307009 116013 092006 274013 PPC001
237005 074010 132006 102009 035012 074011
252029 251048 271047 259050 283049 264030
327028 353038 330024 289022 326017 071012.
226003 190006 325004 PPC001 PPC002 087003
166007 PPC000 085005 302004 PPC000 066004
120010 192008 201014 090019 119024 096022
090031 129034 093031 090013 071011 083010.
217007 326006 270006 063009 091005 081004
079010 207003 078005 PPC001 159003 108008
223006 264009 111018 096026 099023 077039
099036 117017 081025 087011 085011 082009.
057006 PPC001 086024 088020 083015 PPC001
PPC000 093012 088013 087017 020007 046009
090013 083019 082021 100015 084026 112031
097023 080022 139008 107006 142009 146017.
098021 129021 093013 135019 076013 089009
203013 119006 086042 101019 089025 083034
103018 098015 132015 087034 059020 080026
101014 088020 092012 105009 086021 111011.
096008 099008 088011 098012 076017 079030
089031 186014 350014 276035 311041 268040
279024 260045 263025 276028 265071 298040
270082 253071 262025 286045 277044 272034.
297038 281016 317058 271046 266047 267038
286039 284047 270025 263018 276020 229031
261064 266053 239044 254053 234042 257052
242062 257046 277046 261012 083015 261020.
217010 074003 084007 256005 PPC000 061007
061007 046013 248003 234003 019008 057005
176008 224009 159009 154017 265030 247020
263018 082009 259010 086012 142005 270015.
216014 205013 229010 PPC001 123006 294003
080004 PPC002 087006 096008 095008 124005
079009 172008 249009 252012 226027 184021
255021 002036 233035 337014 283010 324014.
314015 243025 240037 263021 272010 281022
298011 236009 127007 013007 264009 026011
251022 255024 273046 279045 275032 293026
232032 255051 277012 295017 258006 301023.
327018 340023 324010 209007 251005 203009
147008 253005 086004 009004 PPC001 PPC000
096003 243007 166010 237014 097032 075022
089028 134018 137008 060019 167009 281019.
269017 326017 340016 222016 203003 PPC002
079008 336005 297006 041004 329007 079005
225003 191011 234033 248037 260046 274032
245029 252029 287022 319024 332012 282008.
216011 160008 090010 PPC001 239005 117004
072004 127005 106005 062007 249005 PPC001
133003 174009 188012 234011 180014 090040
093034 091026 129009 078015 074018 105011.
306011 232011 211014 264009 186010 PPC000
227012 215018 181007 PPC002 049005 117005
200007 238010 152008 095021 080023 145028
149027 132010 139025 146032 138031 160029.
129027 138037 123030 108020 120013 167015
132023 142009 128022 089020 123013 144013
090020 112015 067015 083018 160018 076031
074022 087022 093012 086031 130007 076005.
093009 053011 PPC000 PPC001 082004 PPC000
PPC002 076007 334006 076006 033003 250005
227008 167006 236015 302027 241058 256035
316050 283022 299016 292016 214010 074015.
255010 274016 269019 246036 247018 332017
120010 PPC000 172006 PPC000 348003 266005
265007 173008 249007 178009 244046 266057
250062 258048 265026 086031 085012 077013.
249012 251008 198011 218009 PPC000 PPC002
211014 PPC000 108006 114006 066008 133004
054005 233005 159011 300051 277050 282033
303042 304074 260016 274025 269009 098010.
246021 268031 272036 257032 282042 265034
270035 291017 231013 062018 077009 127006
162007 224010 243014 182010 286022 249027
111032 096042 110025 052015 079013 323028.
329015 224010 217003 162008 292007 069006
180006 073012 125010 090009 246050 266024
315025 246017 269034 272041 305054 282022
345046 270029 269015 276027 290035 318027.
298021 324041 319034 280021 266026 277046
277052 281028 303055 292060 306051 274023
259036 288057 267035 312065 262053 300049
308070 344063 276038 247040 267015 045016.
351013 025011 192007 303005 294009 304010
293017 173006 347012 150009 103007 209009
102008 000016 177038 275021 195032 110032
078043 117025 106026 083022 062017 118005=
226017 216015 191003 205009 090003 291007
250005 PPC000 PPC002 176006 PPC000 157004
145007 224013 193011 286006 244013 230010
261036 268024 079035 066012 317017 316018.
219012 198006 193009 184007 253003 039007
201003 285005 097005 277009 071011 066011
106011 267028 302043 308074 309052 313043
337036 317043 271033 225021 164011 356004.
156007 279003 219016 212017 151006 178005
241005 176005 PPC002 PPC002 PPC002 141003
120008 171011 240011 111023 097034 094036
107027 114019 098020 048013 100006 064004.
343003 238009 PPC002 167006 237007 150003
PPC001 046003 144006 060005 173005 PPC001
180007 189011 229010 237010 192017 083028
096026 095030 080023 085014 040012 330006.
270012 200006 097004 205010 211004 PPC001
205012 155006 281005 072007 095009 263005
134011 243053 250031 242054 244054 299055
280043 264057 282036 270032 244034 274035.
272043 237035 239030 256028 240011 279009
280019 283025 263014 252021 264023 302030
273027 289027 298018 293029 289031 266033
258042 281027 301028 300020 300017 231010.
078006 332012 265015 268008 288011 259025
276015 263024 312046 308035 279019 286030
252025 324034 295054 293039 258029 268044
305042 233019 260016 063013 049006 005004.
087009 104004 349007 106009 049006 083007
006016 269026 241027 282037 216009 075008
230017 245019 310032 313035 334055 323024
295033 282021 335010 002023 334023 308015.
220004 249005 203015 092006 105006 PPC001
322003 142004 029007 098004 292007 107008
161007 238009 237015 245011 098033 300059
228032 330009 284011 339008 335024 334012.
143010 307012 101013 090005 302011 292003
256007 080010 358007 092008 036011 074013
252029 245049 265046 267055 272041 284033
321036 343039 340031 285020 322016 016009.
183005 198007 308008 PPC002 110004 153004
151005 020003 036003 PPC002 PPC001 074005
101008 209007 226013 094021 095023 095020
090030 133029 093031 089013 070012 082007.
220008 325005 279006 065009 024005 097005
072009 190003 084006 291004 241003 094007
232007 264009 137015 094024 099022 080036
100037 106020 092021 095013 088010 075008.
068007 PPC002 087023 091018 076014 PPC002
PPC001 094011 090012 087015 011007 057007
088012 083023 094019 105019 084030 112030
110026 085022 135012 088006 142016 139017.
106026 121021 099013 119020 084015 077010
200013 170003 088040 094021 085024 087029
099019 088015 135012 086032 074022 092023
106019 090018 099014 110008 087019 101015.
094010 120009 081011 098012 085016 087030
095026 179016 329019 269029 308036 269038
275029 269047 266035 278030 273059 299038
274067 266063 266031 290043 280039 268029.
278036 286022 313054 283056 273042 271041
281045 283046 268025 256020 279022 227038
259063 273053 240046 251041 243040 246043
239055 261043 275044 246014 080016 313017.
286008 044004 071008 003005 141003 062010
045008 109012 354005 226004 031008 082006
170007 208009 205008 130020 238029 243025
263019 103013 210011 098010 135006 278014.
221012 206014 230010 PPC002 117006 339004
097004 PPC001 125003 086009 086007 127004
077010 178008 249010 249011 239032 204026
253028 357038 237030 333012 265015 309014.
298013 238022 244038 252024 266010 279022
255014 252011 180008 024007 241009 049011
253024 248022 288046 279047 282038 277032
255034 258043 288014 293016 243009 318024.
327018 341024 321013 224008 222006 188008
133007 238005 PPC002 004004 PPC002 PPC000
114005 222006 172011 240013 086029 089023
092027 124022 127009 062017 163009 271019.
274014 324016 338014 213018 235003 041005
079008 320006 271006 082005 027008 092005
174006 266010 247034 257038 257043 257032
248026 258027 273021 328022 329015 297009.
215011 143007 092009 156004 077005 093004
117005 101006 107005 087004 231005 257003
145004 169009 201011 240010 187013 089036
094037 098027 112010 072015 066018 108010.
310012 261011 178011 232011 146010 PPC002
218009 215016 185007 130003 070005 135004
180005 240009 163008 101024 085023 147025
146026 136014 129022 141029 140033 156026.
128024 131031 124031 105014 111012 157013
143020 145011 127021 104021 128014 140016
092018 122014 061014 082020 132020 082028
074022 088022 097015 090030 118008 086007.
093009 050009 PPC000 PPC001 PPC002 PPC000
299003 057006 344005 056006 060003 261005
156008 165007 233017 285022 242045 251039
307049 277026 295017 295020 203011 079013.
236012 268014 279022 250029 251017 327015
120010 PPC002 149006 PPC002 311003 339004
241008 121007 207009 180009 242049 264051
253059 257046 265033 079031 074012 076013.
259013 261010 211013 201008 PPC002 069003
208013 PPC001 103006 074006 087007 123004
074006 258006 161010 300044 281040 280029
309040 303062 281022 274028 264011 075010.
257021 261030 275035 263041 275047 268030
269035 288018 240016 067018 073011 126007
132009 204011 236013 223012 280027 238030
095024 101038 107029 055016 074014 323027.
325017 213010 245004 157008 276006 046006
191006 069012 097011 091012 251040 251025
300027 302016 274033 276044 292045 268030
339048 274033 266018 278024 280046 314026.
308025 322036 323036 279021 270025 280042
278044 289035 294043 294056 304047 286032
251036 287054 278053 299062 262058 301050
312065 329052 279039 259035 302014 045015.
022019 002010 153007 322004 292009 283008
239014 163007 020009 171008 010005 207010
174009 052014 185031 261021 198029 108032
086038 110026 101033 082019 060018 251005=
052242 1448 080220 1446
081309 1210 147298 1221
045100 1352 067087 1429
051085 1525 067104 1528
065314 1404 108288 1607
051297 0924 096358 1302
063324 1011 124314 1039
057313 0525 109332 0524
081309 1350 139331 1349
070273 1208 119263 1320
035104 1640 053096 1639
046080 1408 069075 1440
038101 1409 061132 1439
044089 0510 060096 0506
067274 1500 139272 1029
090268 0245 148310 2336
042273 1412 063250 1405
051235 1446 079237 1446
055303 1151 108312 1151
036094 1436 056314 1950
057242 1237 092293 1352
048086 1424 063082 1423
041136 1846 073130 1846
037122 2213 073146 2211
067241 1319 117249 1316
086252 1325 150257 1324
071305 1601 131308 1607
068265 0029 116229 0027
073311 1320 136310 1319
082292 1055 151297 1231
043080 1514 061084 1506=
D=
K=
A=
S=
B=
??????
******
YF
O2187
河南省
豫栾川秋扒
栾川县秋扒乡秋扒村
山地；乡村；地面
张跃武
计算机
计算机
计算机
计算机
计算机
20110117=
JY
8888=
GK
01/
05/=
BZ
BB/01-31/由于河南省大气探测装备中心对区域自动站设备升级，造成本月正点与分钟数据不符，所有数据基本不可用。因此，为了保证数据文件的完整性，仅对A文件进行了处理，未处理J文件。
00/340203/1113930
10/24/逐时观测
10/24/24时连续观测
11/不守班=
######
