O2190 3435N 11152E 004500 004500 105 000 S15 91999999919999199999 0 2011 02
P=
TB
0010 0003 -005 -001 -009 -017 -025 -027 -025 -019 -021 -020
0001 0026 0053 0063 0074 0076 0080 0078 0067 0048 0030 0006 0081 1524 -031 0444.
-005 0005 -004 -014 -022 -018 -029 -038 -040 -026 -030 -022
0008 0030 0075 0101 0123 0125 0118 0117 0100 0080 0063 0051 0125 1359 -043 0522.
0048 0038 0024 0030 0026 0018 -002 -016 0009 0013 0008 0026
0028 0057 0065 0088 0112 0116 0113 0096 0087 0069 0043 0025 0120 1410 -019 0354.
0012 0005 -002 0003 0002 0000 -006 -011 -006 -004 -001 0009
0027 0059 0087 0100 0112 0123 0122 0123 0114 0096 0081 0063 0127 1451 -015 0534.
0052 0029 0025 0025 0016 0012 0009 0002 -014 -012 -034 -020
0010 0013 0020 0032 0056 0078 0093 0099 0082 0065 0055 0053 0100 1553 -040 0713.
0042 0038 0057 0056 0060 0056 0061 0042 0059 0064 0061 0065
0072 0098 0102 0120 0122 0120 0110 0107 0098 0084 0072 0067 0127 1227 0037 2158.
0061 0057 0051 0046 0038 0035 0041 0040 0037 0034 0026 0020
0032 0044 0058 0077 0089 0102 0116 0122 0105 0107 0096 0090 0127 1520 0020 0732.
0078 0081 0088 0079 0076 0065 0058 0053 0037 0033 0013 0013
0029 0049 0075 0092 0107 0118 0117 0102 0085 0074 0063 0057 0122 1351 0008 0737.
0053 0048 0044 0041 0037 0034 0030 0028 0023 0020 0016 0012
0008 0004 -004 -020 -023 -021 -024 -025 -025 -027 -028 -026 0057 2024 -028 1725.
-027 -028 -031 -035 -035 -034 -034 -033 -034 -032 -032 -030
-024 -013 -006 0005 0023 0035 0037 0044 0040 0028 0008 0007 0046 1548 -036 0041.
-003 -012 -015 -016 -014 -010 -009 -009 -012 -021 -026 -018
0013 0019 0022 0029 0035 0041 0047 0052 0046 0032 0019 0017 0053 1558 -026 0649.
-007 -005 -009 -006 -004 -004 -004 -005 -006 -007 -007 -008
-018 -031 -035 -025 -016 -009 0001 0005 0000 -004 -011 -014 0016 2005 -036 1038.
-020 -030 -036 -030 -027 -023 -024 -030 -007 0000 -004 -004
0003 0011 0020 0023 0034 0038 0041 0046 0036 0022 0007 -005 0048 1528 -040 2249.
-015 -043 -049 -057 -073 -074 -074 -066 -070 -076 -066 -059
-058 -055 -041 -023 -005 0009 0022 0017 0010 -002 -015 -023 0022 1500 -076 0133.
-031 -036 -041 -045 -049 -056 -058 -061 -060 -061 -058 -053
-047 -039 -034 -027 -022 -032 -044 -042 -040 -044 -048 -046 -020 1313 -062 0547.
-046 -046 -046 -046 -046 -046 -046 -046 -047 -047 -048 -045
-029 -012 0000 0013 0019 0035 0059 0066 0059 0046 0036 0038 0069 1622 -049 0742.
0034 0035 0037 0035 0039 0039 0035 0025 0030 0034 0032 0038
0047 0073 0087 0098 0105 0110 0120 0101 0078 0061 0051 0044 0121 1337 0023 0426.
0039 0034 0028 0021 0018 0015 0010 0003 -002 -007 -003 -001
0010 0021 0034 0045 0044 0054 0052 0054 0049 0044 0038 0032 0056 1410 -007 0559.
0027 0007 0002 0000 0000 -005 -005 -002 -001 -004 -009 -003
-002 0022 0035 0055 0072 0084 0088 0089 0081 0068 0056 0042 0092 1522 -014 0718.
0022 0019 0013 0011 0019 0022 0011 0003 0001 -005 -002 0008
0017 0035 0050 0068 0074 0082 0084 0082 0079 0064 0051 0043 0086 1504 -005 0535.
0038 0034 0028 0021 0006 0001 0011 0008 0013 0012 0016 0017
0023 0032 0037 0041 0046 0041 0047 0053 0051 0050 0048 0045 0054 1619 0001 0158.
0042 0038 0037 0036 0031 0031 0034 0031 0031 0026 0029 0033
0042 0049 0067 0083 0103 0114 0120 0124 0116 0107 0095 0082 0127 1547 0026 0559.
0076 0061 0059 0053 0048 0044 0041 0027 0020 0016 0012 0024
0062 0085 0112 0139 0155 0169 0174 0170 0163 0147 0124 0092 0178 1505 0012 0700.
0083 0082 0080 0075 0083 0081 0062 0054 0060 0046 0049 0048
0084 0099 0124 0135 0137 0144 0148 0141 0131 0117 0100 0089 0152 1454 0039 0722.
0080 0075 0075 0073 0072 0070 0068 0068 0067 0065 0063 0062
0062 0057 0052 0039 0040 0039 0045 0048 0045 0036 0020 0020 0089 2002 0018 1914.
0018 0015 0012 0011 0004 0001 -003 -007 -008 -010 -010 -010
-010 -012 -012 -013 -011 -009 -009 -010 -010 -010 -009 -008 0021 2004 -014 1208.
-008 -007 -008 -008 -008 -008 -008 -008 -008 -007 -006 -005
-003 -003 -001 0000 0002 0008 0014 0016 0012 0008 0007 0005 0018 1452 -009 0350.
0003 0003 0001 -001 -005 -008 -011 -012 -013 -011 -011 -010
-011 -015 -006 -006 -004 -001 -004 -004 -010 -012 -013 -014 0005 2017 -016 0959=
I=
E=
U=
N=
H=
C=
V=
R6
0000 0000 0000
0000 0000 0000
0000 0000 0000
0000 0000 0000
0000 0000 0000
0000 0000 0000
0000 0000 0000
0000 0000 0000
0000 //// ////
0000 0000 0000
0000 //// ////
0000 0000 0000
0000 0000 0000
0000 0000 0000
0000 0000 0000
0000 0000 0000
0000 0000 0000
0000 0000 0000
0000 0000 0000
0000 0000 0000
0000 //// ////
0000 0001 0001
0000 0000 0000
0000 0000 0000
0000 0000 0000
//// 0000 ////
0000 0000 0000
//// //// ////=
0000 0000 0000 0000 0000 0000 0000 0000 0000 0000 0000 0000
0000 0000 0000 0000 0000 0000 0000 0000 0000 0000 0000 0000.
0000 0000 0000 0000 0000 0000 0000 0000 0000 0000 0000 0000
0000 0000 0000 0000 0000 0000 0000 0000 0000 0000 0000 0000.
0000 0000 0000 0000 0000 0000 0000 0000 0000 0000 0000 0000
0000 0000 0000 0000 0000 0000 0000 0000 0000 0000 0000 0000.
0000 0000 0000 0000 0000 0000 0000 0000 0000 0000 0000 0000
0000 0000 0000 0000 0000 0000 0000 0000 0000 0000 0000 0000.
0000 0000 0000 0000 0000 0000 0000 0000 0000 0000 0000 0000
0000 0000 0000 0000 0000 0000 0000 0000 0000 0000 0000 0000.
0000 0000 0000 0000 0000 0000 0000 0000 0000 0000 0000 0000
0000 0000 0000 0000 0000 0000 0000 0000 0000 0000 0000 0000.
0000 0000 0000 0000 0000 0000 0000 0000 0000 0000 0000 0000
0000 0000 0000 0000 0000 0000 0000 0000 0000 0000 0000 0000.
0000 0000 0000 0000 0000 0000 0000 0000 0000 0000 0000 0000
0000 0000 0000 0000 0000 0000 0000 0000 0000 0000 0000 0000.
0000 0000 0000 0000 0000 0000 0000 0000 0000 0000 0000 0000
//// 0000 0000 0000 0000 0000 0000 0000 0000 0000 0000 0000.
0000 0000 0000 0000 0000 0000 0000 0000 0000 0000 0000 0000
0000 0000 0000 0000 0000 0000 0000 0000 0000 0000 0000 0000.
0000 0000 0000 0000 0000 0000 0000 0000 0000 0000 0000 0000
0000 0000 0000 0000 0000 0000 0000 0000 0000 //// 0000 0000.
0000 0000 0000 0000 0000 0000 0000 0000 0000 0000 0000 0000
0000 0000 0000 0000 0000 0000 0000 0000 0000 0000 0000 0000.
0000 0000 0000 0000 0000 0000 0000 0000 0000 0000 0000 0000
0000 0000 0000 0000 0000 0000 0000 0000 0000 0000 0000 0000.
0000 0000 0000 0000 0000 0000 0000 0000 0000 0000 0000 0000
0000 0000 0000 0000 0000 0000 0000 0000 0000 0000 0000 0000.
0000 0000 0000 0000 0000 0000 0000 0000 0000 0000 0000 0000
0000 0000 0000 0000 0000 0000 0000 0000 0000 0000 0000 0000.
0000 0000 0000 0000 0000 0000 0000 0000 0000 0000 0000 0000
0000 0000 0000 0000 0000 0000 0000 0000 0000 0000 0000 0000.
0000 0000 0000 0000 0000 0000 0000 0000 0000 0000 0000 0000
0000 0000 0000 0000 0000 0000 0000 0000 0000 0000 0000 0000.
0000 0000 0000 0000 0000 0000 0000 0000 0000 0000 0000 0000
0000 0000 0000 0000 0000 0000 0000 0000 0000 0000 0000 0000.
0000 0000 0000 0000 0000 0000 0000 0000 0000 0000 0000 0000
0000 0000 0000 0000 0000 0000 0000 0000 0000 0000 0000 0000.
0000 0000 0000 0000 0000 0000 0000 0000 0000 0000 0000 0000
0000 0000 0000 0000 0000 0000 0000 0000 0000 0000 0000 0000.
0000 0000 0000 0000 0000 0000 0000 0000 0000 0000 0000 0000
0000 0000 0000 0000 0000 0000 //// 0000 0000 0000 0000 0000.
0000 0000 0000 0000 0000 0000 0000 0000 0000 0000 0000 0000
0000 0000 0000 0000 0001 0000 0000 0000 0000 0000 0000 0000.
0000 0000 0000 0000 0000 0000 0000 0000 0000 0000 0000 0000
0000 0000 0000 0000 0000 0000 0000 0000 0000 0000 0000 0000.
0000 0000 0000 0000 0000 0000 0000 0000 0000 0000 0000 0000
0000 0000 0000 0000 0000 0000 0000 0000 0000 0000 0000 0000.
0000 0000 0000 0000 0000 0000 0000 0000 0000 0000 0000 0000
0000 0000 0000 0000 0000 0000 0000 0000 0000 0000 0000 0000.
0000 0000 0000 0000 0000 0000 0000 0000 0000 0000 0000 ////
0000 0000 0000 0000 0000 0000 0000 0000 0000 0000 0000 0000.
0000 0000 0000 0000 0000 0000 0000 0000 0000 0000 0000 0000
0000 0000 0000 0000 0000 0000 0000 0000 0000 0000 0000 0000.
0000 0000 0000 0000 0000 0000 0000 0000 0000 0000 //// 0000
0000 0000 0000 0000 0000 0000 0000 //// 0000 0000 0000 0000=
0000 ////////// 00000=
W=
L=
Z=
G=
FN
305031 293016 313022 307041 319048 317033
308023 291026 289030 277018 291020 301021
317027 294046 312042 296039 307040 312059
320042 303039 304038 318019 042005 332019.
278007 280010 231014 299009 329009 293010
348004 311004 PPC000 241017 294012 298012
282015 197011 293012 257011 326034 324043
324058 318047 332044 324050 318050 316035.
285016 283025 290020 311026 307029 321017
330021 331022 322039 308040 302017 315032
323020 279016 158017 043006 022005 032010
100035 097044 095032 108012 080009 044012.
043010 000010 352009 352010 244007 295009
338011 346005 338011 307023 306011 306019
306015 283017 312056 320074 308042 311052
302051 315047 308039 281011 271011 271007.
325022 033021 064020 076011 054017 063019
073017 176012 188008 PPC000 018013 340010
066011 123021 223006 166011 071014 033020
135013 124008 192015 223006 268011 291015.
276012 308028 244016 288020 300024 293019
301031 293026 321035 325030 311032 311026
251008 160011 090040 093049 110054 097057
093054 091059 093047 095060 085041 059039.
077035 077030 091024 093044 074026 046024
100040 084030 078021 080021 071022 046014
PPC000 166006 PPC002 242003 320010 223012
290010 274007 205010 320039 314027 313035.
316029 316031 316029 307028 312028 320030
200007 307007 222010 165010 PPC000 046012
048011 099021 049016 128016 087030 106039
139020 096049 095051 097060 084053 082049.
093061 088039 095052 083035 088059 095044
090056 093033 087049 092035 082029 095052
////// 101040 112047 102037 070027 078029
091031 099014 088019 092017 028004 045007.
079011 078009 100026 061015 060012 068013
056010 PPC002 PPC000 PPC001 220008 263010
PPC000 214014 262014 321014 265012 316014
293023 262018 305013 252003 342009 PPC000.
048008 053011 085018 058017 005009 317009
275009 268013 278020 309017 271010 295014
307045 310028 305061 310055 320040 316048
311054 297036 319037 316016 313021 320019.
351011 067032 072019 076026 094029 086037
100026 126034 114039 111037 107045 105029
085043 070032 074037 082046 082035 067042
090024 086020 093028 035016 041012 055011.
047013 062011 001009 266011 316011 329017
280020 249020 308049 307042 310053 318053
317068 309076 312059 319078 313071 324081
304052 313046 331053 330032 320025 334030.
083012 113023 082025 076010 345009 005011
328009 281008 035008 PPC002 066007 112008
110021 102026 093013 122016 099020 114046
111034 099037 104040 130026 107024 095035.
081027 084027 081015 083016 073021 078013
064013 081013 078020 071018 084021 089028
100029 123034 114038 121030 125022 103020
128018 088014 091016 083022 081010 094010.
082010 093009 116005 128007 PPC002 290005
016004 PPC000 322006 260008 279004 282008
283004 276011 203011 195013 201017 251016
278015 289010 232012 302008 320024 318032.
317038 320039 313037 299015 320042 322035
323034 316012 316032 316041 314038 317046
307034 318034 298020 050022 004014 088015
141017 107041 102042 093050 092035 082035.
084033 092045 079022 076021 070022 083026
046016 069018 080011 067008 077011 073011
064017 085025 108033 122016 101023 078017
125020 139016 108018 070011 084012 091016.
073012 030011 045008 348008 003007 253003
016005 300008 297011 297007 334007 120009
PPC002 215013 071004 195006 022008 142011
139020 128017 129015 111015 092015 072012.
041010 052017 030010 355013 047014 054008
007007 050008 029006 059008 003008 PPC000
008004 PPC001 077004 144013 093028 091035
099029 103042 102046 088038 080025 094018.
077012 068017 062014 087012 014011 PPC000
129010 PPC002 057008 063009 097011 090010
075023 069022 114033 084024 139027 173014
////// 133019 126010 089023 102022 092023.
091009 252017 252011 PPC000 241012 273005
262008 282008 226004 331008 005008 334007
263008 257004 293013 209008 327014 278016
172017 212012 192018 219015 174009 117008.
016008 036009 348010 262008 243003 101005
122008 PPC000 PPC000 PPC000 035009 PPC001
056005 PPC002 093013 086023 116027 140022
150022 120030 118038 095042 076011 045012.
031012 037004 PPC000 PPC000 268016 255012
008008 PPC000 270013 338009 104011 033006
PPC002 079011 097049 089059 094063 097061
084044 093077 092069 090071 064036 079050.
088049 094041 093052 091036 084026 086028
092027 078032 087042 090043 090038 089042
103056 083061 096061 091034 095046 091050
082059 098054 094045 098053 086033 071027.
075025 084028 083044 095041 093048 093042
090051 095061 085038 087047 091046 //////
099036 101034 090030 095033 087029 099012
090020 087032 PPC000 PPC000 PPC000 PPC000.
PPC000 PPC000 PPC000 PPC000 PPC000 PPC000
PPC000 PPC000 PPC000 PPC000 PPC000 PPC000
PPC000 PPC000 PPC000 PPC000 PPC000 PPC000
093020 120014 126014 102024 107028 129011.
099031 081017 046006 094018 074013 092020
106016 125004 PPC001 052011 129008 066006
172006 PPC000 006006 071003 103006 113008
134009 122005 PPC000 PPC000 PPC000 PPC000=
306030 298015 308017 312042 314044 314034
308026 292023 292030 273018 293021 299021
312024 300036 313043 309043 311047 309054
315044 306047 307036 310022 027011 327020.
303008 282009 250012 279011 326009 296009
PPC001 295007 108003 243014 293011 304014
279008 211010 283012 255013 321028 323043
319053 324047 334044 325043 317052 312034.
285019 289026 288022 308028 312031 320019
328017 332021 323040 310038 289018 316029
323014 288014 168016 324007 090007 041014
100029 099046 097031 105016 083009 040009.
042008 011011 352010 352011 238006 283011
339009 344008 340009 307021 302008 310016
301017 284017 312055 318066 309051 314055
303047 313047 312036 305013 275014 253009.
325021 039019 071021 077013 058018 065017
070017 172012 PPC002 PPC001 015011 333009
058010 132015 154008 153008 091009 058018
113018 142009 191016 222004 262010 291017.
269013 308021 266022 279022 302023 296015
303026 293019 323037 320039 312035 310026
284011 157008 093042 098050 105052 096049
097058 095063 087047 092055 082035 073040.
078035 080031 079026 094046 082034 059029
094036 082025 077025 071021 066022 061012
PPC000 187005 102009 196005 311012 262013
241008 255013 221011 323038 316019 313037.
313029 321027 312030 309027 313027 323026
PPC002 286009 225009 164006 PPC000 057010
056010 099023 063014 105018 102029 111034
128027 095046 099052 091050 088058 088050.
093058 082031 093051 085045 088060 094060
093048 089031 087040 091032 085037 091052
////// 100037 106055 097040 076032 080029
093029 104019 087017 087016 059008 048005.
075013 083011 102021 067014 047012 072012
052010 061003 PPC000 PPC002 243008 249006
321003 258008 258013 305013 269012 309015
288024 281019 306013 PPC002 343010 PPC002.
041007 053012 076014 061017 004009 313003
292007 263011 287018 298018 276014 282018
309042 306027 309059 313059 318040 315048
315047 301032 317038 311023 312019 325021.
346013 068029 078018 079024 093029 086039
099037 122031 115034 111030 109038 105027
087038 064031 078034 083048 083036 079032
079029 087023 087030 048017 056013 051012.
056011 065010 005011 267012 317010 319018
274018 259014 309044 309038 312050 312048
317068 311074 318061 314076 314070 321081
309053 314055 327047 328035 324024 336029.
054018 117017 087025 083008 349012 011011
335010 311007 045005 052004 081008 120007
125019 099025 081015 115012 119022 104039
117028 109037 119035 126031 108021 093034.
081027 085027 071019 073026 079023 081013
078011 080013 079018 072015 084023 090030
096038 110033 106038 118025 129024 106020
125017 084013 091018 085016 078016 086009.
082009 088009 095003 133005 PPC002 301004
009003 PPC000 262006 260006 283006 282006
286007 286009 197012 217012 197018 234016
297014 275010 241012 297005 312016 317029.
315034 316042 314040 304016 319043 318038
321036 313012 316031 317039 312039 318048
311039 314028 302025 007018 003016 101017
147016 108037 100049 088040 093034 078028.
083032 085036 074028 079023 072025 075022
064019 075016 077012 068009 080012 072011
065014 087028 099032 118023 104019 079016
121020 129017 099020 083017 076013 089016.
066014 033011 041008 344007 009008 275003
PPC001 295007 301011 295006 330007 124004
PPC000 208012 156009 199006 069010 125012
144021 133019 131018 117011 095016 082013.
039010 052015 033009 003013 044011 054007
023008 054005 037007 043006 326004 PPC000
015006 160004 099008 128019 099031 088038
106037 098042 098042 087036 072022 087017.
067017 064017 066016 072012 018009 PPC000
134010 PPC001 056006 057009 091011 086011
083020 070021 105035 088028 124027 181016
////// 131019 134011 096022 101024 096020.
099007 250017 261010 216003 240007 276004
260009 287004 265005 333007 000005 335006
289004 238007 294010 207011 305010 250015
170015 201014 190019 216016 210009 113007.
009009 040007 345011 291006 242005 110005
114009 PPC002 PPC000 PPC000 024009 078004
044004 272004 100011 112015 111028 107025
136026 118032 111037 095040 079012 043013.
036010 031008 PPC002 PPC000 263014 259011
008008 PPC000 268014 336007 121008 031008
201003 090011 099049 096055 102059 103057
089042 095065 092063 092062 073051 081050.
086047 093050 097045 094043 086028 074022
097027 081027 090037 089041 088045 091043
098059 090063 099058 092036 098044 093057
081052 097069 096056 097056 078028 071024.
080027 083028 087040 095051 089040 090051
090045 091053 085034 087044 089038 //////
098039 097037 097038 093034 085029 105013
091017 092030 PPC000 PPC000 PPC000 PPC000.
PPC000 PPC000 PPC000 PPC000 PPC000 PPC000
PPC000 PPC000 PPC000 PPC000 PPC000 PPC000
PPC000 PPC000 PPC000 PPC000 PPC000 PPC000
094012 110015 125012 104017 109017 120015.
099028 086018 055014 090017 082015 090016
106011 119005 PPC000 055012 129004 078006
136010 PPC002 035003 056005 109007 118009
134006 118006 PPC000 PPC000 PPC000 PPC000=
062319 1424 091307 1353
059328 1513 096307 1459
046317 0545 063329 0606
073320 1204 112307 1129
027001 2121 043073 2303
067096 1553 098098 1555
054095 2343 077073 2328
062096 1932 085104 1923
066091 0145 094093 0750
024288 1454 039082 2217
061313 1055 093332 1203
051094 1232 073082 0726
085321 1143 132354 0939
048107 1446 072115 1438
048102 1038 065096 1035
031317 1936 057315 1931
056093 1720 081084 1716
044089 2026 072104 2048
024141 1530 036118 1530
050097 1547 066104 1535
041100 1118 053104 1112
021097 2002 030093 2002
041093 1756 063084 1620
074094 1713 105084 1758
078099 1551 108062 1631
056093 2339 082093 0009
023098 1817 036096 1859
030096 2110 046096 2100=
D=
K=
A=
S=
B=
??????
******
YF
O2190
河南省
豫宜阳高村
宜阳县高村乡烟站
丘陵；城镇；地面
未上报
计算机
计算机
计算机
计算机
计算机
20110504=
JY
8888=
GK
01/
05/=
BZ
BB/02-28/由于河南省大气探测装备中心对区域自动站设备升级，造成本月正点与分钟数据不符，部分仪器最大风、极大风时间错误，所有数据基本不可用。因此，为了保证数据文件的完整性，仅对A文件进行了处理，未处理J文件。
BB/09/09时气温用前后正点数据内插求得。
BB/21/15时气温用前后正点数据内插求得。
BB/26/08时气温用前后正点数据内插求得。
00/343459/1115147
10/24/逐时观测
10/24/24时连续观测
11/不守班=
######
