O2187 3402N 11140E 006620 006620 105 000 S15 91999999919999199999 0 2011 07
P=
TB
0256 0251 0242 0230 0217 0207 0190 0182 0180 0178 0205 0247
0272 0304 0324 0325 0341 0355 0343 0346 0343 0329 0315 0294 0361 1426 0175 0541.
0275 0272 0266 0251 0245 0236 0227 0222 0216 0214 0233 0261
0293 0329 0337 0341 0341 0343 0355 0349 0339 0329 0317 0291 0360 1545 0213 0516.
0269 0271 0255 0247 0242 0236 0238 0239 0239 0236 0234 0228
0223 0221 0221 0224 0228 0220 0217 0215 0213 0213 0211 0210 0291 2001 0209 1952.
0210 0210 0210 0209 0209 0208 0207 0205 0205 0206 0206 0206
0212 0215 0220 0217 0215 0220 0214 0211 0212 0209 0210 0210 0223 1341 0204 0502.
0210 0209 0208 0207 0206 0203 0202 0202 0201 0199 0203 0209
0230 0252 0281 0284 0286 0276 0299 0287 0280 0263 0255 0243 0306 1449 0199 0527.
0233 0225 0228 0226 0219 0213 0214 0211 0212 0211 0216 0218
0223 0228 0234 0235 0230 0223 0198 0195 0194 0190 0189 0178 0243 2001 0177 1952.
0168 0169 0169 0168 0166 0167 0168 0169 0188 0195 0208 0218
0234 0239 0262 0269 0262 0268 0275 0260 0250 0257 0232 0203 0276 1214 0165 0101.
0203 0185 0170 0163 0152 0149 0144 0136 0130 0129 0162 0189
0226 0264 0305 0325 0337 0342 0345 0340 0338 0324 0271 0245 0348 1619 0123 0530.
0220 0192 0174 0158 0144 0140 0128 0121 0119 0118 0162 0194
0228 0255 0266 0273 0283 0277 0274 0278 0274 0261 0244 0223 0291 1233 0115 0524.
0219 0200 0198 0192 0190 0189 0176 0171 0161 0159 0187 0204
0243 0282 0296 0311 0312 0294 0301 0300 0279 0262 0248 0231 0318 1134 0155 0518.
0229 0225 0219 0213 0207 0203 0199 0194 0195 0191 0200 0209
0236 0265 0289 0296 0310 0316 0319 0312 0312 0298 0269 0251 0330 1441 0189 0543.
0249 0230 0228 0221 0212 0208 0208 0199 0196 0194 0194 0191
0201 0212 0231 0253 0271 0269 0264 0270 0272 0258 0247 0231 0280 1346 0190 0750.
0219 0218 0214 0208 0204 0204 0199 0195 0190 0192 0196 0205
0229 0244 0270 0261 0288 0292 0292 0293 0283 0256 0248 0216 0297 1505 0189 0529.
0203 0200 0194 0181 0178 0167 0165 0164 0160 0162 0179 0203
0235 0266 0285 0297 0308 0247 0179 0204 0240 0245 0233 0204 0313 1304 0159 0456.
0206 0197 0189 0181 0179 0167 0168 0162 0159 0161 0175 0206
0228 0259 0284 0290 0302 0309 0311 0284 0298 0288 0260 0260 0324 1451 0156 0537.
0231 0219 0210 0203 0201 0194 0189 0187 0184 0182 0192 0212
0238 0264 0268 0282 0294 0287 0266 0256 0252 0241 0216 0207 0302 1311 0181 0536.
0197 0192 0187 0182 0179 0177 0172 0167 0168 0172 0178 0200
0227 0257 0277 0277 0285 0295 0287 0266 0238 0223 0220 0216 0303 1428 0167 0400.
0214 0208 0198 0193 0195 0191 0184 0182 0182 0177 0186 0208
0234 0247 0261 0271 0279 0286 0265 0263 0276 0286 0253 0232 0295 1434 0176 0541.
0222 0228 0203 0206 0191 0184 0182 0181 0181 0183 0193 0200
0205 0233 0243 0205 0230 0243 0258 0244 0261 0253 0230 0215 0265 1507 0178 0424.
0210 0194 0193 0190 0179 0178 0171 0165 0167 0163 0176 0192
0227 0256 0263 0280 0286 0292 0289 0213 0253 0242 0235 0228 0303 1407 0162 0533.
0223 0214 0206 0196 0191 0186 0184 0180 0179 0174 0187 0206
0234 0256 0274 0269 0290 0303 0300 0286 0230 0203 0203 0203 0311 1420 0174 0558.
0203 0204 0202 0202 0200 0199 0195 0196 0195 0194 0202 0218
0222 0237 0260 0268 0273 0280 0267 0264 0270 0265 0233 0218 0287 1346 0193 0539.
0211 0203 0207 0203 0200 0195 0194 0193 0190 0192 0197 0210
0237 0246 0263 0287 0281 0302 0309 0306 0305 0295 0279 0241 0314 1502 0190 0459.
0228 0227 0212 0209 0204 0205 0202 0194 0192 0190 0205 0227
0257 0278 0279 0282 0272 0303 0315 0304 0317 0305 0267 0253 0324 1723 0189 0542.
0225 0221 0216 0213 0208 0205 0200 0200 0208 0189 0216 0240
0272 0299 0322 0336 0347 0349 0339 0340 0347 0342 0280 0267 0358 1444 0187 0558.
0241 0214 0203 0192 0187 0181 0174 0177 0175 0182 0197 0216
0233 0273 0283 0296 0307 0291 0282 0283 0287 0273 0265 0242 0307 1300 0169 0331.
0231 0217 0218 0205 0198 0204 0194 0187 0177 0176 0197 0222
0264 0268 0289 0303 0321 0321 0336 0332 0331 0323 0297 0260 0342 1547 0174 0543.
0247 0249 0228 0213 0205 0200 0196 0188 0185 0186 0203 0226
0259 0263 0290 0302 0320 0318 0325 0320 0306 0297 0287 0278 0333 1510 0181 0617.
0260 0251 0240 0240 0233 0229 0230 0225 0224 0225 0235 0245
0268 0280 0304 0315 0313 0303 0331 0304 0244 0242 0235 0232 0331 1223 0223 0430.
0230 0231 0219 0212 0197 0198 0200 0199 0199 0197 0204 0218
0230 0232 0235 0232 0236 0233 0240 0231 0234 0237 0220 0208 0242 1014 0196 0623.
0205 0202 0201 0199 0198 0198 0197 0195 0195 0195 0198 0207
0212 0222 0232 0236 0230 0234 0228 0202 0193 0198 0184 0180 0237 1142 0180 1953=
I=
E=
U=
N=
H=
C=
V=
R6
0000 0000 0000
0000 0000 0000
0000 0030 0030
0004 0143 0147
0005 0000 0005
0004 0178 0182
0108 0000 0108
0000 0000 0000
0000 0000 0000
0000 0000 0000
0000 0000 0000
0067 0000 0067
0000 0000 0000
0000 0254 0254
0000 0000 0000
0000 0000 0000
0001 0001 0002
0001 0000 0001
0000 0097 0097
0000 0065 0065
0000 0106 0106
0015 0026 0041
0002 0001 0003
0000 0000 0000
0006 0000 0006
0000 0000 0000
0000 0000 0000
0000 0000 0000
0000 0024 0024
0004 0001 0005
0001 0000 0001=
0000 0000 0000 0000 0000 0000 0000 0000 0000 0000 0000 0000
0000 0000 0000 0000 0000 0000 0000 0000 0000 0000 0000 0000.
0000 0000 0000 0000 0000 0000 0000 0000 0000 0000 0000 0000
0000 0000 0000 0000 0000 0000 0000 0000 0000 0000 0000 0000.
0000 0000 0000 0000 0000 0000 0000 0000 0000 0000 0000 0000
0000 0001 0000 0001 0000 0000 0001 0012 0011 0004 0000 0000.
0000 0000 0000 0000 0000 0000 0001 0000 0000 0000 0000 0003
0010 0002 0002 0000 0004 0005 0014 0024 0030 0051 0001 0000.
0000 0004 0000 0000 0000 0000 0001 0000 0000 0000 0000 0000
0000 0000 0000 0000 0000 0000 0000 0000 0000 0000 0000 0000.
0000 0000 0000 0000 0000 0000 0003 0001 0000 0000 0000 0000
0000 0002 0000 0000 0000 0001 0010 0042 0019 0036 0047 0021.
0080 0017 0006 0004 0000 0000 0001 0000 0000 0000 0000 0000
0000 0000 0000 0000 0000 0000 0000 0000 0000 0000 0000 0000.
0000 0000 0000 0000 0000 0000 0000 0000 0000 0000 0000 0000
0000 0000 0000 0000 0000 0000 0000 0000 0000 0000 0000 0000.
0000 0000 0000 0000 0000 0000 0000 0000 0000 0000 0000 0000
0000 0000 0000 0000 0000 0000 0000 0000 0000 0000 0000 0000.
0000 0000 0000 0000 0000 0000 0000 0000 0000 0000 0000 0000
0000 0000 0000 0000 0000 0000 0000 0000 0000 0000 0000 0000.
0000 0000 0000 0000 0000 0000 0000 0000 0000 0000 0000 0000
0000 0000 0000 0000 0000 0000 0000 0000 0000 0000 0000 0000.
0000 0000 0000 0000 0000 0002 0000 0028 0025 0011 0001 0000
0000 0000 0000 0000 0000 0000 0000 0000 0000 0000 0000 0000.
0000 0000 0000 0000 0000 0000 0000 0000 0000 0000 0000 0000
0000 0000 0000 0000 0000 0000 0000 0000 0000 0000 0000 0000.
0000 0000 0000 0000 0000 0000 0000 0000 0000 0000 0000 0000
0000 0000 0000 0000 0000 0000 0246 0008 0000 0000 0000 0000.
0000 0000 0000 0000 0000 0000 0000 0000 0000 0000 0000 0000
0000 0000 0000 0000 0000 0000 0000 0000 0000 0000 0000 0000.
0000 0000 0000 0000 0000 0000 0000 0000 0000 0000 0000 0000
0000 0000 0000 0000 0000 0000 0000 0000 0000 0000 0000 0000.
0000 0000 0000 0000 0000 0000 0000 0000 0000 0001 0000 0000
0000 0000 0000 0000 0000 0000 0000 0000 0001 0000 0000 0000.
0000 0000 0000 0000 0000 0000 0000 0000 0000 0000 0001 0000
0000 0000 0000 0000 0000 0000 0000 0000 0000 0000 0000 0000.
0000 0000 0000 0000 0000 0000 0000 0000 0000 0000 0000 0000
0000 0000 0000 0070 0026 0001 0000 0000 0000 0000 0000 0000.
0000 0000 0000 0000 0000 0000 0000 0000 0000 0000 0000 0000
0000 0000 0000 0000 0000 0000 0000 0064 0001 0000 0000 0000.
0000 0000 0000 0000 0000 0000 0000 0000 0000 0000 0000 0000
0000 0000 0000 0000 0000 0000 0000 0000 0010 0046 0012 0038.
0012 0001 0000 0000 0000 0001 0000 0000 0001 0000 0000 0000
0000 0000 0000 0000 0000 0000 0000 0000 0000 0000 0013 0013.
0001 0000 0001 0000 0000 0000 0000 0000 0000 0000 0000 0000
0000 0000 0000 0000 0000 0001 0000 0000 0000 0000 0000 0000.
0000 0000 0000 0000 0000 0000 0000 0000 0000 0000 0000 0000
0000 0000 0000 0000 0000 0000 0000 0000 0000 0000 0000 0000.
0005 0000 0000 0000 0000 0000 0000 0000 0000 0001 0000 0000
0000 0000 0000 0000 0000 0000 0000 0000 0000 0000 0000 0000.
0000 0000 0000 0000 0000 0000 0000 0000 0000 0000 0000 0000
0000 0000 0000 0000 0000 0000 0000 0000 0000 0000 0000 0000.
0000 0000 0000 0000 0000 0000 0000 0000 0000 0000 0000 0000
0000 0000 0000 0000 0000 0000 0000 0000 0000 0000 0000 0000.
0000 0000 0000 0000 0000 0000 0000 0000 0000 0000 0000 0000
0000 0000 0000 0000 0000 0000 0000 0000 0000 0000 0000 0000.
0000 0000 0000 0000 0000 0000 0000 0000 0000 0000 0000 0000
0000 0000 0000 0000 0000 0000 0000 0000 0012 0012 0000 0000.
0000 0000 0000 0000 0001 0001 0000 0001 0000 0000 0000 0001
0000 0000 0000 0000 0000 0000 0001 0000 0000 0000 0000 0000.
0000 0000 0000 0000 0000 0000 0000 0000 0000 0000 0001 0000
0000 0000 0000 0000 0000 0000 0000 0000 0000 0000 0000 0000=
0000 ////////// 00000=
W=
L=
Z=
G=
FN
066014 239004 327011 337012 PPC000 276006
329008 PPC002 179009 231005 274005 055006
258011 318015 083026 051029 062045 106029
089023 078046 206016 188016 204019 083014.
081017 359018 026012 PPC002 260008 192009
195007 145005 127007 PPC000 339003 198003
272014 149017 006009 171029 183025 240029
202036 244009 204035 173029 201019 077017.
024006 312019 173006 261008 152004 070008
051009 188004 088016 095014 102009 138012
081009 077015 122012 147011 155019 143009
124024 107010 164009 167013 100015 087009.
100005 069007 085009 085006 178005 261008
PPC000 000009 339009 255006 194006 215007
098006 084007 225011 PPC000 355006 207006
278011 261006 PPC000 342006 095004 PPC000.
PPC000 PPC000 PPC000 PPC000 PPC000 PPC000
250006 PPC002 328008 227007 232006 122006
269013 196010 045003 078042 062024 352012
120016 335030 355035 331023 261015 250014.
293009 068013 282015 324012 342009 064010
343014 344021 335012 324009 PPC001 PPC001
PPC002 259020 238019 230032 246034 237026
246022 232017 212017 215016 220012 257020.
PPC002 342006 PPC002 288011 293016 318011
285018 312013 273034 278030 241029 256026
285027 328026 270023 333023 248029 279031
245015 218013 214015 217020 075017 089008.
314021 311010 228012 242009 213011 224015
232013 223014 247012 267008 201004 332008
226006 343006 228014 225034 330024 274035
284026 017015 322019 348023 031015 310030.
281016 216010 253013 209006 215009 240008
110005 PPC002 PPC000 325003 180007 249006
191010 005006 197007 159008 074008 072008
094009 163009 197008 PPC000 189008 116008.
265008 239011 220010 355003 251007 240010
PPC001 PPC000 103006 184007 248007 233006
166004 071007 104008 233018 168010 173017
117005 185020 073007 103008 189004 308008.
250011 227004 223011 277003 157004 000005
PPC000 041006 226005 PPC000 036010 258007
151007 269009 177012 118008 327011 204014
177023 154017 204018 169007 078011 PPC002.
264017 331025 281023 267009 224009 292009
085018 109013 335013 269014 304017 341015
345019 209009 279011 244009 109010 158027
063009 334008 232010 280015 350016 339008.
087026 338010 192009 274007 286011 265015
309007 265006 248010 284010 PPC000 342008
195004 228006 287008 095015 192018 114019
099016 133018 194007 307004 246014 056004.
264009 260006 262011 220011 267010 242007
211011 PPC000 PPC000 081006 077004 171004
263012 235003 129020 147023 155019 037086
337040 344023 206011 232005 PPC000 PPC001.
341005 280009 283014 321016 273008 PPC000
326008 PPC000 PPC000 276008 218010 PPC000
259005 240008 129016 082016 105021 088023
072027 089009 137014 089013 051013 082022.
PPC000 PPC000 PPC000 PPC000 PPC002 PPC001
PPC000 356011 PPC001 232006 PPC002 PPC000
213007 144023 066032 084033 112021 138020
162009 006008 357025 284009 069007 242003.
219007 053004 PPC000 083008 268006 310009
228013 PPC001 306007 134006 300006 223014
076006 024007 080024 126016 133016 077037
169023 049012 048005 231021 293007 289013.
226008 215012 PPC000 318006 PPC001 242006
338007 308009 020006 093005 188005 PPC000
171008 027008 037015 159019 146034 216031
349040 354031 355009 305007 035011 082011.
233013 092011 105007 327015 161003 238006
257009 PPC000 194008 286009 177008 107005
126004 198010 323013 083013 103016 081026
064023 098030 355010 148015 071017 352031.
080006 082010 232012 302023 PPC002 257007
216005 PPC000 331006 112003 157006 177010
083005 073005 141015 080027 112019 077020
120014 054020 029007 122007 098010 028018.
316011 311019 332014 303012 257008 PPC000
284008 187006 249009 212004 PPC002 187010
221007 309008 056012 308007 092010 074013
051024 125023 214021 325011 PPC002 034008.
235003 211011 213017 202011 319007 PPC000
283011 329014 330011 002005 233008 169007
253009 256011 032004 130012 064012 083016
089024 078021 135017 088016 132007 034023.
PPC002 097010 250006 308010 278012 253008
276006 079004 PPC002 PPC000 253007 232010
079004 237012 241007 074017 088019 103014
107008 063026 139023 088021 068019 111006.
057011 351015 267004 128005 040004 224014
299010 258005 224009 204009 221010 230004
317007 225011 229009 240010 069004 154004
289008 300010 213013 146017 059024 241012.
240022 245010 279010 326010 308014 207006
246016 232010 255011 327017 024014 251007
220008 120008 148010 242009 308007 011016
340021 279012 310007 268005 108011 277022.
277012 242010 221010 265008 092009 114004
140006 092004 120008 262011 160003 PPC001
308009 PPC002 201008 109005 218009 104031
355029 197017 085016 093024 095007 052012.
070009 086005 270012 284012 277010 025019
299014 039011 027006 259012 236008 264009
183009 072035 107030 092035 120025 063038
117026 082031 068021 147014 075007 080012.
060014 295013 293009 074011 286007 088008
PPC002 124005 274010 053006 PPC000 225009
253009 071019 074022 084025 086024 098017
078034 176035 150018 105014 154008 076010.
064013 088007 188005 095011 094012 313011
251015 078010 263007 PPC000 152003 241008
077003 327006 206003 115017 062017 106016
060025 059018 102011 110011 058006 224019.
250012 239037 248017 268026 238018 297009
069010 078008 266007 308008 329007 255006
254017 268025 248019 227010 255010 215011
086009 230009 082008 165007 212009 PPC000.
PPC000 234012 239009 347011 PPC001 270010
104006 272005 033008 272004 308006 314006
181006 282010 298007 196008 134010 PPC002
270017 286012 064014 209004 095010 290013=
063016 251007 330011 321012 PPC001 274007
294008 243004 143010 260004 266007 128007
247012 344013 088021 061032 071041 115023
083026 077044 191016 192022 205021 094014.
075018 010015 022014 057004 264010 240009
232007 117004 141005 PPC001 332006 192004
328012 160016 330009 199029 193030 246029
199032 227015 212034 181026 197019 079016.
054007 317018 228006 291007 174005 064010
061008 186004 089016 099014 096010 148011
120010 084014 103012 134014 158018 136010
126018 097011 145011 146012 124014 094008.
108005 072008 084007 087005 161005 266007
PPC001 022006 339010 239003 209007 199007
134005 094008 201010 PPC002 328006 260005
272011 256007 PPC000 346006 096003 PPC000.
PPC000 PPC000 PPC000 PPC000 PPC000 PPC000
244005 174005 327007 226008 231006 144006
257013 210010 005005 078037 075029 357014
102015 350023 347036 331030 268014 247014.
277011 074012 308015 330014 337011 063010
003014 319017 330011 331009 326004 PPC002
343005 246018 236017 232030 243032 240025
245021 228019 227016 226017 239012 269019.
258005 304008 301003 276011 277014 298014
276019 300011 272033 279030 257029 260024
282028 310034 258022 341026 263027 279027
271016 224019 233016 217020 075016 097009.
319020 309012 242011 247008 217009 221014
234014 226014 246012 251008 204005 294007
228006 019007 247012 230035 297025 266031
290026 358019 316020 346021 016023 309027.
282015 210011 249014 220008 186008 212007
116004 199003 PPC001 PPC002 160006 240006
184010 347005 193007 173008 062007 094008
092009 136009 205008 183003 195009 103009.
252009 224012 229008 PPC002 246008 233010
PPC002 PPC002 099006 163006 239007 251005
161007 092007 106009 236016 120009 170016
099005 177016 081008 111008 173004 219009.
252011 175003 224011 184004 131004 338004
PPC001 014005 218006 PPC000 038010 256007
158007 255010 197011 159011 019011 194016
175023 125016 198016 160009 077011 169004.
248015 321020 303023 254008 237008 292012
074013 108014 328014 270013 297017 320016
348019 217011 276012 229012 127012 154021
064009 320008 242010 268013 347016 020008.
071019 340012 218010 303009 290012 277015
275009 189006 237010 279009 PPC001 341008
187004 219007 298007 088018 172017 102019
105015 118016 193007 292008 246013 049003.
254010 274007 269012 197008 258009 240008
211009 PPC001 PPC000 083005 066005 191003
241010 227005 144020 140023 150022 049082
337035 352022 224012 242006 PPC000 346005.
334006 294009 266014 315013 278008 PPC001
320012 PPC000 066003 293009 217009 PPC000
264005 252006 121016 078023 101026 088027
075024 086009 142015 104015 048014 082021.
PPC001 PPC000 PPC001 PPC000 308005 PPC002
PPC002 353011 343003 246006 033004 PPC002
217008 141019 075031 079031 110022 132020
156010 047017 354028 267010 097007 217004.
259004 031007 PPC001 081007 257007 292009
217014 062003 301007 112007 280007 229012
023004 354009 099019 114020 126022 097034
157025 049010 078007 232017 293008 281012.
230009 226013 PPC001 300005 300003 237007
346006 284010 043007 089006 180006 PPC000
184008 326007 066020 123021 164034 212027
353046 351034 008012 308007 039011 073010.
212011 089015 102006 319014 PPC002 255006
255009 PPC001 204006 260007 182007 120005
118005 154009 352011 079013 137014 084023
096020 088029 009010 142015 063015 357030.
085008 086010 269013 275019 357004 263008
219005 PPC001 311007 105003 170006 199010
127006 108007 119017 072026 093023 069025
117020 035021 112008 136007 080011 020015.
326013 313018 333013 299010 232008 PPC000
299006 196006 248011 198006 337004 194010
217007 324007 076010 315008 064009 099013
069027 122021 219017 248012 179005 031009.
293007 215011 213014 211015 292008 PPC001
288010 328013 324009 350006 248008 170006
244008 237010 057004 132014 076015 077016
097026 080019 117016 083017 112009 054019.
094004 098010 255006 304010 284011 260008
270008 011005 304005 PPC000 260006 228010
231006 246011 248008 098014 083020 104018
061013 070026 129023 083024 071021 111007.
058010 342014 274003 236005 086004 233014
298011 251007 235007 196009 233011 245005
354006 234009 235008 251010 041007 203007
285009 307009 219018 141016 063023 249013.
242019 243011 284012 321010 307015 253007
252015 235011 272012 317014 022012 268007
211008 142008 189011 232014 311008 293018
341022 306016 328007 285009 100012 287024.
296014 255010 227011 267008 070008 PPC002
145005 061004 171006 274008 151005 150003
314009 220004 194008 106004 223007 097027
005032 184014 086018 090025 108010 064012.
069009 033003 276012 279012 276009 353018
275014 036012 010007 261011 249008 254009
138008 074034 096030 084035 132022 070037
121022 076035 080022 139016 064005 073012.
063014 317015 295010 078009 294008 081007
190003 114004 254009 033007 PPC001 260006
265010 072023 074021 088024 084023 088025
095033 158027 142022 117012 153010 081012.
070012 094007 189004 088011 089012 249008
339012 127008 309006 PPC001 149003 265008
108004 306008 130007 096016 074016 105017
087021 061018 130015 098015 027007 234021.
256014 247036 253017 254022 243022 285008
081009 080008 252007 311007 307008 275008
244018 259022 242023 244012 248010 224012
099007 241008 087008 169006 256006 PPC002.
PPC000 234013 211009 341010 PPC001 273009
086006 277006 045006 262004 284007 303006
149006 274011 303005 181008 119008 176006
240013 289011 055018 197005 096009 300014=
045078 1557 078077 1555
041206 1339 073262 1348
023146 1252 040120 1335
018213 1117 025231 1117
041334 1726 081005 1739
034231 1201 055237 1141
045294 0903 099301 0957
053210 1208 099280 1405
028315 2006 046302 2011
022132 1218 039130 1237
028091 1546 044094 1536
046353 2236 069009 2235
025094 1318 046088 1326
105045 1407 159043 1407
034076 1250 055106 1732
046352 1611 068318 1609
036136 1348 069175 1442
059342 1540 094348 1540
037058 1550 051133 1455
042341 1528 067351 1528
045234 1643 079216 1704
038076 1521 058100 1840
037076 1732 056087 1619
026235 1656 042263 1650
037261 2019 074191 1432
043347 1455 079355 1454
047073 1418 073072 1335
042077 1233 072064 1451
036250 1616 092250 1615
038234 2149 066254 2147
043359 1520 073017 1520=
D=
K=
A=
S=
B=
??????
******
YF
O2187
河南省
豫栾川秋扒
栾川县秋扒乡秋扒村
山地；乡村；地面
空缺
计算机
计算机
计算机
计算机
计算机
20120208=
JY
8888=
GK
01/
05/=
BZ
00/340203/1113930
10/24/逐时观测
10/24/24时连续观测
11/不守班=
######
