O2190 3435N 11152E 004500 004500 105 000 S15 91999999919999199999 0 2010 05
P=
TB
0175 0161 0144 0134 0133 0135 0132 0135 0132 0128 0152 0176
0189 0216 0251 0267 0295 0299 0305 0314 0309 0296 0255 0233 0317 1540 0127 0557.
0209 0190 0178 0183 0183 0181 0181 0163 0167 0166 0192 0226
0256 0282 0308 0326 0340 0347 0346 0350 0330 0309 0281 0262 0361 1347 0157 0530.
0240 0233 0224 0222 0229 0210 0217 0217 0193 0182 0198 0221
0249 0267 0285 0290 0291 0291 0286 0273 0267 0265 0253 0242 0293 1304 0182 0536.
0237 0239 0221 0218 0215 0200 0197 0200 0210 0208 0210 0214
0198 0206 0216 0215 0202 0207 0197 0196 0198 0196 0193 0189 0245 2013 0189 1957.
0182 0179 0178 0176 0177 0173 0172 0176 0180 0191 0193 0189
0191 0191 0217 0218 0212 0212 0233 0228 0235 0233 0212 0201 0239 1644 0171 0239.
0189 0183 0187 0187 0189 0184 0183 0173 0167 0166 0164 0165
0196 0213 0228 0246 0251 0259 0260 0259 0259 0247 0227 0212 0272 1535 0161 0737.
0185 0174 0168 0148 0134 0127 0133 0138 0119 0132 0159 0180
0212 0238 0260 0288 0301 0297 0298 0296 0288 0264 0244 0236 0305 1416 0119 0457.
0222 0217 0203 0199 0189 0190 0195 0187 0176 0169 0173 0186
0183 0185 0202 0208 0220 0218 0243 0244 0235 0218 0197 0182 0249 1502 0165 0514.
0169 0155 0141 0134 0130 0141 0131 0129 0133 0142 0147 0170
0192 0208 0211 0210 0215 0228 0225 0221 0213 0206 0191 0180 0234 1448 0123 0222.
0164 0163 0163 0136 0142 0130 0126 0116 0095 0103 0121 0144
0179 0206 0231 0240 0262 0279 0275 0281 0271 0260 0234 0218 0288 1353 0085 0443.
0208 0196 0194 0180 0159 0164 0144 0150 0127 0139 0158 0178
0188 0209 0220 0233 0249 0250 0256 0252 0247 0228 0209 0192 0259 1454 0126 0459.
0178 0170 0164 0158 0153 0147 0146 0140 0138 0143 0153 0163
0159 0168 0172 0171 0162 0144 0138 0134 0125 0130 0131 0129 0191 2001 0121 1653.
0129 0125 0124 0126 0126 0126 0125 0126 0126 0127 0127 0130
0135 0140 0148 0160 0170 0180 0183 0188 0187 0185 0177 0169 0190 1551 0124 2205.
0169 0168 0165 0156 0153 0150 0139 0131 0130 0135 0148 0162
0175 0179 0185 0195 0204 0209 0219 0212 0210 0206 0194 0185 0221 1449 0127 0420.
0169 0161 0149 0141 0137 0126 0118 0117 0116 0112 0139 0156
0176 0185 0200 0215 0226 0221 0218 0214 0208 0200 0191 0186 0229 1241 0110 0425.
0179 0172 0167 0163 0159 0155 0152 0151 0149 0147 0147 0147
0148 0151 0156 0155 0155 0154 0155 0150 0147 0147 0144 0142 0186 2001 0142 1950.
0142 0141 0141 0139 0139 0140 0140 0141 0140 0140 0150 0159
0164 0188 0199 0212 0215 0216 0211 0213 0210 0211 0201 0196 0219 1230 0138 0146.
0186 0195 0192 0160 0153 0150 0147 0144 0137 0137 0140 0148
0163 0167 0189 0198 0214 0235 0220 0222 0230 0218 0200 0180 0235 1400 0136 0510.
0171 0160 0140 0161 0165 0152 0173 0162 0154 0154 0170 0205
0221 0246 0265 0275 0285 0295 0299 0292 0291 0277 0254 0228 0300 1501 0133 2309.
0215 0195 0192 0186 0156 0157 0163 0160 0145 0145 0162 0181
0206 0240 0262 0277 0281 0280 0289 0277 0262 0245 0237 0225 0301 1307 0141 0452.
0214 0209 0198 0192 0195 0185 0182 0187 0183 0171 0164 0170
0171 0173 0178 0170 0161 0161 0163 0171 0174 0175 0171 0167 0225 2001 0160 1341.
0164 0164 0167 0159 0156 0154 0155 0155 0155 0156 0161 0174
0193 0227 0249 0262 0279 0284 0278 0262 0252 0245 0223 0207 0291 1442 0154 0158.
0191 0179 0174 0162 0171 0161 0154 0152 0144 0148 0166 0185
0207 0221 0239 0258 0274 0282 0294 0294 0293 0278 0259 0236 0302 1527 0140 0520.
0208 0194 0193 0200 0200 0193 0184 0185 0190 0196 0212 0243
0274 0296 0324 0343 0356 0368 0361 0357 0345 0314 0279 0260 0373 1422 0180 0419.
0248 0240 0238 0230 0227 0226 0219 0208 0204 0202 0213 0225
0232 0240 0246 0252 0270 0278 0279 0282 0269 0257 0251 0238 0282 1326 0200 0534.
0232 0224 0219 0217 0212 0211 0209 0205 0203 0200 0197 0194
0201 0203 0187 0183 0180 0182 0183 0185 0187 0185 0181 0180 0238 2001 0177 1241.
0179 0178 0177 0174 0173 0173 0170 0169 0167 0166 0168 0164
0164 0166 0167 0168 0170 0166 0160 0155 0156 0154 0153 0151 0180 2001 0150 1944.
0149 0149 0148 0147 0146 0146 0145 0145 0146 0147 0150 0162
0178 0196 0212 0228 0235 0248 0258 0259 0263 0256 0239 0208 0266 1703 0145 0155.
0211 0208 0200 0191 0186 0187 0182 0174 0172 0171 0197 0218
0246 0261 0280 0291 0304 0311 0315 0311 0307 0303 0281 0262 0321 1532 0169 0548.
0252 0242 0235 0216 0225 0207 0213 0205 0197 0205 0217 0208
0231 0262 0294 0305 0321 0319 0323 0323 0306 0288 0272 0257 0327 1247 0192 0437.
0239 0239 0234 0227 0221 0215 0214 0209 0206 0209 0217 0236
0245 0263 0259 0269 0274 0277 0268 0264 0256 0249 0236 0227 0285 1418 0205 0515=
I=
E=
U=
N=
H=
C=
V=
R6
0000 0000 0000
0000 0000 0000
0000 0000 0000
0000 0048 0048
0000 0001 0001
0000 0000 0000
0000 0000 0000
0000 0000 0000
0000 0000 0000
0000 0000 0000
0000 0000 0000
0000 0084 0084
0012 0001 0013
0000 0000 0000
0000 0000 0000
0000 0062 0062
0041 0000 0041
0000 0000 0000
0000 0000 0000
0000 0000 0000
0006 0007 0013
0000 0000 0000
0000 0000 0000
0000 0000 0000
0000 0000 0000
0000 0038 0038
0107 0231 0338
0017 0000 0017
0000 0000 0000
0000 0000 0000
0000 0000 0000=
0000 0000 0000 0000 0000 0000 0000 0000 0000 0000 0000 0000
0000 0000 0000 0000 0000 0000 0000 0000 0000 0000 0000 0000.
0000 0000 0000 0000 0000 0000 0000 0000 0000 0000 0000 0000
0000 0000 0000 0000 0000 0000 0000 0000 0000 0000 0000 0000.
0000 0000 0000 0000 0000 0000 0000 0000 0000 0000 0000 0000
0000 0000 0000 0000 0000 0000 0000 0000 0000 0000 0000 0000.
0000 0000 0000 0000 0000 0000 0000 0000 0000 0000 0000 0000
0029 0001 0001 0000 0000 0000 0004 0013 0000 0000 0000 0000.
0000 0000 0000 0000 0000 0000 0000 0000 0000 0000 0000 0000
0001 0000 0000 0000 0000 0000 0000 0000 0000 0000 0000 0000.
0000 0000 0000 0000 0000 0000 0000 0000 0000 0000 0000 0000
0000 0000 0000 0000 0000 0000 0000 0000 0000 0000 0000 0000.
0000 0000 0000 0000 0000 0000 0000 0000 0000 0000 0000 0000
0000 0000 0000 0000 0000 0000 0000 0000 0000 0000 0000 0000.
0000 0000 0000 0000 0000 0000 0000 0000 0000 0000 0000 0000
0000 0000 0000 0000 0000 0000 0000 0000 0000 0000 0000 0000.
0000 0000 0000 0000 0000 0000 0000 0000 0000 0000 0000 0000
0000 0000 0000 0000 0000 0000 0000 0000 0000 0000 0000 0000.
0000 0000 0000 0000 0000 0000 0000 0000 0000 0000 0000 0000
0000 0000 0000 0000 0000 0000 0000 0000 0000 0000 0000 0000.
0000 0000 0000 0000 0000 0000 0000 0000 0000 0000 0000 0000
0000 0000 0000 0000 0000 0000 0000 0000 0000 0000 0000 0000.
0000 0000 0000 0000 0000 0000 0000 0000 0000 0000 0000 0000
0000 0000 0000 0000 0000 0009 0015 0018 0020 0007 0012 0003.
0002 0001 0000 0000 0001 0001 0002 0001 0001 0002 0001 0000
0001 0000 0000 0000 0000 0000 0000 0000 0000 0000 0000 0000.
0000 0000 0000 0000 0000 0000 0000 0000 0000 0000 0000 0000
0000 0000 0000 0000 0000 0000 0000 0000 0000 0000 0000 0000.
0000 0000 0000 0000 0000 0000 0000 0000 0000 0000 0000 0000
0000 0000 0000 0000 0000 0000 0000 0000 0000 0000 0000 0000.
0000 0000 0000 0000 0000 0000 0000 0000 0000 0000 0000 0000
0000 0000 0000 0000 0000 0000 0000 0002 0007 0015 0012 0026.
0016 0006 0013 0005 0001 0000 0000 0000 0000 0000 0000 0000
0000 0000 0000 0000 0000 0000 0000 0000 0000 0000 0000 0000.
0000 0000 0000 0000 0000 0000 0000 0000 0000 0000 0000 0000
0000 0000 0000 0000 0000 0000 0000 0000 0000 0000 0000 0000.
0000 0000 0000 0000 0000 0000 0000 0000 0000 0000 0000 0000
0000 0000 0000 0000 0000 0000 0000 0000 0000 0000 0000 0000.
0000 0000 0000 0000 0000 0000 0000 0000 0000 0000 0000 0000
0000 0000 0000 0000 0000 0000 0000 0000 0000 0000 0000 0000.
0000 0000 0000 0000 0000 0000 0000 0000 0000 0001 0004 0001
0000 0003 0001 0001 0001 0000 0001 0000 0000 0000 0000 0000.
0000 0000 0000 0000 0000 0000 0000 0000 0000 0000 0000 0000
0000 0000 0000 0000 0000 0000 0000 0000 0000 0000 0000 0000.
0000 0000 0000 0000 0000 0000 0000 0000 0000 0000 0000 0000
0000 0000 0000 0000 0000 0000 0000 0000 0000 0000 0000 0000.
0000 0000 0000 0000 0000 0000 0000 0000 0000 0000 0000 0000
0000 0000 0000 0000 0000 0000 0000 0000 0000 0000 0000 0000.
0000 0000 0000 0000 0000 0000 0000 0000 0000 0000 0000 0000
0000 0000 0000 0000 0000 0000 0000 0000 0000 0000 0000 0000.
0000 0000 0000 0000 0000 0000 0000 0000 0000 0000 0000 0000
0000 0000 0008 0021 0003 0000 0000 0000 0000 0000 0001 0005.
0000 0002 0001 0015 0008 0005 0001 0006 0017 0011 0005 0036
0056 0026 0027 0030 0020 0033 0009 0007 0017 0003 0003 0000.
0001 0007 0004 0002 0001 0001 0000 0000 0001 0000 0000 0000
0000 0000 0000 0000 0000 0000 0000 0000 0000 0000 0000 0000.
0000 0000 0000 0000 0000 0000 0000 0000 0000 0000 0000 0000
0000 0000 0000 0000 0000 0000 0000 0000 0000 0000 0000 0000.
0000 0000 0000 0000 0000 0000 0000 0000 0000 0000 0000 0000
0000 0000 0000 0000 0000 0000 0000 0000 0000 0000 0000 0000.
0000 0000 0000 0000 0000 0000 0000 0000 0000 0000 0000 0000
0000 0000 0000 0000 0000 0000 0000 0000 0000 0000 0000 0000=
0000 ////////// 00000=
W=
L=
Z=
G=
FN
356015 010013 041010 012003 041011 019005
024008 278008 302006 304011 314016 194013
219011 265011 287013 191014 186023 165021
149029 178022 170015 159014 133015 128015.
027010 012016 009014 008011 354012 340012
183006 221003 PPC001 295005 308012 252012
292016 284019 262015 275018 287007 248019
192017 174021 143019 147012 168011 137012.
029010 337013 033010 174003 193015 219011
222011 239008 072008 037010 006009 065011
124030 102024 089043 088040 106039 119041
096041 098042 072030 065029 076019 070012.
092010 142006 334015 314016 040010 023012
050012 076011 088022 066017 ////// 091025
069019 070024 069018 057037 058029 072026
039015 075027 056030 107009 062022 065023.
034027 025021 092011 317011 244013 287013
244012 263023 292017 290018 308030 298023
////// 307036 268022 290028 280017 251016
316033 ////// 308028 298035 278013 278014.
305022 306016 308014 306019 318029 318019
303019 263019 320011 293017 297020 //////
215010 258013 278018 281021 261013 321023
241014 206041 225023 197030 231011 171011.
032010 343010 135006 112007 003012 345013
PPC001 249006 338008 217007 317010 251016
246012 220012 193011 182018 205019 199033
183032 202017 172018 127014 131019 095009.
056008 153006 015008 103006 062007 045007
121011 063009 326009 067010 PPC002 111008
111013 091017 060009 109014 112018 074015
116015 155026 127038 119029 127018 103017.
123020 110010 058011 013015 003010 PPC001
332012 299017 286015 301019 285019 262022
311024 312048 317045 301033 309044 333057
318054 313034 332040 309012 284008 297009.
333012 299015 301012 256023 294019 260019
283009 318017 280012 282010 260011 243020
216012 198014 270025 246013 328018 312025
302038 317039 327033 268015 303009 306007.
295013 328012 315016 190013 347009 258015
312013 236005 008008 004008 074022 081042
086051 105045 092050 117037 097039 108038
095044 ////// 100046 096048 084030 083027.
070030 075026 078028 067028 076022 058016
059021 080020 083023 074025 095038 085043
096053 086035 096032 083033 099030 079026
177013 146005 087014 060014 094021 091020.
097016 065011 064014 067013 093022 087016
069016 072010 061013 049007 079006 074012
100011 053016 056021 072017 095019 118007
137017 106015 118013 022005 056017 078006.
073010 051015 059017 080013 054015 059010
012008 039011 003009 001008 068006 048003
079009 233009 165005 228010 275019 250017
255014 264025 254018 231011 086005 116008.
088009 089007 029009 058012 076011 044012
048012 054015 098009 064011 104013 121019
286025 263026 251041 250039 134035 108041
239036 234028 144026 150020 115026 129028.
126024 127020 125023 108025 102031 105022
099024 095031 114029 098026 104030 089029
099035 101040 105033 113032 076024 081017
074020 080025 097014 081012 065013 060013.
038009 039006 054005 008003 329008 250009
286012 305011 268007 ////// 313017 239015
234014 255016 283019 258010 280010 204010
192023 195014 228008 285003 PPC002 292004.
028004 297007 300023 295058 297061 306063
283042 304024 312045 298034 292028 302042
////// 317038 277023 299034 312029 289031
302033 256035 264015 256027 278014 293017.
316024 300014 PPC000 290014 308017 332016
309031 303015 281020 296015 273011 254010
312021 ////// 320030 340020 321023 307029
318018 264021 231012 183022 155003 268008.
157008 304005 315016 177019 305014 256007
247009 256021 300003 273006 037011 //////
200012 089009 093027 081022 119027 135023
123015 119022 108013 110023 112018 113006.
025013 119013 032010 054014 058012 011010
358010 217013 291009 278020 293017 297013
259007 284023 289015 248030 255037 262037
253038 298015 258018 299013 212021 214013.
227008 238013 274007 253018 229015 227014
250017 258013 287012 257016 291008 273013
259023 223025 261029 243023 231025 176030
150015 156024 132022 106024 101010 097019.
063012 020009 043011 012014 082010 208009
108004 PPC001 003009 PPC000 062009 143011
053014 129016 053009 250018 189016 083009
060015 068008 111017 145019 111013 080014.
036012 034016 018012 308013 323010 PPC000
307011 288018 292020 281018 292011 288015
249018 269013 250019 241012 229020 216020
267015 162028 129024 106039 086042 081037.
073033 077036 084032 073024 083025 095018
073020 079021 094031 079025 094031 099047
098049 107059 097052 110033 098043 125032
108032 113028 120022 124028 143034 121037.
113035 100034 090028 103023 107035 121030
110035 100031 097033 082032 091029 053017
066020 095042 071021 082032 089036 090029
080014 087016 059014 087014 064011 075017.
078015 056013 085016 078015 091014 090022
075023 063019 077028 082022 066020 072023
057019 059029 065029 288043 296029 285026
305049 293027 273024 292019 273024 290021.
298015 283022 303019 291016 299015 305018
306019 323017 332007 291005 243005 262014
291013 279027 286017 300028 310032 304038
273025 276021 267022 252013 295008 336018.
324021 325020 347006 268006 266009 291014
310003 270007 298011 256017 290012 236011
256006 287008 240014 144014 126008 167018
208014 225019 163010 141010 102009 134009.
259014 313019 330011 281012 274012 016010
282009 295005 138005 332018 231010 244017
278014 220022 293016 232031 310038 301028
285030 314022 283020 210015 286013 //////.
067022 061040 056027 060025 063013 053018
055019 060019 051019 064020 073016 093023
082016 079013 110013 146028 153019 137017
113016 148016 137011 128009 086031 083020=
355013 005014 050012 021012 042009 012005
014009 280007 305007 298009 309013 208010
215011 246011 269010 192012 173018 182018
163020 164020 168016 152013 132014 133012.
048009 015014 008013 004011 344010 347011
171007 PPC002 PPC002 296003 307012 256009
290012 288020 266017 249020 206013 207020
177020 173023 142020 150013 151017 135011.
026011 337013 042007 132006 184015 209010
223013 240011 078007 033010 013010 067010
112025 101028 088039 091042 104044 108043
094040 093040 077032 063026 076018 069013.
083010 145007 344015 323014 026010 019012
043010 073013 085023 059018 ////// 082023
080017 070020 074022 055034 053025 072027
055015 077024 055027 121017 067020 067029.
032027 016021 093011 333008 251009 272013
266014 264022 281015 290019 308027 304026
////// 308045 278027 287027 287017 252016
315037 ////// 309029 305033 289012 281013.
302019 308013 301016 299017 315026 315017
303020 266017 300012 294017 297017 //////
305011 254013 287022 284017 296026 315023
248017 212034 207034 198024 236009 168010.
033006 347009 145005 093007 354008 346012
PPC002 242006 343007 267006 317010 262013
260015 247016 233012 192015 192017 193029
179029 212017 170019 131012 122019 103015.
059008 139006 017007 070005 030008 044007
119008 077007 283011 055010 PPC000 124009
120011 115013 054013 119012 118018 081016
125014 141030 139032 122031 123019 107018.
123017 099011 055012 019014 003011 PPC000
335010 301014 291010 300019 287020 258021
299019 318045 310044 307043 306044 328055
318064 320034 326039 308017 270008 293011.
336012 301014 299013 253021 291015 259019
269010 315017 272011 295011 254010 242018
233012 195015 250023 267019 289015 313028
301037 315031 324030 265012 302007 305006.
298011 287010 311019 193010 347008 263013
314010 272003 025008 354008 070019 078050
085051 094048 086046 099036 093037 106038
105036 ////// 106035 090043 087042 082034.
069028 076028 071026 070028 068028 059017
064021 074021 078019 071022 090029 082032
096049 091039 095038 085033 110026 090021
176014 149010 091018 057014 091025 095017.
096014 071014 064014 065016 083022 076017
070017 062013 073013 061007 072009 069010
088014 059015 068018 079024 099021 126011
145013 099016 115012 057007 060011 074006.
081013 051014 062015 073013 055013 065007
018008 036010 011008 005003 059005 052004
074010 238010 191008 233012 264021 252024
275018 263018 247016 220010 136008 110009.
097008 091007 030008 058012 080012 036012
048011 056014 085012 057010 100013 117022
204024 249023 246031 255041 132034 119039
236026 229025 137024 144018 119025 129024.
124025 124020 126023 105026 099027 110022
098020 095033 113026 100027 101026 094029
098033 100037 095031 115025 079028 076014
071019 082023 078014 078009 059015 054012.
036009 032008 043007 008005 339006 254007
296011 286007 271006 ////// 318014 242013
226018 268017 282015 253012 262012 206011
188021 192011 224007 300003 315006 294004.
048008 297012 291015 298051 301058 304060
295042 302042 312044 295040 295031 302038
////// 312037 276027 310031 303030 287034
306035 253032 258025 249030 278014 295017.
313022 311019 PPC002 286011 309019 327015
311029 302015 289019 303016 283011 271010
296011 ////// 311029 323020 311024 312024
315016 266021 230012 185018 172005 273007.
152008 320005 313010 114008 301012 272007
267010 255017 279004 259008 055007 //////
216011 120008 100020 097026 119023 138018
143016 132017 100016 117019 105016 105009.
053011 098010 039008 045014 066010 015009
009009 211010 294009 274019 295019 303015
264008 287017 290017 247024 245037 262035
241031 285016 274016 274016 211015 203014.
243010 271012 270007 246015 237014 234012
251018 261014 281013 256012 151010 285012
264018 231019 273023 244024 238029 189032
160023 152018 146017 110028 110014 100016.
071011 010008 041010 006011 087007 165005
097006 357003 008008 020004 049007 143012
066012 158009 199007 236017 196011 117011
077012 143019 141014 138013 118013 078016.
035011 031015 016009 309011 317013 215003
305011 284015 283016 272015 291012 283016
262017 263014 248015 237016 239021 223021
241020 169029 136022 111038 079036 082032.
072034 074033 080034 072022 083030 076016
064021 076023 093037 076022 089029 101041
103048 105049 102051 114033 105039 136027
121038 119025 134026 131027 130039 123042.
116036 104036 096027 098019 096036 123037
119028 097028 093034 083031 087033 061023
074026 093036 073024 080026 091035 091028
090016 086017 066012 079011 064011 084016.
078015 064014 077014 079019 077013 086023
077020 064020 083026 078025 071023 066025
060021 058030 070026 289031 291025 287027
300044 292027 276026 278030 288027 287030.
284016 288023 300021 293019 301017 299017
302015 325012 331007 286005 256006 266011
278013 293016 281016 301027 307029 301030
288025 268021 275015 269010 274008 337015.
326023 322022 308009 267008 280010 299016
298005 268006 295012 253019 281011 255014
258009 315008 252010 144012 159013 177014
210016 204015 175013 131010 116010 141009.
240012 310020 327011 287008 288016 346006
287006 280009 314006 331016 248009 230013
261015 240022 285013 233026 312039 310030
292028 305020 286018 249013 279012 //////.
059021 057037 059026 056026 068012 056020
060019 058017 058016 060018 071016 089022
042023 085019 105019 162022 147020 138017
122015 141013 128012 139009 086029 076018=
032209 1423 070211 1421
027174 1619 047132 1645
050096 1334 074112 1611
037087 1828 070039 1208
053316 0854 089307 1523
038205 1603 064188 1652
032160 1331 048222 1400
038135 1637 071129 1544
067331 1349 102349 1337
042309 1439 069304 1415
068093 0831 100101 0908
055094 0905 079098 0857
030095 1150 047096 1141
025252 1359 041273 1251
043263 1156 069098 1309
040098 1131 055098 1126
025263 0941 040256 0937
070307 0431 110309 0213
033316 1421 054309 1100
033101 1210 053093 1206
041246 1348 059256 1251
034118 1734 055087 1515
022187 1539 034186 1530
051096 1825 081096 1815
056100 0831 092093 0924
044098 0447 076112 2029
046302 1501 069349 1501
033311 1145 066304 1349
027314 2134 041315 2120
040310 1301 059287 1257
043095 1841 070062 2136=
D=
K=
A=
S=
B=
??????
******
YF
O2190
河南省
豫宜阳高村
宜阳县高村乡烟站
丘陵；城镇；地面
空缺
计算机
计算机
计算机
计算机
计算机
20100617=
JY
8888=
GK
01/
05/=
BZ
BB/04/07时温度用正点前1分钟值代替。
BB/05/09时温度用正点前2分钟值代替。16时温度用正点前4分钟值代替。
BB/06/08时温度用正点前4分钟值代替。
BB/11/16时温度用正点前3分钟值代替。
BB/17/06时温度用正点前5分钟值代替。
BB/18/09时温度用正点前5分钟值代替。
BB/19/10时温度用正点前3分钟值代替。
BB/20/08时温度用正点前2分钟值代替。
BB/30/20时温度用正点前1分钟值代替。
00/343459/1115147
10/24/逐时观测
10/24/24时连续观测
11/不守班=
######
