O2192 3426N 11207E 003810 003810 105 000 S15 91999999919999199999 0 2011 12
P=
TB
0014 0015 0013 0005 -002 -005 -006 -008 -012 -010 -002 0001
0011 0031 0039 0053 0059 0050 0053 0051 0043 0036 0032 0025 0065 1248 -014 0529.
0017 0017 0015 0007 0000 -002 -005 -003 -012 -015 -020 -013
0019 0059 0085 0096 0106 0096 0087 0077 0072 0063 0057 0030 0121 1322 -021 0645.
0014 0011 0004 0008 0006 0003 0002 0000 0000 0000 -002 -004
-001 0003 0007 0015 0025 0027 0030 0031 0031 0033 0026 0021 0033 1742 -006 0706.
0021 0019 0013 0013 0014 0015 0016 0015 0016 0017 0017 0018
0020 0021 0022 0025 0029 0037 0039 0039 0038 0035 0026 0030 0042 1427 0013 2250.
0028 0028 0027 0023 0025 0023 0024 0026 0025 0024 0003 0001
0005 0014 0012 0014 0019 0016 0021 0020 0020 0018 0017 0018 0029 2001 0001 0717.
0018 0019 0019 0018 0019 0019 0019 0017 0018 0017 0015 0013
0018 0026 0035 0033 0035 0039 0037 0039 0035 0032 0030 0029 0041 1334 0013 0721.
0028 0028 0027 0027 0029 0033 0037 0037 0036 0040 0050 0057
0063 0068 0074 0084 0093 0091 0085 0075 0066 0055 0052 0049 0093 1300 0026 2318.
0045 0040 0034 0028 0022 0019 0018 0009 0008 0005 0002 0003
0024 0029 0038 0046 0052 0054 0053 0042 0031 0009 0005 0007 0058 1419 0001 0630.
-003 -002 -011 -027 -038 -047 -054 -058 -059 -065 -066 -064
-017 0013 0029 0040 0042 0042 0045 0035 0025 0011 0003 0003 0048 1337 -069 0708.
-003 -004 -011 -014 -025 -028 -005 -009 -012 -014 -016 -016
-002 0004 0015 0023 0030 0036 0037 0031 0023 0015 0005 0001 0040 1451 -029 0115.
-006 -007 -013 -018 -014 -015 -011 -015 -021 -026 -024 -031
0007 0029 0048 0055 0066 0060 0056 0053 0051 0038 0031 0030 0068 1303 -032 0754.
0027 0018 0018 0015 0011 0010 0004 -002 -001 -020 -011 -010
0021 0043 0063 0078 0093 0107 0108 0090 0073 0044 0021 0010 0112 1433 -025 0613.
0005 0001 -002 0005 -004 -015 -024 -032 -032 -038 -042 -042
-005 0016 0047 0058 0082 0090 0100 0087 0063 0028 0013 0024 0101 1459 -044 0726.
0006 0002 0005 0011 0024 0027 0027 0032 0029 0034 0032 0028
0051 0070 0077 0087 0093 0084 0084 0075 0061 0054 0051 0025 0099 1234 -001 2137.
0014 0009 -005 -014 -022 -021 -025 -025 -037 -049 -051 -052
-024 0001 0024 0028 0036 0058 0072 0050 0028 0005 -008 -021 0072 1500 -057 0742.
-028 -013 -007 0002 -018 -026 -046 -054 -057 -069 -071 -065
-008 0012 0034 0041 0044 0044 0042 0036 0016 -009 -001 -008 0049 1233 -073 0720.
-015 -022 -035 -044 -051 -055 -062 -057 -055 -053 -060 -057
-044 -013 0009 0016 0037 0047 0038 0032 0023 0014 0010 0004 0051 1350 -063 0726.
-002 -007 -009 -007 -004 -008 -011 -010 -011 -023 -030 -034
-005 0037 0049 0068 0057 0065 0067 0052 0030 0006 0004 0002 0070 1156 -036 0747.
-013 -020 -026 -034 -036 -037 -044 -045 -038 -053 -055 -056
-039 -005 0025 0037 0052 0053 0057 0044 0024 0009 0000 -008 0057 1420 -059 0735.
-012 -005 -005 -004 -004 -005 -005 -012 -018 -021 -024 -019
-010 0011 0045 0056 0056 0072 0079 0063 0036 0021 0019 0001 0081 1452 -024 0617.
-002 -002 -009 -010 -006 -007 -003 -005 -004 0003 0010 0009
0033 0044 0053 0058 0060 0064 0068 0061 0049 0039 0035 0026 0069 1456 -011 2246.
0026 0024 0018 -001 -004 -003 -002 -004 -007 -011 -019 -016
0002 0014 0033 0044 0056 0064 0067 0052 0037 0010 0003 -005 0068 1434 -020 0702.
-008 -033 -028 -043 -043 -027 -015 -014 -014 -012 0001 0007
0016 0027 0038 0040 0053 0060 0061 0053 0044 0034 0022 0005 0065 1421 -046 0053.
-014 -024 -026 -016 -030 -045 -045 -026 -015 -018 -026 -033
0002 0030 0053 0058 0070 0071 0077 0067 0053 0027 -001 -012 0079 1336 -051 0312.
-028 -028 -033 -036 -041 -050 -057 -062 -060 -061 -060 -064
-018 0014 0054 0080 0091 0097 0095 0082 0058 0033 0007 0004 0102 1326 -065 0737.
-014 -017 -019 -029 -036 -036 -041 -042 -023 -036 -041 -035
-013 0021 0039 0041 0049 0050 0050 0045 0036 0021 0029 0028 0055 1446 -042 0254.
0019 0010 0000 -016 -022 -022 -029 -040 -047 -049 -056 -055
-030 -011 0007 0017 0028 0036 0045 0041 0022 -006 -020 -027 0046 1515 -058 0735.
-035 -039 -046 -050 -050 -054 -052 -055 -060 -053 -044 -037
-029 0008 0035 0051 0063 0103 0105 0078 0054 0030 0021 0022 0113 1432 -064 0442.
0020 0009 -008 -020 -027 -029 -029 -029 -036 -043 -042 -040
-028 -009 0000 0009 0014 0030 0028 0021 0013 0006 0009 0011 0032 2020 -043 0538.
0015 0013 0009 0007 0003 -001 -004 -007 -010 -010 -009 -008
-005 -003 0003 0014 0005 0007 0010 0011 0005 0001 -003 -013 0015 2036 -013 1958.
-019 -023 -028 -026 -039 -040 -042 -039 -030 -029 -014 -017
0001 0021 0044 0072 0089 0094 0093 0090 0074 0059 0045 0039 0095 1453 -045 0318=
I=
E=
U=
N=
H=
C=
V=
R6
0000 0000 0000
0000 0019 0019
0007 0003 0010
0000 0000 0000
0000 0000 0000
0000 0000 0000
0001 0000 0001
0000 0000 0000
0000 0000 0000
0000 0000 0000
0000 0000 0000
0000 0000 0000
0000 0000 0000
0000 0000 0000
0000 0000 0000
0000 0000 0000
0000 0000 0000
0000 0000 0000
0000 0000 0000
0000 0000 0000
0000 0000 0000
0000 0000 0000
0000 0000 0000
0000 0000 0000
0000 0000 0000
0000 0000 0000
0000 0000 0000
0000 0000 0000
0000 0000 0000
0000 0000 0000
0000 0000 0000=
0000 0000 0000 0000 0000 0000 0000 0000 0000 0000 0000 0000
0000 0000 0000 0000 0000 0000 0000 0000 0000 0000 0000 0000.
0000 0000 0000 0000 0000 0000 0000 0000 0000 0000 0000 0000
0000 0004 0003 0002 0002 0002 0001 0002 0001 0001 0000 0001.
0001 0001 0000 0001 0001 0000 0001 0000 0001 0000 0001 0000
0000 0001 0000 0001 0000 0000 0001 0000 0000 0000 0000 0000.
0000 0000 0000 0000 0000 0000 0000 0000 0000 0000 0000 0000
0000 0000 0000 0000 0000 0000 0000 0000 0000 0000 0000 0000.
0000 0000 0000 0000 0000 0000 0000 0000 0000 0000 0000 0000
0000 0000 0000 0000 0000 0000 0000 0000 0000 0000 0000 0000.
0000 0000 0000 0000 0000 0000 0000 0000 0000 0000 0000 0000
0000 0000 0000 0000 0000 0000 0000 0000 0000 0000 0000 0000.
0000 0000 0000 0000 0000 0000 0000 0000 0001 0000 0000 0000
0000 0000 0000 0000 0000 0000 0000 0000 0000 0000 0000 0000.
0000 0000 0000 0000 0000 0000 0000 0000 0000 0000 0000 0000
0000 0000 0000 0000 0000 0000 0000 0000 0000 0000 0000 0000.
0000 0000 0000 0000 0000 0000 0000 0000 0000 0000 0000 0000
0000 0000 0000 0000 0000 0000 0000 0000 0000 0000 0000 0000.
0000 0000 0000 0000 0000 0000 0000 0000 0000 0000 0000 0000
0000 0000 0000 0000 0000 0000 0000 0000 0000 0000 0000 0000.
0000 0000 0000 0000 0000 0000 0000 0000 0000 0000 0000 0000
0000 0000 0000 0000 0000 0000 0000 0000 0000 0000 0000 0000.
0000 0000 0000 0000 0000 0000 0000 0000 0000 0000 0000 0000
0000 0000 0000 0000 0000 0000 0000 0000 0000 0000 0000 0000.
0000 0000 0000 0000 0000 0000 0000 0000 0000 0000 0000 0000
0000 0000 0000 0000 0000 0000 0000 0000 0000 0000 0000 0000.
0000 0000 0000 0000 0000 0000 0000 0000 0000 0000 0000 0000
0000 0000 0000 0000 0000 0000 0000 0000 0000 0000 0000 0000.
0000 0000 0000 0000 0000 0000 0000 0000 0000 0000 0000 0000
0000 0000 0000 0000 0000 0000 0000 0000 0000 0000 0000 0000.
0000 0000 0000 0000 0000 0000 0000 0000 0000 0000 0000 0000
0000 0000 0000 0000 0000 0000 0000 0000 0000 0000 0000 0000.
0000 0000 0000 0000 0000 0000 0000 0000 0000 0000 0000 0000
0000 0000 0000 0000 0000 0000 0000 0000 0000 0000 0000 0000.
0000 0000 0000 0000 0000 0000 0000 0000 0000 0000 0000 0000
0000 0000 0000 0000 0000 0000 0000 0000 0000 0000 0000 0000.
0000 0000 0000 0000 0000 0000 0000 0000 0000 0000 0000 0000
0000 0000 0000 0000 0000 0000 0000 0000 0000 0000 0000 0000.
0000 0000 0000 0000 0000 0000 0000 0000 0000 0000 0000 0000
0000 0000 0000 0000 0000 0000 0000 0000 0000 0000 0000 0000.
0000 0000 0000 0000 0000 0000 0000 0000 0000 0000 0000 0000
0000 0000 0000 0000 0000 0000 0000 0000 0000 0000 0000 0000.
0000 0000 0000 0000 0000 0000 0000 0000 0000 0000 0000 0000
0000 0000 0000 0000 0000 0000 0000 0000 0000 0000 0000 0000.
0000 0000 0000 0000 0000 0000 0000 0000 0000 0000 0000 0000
0000 0000 0000 0000 0000 0000 0000 0000 0000 0000 0000 0000.
0000 0000 0000 0000 0000 0000 0000 0000 0000 0000 0000 0000
0000 0000 0000 0000 0000 0000 0000 0000 0000 0000 0000 0000.
0000 0000 0000 0000 0000 0000 0000 0000 0000 0000 0000 0000
0000 0000 0000 0000 0000 0000 0000 0000 0000 0000 0000 0000.
0000 0000 0000 0000 0000 0000 0000 0000 0000 0000 0000 0000
0000 0000 0000 0000 0000 0000 0000 0000 0000 0000 0000 0000.
0000 0000 0000 0000 0000 0000 0000 0000 0000 0000 0000 0000
0000 0000 0000 0000 0000 0000 0000 0000 0000 0000 0000 0000.
0000 0000 0000 0000 0000 0000 0000 0000 0000 0000 0000 0000
0000 0000 0000 0000 0000 0000 0000 0000 0000 0000 0000 0000.
0000 0000 0000 0000 0000 0000 0000 0000 0000 0000 0000 0000
0000 0000 0000 0000 0000 0000 0000 0000 0000 0000 0000 0000.
0000 0000 0000 0000 0000 0000 0000 0000 0000 0000 0000 0000
0000 0000 0000 0000 0000 0000 0000 0000 0000 0000 0000 0000.
0000 0000 0000 0000 0000 0000 0000 0000 0000 0000 0000 0000
0000 0000 0000 0000 0000 0000 0000 0000 0000 0000 0000 0000=
0000 ////////// 00000=
W=
L=
Z=
G=
FN
116013 123014 127014 091012 093011 084003
119008 094007 315013 PPC001 342005 122008
127017 108018 140015 156013 119010 128020
097013 101014 107017 103021 106023 107024.
103019 100018 116012 142011 108009 095003
105010 088011 005004 PPC002 100006 PPC000
PPC000 233009 277007 307028 284022 103031
115033 108024 031006 150009 074015 014007.
144005 240007 230009 335014 015008 057016
166003 058016 028009 171008 153027 122020
129016 068012 141020 102021 110022 099032
100017 099016 104018 088023 329013 020014.
280007 PPC002 265009 303006 287007 280010
358007 256007 298006 300007 126009 112011
105017 109019 103020 108022 109017 116022
117020 110011 068004 064004 059025 182005.
213004 111003 PPC000 225006 117016 102015
128008 105019 100022 103026 115027 117013
131021 127024 159018 124015 180008 059018
333006 057013 066019 063014 023004 306009.
295013 298011 311019 301009 244007 099007
320008 174009 062007 288011 330010 142010
109005 297014 285011 315005 296016 304018
286010 306015 313011 285011 291009 334006.
317011 322009 324013 322014 302024 296036
305034 298028 303027 307027 300036 292053
285063 285062 291065 284061 291059 282071
285065 291056 283044 286048 283048 286062.
284054 286055 280053 277057 283040 280034
279048 282038 288034 278046 283031 300030
293036 286048 285050 278050 289059 284055
293043 289060 297031 356007 016010 026022.
019018 013033 024010 040010 011008 036006
068003 053008 020006 007004 042008 138003
PPC000 305007 187015 255048 266043 292070
283066 265070 188045 203027 191023 178044.
205028 206031 206028 198027 227014 206020
201048 200058 195062 197068 191061 195053
194084 194080 202087 198099 210096 202073
258089 208092 203068 203073 205048 205043.
203033 209040 201032 196018 209036 182040
182042 182038 177028 177017 173026 175016
176031 241063 239063 252064 253056 263047
269053 296046 257055 197038 196034 180035.
185040 184035 181043 188044 187040 189046
233029 227030 221025 140010 182017 184016
268026 280036 301039 265039 279032 062010
267009 057018 040021 058014 PPC001 105007.
052009 188005 058013 185008 117003 055012
039008 236010 057007 058005 022005 055006
275009 275010 266020 308022 272024 251020
274024 245011 165005 292007 254009 208020.
119012 248010 PPC002 243011 298025 313030
295038 287042 290036 289045 291048 294037
294047 286067 278066 277069 286071 273062
277044 273041 288022 243032 247042 046020.
200016 232012 245013 314016 204009 006010
211009 202020 251012 221005 062010 045007
241007 252014 264014 250017 233015 264012
092010 137008 083016 052021 042005 048007.
PPC002 279008 270015 207031 211010 004009
083013 054013 044006 192006 014006 041007
PPC000 238008 248009 145013 086032 111029
104026 090018 092015 046008 050035 048027.
144006 060013 188011 200004 072007 024004
306006 040009 041010 141012 049006 022005
123005 218011 209007 PPC002 103006 119006
120019 129017 064010 078019 073013 014007.
079004 199004 PPC000 113007 104007 017007
PPC000 072004 050010 020006 003006 042005
PPC000 233006 224010 085016 094027 078029
085019 078017 010004 047008 040015 140009.
PPC002 123008 PPC000 041005 046005 050008
031006 045008 047008 050008 049007 PPC000
051009 090003 061008 077022 120034 118031
096023 107022 040015 108006 163010 143010.
099004 164010 149014 185012 203017 247006
220011 202007 214008 063008 205007 223006
PPC001 124005 029006 071007 072020 044010
252009 108017 066023 056018 087021 056011.
133007 022004 053009 164003 046005 183011
191023 214019 201023 197011 229021 169022
196048 188054 223054 230057 230080 231056
246067 229054 186054 174058 176070 170047.
173051 165036 159023 257022 178023 178026
153025 187022 176017 359022 079007 292018
188020 191025 175036 174049 188046 171034
165026 185028 180027 175015 188024 188017.
179014 178005 116010 073006 088020 125023
120030 110028 110016 123027 137029 134053
134064 108068 118070 124078 190066 112082
121092 106055 121068 129060 126041 117028.
117012 025010 008013 118011 118011 080008
007007 104013 038015 147021 042015 018012
PPC001 114020 123037 134049 129029 199054
211065 204043 127032 120027 036016 029010.
011008 017007 017008 004007 030006 PPC000
060004 PPC001 047007 008008 019007 040008
PPC002 093011 137022 155035 133026 168018
163013 044019 024014 024024 041009 025012.
082006 099011 017008 018005 062007 042011
052006 037007 141012 PPC001 PPC002 195005
093009 166010 063021 054030 044036 047030
045041 037017 020018 041009 042027 044043.
047029 044024 005005 PPC002 106008 042008
049007 068003 044007 039010 025007 PPC000
131006 181009 184012 193019 175014 168011
182013 084004 PPC002 044009 PPC000 PPC001.
046010 043011 057008 PPC002 037007 058005
041005 210009 041006 032005 056004 046012
157004 059004 150009 220012 219012 224015
250007 083024 069020 111011 328008 123007.
127012 081007 221007 085010 073007 066010
197007 009004 049006 116006 PPC001 PPC002
064006 189011 184010 263016 153017 194012
354016 045011 040011 100010 166016 126003.
061014 105010 288004 013009 PPC001 086007
039010 348019 182009 027015 029013 087003
079014 067014 065016 066018 213023 204015
164008 225008 215017 222011 PPC000 040005.
038006 038006 073010 039016 085006 062008
049006 178010 179005 185028 246030 277017
274024 260026 243036 241058 211060 192066
196051 223050 195037 190025 218033 151010=
117013 122014 128015 092011 092010 087003
117008 096007 310012 PPC001 360005 121008
119012 111019 143018 181011 126009 134017
104014 108015 109018 106021 106023 108022.
105018 102019 115012 136010 108009 104007
099009 087011 006007 PPC002 123005 PPC001
PPC000 249008 289008 304030 286022 104030
115032 115024 032006 136008 081013 054006.
089004 241009 231011 333014 349009 052014
106007 061014 024008 162009 151023 122019
133021 076012 127018 108021 104022 101029
107018 098019 103019 093025 335014 013016.
360007 231004 260009 299007 285008 286011
356008 259007 306006 309007 120009 112012
103017 110017 102020 107023 110020 110021
113018 106014 085005 055005 058030 177006.
195003 103004 PPC001 218005 123017 102013
124008 106021 098022 101027 116027 116014
129018 125023 158016 125016 224007 036016
018009 032012 064019 058019 040007 314009.
294014 293010 306018 300010 248007 095007
312007 181008 064006 290012 331010 148010
066006 297014 293012 310005 291015 308017
289013 307015 309011 289010 286009 329007.
328011 324011 326013 326015 302023 301032
304034 301031 302031 305030 299035 290053
285059 286062 289067 286061 286054 283072
286074 287055 282049 283052 285049 286063.
284062 286058 284056 280054 283040 281034
279044 282039 284036 279041 285034 295033
290037 283050 283050 281053 286055 283057
295048 287054 298032 334008 016010 028024.
019019 012034 024012 039010 012008 038006
PPC002 055007 021005 PPC002 041006 121003
PPC001 298009 186015 266041 269043 292073
282059 271066 189046 200029 189024 181043.
204029 207030 204029 201026 220013 213021
199046 199053 195061 196070 194063 197056
194081 197093 199083 201094 210090 206076
256087 207087 205065 204070 205048 207045.
202033 208039 204031 197019 210036 181039
181041 180037 177028 177015 177030 167013
179035 239059 239060 250060 252058 265051
272053 291045 256047 196037 195034 180035.
184038 181039 181043 188044 189039 188045
230029 229033 222028 145011 179018 182014
267028 272037 299039 260038 276032 033015
253009 042014 041019 058015 314003 133007.
055009 171005 059011 180008 PPC002 052011
042009 278007 056008 062006 023003 053006
267007 271010 276017 306021 280023 266023
262023 252013 129004 359005 274010 211020.
141010 222010 340005 246011 287026 309026
294038 288041 292035 288046 291046 297035
293044 285070 275063 277074 282069 276061
274050 275044 278026 247033 259036 055015.
210015 238016 274014 304014 212011 315011
217009 197020 228011 191004 053008 045007
240007 239013 294013 253021 239017 260012
026009 158006 082017 051020 044006 049008.
PPC002 262010 276015 207030 214010 278007
073010 055012 047006 163007 035003 057005
PPC001 238009 277009 147014 091030 110030
103026 087019 090016 045009 050035 048027.
123008 060015 185009 202004 067007 023005
345006 039009 043009 128009 049007 023006
160005 220011 212007 211005 051007 099008
118019 127018 073010 078017 075013 360007.
079003 224004 PPC001 117007 125007 019008
PPC001 073004 048010 024005 012004 045005
PPC001 231006 228012 066011 089028 082027
087020 081020 PPC002 044009 042014 133008.
181005 161008 PPC001 044004 040003 049007
033006 047008 041011 053008 048007 PPC000
045007 092003 091006 078023 100033 119031
098024 107021 046018 093007 157009 213009.
086005 125010 148012 183013 203016 241006
228011 207009 216008 064007 168004 269006
PPC002 120005 057005 048007 076022 053010
252007 105016 071022 055017 090020 056009.
121007 023006 057009 157004 050005 182011
203023 210019 203019 189013 227020 179020
203044 194052 218054 230064 226075 229063
248063 226055 192054 173057 175067 172044.
171051 163037 164028 278021 180023 179026
122025 188023 192017 356021 098007 264017
189019 194025 178038 174047 179043 172038
190026 193030 179029 170013 188024 186018.
180016 189005 091010 076005 058017 124023
119033 111029 113017 125025 134029 133058
134069 110076 116073 124080 190075 109081
123090 105065 123066 129060 127041 118028.
116011 059009 013012 112016 113010 067006
008008 101015 048015 141022 036015 016011
PPC002 113019 117031 131044 129033 207062
208058 201044 123031 119026 044015 033012.
016007 017007 018009 012006 032007 PPC002
033003 PPC001 024008 009008 022006 040007
027003 086012 136023 149035 133024 173018
184012 045017 024015 024023 077005 025011.
065006 098009 016009 017005 055004 040010
055006 039007 213013 PPC002 083005 263004
088009 158010 057022 052034 045035 048033
046046 042017 027022 043010 041024 044040.
045029 044023 022005 204004 119008 046008
053007 067004 041006 037009 030006 PPC000
132004 178009 179012 196019 174015 164009
185012 PPC002 060006 043010 PPC001 PPC002.
047009 043010 085006 PPC002 043006 059004
041005 261008 060006 031005 086005 048011
196007 061005 184011 221013 206012 208015
243009 080023 067019 135010 267008 121006.
219011 090008 215007 086009 070009 069009
207007 341003 057007 092005 189004 PPC002
058005 186011 187010 278017 155016 198011
354012 356014 041010 099010 161014 136003.
073013 114008 294007 025010 046003 074009
035010 334017 252010 027014 008011 083003
083015 068016 063017 066016 210022 194013
182008 226009 223017 226012 PPC000 045006.
041006 037006 074009 041016 080007 064009
052007 172009 174009 183024 228028 274015
276020 265024 247035 240050 216055 191061
199055 216057 193038 189024 220032 164015=
029103 1731 041110 1731
036126 1434 056141 1433
031098 1304 055109 1817
036057 1858 052065 1858
037115 0630 063107 0610
023291 1418 034293 1418
084290 1335 142295 1927
072285 2047 122283 2256
074293 1359 122196 1631
111203 1138 191199 1016
071252 1144 121242 1132
049283 1125 074176 2018
032255 1424 060270 1419
085279 1241 156284 1302
027259 1150 045194 2137
038236 0025 059218 0024
031049 2017 055061 2015
033091 1325 050086 1245
036109 1301 059115 1446
026076 1257 041068 1625
088225 1328 142239 1219
055170 2056 101176 2056
101124 1038 177120 1125
068212 1359 109213 1358
037146 1159 053161 1205
054046 1454 091036 1454
042044 2003 066043 2024
031074 1609 047073 1609
021262 1152 038008 1147
026198 1308 036207 1258
068226 1609 113186 1350=
D=
K=
A=
S=
B=
??????
******
YF
O2192
河南省
豫宜阳赵堡
宜阳县赵堡乡烟叶收购站
丘陵；城镇；地面
空缺
计算机
计算机
计算机
计算机
计算机
20120208=
JY
8888=
GK
01/
05/=
BZ
00/342532/1120637
10/24/逐时观测
10/24/24时连续观测
11/不守班=
######
