O2189 3354N 11148E 007390 007390 105 000 S15 91999999919999199999 0 2011 01
P=
TB
-090 -076 -074 -085 -096 -107 -109 -117 -119 -123 -129 -134
-107 -059 -033 -027 -028 -018 -022 -027 -033 -042 -043 -045 -018 1359 -136 0739.
-046 -048 -049 -052 -057 -057 -061 -064 -067 -069 -073 -075
-080 -079 -074 -070 -066 -061 -062 -063 -066 -075 -077 -075 -045 2002 -082 0919.
-074 -075 -075 -076 -076 -076 -078 -077 -079 -079 -078 -077
-075 -067 -058 -048 -038 -032 -030 -032 -041 -048 -050 -050 -029 1453 -080 0537.
-050 -049 -060 -061 -056 -053 -050 -062 -079 -088 -096 -097
-079 -045 -016 -007 0004 0002 0007 0006 0003 -004 -007 -010 0007 1459 -099 0740.
-014 -048 -065 -075 -076 -068 -076 -075 -086 -088 -097 -089
-074 -048 -018 -004 0003 0009 0009 0004 -006 -019 -032 -042 0013 1409 -100 0719.
-061 -079 -072 -057 -060 -078 -079 -086 -098 -116 -122 -124
-105 -049 -032 -020 -013 -006 0006 0002 -011 -046 -075 -093 0010 1525 -125 0732.
-103 -114 -122 -128 -131 -132 -126 -118 -111 -105 -105 -109
-091 -043 -019 0009 0028 0032 0041 0032 0012 -036 -057 -068 0041 1459 -133 0117.
-079 0000 -094 -100 -103 -099 -105 -100 -104 -103 -109 -110
-082 -028 0005 0017 0028 0028 0031 0024 0012 -009 -011 -026 0033 1454 -111 0755.
-040 -032 -042 -045 -063 -077 -085 -097 -104 -103 -084 -082
-044 -031 -027 -024 -012 -004 0004 0001 -008 -038 -066 -082 0010 1522 -104 0500.
-090 -097 -102 -107 -105 0000 -124 -130 -134 -135 -133 -135
-110 -049 -011 0005 0017 0021 0027 0017 0004 -014 -024 -028 0031 1454 -138 0528.
-031 -067 0000 -072 -086 -088 -063 -087 -089 -101 -108 -111
-041 -028 -013 -004 0007 0016 0014 0010 //// //// 0000 -095 0021 1418 -119 0742.
-105 -113 -117 -125 -127 -126 -123 -109 -112 -122 -124 -126
-097 -046 0005 0045 0058 0040 0025 0009 0002 -013 -032 -052 0063 1317 -131 0123.
-065 -080 -084 -088 -090 -079 -069 -064 -078 -090 -097 -102
-075 -029 0039 0061 0071 0076 0076 0062 0000 -004 -037 -048 0086 1443 -102 0800.
-064 -069 -079 -082 -082 -091 -091 -093 -083 -074 -081 -076
-056 -014 0038 0049 0043 0041 0041 0034 0026 -016 -030 0009 0052 1145 -095 0250.
-008 -047 -061 -063 -023 -034 -069 0000 -108 //// //// -104
-064 -050 -038 -026 -018 -013 -007 //// //// //// -099 -115 0009 2004 -116 0701.
-123 -134 -140 -146 -153 -157 -160 -165 -167 -169 -170 -169
-136 -088 -051 -032 -018 -020 -025 -031 -036 -043 -062 -072 -017 1349 -172 0654.
-074 -092 -098 -086 -086 -087 -085 -084 -081 -076 -078 -074
-069 -058 -037 -026 -016 -013 -011 -013 -022 -034 -048 -045 -007 1437 -098 2237.
-044 -046 -054 -058 -058 -057 -059 -065 -073 -080 -087 -093
-087 -056 -031 -020 -012 -012 -009 -016 -026 -035 -053 -071 -007 1450 -097 0824.
-075 -068 -083 -095 -103 -114 -119 -124 -124 -114 -122 -126
-110 -081 -039 -018 -005 0001 0003 0002 -011 -022 -023 -030 0005 1517 -128 0435.
-043 -043 -042 -040 -041 -043 -046 -053 -062 -080 -077 -069
-062 -036 -025 -019 -010 0000 0007 0000 -007 -025 -024 -060 0008 1454 -084 0619.
-077 -087 -096 -103 -106 -112 -116 -119 -119 -125 -127 -124
-098 -049 -003 0030 0041 0051 0049 0043 0028 -010 -043 -044 0053 1427 -128 0733.
-042 -043 -043 -043 -046 -041 -040 -044 -045 -044 -044 -051
-031 0001 0030 0048 0055 0055 0053 0048 0041 0003 -022 -042 0058 1239 -052 0813.
-049 -066 -078 -082 -092 -096 -102 -106 -109 -113 -115 -117
-081 -016 0006 0018 0025 0033 0036 0029 0023 -017 -048 -062 0037 1351 -117 0755.
-078 0000 -097 -107 -114 -122 -123 -129 -131 -135 -135 -133
-100 -042 0005 0033 0045 0051 0047 0033 0020 -014 -045 0000 0053 1408 -136 0638.
-064 -067 -080 0000 0000 0000 -100 -106 -107 -109 -106 -104
-068 -018 0019 0033 0047 0048 0049 0033 0023 0011 -011 -022 0056 1411 -112 0537.
-036 -048 -062 0000 0000 0000 0000 -090 -103 -101 -095 -090
-064 -027 -016 0003 0002 0008 0001 -004 -008 -015 -019 -021 0012 1334 -105 0530.
-025 -023 -040 0000 0000 -075 -069 -070 -075 -089 -095 -078
-064 -043 -030 -019 -016 -015 -019 -022 -026 -033 -036 -040 0000 0001 -098 0651.
-066 -084 -094 -089 -075 //// //// -085 -081 //// //// -062
-056 -027 -014 -006 -003 0003 0007 0006 -002 -017 -030 -032 0010 1522 -095 2321.
-060 0000 -099 -104 0000 -125 -130 -136 -140 -146 -152 -150
-108 -051 -019 -007 0004 0011 0020 0014 0004 -021 -058 0000 0020 1500 -153 0724.
0000 0000 -106 -114 -121 -119 -113 -104 -102 -105 -123 -128
-091 -034 -001 0013 0028 0031 0036 0032 0019 -023 -055 -079 0040 1434 -131 0752.
0000 -102 -109 -116 -121 -128 -129 -136 -132 -136 -137 -131
-091 -030 0023 0039 0053 0062 0064 0053 0043 0024 -014 -028 0066 1450 -138 0728=
I=
E=
U=
N=
H=
C=
V=
R6
,,,, ,,,, ,,,,
,,,, ,,,, ,,,,
,,,, ,,,, ,,,,
,,,, ,,,, ,,,,
,,,, ,,,, ,,,,
,,,, ,,,, ,,,,
,,,, ,,,, ,,,,
,,,, ,,,, ,,,,
,,,, ,,,, ,,,,
,,,, ,,,, ,,,,
,,,, ,,,, ,,,,
,,,, ,,,, ,,,,
,,,, ,,,, ,,,,
,,,, ,,,, ,,,,
,,,, ,,,, ,,,,
,,,, ,,,, ,,,,
,,,, ,,,, ,,,,
,,,, ,,,, ,,,,
,,,, ,,,, ,,,,
,,,, ,,,, ,,,,
,,,, ,,,, ,,,,
,,,, ,,,, ,,,,
,,,, ,,,, ,,,,
,,,, ,,,, ,,,,
,,,, ,,,, ,,,,
,,,, ,,,, ,,,,
,,,, ,,,, ,,,,
,,,, ,,,, ,,,,
,,,, ,,,, ,,,,
,,,, ,,,, ,,,,
,,,, ,,,, ,,,,=
=
0000 ////////// 00000=
W=
L=
Z=
G=
FN
179007 187012 169007 187008 179008 192010
339004 188006 PPC000 181008 167007 172004
171010 011012 002030 015022 002021 005049
017035 352027 352019 021015 342015 037008.
053011 039009 049017 015011 030013 007026
010015 342023 354014 356019 005020 332008
021005 026008 352018 356020 350020 007019
358025 355024 013014 340015 341005 009008.
351020 354009 347015 331009 350007 008005
342011 332007 358016 349006 074005 338004
355004 079008 333007 020009 352006 003019
162018 344015 049015 342009 015012 004011.
342011 340006 347008 022003 043005 102007
270006 103009 192011 191009 183007 194008
167006 008013 011008 013019 008012 139008
327007 101009 354009 014011 050010 000020.
340011 184006 185007 189004 163008 011006
184012 011009 196006 157007 195008 348010
173009 085006 157008 008028 026019 005038
359028 029015 005029 004053 359020 283012.
139008 042007 095009 PPC002 114006 283006
183013 095007 213008 219004 045003 205012
150006 202007 015016 350026 011034 007029
318014 354010 018019 PPC000 174011 193011.
205008 180006 208009 207010 187007 202008
220003 185006 PPC000 149006 205006 173007
165016 121008 048008 317007 049015 343014
359038 007020 327018 169007 166009 187011.
186010 170010 171009 320004 200003 167008
190009 170007 015003 170011 203005 178006
147007 140006 356032 016036 018021 012050
034026 010052 357032 342010 022018 062010.
197008 272008 037005 143006 155008 151012
188011 166006 208008 205004 136009 340007
039019 007042 019035 037015 325015 077012
203025 017018 176012 178010 178009 245005.
206009 084007 195008 164010 265006 116005
198010 191006 172009 184008 187009 186006
124006 032008 042013 096027 017030 360010
020013 038019 008040 007013 008007 023007.
072013 194010 267011 183012 172012 196014
188017 166014 186010 287008 135005 044011
265009 132009 031024 016034 010049 207012
345038 023050 ////// ////// 159012 186010.
312006 203005 192006 PPC000 162009 023003
166005 169004 308004 191010 191007 184008
163012 019007 355031 157033 171015 347044
019030 003041 347026 170010 169007 214007.
164006 303007 ////// PPC002 207005 205011
169008 178006 196007 191005 177010 173012
151007 128003 153007 008020 013019 172020
153026 355025 017022 208013 184008 185010.
173006 185010 196011 152004 181010 186009
197010 186008 183007 123007 154006 157004
111004 011003 030011 356035 012027 026026
351033 353037 024020 191011 216005 330018.
008014 187005 098004 192007 020017 358012
027004 192009 187010 ////// ////// 180011
023030 033021 355027 002032 117014 //////
079009 ////// ////// ////// 216009 209010.
141006 194006 188008 170010 210004 //////
182010 158007 174009 158008 177007 150005
155007 030010 003022 001018 355039 349032
352035 003032 352029 013011 PPC001 PPC002.
211005 188008 PPC002 198005 201006 PPC000
PPC000 208006 PPC002 PPC000 218008 PPC000
355015 089010 174007 351011 187021 129019
347020 006017 339012 143006 187009 225005.
PPC002 187005 225005 158006 PPC000 220006
184007 176005 PPC000 ////// 177011 181011
175007 341007 018020 350022 006025 354038
358029 356020 353029 332017 167011 158009.
222005 188005 197009 200006 212008 199006
204008 186011 196007 213005 180011 191007
PPC002 178004 010014 015022 003029 004026
085015 342031 027022 029012 021009 345004.
165009 203006 PPC000 164008 198004 PPC000
178008 PPC001 189009 153004 PPC000 PPC000
PPC001 125007 121004 001010 113005 190015
188009 196010 184004 PPC002 003012 178009.
331004 199011 PPC001 192008 191011 192011
190010 164008 177007 180009 PPC001 159010
139005 015006 356019 324007 227019 307013
329010 003026 352033 132007 196009 164009.
183005 165010 220009 201006 202009 234007
198010 217007 200007 PPC000 205008 193006
010012 358023 359015 348017 324019 352040
358033 355026 033011 163009 179009 201011.
213009 181012 239007 186010 178006 205007
182008 173010 140006 183008 176009 178007
148007 036028 009036 007039 022027 012040
017041 009042 297006 097005 195005 186011.
187005 195009 175014 181009 196010 191007
175009 163009 PPC000 176004 172007 201006
156005 003020 358016 015022 330020 349033
024030 343024 036018 177011 195009 164006.
183008 177009 PPC002 175009 169006 164007
169008 PPC002 169008 181010 162010 161009
PPC000 045004 001014 ////// 132027 //////
340037 348028 342018 023006 195008 178007.
141006 165008 188008 191008 155003 //////
234005 153009 197008 204006 173006 157007
189007 020010 359018 008023 007033 002048
006043 358032 357022 005018 005014 338006.
003009 038006 211007 178009 188011 PPC000
157004 151006 202005 192010 220007 PPC001
PPC002 306007 003025 007019 014015 009023
360026 006025 016009 006013 330004 326008.
185007 PPC001 230009 PPC000 204006 //////
////// 349005 347005 ////// ////// 133006
PPC000 055015 359034 019054 323018 030026
350036 023037 021028 009010 007019 279009.
013008 145008 181009 213012 197009 248003
156005 177007 184011 209007 PPC002 170005
133005 144007 212023 353027 326024 290008
126025 350028 033017 007007 180009 188008.
PPC002 191008 PPC002 192010 165008 147007
122004 155004 129004 167006 187010 200009
190011 012011 038006 057012 172024 188023
129027 320013 357027 213010 192008 196012.
191010 214006 195009 175010 175006 210007
156007 189008 176008 191010 162006 187010
144003 009020 039011 011018 211017 011030
009019 344033 056019 PPC002 169009 184009=
151005 172011 178007 177008 182008 189010
300005 278003 PPC001 182007 166006 175004
174010 017011 005027 311027 322023 317039
014031 036029 304016 033013 312018 036011.
055011 023010 041014 029011 032010 019018
003014 321023 335015 000019 359022 347010
019006 026007 021016 335017 317020 070017
355024 309024 079012 340015 324007 011009.
020018 322009 354012 332011 317008 344005
326010 336007 358013 285008 056007 189005
068006 098008 015008 050009 322005 056015
157020 324017 046015 310011 015012 080010.
345011 358006 052006 009003 023003 090006
205008 034009 197009 193009 180007 201008
168006 006011 026009 009020 340014 153013
009009 073006 349008 023009 031012 007018.
305013 171007 177007 191006 189007 061007
190010 130007 181006 164009 195009 013009
141009 062004 116007 016023 027020 049031
343030 044019 352029 015043 061026 258013.
164007 065005 116009 PPC002 061008 338008
176014 119006 195008 182008 PPC002 191011
145007 172007 062014 308018 017035 043028
318011 001011 020021 PPC001 177009 200008.
199008 189008 203007 204009 185007 208006
PPC002 192005 PPC000 154006 155004 169007
167014 130009 051009 323007 333012 288020
055029 338022 322016 185007 175008 181010.
181010 190010 174009 013005 220004 173007
181008 170007 321004 185010 192006 179007
155006 112005 346031 015035 021031 000045
031028 025040 000032 336016 017020 064014.
190008 235010 106005 157007 163008 157012
181011 171006 208005 176005 179008 036007
053016 014041 017034 038018 000018 075014
201023 030018 195010 170010 184008 208005.
214008 123008 190008 179010 227007 135004
199010 172005 184007 186007 190009 180007
130006 058008 016014 107021 018034 338015
079014 017024 013039 022015 091010 068008.
052010 187011 348010 173011 169011 187014
152013 107012 190009 244008 157007 137009
236014 110014 035028 012038 014044 267020
013040 024042 ////// ////// 177011 200009.
248007 196007 183006 PPC002 177008 323005
168005 241005 031003 187009 188008 198008
167010 351007 304030 170032 150015 335041
013030 010038 358023 200008 174008 198007.
180008 249007 ////// 110003 198007 189010
184008 173008 191008 143004 182008 170011
157005 082005 154009 360018 341017 168021
171025 333030 310024 198012 177008 182010.
170007 189010 191008 164005 181009 181008
188010 177007 193008 147007 168007 167005
088004 PPC002 028014 337039 032027 032023
323031 287033 054021 187010 204007 022023.
006013 183009 144006 180007 078021 330011
103005 183009 186009 ////// ////// 179012
027031 040022 016027 356029 078020 //////
046016 ////// ////// ////// 204009 198009.
164007 189006 190008 177009 193004 //////
184010 173007 177010 168008 176007 152006
156007 026010 326022 329020 333029 296032
288039 011030 309030 025010 PPC002 149003.
198007 193007 PPC001 196005 189006 PPC000
PPC001 199006 185003 PPC000 206005 PPC000
292014 066008 164007 326012 186020 144019
341021 328014 333010 174007 187008 198004.
360003 191006 214006 192005 PPC000 194007
186007 171005 PPC001 ////// 180010 204008
165004 012005 360020 348023 005027 265042
353033 011025 358027 324017 175010 172008.
214005 197005 198008 186006 183005 150003
195008 185010 186007 198005 188010 178007
224006 127004 032012 008019 334027 009024
052018 342025 044021 349012 001009 336005.
172009 212004 PPC001 205008 232004 PPC001
171008 204004 197008 174006 PPC000 PPC000
PPC001 134007 119003 007009 138008 188019
213010 237010 257006 228003 012015 176009.
PPC002 201010 PPC002 191007 187010 195010
191008 165008 173007 173009 264004 173010
134005 057006 308019 341009 270019 009013
214010 028029 007034 090006 191009 174009.
173006 170009 213008 141004 177009 212006
182008 183006 198007 PPC001 262005 191005
017009 316022 006013 002021 316018 315032
012035 004025 002011 169009 180009 202010.
199009 186010 214008 184011 175005 196008
166005 176009 157006 177008 175007 183008
149007 024026 357032 011036 037027 017045
014052 014041 289008 033005 180005 182010.
200005 188009 193012 191008 195009 179007
175009 107006 PPC001 209004 175006 192006
169006 017014 043016 010020 311023 292032
021030 309027 021016 172009 185010 175007.
185008 173010 111003 178010 170008 170007
180009 334004 171009 186009 174010 170009
PPC000 060004 051011 ////// 154026 //////
345040 266036 351020 031008 178009 166007.
155004 177008 178008 198008 PPC002 //////
321005 164008 187008 195007 250005 144006
166007 039010 063016 339020 014037 333046
346040 354030 003024 355020 347018 347007.
349009 056008 259007 185008 186009 PPC001
160006 221004 198006 186009 217008 PPC001
PPC002 297011 011025 012018 356020 317026
002028 356022 032010 350013 340004 010006.
182008 201004 224007 PPC000 241004 //////
////// 067004 217005 ////// ////// 138007
PPC001 064016 352032 008045 315023 036029
017036 019033 013027 025009 047015 194011.
309009 161009 180009 199011 177007 222004
187005 177007 182011 195007 PPC002 181005
129004 147007 199019 039021 342023 192010
050025 301028 047018 026007 173010 182008.
201004 187008 163005 183008 168008 156008
149003 175004 214005 179006 183009 193009
166009 022009 034009 056017 090021 195027
114024 342013 013021 206009 179008 191011.
193011 201007 194009 174010 179007 195007
166008 200007 184009 180007 170005 181009
PPC002 011017 028012 063014 153017 337028
344023 306034 116015 180004 167009 184009=
046002 1500 074355 1500
032349 1500 050354 1600
026009 1600 041023 1700
026020 1300 040026 1300
049015 1600 082356 1900
038004 1400 055358 1300
040003 1500 060008 1600
054031 1400 091007 1200
048017 1100 083017 1100
046344 1800 072026 1700
058009 1200 108012 1200
044352 1500 068160 1300
042350 1600 061020 1600
043347 1400 081339 1400
053329 0200 115020 1100
047002 1500 068347 1500
029136 1400 047158 1400
045355 1400 069338 1500
040006 1700 066350 1700
026163 1400 044176 1400
035352 1700 054347 1700
040004 1600 071017 1500
066017 1500 099046 1500
042009 1500 074344 1500
051352 1600 082358 1600
056355 1500 083358 1500
039341 1500 053358 1500
056017 1400 084358 1400
035118 1500 060161 1500
032206 1400 054184 1400
039012 1600 051344 1600=
D=
K=
A=
S=
B=
??????
******
YF
O2189
河南省
豫栾川酒店村
栾川县合峪镇酒店村
山地；乡村；地面
未上报
计算机
计算机
计算机
计算机
计算机
20110218=
JY
8888=
GK
01/
05/=
BZ
BB/01-31/由于河南省大气探测装备中心对区域自动站设备升级，造成本月正点与分钟数据不符，所有数据基本不可用。因此，为了保证数据文件的完整性，仅对A文件进行了处理，未处理J文件。
BB/13/23时气温用前后正点数据内插求得。
BB/15/14时气温用前后正点数据内插求得。
BB/16/02时气温用前后正点数据内插求得。
BB/18/06时气温用前后正点数据内插求得。
BB/25/12时气温用前后正点数据内插求得。14时气温用前后正点数据内插求得。
BB/26/02时气温用前后正点数据内插求得。
00/335357/1114821
10/24/逐时观测
10/24/24时连续观测
11/不守班=
######
