O2199 3411N 11214E 004530 004530 105 000 S15 91999999919999199999 0 2011 07
P=
TB
0308 0300 0293 0284 0279 0273 0263 0253 0246 0240 0251 0284
0297 0292 0328 0341 0350 0362 0358 0352 0348 0341 0318 0311 0365 1430 0240 0600.
0311 0307 0299 0295 0297 0288 0278 0272 0265 0260 0277 0289
0313 0326 0332 0357 0358 0362 0374 0347 0330 0332 0315 0306 0379 1443 0260 0553.
0295 0286 0277 0267 0261 0253 0248 0246 0245 0243 0238 0227
0227 0229 0230 0228 0225 0228 0223 0225 0220 0220 0220 0220 0306 2001 0219 1733.
0220 0220 0219 0220 0221 0222 0221 0220 0220 0222 0224 0225
0227 0221 0227 0238 0239 0238 0237 0228 0225 0223 0218 0210 0241 1313 0210 2000.
0205 0204 0198 0203 0206 0208 0207 0208 0207 0208 0216 0225
0252 0265 0274 0294 0306 0309 0296 0307 0294 0281 0274 0269 0311 1345 0197 2252.
0264 0259 0255 0248 0245 0244 0238 0232 0230 0229 0232 0235
0240 0243 0251 0254 0245 0240 0230 0212 0208 0209 0205 0194 0269 2001 0194 1959.
0191 0186 0185 0186 0183 0186 0186 0187 0185 0193 0212 0222
0245 0267 0273 0279 0281 0280 0286 0286 0282 0275 0265 0248 0293 1229 0183 0100.
0238 0225 0215 0213 0203 0196 0194 0186 0181 0179 0206 0230
0254 0278 0304 0323 0339 0354 0357 0354 0348 0340 0328 0312 0358 1454 0178 0542.
0272 0250 0241 0226 0224 0212 0206 0198 0194 0191 0215 0233
0258 0276 0300 0290 0313 0297 0298 0304 0301 0298 0287 0274 0314 1253 0189 0541.
0265 0260 0252 0248 0243 0237 0239 0231 0219 0218 0225 0241
0272 0296 0314 0321 0320 0308 0298 0303 0299 0293 0286 0285 0324 1334 0217 0638.
0280 0268 0265 0260 0251 0248 0244 0240 0235 0235 0233 0241
0265 0284 0306 0323 0334 0335 0343 0334 0333 0324 0279 0274 0344 1455 0233 0619.
0278 0272 0269 0262 0262 0247 0223 0215 0211 0211 0216 0229
0235 0247 0261 0274 0279 0282 0294 0289 0292 0283 0282 0251 0297 1456 0210 0442.
0234 0228 0229 0227 0225 0226 0224 0225 0225 0224 0224 0233
0245 0259 0272 0284 0295 0305 0313 0308 0308 0305 0294 0281 0316 1516 0223 0329.
0270 0261 0247 0238 0231 0223 0220 0214 0215 0210 0222 0237
0258 0285 0286 0309 0319 0331 0311 0308 0299 0287 0279 0266 0334 1349 0210 0538.
0251 0245 0235 0235 0229 0225 0216 0208 0205 0209 0213 0234
0256 0283 0296 0316 0323 0327 0327 0325 0320 0313 0300 0288 0332 1414 0204 0516.
0281 0266 0259 0251 0243 0229 0223 0220 0217 0215 0220 0234
0256 0273 0294 0300 0312 0317 0312 0301 0295 0289 0282 0274 0320 1409 0214 0544.
0269 0261 0251 0244 0235 0227 0222 0222 0214 0215 0217 0236
0259 0284 0296 0315 0314 0321 0318 0317 0308 0300 0293 0281 0323 1410 0213 0522.
0269 0261 0254 0249 0244 0236 0234 0225 0222 0221 0228 0238
0250 0261 0286 0288 0303 0297 0301 0307 0302 0300 0293 0248 0308 1558 0220 0542.
0246 0229 0222 0220 0226 0223 0218 0220 0221 0220 0223 0230
0241 0246 0256 0271 0282 0288 0295 0292 0265 0244 0247 0242 0299 1527 0217 0229.
0239 0239 0235 0233 0226 0223 0216 0211 0209 0205 0209 0228
0249 0271 0288 0296 0306 0311 0312 0311 0308 0259 0245 0246 0315 1325 0205 0600.
0242 0244 0241 0237 0237 0234 0229 0226 0221 0217 0221 0244
0259 0282 0298 0300 0314 0314 0318 0314 0306 0299 0269 0237 0322 1241 0217 0600.
0224 0228 0223 0220 0224 0224 0222 0220 0219 0219 0222 0233
0247 0267 0282 0289 0294 0311 0309 0310 0308 0299 0216 0222 0316 1430 0210 1914.
0227 0225 0225 0221 0219 0219 0219 0216 0216 0214 0223 0240
0252 0268 0274 0279 0294 0309 0312 0319 0318 0302 0297 0285 0320 1539 0214 0559.
0276 0272 0269 0262 0254 0248 0246 0241 0235 0236 0237 0250
0284 0302 0311 0320 0340 0345 0307 0283 0288 0301 0286 0279 0352 1416 0233 0513.
0258 0254 0245 0242 0239 0235 0236 0232 0228 0228 0238 0263
0295 0319 0345 0355 0366 0372 0365 0361 0362 0358 0341 0318 0375 1409 0227 0548.
0300 0277 0272 0263 0258 0256 0249 0242 0235 0233 0241 0259
0273 0287 0303 0304 0308 0309 0295 0294 0293 0286 0284 0281 0318 2001 0232 0551.
0271 0264 0253 0246 0240 0232 0224 0220 0216 0214 0221 0244
0265 0296 0308 0329 0329 0336 0339 0336 0327 0318 0305 0293 0340 1458 0214 0556.
0283 0274 0266 0260 0256 0249 0246 0241 0240 0236 0238 0249
0263 0289 0293 0307 0314 0325 0326 0328 0319 0312 0304 0297 0333 1430 0235 0618.
0292 0288 0284 0280 0279 0270 0262 0260 0257 0256 0260 0271
0273 0288 0319 0342 0345 0350 0301 0281 0279 0275 0272 0266 0354 1412 0256 0513.
0256 0256 0257 0254 0247 0233 0218 0219 0223 0221 0228 0246
0257 0266 0262 0268 0262 0266 0274 0280 0278 0270 0259 0252 0284 1613 0216 0336.
0246 0243 0240 0235 0232 0231 0234 0231 0229 0230 0231 0236
0241 0251 0254 0257 0259 0259 0260 0253 0247 0237 0226 0222 0265 1329 0222 2000=
I=
E=
U=
N=
H=
C=
V=
R6
0000 0000 0000
0000 0000 0000
0000 0063 0063
0000 0181 0181
0001 0000 0001
0004 0113 0117
0064 0000 0064
0000 0000 0000
0000 0000 0000
0000 0000 0000
0000 0000 0000
0023 0000 0023
0000 0000 0000
0000 0000 0000
0000 0000 0000
0000 0000 0000
0000 0000 0000
0000 0000 0000
0000 0000 0000
0005 0000 0005
0000 0031 0031
0063 0198 0261
0000 0003 0003
0000 0000 0000
0000 0000 0000
0000 0000 0000
0000 0000 0000
0000 0000 0000
0000 0000 0000
0009 0000 0009
0000 0001 0001=
0000 0000 0000 0000 0000 0000 0000 0000 0000 0000 0000 0000
0000 0000 0000 0000 0000 0000 0000 0000 0000 0000 0000 0000.
0000 0000 0000 0000 0000 0000 0000 0000 0000 0000 0000 0000
0000 0000 0000 0000 0000 0000 0000 0000 0000 0000 0000 0000.
0000 0000 0000 0000 0000 0000 0000 0000 0000 0000 0000 0000
0003 0002 0002 0002 0003 0002 0008 0002 0005 0007 0024 0003.
0000 0000 0000 0000 0000 0000 0000 0000 0000 0000 0000 0000
0000 0146 0011 0000 0000 0000 0000 0001 0000 0021 0002 0000.
0000 0000 0000 0000 0000 0000 0000 0000 0000 0001 0000 0000
0000 0000 0000 0000 0000 0000 0000 0000 0000 0000 0000 0000.
0000 0000 0000 0000 0000 0000 0000 0003 0001 0000 0000 0000
0000 0001 0000 0000 0000 0000 0000 0019 0030 0003 0037 0023.
0025 0035 0003 0001 0000 0000 0000 0000 0000 0000 0000 0000
0000 0000 0000 0000 0000 0000 0000 0000 0000 0000 0000 0000.
0000 0000 0000 0000 0000 0000 0000 0000 0000 0000 0000 0000
0000 0000 0000 0000 0000 0000 0000 0000 0000 0000 0000 0000.
0000 0000 0000 0000 0000 0000 0000 0000 0000 0000 0000 0000
0000 0000 0000 0000 0000 0000 0000 0000 0000 0000 0000 0000.
0000 0000 0000 0000 0000 0000 0000 0000 0000 0000 0000 0000
0000 0000 0000 0000 0000 0000 0000 0000 0000 0000 0000 0000.
0000 0000 0000 0000 0000 0000 0000 0000 0000 0000 0000 0000
0000 0000 0000 0000 0000 0000 0000 0000 0000 0000 0000 0000.
0000 0000 0000 0000 0000 0000 0000 0022 0000 0001 0000 0000
0000 0000 0000 0000 0000 0000 0000 0000 0000 0000 0000 0000.
0000 0000 0000 0000 0000 0000 0000 0000 0000 0000 0000 0000
0000 0000 0000 0000 0000 0000 0000 0000 0000 0000 0000 0000.
0000 0000 0000 0000 0000 0000 0000 0000 0000 0000 0000 0000
0000 0000 0000 0000 0000 0000 0000 0000 0000 0000 0000 0000.
0000 0000 0000 0000 0000 0000 0000 0000 0000 0000 0000 0000
0000 0000 0000 0000 0000 0000 0000 0000 0000 0000 0000 0000.
0000 0000 0000 0000 0000 0000 0000 0000 0000 0000 0000 0000
0000 0000 0000 0000 0000 0000 0000 0000 0000 0000 0000 0000.
0000 0000 0000 0000 0000 0000 0000 0000 0000 0000 0000 0000
0000 0000 0000 0000 0000 0000 0000 0000 0000 0000 0000 0000.
0000 0000 0000 0000 0000 0000 0000 0000 0000 0000 0000 0000
0000 0000 0000 0000 0000 0000 0000 0000 0000 0000 0000 0000.
0000 0000 0000 0000 0000 0000 0000 0000 0000 0000 0000 0000
0000 0000 0000 0000 0000 0000 0000 0000 0000 0000 0000 0000.
0000 0000 0000 0000 0000 0000 0000 0000 0000 0000 0005 0000
0000 0000 0000 0000 0000 0000 0000 0000 0000 0000 0000 0000.
0000 0000 0000 0000 0000 0000 0000 0000 0000 0000 0000 0000
0000 0000 0000 0000 0000 0000 0000 0000 0000 0000 0000 0031.
0030 0007 0002 0000 0002 0014 0004 0003 0001 0000 0000 0000
0000 0000 0000 0000 0000 0000 0000 0000 0000 0000 0132 0066.
0000 0000 0000 0000 0000 0000 0000 0000 0000 0000 0000 0000
0000 0000 0000 0000 0000 0000 0000 0000 0000 0003 0000 0000.
0000 0000 0000 0000 0000 0000 0000 0000 0000 0000 0000 0000
0000 0000 0000 0000 0000 0000 0000 0000 0000 0000 0000 0000.
0000 0000 0000 0000 0000 0000 0000 0000 0000 0000 0000 0000
0000 0000 0000 0000 0000 0000 0000 0000 0000 0000 0000 0000.
0000 0000 0000 0000 0000 0000 0000 0000 0000 0000 0000 0000
0000 0000 0000 0000 0000 0000 0000 0000 0000 0000 0000 0000.
0000 0000 0000 0000 0000 0000 0000 0000 0000 0000 0000 0000
0000 0000 0000 0000 0000 0000 0000 0000 0000 0000 0000 0000.
0000 0000 0000 0000 0000 0000 0000 0000 0000 0000 0000 0000
0000 0000 0000 0000 0000 0000 0000 0000 0000 0000 0000 0000.
0000 0000 0000 0000 0000 0000 0000 0000 0000 0000 0000 0000
0000 0000 0000 0000 0000 0000 0000 0000 0000 0000 0000 0000.
0000 0000 0000 0000 0000 0002 0007 0000 0000 0000 0000 0000
0000 0000 0000 0000 0000 0000 0000 0000 0000 0000 0000 0000.
0000 0000 0000 0000 0000 0000 0000 0000 0000 0000 0000 0000
0000 0000 0000 0000 0000 0000 0000 0000 0000 0000 0001 0000=
0000 ////////// 00000=
W=
L=
Z=
G=
FN
158014 100011 149006 207006 128013 099016
087017 130018 131012 158012 221007 272010
236009 316012 308010 100018 136015 356023
103041 080028 131037 136017 195012 201012.
190010 126021 117024 154016 233006 022008
145004 149005 241005 PPC001 090015 158011
188006 015013 085014 110011 113023 119028
332022 353029 332020 334015 350035 325014.
020014 077006 003015 015019 028020 025029
020027 015027 354018 013020 345019 018016
009015 007015 009016 005014 031017 345014
006011 312008 016019 354007 004006 329006.
195005 360008 149007 102004 PPC000 PPC000
199006 129007 PPC000 111010 098013 089012
341009 108009 133011 236005 060016 117009
023012 013014 025016 006007 120006 349012.
257007 279007 138004 130004 PPC002 PPC000
PPC002 336009 PPC000 PPC000 PPC000 300010
297010 292012 290010 316006 346015 009012
037006 323029 327023 325011 018024 002015.
353009 007007 PPC000 354013 027016 091018
PPC001 164005 347009 PPC000 PPC000 254004
282007 295010 313009 291016 349030 005033
007028 330022 167011 284007 294016 287008.
212008 219015 279008 283013 317008 301017
290017 008005 291013 326015 287007 296010
313037 318030 317049 297038 316041 315036
322033 328028 302022 294016 304015 297014.
311008 289003 202003 339005 252005 178008
PPC001 PPC000 209010 195006 295007 275006
264008 178010 301011 202009 203010 354015
340012 224014 321031 317020 346020 012014.
323010 359006 261012 139005 116006 318005
PPC002 306007 168007 097010 274009 219008
229007 244008 260011 202006 298008 PPC000
183005 245006 249006 PPC001 PPC000 PPC001.
PPC000 185003 297006 197008 310008 270005
106012 291007 PPC000 331004 290008 255008
025009 305010 330011 285011 069009 219008
235008 212005 332006 PPC000 PPC000 138008.
128007 133008 199005 124003 301008 317006
055011 PPC000 PPC000 PPC000 213006 258005
291011 119005 320015 028010 298008 062012
121019 090015 151011 126029 120043 110030.
051008 103015 084008 163010 177008 003058
317020 234011 264009 300016 308012 317012
310008 226009 240009 254009 238008 182008
262015 269013 237006 234004 062008 033018.
269007 270006 131007 205006 297004 032005
180008 142007 PPC002 PPC000 212005 196006
227007 PPC000 270009 271012 279014 276008
308018 078013 182008 117014 149009 141013.
118020 213008 243005 188006 287013 188006
325021 199012 213006 201006 PPC000 274008
005008 279011 226010 082018 009020 335014
327010 276010 275012 284013 110011 154012.
104012 206006 228005 103021 104019 116021
166007 184016 330007 037008 230006 338009
146006 243010 344016 304019 100015 150016
148022 130030 148026 135031 132019 132025.
149021 120022 131024 118036 124030 110021
120029 155011 102019 125019 108019 142010
283008 284012 336009 108020 158022 154023
130028 130023 164024 148027 138027 108021.
120015 129014 164013 161019 166012 220006
325005 238006 356004 152004 269007 PPC000
272009 344011 213014 170012 194016 139016
095032 105029 125032 161027 154021 149021.
137015 142017 123011 143014 188009 135006
184007 045004 243004 104004 274005 274011
296012 230008 286017 161009 148012 330009
112021 154016 119013 122020 096015 021041.
154025 019014 276009 230005 111008 232007
166007 PPC000 198004 309004 153003 274005
315011 010012 044009 035010 006016 325010
259013 268015 107037 146015 122020 115022.
135016 116012 136006 152009 134005 PPC002
PPC000 190007 225003 180004 PPC000 277010
335006 080007 057006 098019 108016 133016
115026 123034 119035 210050 124028 137017.
170007 172007 123005 155007 084007 142006
073008 168004 185004 PPC000 219007 296009
247012 260009 099010 078016 312013 191014
072023 145028 117020 113016 260020 299016.
206009 302011 198011 137009 128010 PPC000
064004 048011 PPC000 081012 086006 188006
188008 254008 296014 268007 225008 131018
183011 225010 178025 305014 191054 138016.
140011 139015 152007 209012 PPC001 170009
346006 PPC001 103012 308003 PPC000 271009
272007 273014 323009 119019 061013 093021
074011 116029 127022 119020 118024 127017.
123019 157017 117013 159009 164003 184008
199004 096013 176010 171010 169008 221007
164011 019011 197008 111011 312016 307011
134046 119054 118029 118012 167022 293017.
298011 223006 212012 239006 217005 165007
146007 185007 238005 PPC001 279008 229009
290010 247010 303009 311021 321028 263012
273011 246008 307016 328020 352012 029004.
321004 PPC000 311009 182006 172006 209009
194005 PPC000 321007 PPC002 292013 249008
294004 299013 013011 234007 003042 350049
004035 335023 332013 181016 095021 164015.
139015 115016 113030 177008 122021 120018
113024 145017 098018 114010 221009 310005
112009 185007 341017 314022 091021 132016
110030 142023 157024 118029 127037 129026.
124026 158013 129020 124024 111024 129023
117021 152017 113011 208005 PPC000 223006
219007 132020 262010 162022 120034 102028
122035 113033 156028 140031 135016 169021.
139021 135019 099016 120020 123029 147017
156017 136022 146021 172015 147009 103013
204009 194010 157006 292009 291010 036011
022031 029035 012047 014031 021022 007027.
023022 014022 320014 007017 004019 352015
358009 084009 PPC000 194004 303011 331006
272013 283015 319013 273006 194005 268010
222019 293017 274011 280012 298010 283005.
198006 288006 287004 240005 229004 208007
134007 PPC000 PPC000 PPC000 221006 158005
248005 285010 201003 185004 208005 203004
307007 304018 332014 301010 315004 272005=
160012 115011 146006 198006 124013 094014
100020 128017 123011 157012 228006 244008
236009 288013 264012 106016 132015 036022
112039 100030 129034 128020 192012 195011.
192010 129018 115021 154015 220008 046007
202004 147005 258006 240003 100013 142011
207006 285014 056013 119010 124025 123026
328017 287026 285021 298016 260024 313013.
033015 089008 065018 037020 018019 018028
022024 039025 028020 023023 012018 347020
011013 016014 101014 051014 035016 294013
067012 305007 017018 331009 336007 033007.
217005 337009 132008 125005 PPC000 PPC000
179005 137006 PPC000 111010 094013 089011
295009 088009 108013 263006 035011 134010
035012 018014 328015 038008 117007 309013.
289009 289007 152003 121005 120004 PPC000
301004 310006 PPC000 PPC000 PPC000 285009
286011 271011 282010 186007 342014 032011
037006 307025 294020 281012 015023 221018.
057011 065007 PPC001 326012 024013 084014
187003 162005 291008 PPC000 PPC000 222003
282007 296010 306011 349016 263029 272031
061029 268023 172009 272009 292016 292010.
234008 222012 277008 280013 286007 291019
292016 319005 288014 300015 241009 251008
299040 289032 297045 293040 297042 298036
301031 284031 303026 294018 293014 295014.
313008 270003 224004 225006 234006 185007
180003 PPC000 206009 191006 287007 253006
216009 210008 265010 222009 198009 300015
310014 240014 292024 301020 283019 344014.
297008 313006 266009 166006 152006 236005
171003 289008 182006 116008 273009 229007
213009 248008 252014 218006 212008 PPC001
156004 231006 239006 PPC002 PPC000 PPC001.
PPC000 082003 297006 199007 251008 176005
106012 282007 PPC000 241006 248006 248007
299009 248009 272010 267010 135011 206007
258008 217005 307006 PPC000 PPC001 125010.
132009 165006 193004 255003 291007 308006
054009 PPC000 PPC000 PPC000 228005 239006
285013 185006 304014 218010 153008 117015
154016 122016 148010 137021 119039 117028.
056009 108014 068009 172010 175008 014055
289019 231012 256010 283015 290011 334013
301009 248008 243010 252008 262009 188007
245011 255011 265007 215004 055009 028017.
248010 226005 140007 178006 276005 036005
182006 145007 106005 PPC001 206005 239006
212007 PPC000 258009 277012 300011 288011
320017 115011 171010 145013 152011 127012.
109017 216008 214004 191005 223011 195007
311017 198012 214005 194008 PPC000 266007
236010 269009 226008 144014 063018 262015
288011 258012 265012 271013 110010 157012.
121013 208006 225006 102018 113021 113021
180007 186014 319007 026006 252007 239007
195006 268010 297017 253014 120016 154020
142024 132028 149024 129031 140025 129022.
136023 128022 123027 123030 123028 122026
118029 136014 107020 119019 112018 134011
278008 290013 293010 131016 144017 140022
126032 132031 155024 145026 132028 117019.
115017 123018 154015 145018 169012 222006
274003 254006 306004 178005 243005 PPC001
250009 297012 168011 162014 171021 148019
103027 113028 117029 145025 156020 150020.
146014 134015 127011 140013 188011 163006
172008 005004 252005 107004 262005 255008
256010 218008 264014 150011 172011 248012
114021 133017 115014 118020 096016 023042.
140030 029015 253008 176004 104007 237006
169006 PPC001 219004 318005 152005 250005
286012 049014 077012 080014 352014 275012
250013 259013 109033 129023 132020 114025.
141015 129013 149009 145005 165005 PPC002
PPC000 186006 227003 187004 PPC000 259008
216008 156009 075009 105020 099017 133017
127026 120029 128032 206048 121031 138017.
188006 177009 146005 156006 081007 133008
109007 179004 209004 PPC000 225007 268009
220010 261011 153011 115015 348018 156015
103020 138027 117021 109017 258022 282016.
207010 312010 204012 153007 131010 PPC002
004005 083010 115003 088013 088008 183007
193009 235007 260012 267008 190009 133016
162012 245010 189017 300012 191067 141017.
135011 135016 136009 208012 146003 169009
321006 288003 096011 257003 PPC000 277011
252008 269012 265004 135016 099013 093017
093014 118026 124026 120022 126025 140019.
130017 152017 110013 141009 157004 188008
122005 104012 175008 148010 120008 212006
173010 083010 187008 050010 291014 272012
122047 120051 122029 103014 162019 270013.
307009 239008 214010 243006 205005 170006
143006 180009 210005 353004 194008 235008
279010 243010 265010 276017 281021 271016
238010 237009 277015 277018 277012 003005.
281004 PPC000 306008 178004 192005 206008
207006 PPC000 298007 143004 291010 263008
219006 278011 302010 218008 359040 306046
333036 283020 284017 181013 116021 155015.
133016 122016 119027 156012 122021 125016
117030 143015 106017 134009 219009 181005
107010 229008 033014 272019 101019 134017
113030 158023 127028 123033 120032 127026.
130027 144017 130018 129020 112024 127025
122020 146015 113012 217007 PPC001 249005
202008 139017 182011 155023 127028 106028
122039 110032 142031 144027 126023 148021.
146018 137015 122018 122020 120028 132021
151017 134023 153018 162016 120010 132010
213009 187009 303009 241010 274011 069012
322038 019043 342050 057035 090023 025030.
001022 019022 353017 002018 049020 239018
358012 101009 PPC000 207004 293010 236007
275011 245011 306011 246006 201005 274011
224017 285018 270011 271011 275009 272006.
201006 285006 242003 222004 227004 208007
133007 PPC000 PPC000 PPC000 227006 183005
230005 275009 189004 218005 212005 210005
277006 304015 293015 301010 267004 255005=
041115 1648 093108 1528
047035 1525 084041 1515
037013 0215 069027 0217
020112 1825 035069 1835
029285 1725 057360 1619
041250 1245 085029 1310
056300 1114 109314 1112
029263 1703 063318 1702
019290 1055 031278 2020
018110 1935 028105 1934
044132 1827 089123 1823
055014 0200 121041 0154
021294 1223 038303 1407
027329 1322 045306 1322
038136 1832 086137 1840
042121 0128 086092 1503
035128 1630 078086 1630
044025 1959 094031 1959
043125 2057 086116 2056
048204 1757 093209 1758
033122 1622 064136 1615
084198 1852 144167 1851
033121 1720 069122 1932
051122 1553 102103 1503
039294 1320 073312 1319
051247 1435 109003 1400
040118 1807 087125 1803
045118 1548 095103 1519
055016 1553 117027 1605
031026 2001 062052 2014
022305 1733 037314 1733=
D=
K=
A=
S=
B=
??????
******
YF
O2199
河南省
豫嵩县饭坡
洛阳市嵩县饭坡乡工业园区
丘陵；乡镇；地面
空缺
计算机
计算机
计算机
计算机
计算机
20120208=
JY
8888=
GK
01/
05/=
BZ
00/341039/1121330
10/24/逐时观测
10/24/24时连续观测
11/不守班=
######
