O2195 3347N 11207E 006636 006636 105 105 S15 91999999919999199999 1 2008 07
P=
TB
0249 0240 0231 0230 0226 0218 0213 0210 0203 0205 0208 0212
0219 0237 0232 0213 0206 0202 0208 0212 0222 0217 0224 0208 0257 2001 0201 1402.
0197 0193 0189 0192 0188 0185 0180 0178 0174 0174 0176 0184
0205 0256 0292 0331 0341 0366 0358 0335 0319 0300 0289 0275 0372 1405 0172 0530.
0255 0234 0215 0204 0194 0187 0180 0173 0167 0167 0197 0223
0239 0273 0303 0316 0341 0317 0319 0305 0293 0267 0240 0236 0345 1419 0164 0535.
0232 0232 0228 0223 0218 0213 0208 0204 0202 0201 0223 0246
0283 0308 0306 0306 0271 0231 0233 0242 0236 0236 0232 0227 0347 1044 0201 0448.
0224 0222 0221 0220 0218 0214 0194 0185 0188 0190 0188 0210
0217 0234 0249 0246 0263 0275 0296 0274 0276 0257 0256 0226 0305 1444 0184 0409.
0204 0188 0177 0169 0162 0163 0159 0154 0147 0147 0159 0202
0249 0258 0282 0290 0317 0315 0294 0292 0301 0283 0259 0238 0330 1313 0144 0524.
0224 0211 0204 0198 0192 0186 0179 0175 0171 0169 0187 0210
0228 0266 0307 0288 0310 0321 0310 0292 0287 0274 0249 0234 0322 1401 0168 0522.
0223 0218 0215 0209 0208 0206 0202 0200 0194 0186 0196 0230
0260 0291 0296 //// //// 0285 0303 0278 //// //// 0243 0228 0328 1325 0185 0607.
0220 0214 0203 0202 0195 0190 0188 0185 0189 0194 0203 0217
0236 0282 0285 0302 0294 0313 0320 0309 0291 0278 0264 0247 0323 1409 0185 0346.
0236 0232 0219 0212 0205 0198 0195 0191 0192 0191 0193 0209
0230 0275 0304 0329 0335 0331 0343 0314 0300 0290 0276 0262 0351 1327 0188 0533.
0247 0232 0222 0215 0213 0208 0201 0197 0197 0195 0206 0235
0260 0287 0317 0335 0337 0340 0347 0337 0328 0314 0288 0271 0353 1448 0194 0518.
0262 0250 0239 0233 0225 0224 0218 0217 0212 0212 0219 0248
0266 0272 0282 0275 0277 0285 0274 0275 0281 0273 0257 0240 0290 1230 0210 0532.
0225 0222 0214 0218 0208 0206 0206 0206 0209 0210 0217 0226
0252 0279 0292 0310 0281 0278 0275 0271 0270 0268 0259 0247 0313 1158 0203 0319.
0234 0225 0218 0218 0218 0216 0216 0216 0215 0215 0218 0225
0245 0259 0291 0288 0297 0291 0286 0280 0293 0280 0275 0262 0303 1254 0213 0536.
0245 0237 0237 0236 0232 0227 0222 0215 0212 0200 0199 0202
0203 0201 0197 0198 0199 0209 0207 0210 0209 0210 0205 0198 0262 2006 0196 1104.
0192 0186 0185 0181 0180 0181 0181 0181 0178 0173 0186 0211
0240 0258 0279 0297 0308 0316 0319 0310 0283 0270 0252 0240 0329 1412 0172 0612.
0228 0220 0219 0216 0212 0207 0204 0200 0201 0203 0208 0215
0234 0231 0245 0259 0255 0251 0257 0245 0245 0222 0216 0213 0270 1236 0200 0339.
0209 0199 0191 0191 0191 0190 0189 0189 0190 0192 0194 0206
0237 0264 0277 0277 0288 0276 0269 0278 0282 0271 0247 0219 0295 1328 0188 0224.
0209 0197 0190 0185 0181 0176 0173 0169 0168 0169 0181 0205
0229 0271 0284 0289 0278 0288 0296 0298 0273 0258 0239 0226 0310 1436 0167 0408.
0223 0218 0216 0217 0215 0208 0211 0209 0206 0206 0208 0211
0220 0238 0279 0275 0289 0251 0249 0264 0252 0239 0227 0222 0298 1321 0205 0509.
0221 0216 0215 0207 0203 0200 0196 0193 0191 0191 0201 0214
0230 0231 0223 0216 0211 0201 0206 0206 0204 0199 0194 0194 0245 0918 0190 0524.
0193 0193 0193 0191 0190 0187 0184 0182 0180 0176 0174 0175
0173 0178 0182 0181 0184 0184 0184 0184 0185 0183 0180 0178 0195 2141 0171 0927.
0179 0176 0174 0176 0177 0177 0179 0179 0180 0181 0181 0182
0186 0189 0212 0213 0214 0236 0239 0246 0253 0251 0237 0210 0260 1640 0174 2219.
0201 0198 0198 0195 0191 0189 0183 0175 0169 0167 0175 0198
0232 0262 0269 0285 0292 0311 0312 0295 0293 0263 0245 0226 0317 1448 0165 0539.
0214 0200 0193 0193 0191 0189 0183 0179 0179 0179 0184 0197
0206 0228 0266 0263 0292 0290 0319 0309 0293 0270 0251 0230 0321 1609 0178 0604.
0219 0210 0205 0196 0191 0187 0189 0191 0188 0187 0192 0207
0248 0275 0285 0284 0272 0302 0321 0292 0287 0264 0248 0238 0323 1503 0186 0211.
0228 0225 0213 0206 0200 0196 0193 0198 0201 0201 0208 0216
0235 0271 0292 0309 0308 0314 0306 0290 0284 0267 0256 0243 0327 1447 0192 0310.
0236 0223 0216 0210 0204 0200 0198 0197 0196 0196 0202 0216
0243 0272 0301 0322 0327 0340 0336 0331 0311 0290 0274 0255 0345 1437 0194 0341.
0246 0233 0226 0222 0214 0208 0203 0204 0205 0210 0214 0229
0263 0285 0308 0304 0307 0326 0322 0322 0299 0294 0275 0254 0334 1413 0202 0306.
0250 0243 0235 0225 0225 0228 0221 0219 0218 0220 0226 0223
0229 0231 0247 0258 0264 0254 0255 0254 0245 0236 0234 0232 0274 1125 0218 0357.
0225 0221 0219 0219 0219 0218 0216 0215 0216 0217 0220 0223
0238 0265 0284 0270 0284 0285 0294 0308 0289 0274 0267 0242 0318 1614 0215 0240=
I=
E=
U=
N=
H=
C=
V=
R6
0012 0057 0069
0000 0000 0000
0000 0023 0023
0001 0055 0056
0430 0000 0430
0000 0000 0000
0000 0000 0000
0000 //// ////
0000 //// ////
0000 //// ////
0000 0000 0000
//// 0000 ////
0000 0000 0000
0074 0022 0096
0030 0232 0262
0001 0000 0001
0000 0000 0000
0028 0000 0028
//// //// ////
0002 0002 0004
0000 0055 0055
0362 0300 0662
0143 0003 0146
//// 0000 ////
0000 //// ////
0000 0000 0000
0000 //// ////
0000 0000 0000
//// //// ////
0035 0002 0037
0023 0001 0024=
0000 0000 0000 0000 0005 0002 0002 0001 0002 0000 0000 0000
0001 0000 0000 0001 0036 //// 0015 0004 0000 0000 0000 0000.
0000 0000 0000 0000 0000 0000 0000 0000 0000 0000 0000 0000
0000 0000 0000 0000 0000 0000 0000 0000 0000 0000 0000 0000.
0000 0000 0000 0000 0000 0000 0000 0000 0000 0000 0000 0000
0000 0000 0000 0000 0000 0000 0000 0000 0000 0020 0003 0000.
0000 0000 0000 0000 0000 0000 0001 0000 0000 0000 0000 0000
0000 0000 0000 0000 0000 0011 0011 0004 0011 0015 0003 0000.
0001 0000 0000 0000 0018 0130 0171 0089 0020 0000 0001 0000
0000 0000 0000 0000 0000 0000 0000 0000 0000 0000 0000 0000.
0000 0000 0000 0000 0000 0000 0000 0000 0000 0000 0000 0000
0000 0000 0000 0000 0000 0000 0000 0000 0000 0000 0000 0000.
0000 0000 0000 0000 0000 0000 0000 0000 0000 0000 0000 0000
0000 0000 0000 0000 0000 0000 0000 0000 0000 0000 0000 0000.
0000 0000 0000 0000 0000 0000 0000 0000 0000 0000 0000 0000
0000 0000 0000 0000 0000 0000 0000 0000 //// //// 0000 0000.
0000 0000 0000 0000 0000 0000 0000 0000 0000 0000 0000 0000
0000 0000 0000 0000 0000 0000 0000 0000 0000 0000 //// 0000.
0000 0000 0000 0000 0000 0000 0000 0000 0000 0000 0000 0000
0000 0000 0000 //// 0000 0000 0000 0000 0000 0000 0000 0000.
0000 0000 0000 0000 0000 0000 0000 0000 0000 0000 0000 0000
0000 0000 0000 0000 0000 0000 0000 0000 0000 0000 0000 0000.
0000 0000 0000 0000 0000 //// 0000 0000 0000 0000 0000 0000
0000 0000 0000 0000 0000 0000 0000 0000 0000 0000 0000 0000.
0000 0000 0000 0000 0000 0000 0000 0000 0000 0000 0000 0000
0000 0000 0000 0000 0000 0000 0000 0000 0000 0000 0000 0000.
0000 0000 0034 0028 0000 0000 0011 0001 0000 0000 //// 0000
0000 0000 0000 0000 0000 0001 0020 0001 0000 0000 0000 0000.
0000 0000 //// 0000 0000 0000 0000 0002 0001 0021 0002 0004
0006 0024 0090 0078 0030 0001 0000 0003 0000 0000 0000 0000.
0000 0000 0000 0000 0001 0000 0000 0000 0000 0000 0000 0000
0000 0000 0000 0000 0000 0000 0000 0000 0000 0000 0000 0000.
0000 0000 0000 0000 0000 0000 0000 0000 0000 0000 0000 0000
0000 0000 0000 0000 0000 0000 0000 0000 0000 0000 0000 0000.
0000 0000 0003 0022 //// 0000 0003 0000 0000 0000 0000 ////
0000 0000 0000 0000 0000 0000 0000 0000 0000 0000 0000 0000.
0000 0000 0000 0000 0000 0000 0000 0000 0000 //// 0000 0000
0000 0000 0000 0000 0000 //// 0000 0000 0000 0000 0000 0000.
0000 0000 0000 0000 0000 0000 0001 0000 0000 0000 0000 0001
0002 0000 0000 0000 0000 0000 0000 0000 0000 0000 0000 0000.
0000 0000 0000 0000 0000 0000 0000 0000 0000 0000 0000 0000
0000 0000 0000 0000 0001 0006 0003 0000 0001 0015 0021 0008.
0001 0073 0020 0000 0004 0005 0033 0065 0062 0048 0027 0024
0043 0014 0015 0020 0057 0040 0048 0019 0012 0009 //// 0023.
0030 0023 0006 0001 0006 0012 0032 0019 0004 0006 0002 0002
0001 0001 0001 0000 0000 0000 0000 0000 0000 0000 0000 0000.
0000 0000 0000 0000 0000 0000 0000 0000 0000 0000 0000 ////
0000 0000 0000 0000 0000 0000 0000 0000 0000 0000 0000 0000.
0000 0000 0000 0000 0000 0000 0000 0000 0000 0000 0000 0000
0000 0000 0000 0000 0000 0000 0000 //// 0000 0000 0000 0000.
0000 0000 0000 0000 0000 0000 0000 0000 0000 0000 0000 0000
0000 0000 0000 0000 0000 0000 0000 0000 0000 0000 0000 0000.
0000 0000 0000 0000 0000 0000 0000 0000 0000 0000 0000 0000
0000 0000 0000 0000 0000 0000 0000 //// 0000 0000 0000 0000.
0000 0000 0000 0000 0000 0000 0000 0000 0000 0000 0000 0000
0000 0000 0000 0000 0000 0000 0000 0000 0000 0000 0000 0000.
0000 //// 0000 0000 0000 //// 0000 0000 0000 0000 //// 0000
0000 //// 0000 0000 0000 0000 0000 0000 0000 0000 0000 0000.
0000 0000 0000 0000 0000 0000 0031 0000 0001 0000 0000 0003
0001 //// 0000 0000 0001 0000 0000 0000 0000 0000 0000 0000.
0001 0010 0001 0000 0001 0001 0007 0002 0000 0000 0000 0000
0001 0000 0000 0000 0000 0000 0000 0000 0000 0000 0000 0000=
//// 30/06/2008 00000=
W=
L=
Z=
G=
FN
219010 083009 055008 161012 353015 017027
337018 021012 PPC002 332013 354009 047011
057016 011007 049024 355027 012017 238009
053011 125005 162007 087008 301005 PPC001.
PPC001 099007 192008 028005 221009 214010
274009 003008 205008 256012 235008 226008
186007 355006 201007 248008 317012 171015
155028 134039 144034 145041 137027 156012.
136015 122013 160009 123008 169008 169010
085010 195010 224007 064010 184005 197009
227009 038008 323013 314009 214019 141049
162028 157030 155026 127035 148009 061008.
206013 141016 081004 228007 PPC001 186007
PPC002 119006 193006 089006 061006 310007
089008 170009 215011 113007 313034 285019
209004 065006 PPC002 064010 134009 116004.
150008 188008 108008 251005 PPC002 211012
189049 198019 334011 267010 236017 224036
214036 231045 207017 196017 062008 201015
176017 315025 331010 185009 205014 190011.
137009 221009 096011 PPC000 194007 PPC000
086009 087004 169006 PPC000 226005 031008
017009 244007 067008 222004 057012 048009
060015 072025 044027 055024 114014 083017.
090015 224006 099011 147005 173005 102005
028006 PPC000 116004 PPC000 232005 310005
241013 303008 056011 168028 111019 095028
130042 100032 085021 092023 056032 061015.
104018 070018 115006 043007 276007 165013
179013 181008 111005 060009 166005 096005
026008 007016 057036 063045 063045 056046
058043 079033 ////// ////// 067025 073018.
108019 079006 PPC002 126004 229004 099006
082010 PPC001 195008 097007 078008 098005
289005 006011 358011 052016 337016 050043
069050 060032 060030 061024 073032 065021.
084011 101009 114011 156006 071005 133008
219008 113007 PPC000 PPC000 154003 102011
304010 237007 225008 059025 089020 047016
043022 081021 054014 091010 100010 084008.
091003 197010 154006 181007 191011 118007
267005 PPC001 242007 PPC000 171007 353009
191005 211011 065025 083010 323021 341030
355017 008028 026020 065011 110009 160006.
173010 138006 094011 266003 220010 121008
059003 303007 204013 144010 087006 043006
204009 324011 005021 014028 353035 005031
017024 072031 081013 059011 112008 114009.
158007 112012 199005 261005 091007 210007
PPC001 069006 209005 211013 207006 PPC000
PPC002 124007 075038 066042 070031 069029
063029 071035 075037 085027 046017 050007.
132006 199011 104007 138010 211013 076008
038003 107007 101004 PPC001 227009 185005
278009 092012 346006 104023 164026 071010
261015 193008 221013 092016 099024 206006.
192014 128006 ////// 253015 170006 117009
100008 212009 119010 188009 172008 100005
243008 284007 245009 105008 249004 013007
229015 PPC002 PPC000 040004 PPC000 138009.
122008 033003 163005 161010 006005 169009
214009 233009 121004 200008 PPC002 044008
262008 049005 213008 296009 253014 304010
095015 058023 077019 063035 083021 171008.
PPC000 060006 146010 323004 150003 178012
158003 153004 078009 238006 272007 082004
101004 222007 246010 028003 221009 231017
220014 216020 000022 019035 006019 025008.
002010 013020 293011 235006 ////// PPC000
032007 253009 PPC000 256004 359006 081008
214010 208018 207008 210024 206014 316023
023027 010023 045010 031013 078013 069014.
084006 121008 114006 089003 152005 075009
236011 266005 060007 106009 270007 223004
271005 025013 082019 326023 021019 017016
338028 067029 067043 074045 077030 075027.
098022 073024 054032 069020 118010 085010
103017 124010 148008 205011 203015 032008
055008 313008 050016 335013 062027 076035
049031 073032 072031 071013 065024 086014.
075023 092015 091013 089009 234010 078007
151004 083003 PPC002 155004 051012 162003
219009 228011 098015 097011 209013 202017
063008 112004 287006 030012 008003 PPC000.
195014 024005 PPC000 223005 225009 045015
102012 326003 179008 038013 123012 292008
176009 284005 236005 PPC000 301007 098004
041005 058006 049010 141007 340008 224009.
213006 226011 232013 071003 051006 PPC000
261009 165012 047005 079006 187011 180006
078007 081004 036010 345003 062009 079008
201009 174010 183009 209010 109007 075012.
105012 248004 238005 067005 206009 PPC001
223005 199011 068007 157008 100003 224006
248010 050011 070025 059022 054027 070026
084021 077020 061012 069025 075017 096015.
112015 117007 138008 122006 213009 012005
PPC000 122006 180010 167008 056006 046003
221012 306009 080018 041027 065020 094012
062018 055012 072023 021021 072029 099017.
103003 074012 073011 PPC000 085007 PPC001
144007 316006 079008 082010 047006 281012
306009 013012 179004 248016 070025 089028
071019 054015 066038 064026 063033 071023.
099011 063010 092015 062013 138009 101004
079009 037005 017007 113007 055009 168006
052013 309012 317017 050017 026024 078034
070023 056037 044027 069026 064015 071009.
118009 196015 095011 175007 095012 083008
206012 184009 056009 065007 PPC002 163008
340007 108006 117005 071012 093015 062029
057029 131017 073019 099010 072020 085026.
166010 182008 195003 097009 097009 PPC002
154011 109006 PPC002 113008 211008 302004
241007 038009 353013 333029 013034 328010
051023 009027 060033 051011 048013 078015.
104007 074012 PPC000 108009 182010 262009
073003 164013 104010 357010 353016 011030
014029 013043 015032 016026 058022 008021
320022 047012 357020 047017 059019 062011.
061015 341021 073012 160011 224009 114006
159010 228013 038006 156009 220010 164008
051008 304013 242011 087011 099004 217005
354007 221014 260014 202019 139015 100012=
242010 080009 054005 162011 025010 008020
334012 011013 155007 309008 350009 033011
061014 327009 021027 355024 041012 233009
054009 072003 164006 083007 003007 331003.
159003 102006 203008 060005 217010 212012
251010 048007 204012 248010 227009 187007
199007 023007 214008 265008 301012 181013
158025 146033 151032 142045 142035 148017.
136013 083009 195008 050007 194006 172008
110006 205008 200005 067010 185003 224010
256007 023006 325009 354010 221015 139031
158024 153030 151028 128037 150006 075008.
240012 109016 337005 226007 143004 135006
160007 117007 193007 102005 083007 262006
048006 117008 200021 111009 327028 285013
252004 051006 PPC001 059009 136006 110005.
149007 173006 094010 211006 149004 222014
192043 186020 312011 235011 231015 220026
214040 222041 214030 200018 001012 202018
198015 305022 322010 186012 205014 175005.
133009 187005 095012 PPC001 189009 PPC000
095008 PPC002 167006 089003 225005 050007
025008 247008 348003 235004 064010 051011
065017 072020 051028 070027 106014 088017.
089016 207006 111007 164003 173007 095007
061007 PPC002 156007 118003 173005 002006
230010 314008 049012 165029 107028 088031
123034 111033 090021 093021 055039 086013.
098018 083016 071009 065009 262007 176012
172010 186010 105003 091007 170006 161005
020009 026012 062030 061035 062022 053039
064034 069035 ////// ////// 067030 076023.
088015 092009 PPC002 129005 217005 100006
089009 163004 200009 088007 080004 074003
242006 025010 012010 055021 317014 065045
066033 065041 070029 063032 071031 068024.
083017 092010 117010 150006 071005 127006
205008 084008 060003 PPC000 169006 094009
309011 234009 231009 061020 068021 060014
037025 064027 052021 102010 103014 104008.
081007 188010 118010 174007 187006 132006
263006 PPC001 PPC001 143003 179005 015007
260007 220009 034014 059011 335019 351020
024019 011023 016020 057013 114007 168007.
176015 121009 095011 PPC002 233010 111011
107006 292006 197010 133009 PPC002 024006
211007 305010 017019 011036 351031 011027
006024 072030 083013 072011 113009 119009.
157008 112010 216006 325004 106008 228007
104005 088006 210006 209012 152004 059004
158004 109007 074038 063041 067035 061031
051033 069032 060030 066028 053020 059009.
124008 174009 152009 151008 206008 076006
PPC002 121005 104007 250006 249009 200008
276010 101009 311009 111019 173016 107008
277020 216012 195009 089019 100019 074006.
197015 117008 ////// 258013 ////// 150009
118010 173009 144010 212010 173006 082007
242004 241009 259006 113005 243005 353005
236015 090006 PPC001 059004 107005 168008.
134009 079006 167005 165008 031004 185009
212008 212003 120005 224006 212005 040008
254007 041007 229008 268008 269010 288013
100011 057027 079025 069034 081026 150008.
137003 070004 155010 013003 103004 160006
PPC002 180006 116006 196004 249006 075003
172006 232009 247008 295004 242012 231013
239016 210026 355023 026026 021019 022011.
329010 025020 295010 239008 ////// PPC001
044006 241009 095003 PPC002 PPC002 109008
233012 220017 187014 210018 204015 313016
019030 013016 037014 036013 074013 058012.
013006 148005 096008 096006 131006 076007
228008 335004 082006 113005 253007 249004
287006 048014 077016 340017 013019 352016
350025 063029 073047 072039 073036 070027.
098016 077017 056029 054017 115010 080013
100015 119006 104007 207011 201014 048010
068007 229007 053015 326013 055022 074040
056034 068028 066029 069019 060024 080016.
067024 097012 090014 094008 218010 071006
180006 089004 063003 163004 060011 135005
227008 224006 098012 095012 206014 205014
067006 102005 299007 025008 344004 058005.
205010 048006 139004 152003 221008 031016
120009 279005 144007 029017 086007 295009
192009 249004 256004 PPC001 226003 115003
034006 022009 029017 155005 346005 218009.
PPC002 231010 220011 079006 047005 PPC000
241008 187012 049005 074007 199007 172005
156004 093005 046009 226004 057009 113006
200008 221009 184008 209010 116007 083011.
110010 238004 PPC001 087004 195008 228003
270004 195009 073004 152004 088003 218007
235009 005010 066021 064029 067023 063023
059015 074018 065015 078020 087020 099017.
108016 146005 131008 123008 204005 032003
PPC001 112008 182010 170008 072003 064004
214010 287006 080016 053018 059014 058011
081012 331013 067035 045022 075029 084020.
111011 089010 069008 PPC002 066006 149004
145008 311003 080008 078011 072004 257011
314006 012010 187008 268017 069024 077034
069019 058019 064032 067028 070033 074026.
092012 071008 069008 064011 115005 056004
081006 055009 018006 102007 054008 106004
046011 308009 305014 036010 006020 063028
060031 054033 047031 070022 067017 088011.
130006 202011 064008 186004 080011 087010
195008 191008 075007 075005 120003 180006
302005 207005 147006 083020 092018 060026
058029 103017 068026 082020 075015 076026.
161008 174009 121005 137009 106011 PPC002
166009 091008 041004 115006 221007 261006
277008 003008 358016 331024 008025 357020
051023 014024 060035 051011 047015 081016.
101010 075012 PPC002 101009 188013 292004
065006 177013 099011 035011 011018 015028
027023 019028 012031 011024 035023 000023
318028 058014 015015 042019 051015 063012.
059014 355020 070011 161011 231010 139006
139008 271006 044007 168007 229010 215008
043014 324017 236013 048008 131006 210006
272006 227013 231015 204018 140011 102011=
033006 1136 054003 1053
045142 1800 090158 1620
043139 1741 083132 1731
037315 1311 063307 1246
049198 0303 089180 0255
028051 1700 056073 1737
039055 1900 101101 1516
045050 1408 083059 1359
047063 1349 073082 1344
034057 1516 069073 1515
028031 1232 056349 1227
042005 1135 071357 1155
045061 1118 073065 1211
056097 0033 064146 1418
015197 2100 040225 0543
041069 1722 059059 1713
045012 1810 080006 1805
031020 1459 053194 0916
049072 1719 078073 1651
045062 1353 071082 1347
026066 2103 048068 2101
017029 0600 041349 0608
016212 2245 026233 2237
038072 1146 061068 1136
036074 1656 056082 1652
037068 1715 062065 1706
033054 1600 073048 1640
035064 1504 061065 1511
035060 1700 077070 1631
042008 1139 073020 1205
026012 2156 056006 2146=
D=
K=
A=
S=
B=
??????
QP=
QTB
099 099 099 099 099 099 099 099 099 099 099 099 099 099 099 099 099 099 099 099 099 099 099 099 099 099 099 099
099 099 099 099 099 099 099 099 099 099 099 099 099 099 099 099 099 099 099 099 099 099 099 099 099 099 099 099
099 099 099 099 099 099 099 099 099 099 099 099 099 099 099 099 099 099 099 099 099 099 099 099 099 099 099 099
099 099 099 099 099 099 099 099 099 099 099 099 099 099 099 099 099 099 099 099 099 099 099 099 099 099 099 099
099 099 099 099 099 099 099 099 099 099 099 099 099 099 099 099 099 099 099 099 099 099 099 099 099 099 099 099
099 099 099 099 099 099 099 099 099 099 099 099 099 099 099 099 099 099 099 099 099 099 099 099 099 099 099 099
099 099 099 099 099 099 099 099 099 099 099 099 099 099 099 099 099 099 099 099 099 099 099 099 099 099 099 099
099 099 099 099 099 099 099 099 099 099 099 099 099 099 099 899 899 099 099 099 899 899 099 099 099 099 099 099
099 099 099 099 099 099 099 099 099 099 099 099 099 099 099 099 099 099 099 099 099 099 099 099 099 099 099 099
099 099 099 099 099 099 099 099 099 099 099 099 099 099 099 099 099 099 099 099 099 099 099 099 099 099 099 099
099 099 099 099 099 099 099 099 099 099 099 099 099 099 099 099 099 099 099 099 099 099 099 099 099 099 099 099
099 099 099 099 099 099 099 099 099 099 099 099 099 099 099 099 099 099 099 099 099 099 099 099 099 099 099 099
099 099 099 099 099 099 099 099 099 099 099 099 099 099 099 099 099 099 099 099 099 099 099 099 099 099 099 099
099 099 099 099 099 099 099 099 099 099 099 099 099 099 099 099 099 099 099 099 099 099 099 099 099 099 099 099
099 099 099 099 099 099 099 099 099 099 099 099 099 099 099 099 099 099 099 099 099 099 099 099 099 099 099 099
099 099 099 099 099 099 099 099 099 099 099 099 099 099 099 099 099 099 099 099 099 099 099 099 099 099 099 099
099 099 099 099 099 099 099 099 099 099 099 099 099 099 099 099 099 099 099 099 099 099 099 099 099 099 099 099
099 099 099 099 099 099 099 099 099 099 099 099 099 099 099 099 099 099 099 099 099 099 099 099 099 099 099 099
099 099 099 099 099 099 099 099 099 099 099 099 099 099 099 099 099 099 099 099 099 099 099 099 099 099 099 099
099 099 099 099 099 099 099 099 099 099 099 099 099 099 099 099 099 099 099 099 099 099 099 099 099 099 099 099
099 099 099 099 099 099 099 099 099 099 099 099 099 099 099 099 099 099 099 099 099 099 099 099 099 099 099 099
099 099 099 099 099 099 099 099 099 099 099 099 099 099 099 099 099 099 099 099 099 099 099 099 099 099 099 099
099 099 099 099 099 099 099 099 099 099 099 099 099 099 099 099 099 099 099 099 099 099 099 099 099 099 099 099
099 099 099 099 099 099 099 099 099 099 099 099 099 099 099 099 099 099 099 099 099 099 099 099 099 099 099 099
099 099 099 099 099 099 099 099 099 099 099 099 099 099 099 099 099 099 099 099 099 099 099 099 099 099 099 099
099 099 099 099 099 099 099 099 099 099 099 099 099 099 099 099 099 099 099 099 099 099 099 099 099 099 099 099
099 099 099 099 099 099 099 099 099 099 099 099 099 099 099 099 099 099 099 099 099 099 099 099 099 099 099 099
099 099 099 099 099 099 099 099 099 099 099 099 099 099 099 099 099 099 099 099 099 099 099 099 099 099 099 099
099 099 099 099 099 099 099 099 099 099 099 099 099 099 099 099 099 099 099 099 099 099 099 099 099 099 099 099
099 099 099 099 099 099 099 099 099 099 099 099 099 099 099 099 099 099 099 099 099 099 099 099 099 099 099 099
099 099 099 099 099 099 099 099 099 099 099 099 099 099 099 099 099 099 099 099 099 099 099 099 099 099 099 099=
QI=
QE=
QU=
QN=
QH=
QC=
QV=
QR6
099 099 099
099 099 099
099 099 099
099 099 099
099 099 099
099 099 099
099 099 099
099 899 899
099 899 899
099 899 899
099 099 099
899 099 899
099 099 099
099 099 099
099 099 099
099 099 099
099 099 099
099 099 099
899 899 899
099 099 099
099 099 099
099 099 099
099 099 099
899 099 899
099 899 899
099 099 099
099 899 899
099 099 099
899 899 899
099 099 099
099 099 099=
099 099 099 099 099 099 099 099 099 099 099 099 099 099 099 099 099 899 099 099 099 099 099 099
099 099 099 099 099 099 099 099 099 099 099 099 099 099 099 099 099 099 099 099 099 099 099 099
099 099 099 099 099 099 099 099 099 099 099 099 099 099 099 099 099 099 099 099 099 099 099 099
099 099 099 099 099 099 099 099 099 099 099 099 099 099 099 099 099 099 099 099 099 099 099 099
099 099 099 099 099 099 099 099 099 099 099 099 099 099 099 099 099 099 099 099 099 099 099 099
099 099 099 099 099 099 099 099 099 099 099 099 099 099 099 099 099 099 099 099 099 099 099 099
099 099 099 099 099 099 099 099 099 099 099 099 099 099 099 099 099 099 099 099 099 099 099 099
099 099 099 099 099 099 099 099 099 099 099 099 099 099 099 099 099 099 099 099 899 899 099 099
099 099 099 099 099 099 099 099 099 099 099 099 099 099 099 099 099 099 099 099 099 099 899 099
099 099 099 099 099 099 099 099 099 099 099 099 099 099 099 899 099 099 099 099 099 099 099 099
099 099 099 099 099 099 099 099 099 099 099 099 099 099 099 099 099 099 099 099 099 099 099 099
099 099 099 099 099 899 099 099 099 099 099 099 099 099 099 099 099 099 099 099 099 099 099 099
099 099 099 099 099 099 099 099 099 099 099 099 099 099 099 099 099 099 099 099 099 099 099 099
099 099 099 099 099 099 099 099 099 099 899 099 099 099 099 099 099 099 099 099 099 099 099 099
099 099 899 099 099 099 099 099 099 099 099 099 099 099 099 099 099 099 099 099 099 099 099 099
099 099 099 099 099 099 099 099 099 099 099 099 099 099 099 099 099 099 099 099 099 099 099 099
099 099 099 099 099 099 099 099 099 099 099 099 099 099 099 099 099 099 099 099 099 099 099 099
099 099 099 099 899 099 099 099 099 099 099 899 099 099 099 099 099 099 099 099 099 099 099 099
099 099 099 099 099 099 099 099 099 899 099 099 099 099 099 099 099 899 099 099 099 099 099 099
099 099 099 099 099 099 099 099 099 099 099 099 099 099 099 099 099 099 099 099 099 099 099 099
099 099 099 099 099 099 099 099 099 099 099 099 099 099 099 099 099 099 099 099 099 099 099 099
099 099 099 099 099 099 099 099 099 099 099 099 099 099 099 099 099 099 099 099 099 099 899 099
099 099 099 099 099 099 099 099 099 099 099 099 099 099 099 099 099 099 099 099 099 099 099 099
099 099 099 099 099 099 099 099 099 099 099 899 099 099 099 099 099 099 099 099 099 099 099 099
099 099 099 099 099 099 099 099 099 099 099 099 099 099 099 099 099 099 099 899 099 099 099 099
099 099 099 099 099 099 099 099 099 099 099 099 099 099 099 099 099 099 099 099 099 099 099 099
099 099 099 099 099 099 099 099 099 099 099 099 099 099 099 099 099 099 099 899 099 099 099 099
099 099 099 099 099 099 099 099 099 099 099 099 099 099 099 099 099 099 099 099 099 099 099 099
099 899 099 099 099 899 099 099 099 099 899 099 099 899 099 099 099 099 099 099 099 099 099 099
099 099 099 099 099 099 099 099 099 099 099 099 099 899 099 099 099 099 099 099 099 099 099 099
099 099 099 099 099 099 099 099 099 099 099 099 099 099 099 099 099 099 099 099 099 099 099 099=
899 099 099=
QW=
QL=
QZ=
QG=
QFN
099 099 099 099 099 099 099 099 099 099 099 099 099 099 099 099 099 099 099 099 099 099 099 099
099 099 099 099 099 099 099 099 099 099 099 099 099 099 099 099 099 099 099 099 099 099 099 099
099 099 099 099 099 099 099 099 099 099 099 099 099 099 099 099 099 099 099 099 099 099 099 099
099 099 099 099 099 099 099 099 099 099 099 099 099 099 099 099 099 099 099 099 099 099 099 099
099 099 099 099 099 099 099 099 099 099 099 099 099 099 099 099 099 099 099 099 099 099 099 099
099 099 099 099 099 099 099 099 099 099 099 099 099 099 099 099 099 099 099 099 099 099 099 099
099 099 099 099 099 099 099 099 099 099 099 099 099 099 099 099 099 099 099 099 099 099 099 099
099 099 099 099 099 099 099 099 099 099 099 099 099 099 099 099 099 099 099 099 899 899 099 099
099 099 099 099 099 099 099 099 099 099 099 099 099 099 099 099 099 099 099 099 099 099 099 099
099 099 099 099 099 099 099 099 099 099 099 099 099 099 099 099 099 099 099 099 099 099 099 099
099 099 099 099 099 099 099 099 099 099 099 099 099 099 099 099 099 099 099 099 099 099 099 099
099 099 099 099 099 099 099 099 099 099 099 099 099 099 099 099 099 099 099 099 099 099 099 099
099 099 099 099 099 099 099 099 099 099 099 099 099 099 099 099 099 099 099 099 099 099 099 099
099 099 099 099 099 099 099 099 099 099 099 099 099 099 099 099 099 099 099 099 099 099 099 099
099 099 899 099 099 099 099 099 099 099 099 099 099 099 099 099 099 099 099 099 099 099 099 099
099 099 099 099 099 099 099 099 099 099 099 099 099 099 099 099 099 099 099 099 099 099 099 099
099 099 099 099 099 099 099 099 099 099 099 099 099 099 099 099 099 099 099 099 099 099 099 099
099 099 099 099 899 099 099 099 099 099 099 099 099 099 099 099 099 099 099 099 099 099 099 099
099 099 099 099 099 099 099 099 099 099 099 099 099 099 099 099 099 099 099 099 099 099 099 099
099 099 099 099 099 099 099 099 099 099 099 099 099 099 099 099 099 099 099 099 099 099 099 099
099 099 099 099 099 099 099 099 099 099 099 099 099 099 099 099 099 099 099 099 099 099 099 099
099 099 099 099 099 099 099 099 099 099 099 099 099 099 099 099 099 099 099 099 099 099 099 099
099 099 099 099 099 099 099 099 099 099 099 099 099 099 099 099 099 099 099 099 099 099 099 099
099 099 099 099 099 099 099 099 099 099 099 099 099 099 099 099 099 099 099 099 099 099 099 099
099 099 099 099 099 099 099 099 099 099 099 099 099 099 099 099 099 099 099 099 099 099 099 099
099 099 099 099 099 099 099 099 099 099 099 099 099 099 099 099 099 099 099 099 099 099 099 099
099 099 099 099 099 099 099 099 099 099 099 099 099 099 099 099 099 099 099 099 099 099 099 099
099 099 099 099 099 099 099 099 099 099 099 099 099 099 099 099 099 099 099 099 099 099 099 099
099 099 099 099 099 099 099 099 099 099 099 099 099 099 099 099 099 099 099 099 099 099 099 099
099 099 099 099 099 099 099 099 099 099 099 099 099 099 099 099 099 099 099 099 099 099 099 099
099 099 099 099 099 099 099 099 099 099 099 099 099 099 099 099 099 099 099 099 099 099 099 099=
099 099 099 099 099 099 099 099 099 099 099 099 099 099 099 099 099 099 099 099 099 099 099 099
099 099 099 099 099 099 099 099 099 099 099 099 099 099 099 099 099 099 099 099 099 099 099 099
099 099 099 099 099 099 099 099 099 099 099 099 099 099 099 099 099 099 099 099 099 099 099 099
099 099 099 099 099 099 099 099 099 099 099 099 099 099 099 099 099 099 099 099 099 099 099 099
099 099 099 099 099 099 099 099 099 099 099 099 099 099 099 099 099 099 099 099 099 099 099 099
099 099 099 099 099 099 099 099 099 099 099 099 099 099 099 099 099 099 099 099 099 099 099 099
099 099 099 099 099 099 099 099 099 099 099 099 099 099 099 099 099 099 099 099 099 099 099 099
099 099 099 099 099 099 099 099 099 099 099 099 099 099 099 099 099 099 099 099 899 899 099 099
099 099 099 099 099 099 099 099 099 099 099 099 099 099 099 099 099 099 099 099 099 099 099 099
099 099 099 099 099 099 099 099 099 099 099 099 099 099 099 099 099 099 099 099 099 099 099 099
099 099 099 099 099 099 099 099 099 099 099 099 099 099 099 099 099 099 099 099 099 099 099 099
099 099 099 099 099 099 099 099 099 099 099 099 099 099 099 099 099 099 099 099 099 099 099 099
099 099 099 099 099 099 099 099 099 099 099 099 099 099 099 099 099 099 099 099 099 099 099 099
099 099 099 099 099 099 099 099 099 099 099 099 099 099 099 099 099 099 099 099 099 099 099 099
099 099 899 099 099 099 099 099 099 099 099 099 099 099 099 099 099 099 099 099 099 099 099 099
099 099 099 099 099 099 099 099 099 099 099 099 099 099 099 099 099 099 099 099 099 099 099 099
099 099 099 099 099 099 099 099 099 099 099 099 099 099 099 099 099 099 099 099 099 099 099 099
099 099 099 099 899 099 099 099 099 099 099 099 099 099 099 099 099 099 099 099 099 099 099 099
099 099 099 099 099 099 099 099 099 099 099 099 099 099 099 099 099 099 099 099 099 099 099 099
099 099 099 099 099 099 099 099 099 099 099 099 099 099 099 099 099 099 099 099 099 099 099 099
099 099 099 099 099 099 099 099 099 099 099 099 099 099 099 099 099 099 099 099 099 099 099 099
099 099 099 099 099 099 099 099 099 099 099 099 099 099 099 099 099 099 099 099 099 099 099 099
099 099 099 099 099 099 099 099 099 099 099 099 099 099 099 099 099 099 099 099 099 099 099 099
099 099 099 099 099 099 099 099 099 099 099 099 099 099 099 099 099 099 099 099 099 099 099 099
099 099 099 099 099 099 099 099 099 099 099 099 099 099 099 099 099 099 099 099 099 099 099 099
099 099 099 099 099 099 099 099 099 099 099 099 099 099 099 099 099 099 099 099 099 099 099 099
099 099 099 099 099 099 099 099 099 099 099 099 099 099 099 099 099 099 099 099 099 099 099 099
099 099 099 099 099 099 099 099 099 099 099 099 099 099 099 099 099 099 099 099 099 099 099 099
099 099 099 099 099 099 099 099 099 099 099 099 099 099 099 099 099 099 099 099 099 099 099 099
099 099 099 099 099 099 099 099 099 099 099 099 099 099 099 099 099 099 099 099 099 099 099 099
099 099 099 099 099 099 099 099 099 099 099 099 099 099 099 099 099 099 099 099 099 099 099 099=
099 099 099 099
099 099 099 099
099 099 099 099
099 099 099 099
099 099 099 099
099 099 099 099
099 099 099 099
099 099 099 099
099 099 099 099
099 099 099 099
099 099 099 099
099 099 099 099
099 099 099 099
099 099 099 099
099 099 099 099
099 099 099 099
099 099 099 099
099 099 099 099
099 099 099 099
099 099 099 099
099 099 099 099
099 099 099 099
099 099 099 099
099 099 099 099
099 099 099 099
099 099 099 099
099 099 099 099
099 099 099 099
099 099 099 099
099 099 099 099
099 099 099 099=
QD=
QK=
QA=
QS=
QB=
=
******
YF
O2195
河南省
豫嵩县车村
嵩县车村镇卫生院后山
山顶、地面、村镇
时修礼
李志锋
李志锋
李志锋
王国安
李志锋
20081013=
JY
8888=
GK
01/本月平均气温23.4度，月极端最高气温37.2度，月极端最低气温14.4度。
02/本月主要降水过程出现在：2-5日、14-23日。
05/=
BZ
BB/02/最大风速从十分钟风向风速中挑取。
BB/03/相邻前后时次气温变化异常，18时气温用内插求得。
BB/06/最大风速从十分钟风向风速中挑取。
BB/07/最大风速从十分钟风向风速中挑取。
BB/14/相邻前后时次气温变化异常，15时气温用内插求得。
BB/15/1时风速异常，缺测处理；最大风速从实有十分钟风向风速中挑取。23时气温缺测，内插求得。
BB/22/最大风速从十分钟风向风速中挑取。
BB/27/最大风速从十分钟风向风速中挑取。
BB/29/最大风速从十分钟风向风速中挑取。
BB/08/相邻前后时次气温变化异常，12时、13时气温缺测。
BB/18/1时气温缺测，内插求得。
00/334700/1120700
10/334700/1120700
10/24/24小时连续观测
11/不守班=
######
