O2194 3357N 11210E 005230 005230 105 000 S15 91999999919999199999 0 2012 05
P=
TB
0159 0157 0156 0155 0153 0153 0154 0154 0153 0154 0154 0155
0167 0179 0182 0181 0193 0207 0221 0237 0223 0204 0196 0184 0246 1539 0153 0100.
0174 0170 0159 0152 0151 0144 0137 0133 0133 0131 0135 0148
0175 0212 0225 0218 0224 0240 0256 0254 0241 0233 0218 0203 0261 1518 0130 0632.
0191 0181 0177 0171 0166 0162 0162 0157 0151 0144 0145 0163
0201 0218 0233 0254 0265 0272 0280 0273 0270 0254 0228 0199 0288 1532 0142 0615.
0184 0171 0162 0153 0145 0140 0136 0130 0127 0126 0131 0148
0187 0229 0250 0271 0290 0293 0300 0304 0292 0278 0247 0215 0306 1507 0126 0453.
0197 0182 0171 0159 0152 0142 0138 0133 0128 0124 0128 0156
0195 0243 0287 0308 0324 0328 0328 0332 0328 0306 0266 0234 0335 1617 0124 0558.
0217 0201 0187 0177 0169 0162 0158 0153 0149 0145 0148 0171
0209 0249 0291 0314 0335 0347 0337 0336 0323 0305 0268 0234 0351 1327 0145 0559.
0212 0205 0202 0199 0196 0197 0191 0182 0180 0180 0170 0177
0189 0204 0229 0219 0230 0221 0241 0233 0236 0233 0218 0199 0242 1507 0170 0700.
0189 0183 0177 0171 0171 0168 0162 0160 0159 0157 0158 0167
0196 0238 0261 0281 0294 0307 0312 0306 0299 0281 0258 0227 0315 1457 0155 0538.
0209 0199 0188 0182 0173 0168 0166 0164 0163 0160 0165 0180
0199 0227 0252 0271 0283 0290 0293 0287 0286 0269 0249 0228 0294 1324 0160 0540.
0208 0194 0186 0177 0168 0164 0158 0153 0148 0148 0152 0169
0205 0246 0277 0301 0311 0324 0320 0309 0301 0282 0264 0248 0325 1429 0146 0537.
0223 0206 0194 0186 0181 0171 0166 0161 0156 0153 0158 0180
0212 0239 0263 0277 0269 0263 0259 0252 0238 0232 0223 0210 0278 1158 0152 0550.
0204 0200 0197 0195 0194 0191 0187 0185 0183 0177 0172 0167
0166 0173 0187 0193 0195 0193 0192 0180 0173 0161 0159 0141 0210 2001 0141 2000.
0127 0117 0107 0100 0092 0090 0086 0081 0078 0079 0081 0108
0147 0188 0217 0227 0241 0228 0234 0220 0214 0202 0200 0188 0241 1258 0077 0503.
0178 0171 0167 0162 0168 0156 0149 0151 0143 0138 0142 0158
0174 0203 0234 0251 0262 0267 0281 0283 0284 0266 0225 0193 0288 1717 0137 0608.
0169 0153 0150 0141 0137 0132 0125 0120 0113 0113 0122 0144
0175 0222 0262 0277 0281 0292 0303 0299 0303 0279 0235 0199 0308 1515 0112 0544.
0171 0153 0141 0129 0126 0124 0119 0116 0116 0115 0123 0153
0198 0241 0285 0300 0308 0314 0315 0321 0310 0294 0264 0227 0324 1605 0115 0355.
0203 0183 0164 0146 0137 0122 0114 0109 0105 0098 0107 0142
0192 0244 0282 0303 0317 0328 0335 0335 0312 0290 0267 0234 0335 1428 0097 0554.
0211 0202 0189 0188 0183 0183 0177 0178 0173 0169 0170 0187
0219 0233 0253 0268 0264 0266 0276 0278 0260 0250 0241 0228 0282 1511 0168 0625.
0206 0187 0173 0163 0159 0161 0159 0150 0140 0132 0138 0171
0212 0254 0276 0289 0303 0313 0328 0323 0313 0299 0266 0244 0329 1504 0132 0600.
0217 0199 0191 0180 0167 0159 0152 0146 0140 0142 0151 0178
0221 0252 0277 0290 0299 0311 0312 0302 0287 0270 0244 0228 0315 1507 0139 0457.
0216 0204 0197 0185 0170 0157 0146 0141 0138 0137 0141 0166
0204 0220 0223 0234 0249 0253 0262 0241 0246 0229 0216 0208 0265 1512 0136 0529.
0202 0198 0189 0183 0182 0178 0175 0173 0170 0168 0170 0178
0189 0195 0204 0206 0199 0194 0185 0185 0183 0182 0180 0177 0208 2001 0168 0551.
0174 0171 0168 0164 0162 0159 0154 0152 0151 0149 0151 0159
0178 0194 0209 0218 0234 0243 0241 0241 0234 0223 0210 0201 0248 1522 0148 0624.
0197 0191 0185 0180 0175 0169 0167 0168 0171 0169 0170 0178
0186 0193 0196 0199 0196 0192 0206 0195 0193 0189 0184 0177 0206 2019 0167 0300.
0169 0166 0159 0152 0144 0139 0138 0135 0132 0134 0140 0149
0161 0191 0227 0255 0271 0272 0281 0271 0268 0258 0240 0227 0284 1416 0129 0538.
0217 0200 0190 0179 0172 0163 0153 0149 0143 0138 0146 0172
0214 0258 0284 0306 0314 0324 0311 0298 0298 0277 0263 0238 0330 1346 0138 0600.
0217 0203 0192 0186 0182 0173 0172 0170 0169 0171 0176 0179
0192 0218 0228 0249 0284 0306 0323 0334 0330 0304 0273 0252 0339 1550 0168 0331.
0223 0207 0196 0181 0172 0164 0156 0151 0145 0139 0145 0170
0208 0246 0275 0283 0297 0301 0288 0285 0279 0269 0260 0251 0304 1331 0139 0600.
0223 0205 0203 0202 0200 0192 0182 0170 0164 0159 0154 0151
0153 0159 0162 0166 0179 0195 0209 0229 0259 0254 0210 0188 0264 1727 0151 0759.
0174 0168 0161 0152 0148 0141 0137 0135 0131 0128 0128 0149
0191 0238 0266 0284 0297 0303 0312 0305 0304 0276 0251 0236 0314 1454 0128 0551.
0216 0202 0190 0181 0172 0166 0161 0157 0153 0152 0161 0178
0205 0234 0242 0245 0246 0247 0241 0236 0235 0228 0222 0208 0248 1148 0151 0543=
I=
E=
U=
N=
H=
C=
V=
R6
0035 0001 0036
0000 0000 0000
0000 0000 0000
0000 0000 0000
0000 0000 0000
0000 0000 0000
0018 0000 0018
0000 0000 0000
0000 0000 0000
0000 0000 0000
0000 0001 0001
0131 0002 0133
0000 0000 0000
0000 0000 0000
0000 0000 0000
0000 0000 0000
0000 0000 0000
0000 0000 0000
0000 0000 0000
0000 0000 0000
0000 0000 0000
0000 0006 0006
0000 0000 0000
0000 0004 0004
0000 0000 0000
0000 0000 0000
0000 0000 0000
0000 0000 0000
0059 0021 0080
0000 0000 0000
0000 0000 0000=
0002 0000 0000 0004 0001 0000 0001 0001 0001 0010 0012 0003
0000 0000 0000 0001 0000 0000 0000 0000 0000 0000 0000 0000.
0000 0000 0000 0000 0000 0000 0000 0000 0000 0000 0000 0000
0000 0000 0000 0000 0000 0000 0000 0000 0000 0000 0000 0000.
0000 0000 0000 0000 0000 0000 0000 0000 0000 0000 0000 0000
0000 0000 0000 0000 0000 0000 0000 0000 0000 0000 0000 0000.
0000 0000 0000 0000 0000 0000 0000 0000 0000 0000 0000 0000
0000 0000 0000 0000 0000 0000 0000 0000 0000 0000 0000 0000.
0000 0000 0000 0000 0000 0000 0000 0000 0000 0000 0000 0000
0000 0000 0000 0000 0000 0000 0000 0000 0000 0000 0000 0000.
0000 0000 0000 0000 0000 0000 0000 0000 0000 0000 0000 0000
0000 0000 0000 0000 0000 0000 0000 0000 0000 0000 0000 0000.
0000 0000 0000 0000 0000 0000 0000 0000 0000 0000 0017 0001
0000 0000 0000 0000 0000 0000 0000 0000 0000 0000 0000 0000.
0000 0000 0000 0000 0000 0000 0000 0000 0000 0000 0000 0000
0000 0000 0000 0000 0000 0000 0000 0000 0000 0000 0000 0000.
0000 0000 0000 0000 0000 0000 0000 0000 0000 0000 0000 0000
0000 0000 0000 0000 0000 0000 0000 0000 0000 0000 0000 0000.
0000 0000 0000 0000 0000 0000 0000 0000 0000 0000 0000 0000
0000 0000 0000 0000 0000 0000 0000 0000 0000 0000 0000 0000.
0000 0000 0000 0000 0000 0000 0000 0000 0000 0000 0000 0000
0000 0000 0000 0000 0000 0000 0000 0000 0000 0000 0000 0001.
0001 0002 0000 0000 0000 0018 0036 0016 0013 0025 0015 0005
0001 0000 0000 0000 0001 0000 0000 0000 0000 0000 0000 0000.
0000 0000 0000 0000 0000 0000 0000 0000 0000 0000 0000 0000
0000 0000 0000 0000 0000 0000 0000 0000 0000 0000 0000 0000.
0000 0000 0000 0000 0000 0000 0000 0000 0000 0000 0000 0000
0000 0000 0000 0000 0000 0000 0000 0000 0000 0000 0000 0000.
0000 0000 0000 0000 0000 0000 0000 0000 0000 0000 0000 0000
0000 0000 0000 0000 0000 0000 0000 0000 0000 0000 0000 0000.
0000 0000 0000 0000 0000 0000 0000 0000 0000 0000 0000 0000
0000 0000 0000 0000 0000 0000 0000 0000 0000 0000 0000 0000.
0000 0000 0000 0000 0000 0000 0000 0000 0000 0000 0000 0000
0000 0000 0000 0000 0000 0000 0000 0000 0000 0000 0000 0000.
0000 0000 0000 0000 0000 0000 0000 0000 0000 0000 0000 0000
0000 0000 0000 0000 0000 0000 0000 0000 0000 0000 0000 0000.
0000 0000 0000 0000 0000 0000 0000 0000 0000 0000 0000 0000
0000 0000 0000 0000 0000 0000 0000 0000 0000 0000 0000 0000.
0000 0000 0000 0000 0000 0000 0000 0000 0000 0000 0000 0000
0000 0000 0000 0000 0000 0000 0000 0000 0000 0000 0000 0000.
0000 0000 0000 0000 0000 0000 0000 0000 0000 0000 0000 0000
0000 0000 0000 0000 0000 0000 0000 0000 0000 0000 0000 0000.
0000 0000 0000 0000 0000 0000 0000 0000 0000 0000 0000 0000
0000 0000 0000 0000 0000 0000 0003 0001 0001 0001 0000 0000.
0000 0000 0000 0000 0000 0000 0000 0000 0000 0000 0000 0000
0000 0000 0000 0000 0000 0000 0000 0000 0000 0000 0000 0000.
0000 0000 0000 0000 0000 0000 0000 0000 0000 0000 0000 0000
0000 0000 0000 0001 0001 0001 0001 0000 0000 0000 0000 0000.
0000 0000 0000 0000 0000 0000 0000 0000 0000 0000 0000 0000
0000 0000 0000 0000 0000 0000 0000 0000 0000 0000 0000 0000.
0000 0000 0000 0000 0000 0000 0000 0000 0000 0000 0000 0000
0000 0000 0000 0000 0000 0000 0000 0000 0000 0000 0000 0000.
0000 0000 0000 0000 0000 0000 0000 0000 0000 0000 0000 0000
0000 0000 0000 0000 0000 0000 0000 0000 0000 0000 0000 0000.
0000 0000 0000 0000 0000 0000 0000 0000 0000 0000 0000 0000
0000 0000 0000 0000 0000 0000 0000 0000 0000 0000 0000 0000.
0000 0000 0000 0000 0000 0000 0001 0005 0011 0009 0009 0024
0012 0006 0003 0000 0000 0000 0000 0000 0000 0000 0000 0000.
0000 0000 0000 0000 0000 0000 0000 0000 0000 0000 0000 0000
0000 0000 0000 0000 0000 0000 0000 0000 0000 0000 0000 0000.
0000 0000 0000 0000 0000 0000 0000 0000 0000 0000 0000 0000
0000 0000 0000 0000 0000 0000 0000 0000 0000 0000 0000 0000=
0000 ////////// 00000=
W=
L=
Z=
G=
FN
029021 049008 050018 044005 040009 051018
028009 012006 021009 032011 050022 035023
021034 019038 012028 315006 037030 180010
192020 032025 017016 040013 061009 204018.
194016 197017 193014 168023 255022 181023
233013 201022 201033 266013 197028 193028
191013 261009 008036 032026 009010 355016
004022 338011 215020 184028 220021 185016.
221010 197015 266018 184017 194023 191023
301020 186017 297013 171019 199015 189016
040005 042013 028021 007009 004023 187036
188040 235018 208046 196018 060008 041010.
301010 277033 306040 271021 197025 221018
214014 198012 194032 223025 183044 204030
181031 310016 007028 020025 120010 005031
350015 204033 026029 357021 PPC002 279019.
294032 285038 229020 204030 237019 218038
225032 195035 197041 190044 196046 192050
184051 199030 246017 277021 014045 021046
015055 080023 023034 025026 071004 261030.
275023 286032 297027 276032 301028 184020
219026 200037 190028 192033 185035 194036
181039 192026 225011 018030 218031 294023
205057 191041 192031 242020 189026 275039.
293047 271030 256029 293034 308029 187014
298039 298031 201015 267014 264019 186029
195024 261012 198028 011009 334013 265021
007008 064008 342009 084015 157006 289012.
206012 182026 196023 190023 212032 207027
187028 188037 210026 179044 195036 185034
161016 014016 036042 024042 009026 271017
062027 019044 025030 041018 063013 299018.
286033 297027 280016 284024 288021 310025
262020 288016 282016 295021 294027 228005
153011 330006 355019 101010 217027 239014
274036 237037 177041 211032 280026 198022.
300019 298032 299030 241018 279022 204030
243026 261016 196036 197035 190046 186043
190037 200009 358020 015035 285028 234022
177039 233025 261042 248020 200023 271033.
267023 232019 266016 188016 240021 214026
284015 222021 227013 211015 217019 249008
168012 059021 017030 024050 049045 030042
012029 029034 027021 022011 049019 109008.
PPC000 PPC000 184006 063004 060009 017006
065012 015007 PPC001 033023 139022 177026
222012 172013 195015 316024 034007 200003
308032 269013 214018 240023 239021 273022.
268037 228019 279036 257033 288051 240021
246022 269027 277040 190038 187038 189046
175036 198012 011027 008033 015024 024033
024046 042012 095008 001018 211016 214021.
151008 281008 193007 190007 146024 199015
187039 207013 231028 258019 276028 179020
182043 203020 019027 016037 333014 105010
014034 024042 011018 006021 031010 183009.
173025 174018 199033 258020 202041 196029
208042 214040 201041 186040 189040 198044
206030 227009 032047 045033 007019 355022
070023 012033 054040 022024 071012 295023.
184017 230026 189011 193025 204036 203049
230023 216025 199046 189050 196036 178053
178034 015014 057037 076043 037022 026049
011026 210007 016033 359027 035025 145006.
151017 198033 196024 192022 184022 200019
232022 202032 192045 207044 196043 188043
182053 173032 341016 339019 225022 051017
030041 021041 202020 154007 249017 194012.
247025 275021 272024 281043 220015 262022
286028 296024 210013 179014 195016 190019
180017 187019 204011 246020 224028 215027
230039 200044 252041 221038 250032 223027.
276017 294037 285025 276045 258033 204031
216020 282021 277024 272008 185028 185042
138015 062019 342013 005040 006033 010041
015036 194030 204037 188048 202036 194013.
280028 289038 214019 269031 269017 298017
205016 270015 186025 197026 183033 170018
176027 244033 218019 195028 197035 155023
212049 195056 218062 216044 214052 242031.
256026 228019 226015 181009 277029 287029
248023 234022 296022 262020 178011 183009
245004 141005 002019 016041 048023 020036
197023 285011 315017 020037 179018 190025.
290017 326007 103003 254007 285018 299010
274008 264009 313005 313016 316014 019017
038012 058014 020022 020033 041034 022018
038024 026013 021020 068007 198016 338005.
175017 177024 176021 265010 223012 304031
275028 286021 310030 314018 298032 314019
212026 193023 187017 270014 001024 290011
000028 190016 194040 243007 353011 249011.
297024 261017 194014 244007 221008 266010
266008 PPC002 065006 339010 261011 004010
012011 268017 254009 089004 001011 302013
191033 254022 187029 184027 252019 194030.
205035 237014 230027 260015 238030 221021
221021 202027 214020 199027 196026 182046
188039 189037 198036 PPC001 183029 218013
033010 009016 039030 198016 209025 241029.
222029 302040 285037 296031 303019 206016
259023 277034 224022 182029 189031 192043
180038 187015 073015 240020 063029 351022
012015 221021 195040 236028 241026 288021.
247015 180031 194016 210015 209027 201030
204020 197032 204039 205028 185033 198019
194027 198023 278035 172012 213032 338026
267031 007032 360010 199045 261034 199026.
276036 290039 224020 259033 292037 218020
229015 186034 191014 254013 212026 197032
203016 174019 224038 216061 217034 194059
252023 192049 171039 205022 193034 176018.
235006 273023 245020 240018 287021 273031
315015 285021 277025 307017 287026 301025
290018 269019 249025 268024 176029 195026
171022 272004 322019 351015 301022 218013.
170019 247032 225021 265031 246027 213018
201041 189043 196052 194044 192052 200046
179048 200013 043035 022044 027030 029032
020037 013029 015036 201060 209035 211033.
186016 234006 276022 304028 189017 184014
243019 186022 193017 265023 202013 142007
185006 210021 052018 051020 248007 204033
228013 191015 203022 227014 232017 160014=
032018 046008 054015 034007 038011 050015
032010 024007 036011 026012 044018 036020
023034 018037 014028 284009 031031 171011
200020 348022 020020 027015 065009 200016.
199016 197017 202013 175023 243019 183022
240014 197021 196031 246014 200024 193029
196011 268011 044034 026023 027010 320015
341025 324011 219019 186026 249021 181018.
237008 220016 259018 201016 189019 190024
288020 187015 272012 180018 191016 185017
045007 064012 023027 340013 054023 197034
197038 222029 205039 196023 126010 032009.
282012 279030 299036 257021 190025 234020
206014 215012 197030 230024 185043 196031
178029 290013 065031 019030 135011 030025
267020 223033 020035 010023 051004 283018.
288029 288037 234021 208026 240021 232033
214032 197033 196040 192045 191047 190050
183049 193035 231017 285020 018043 027040
014051 052023 010031 026022 072005 243021.
276026 283029 290029 277031 289027 190022
220025 203037 194026 198030 186036 193038
185040 190027 227010 027027 229032 280030
213052 200039 206040 246027 186025 276036.
289049 271032 276033 291035 302033 241023
293034 272024 224016 247016 295014 194023
191024 216012 200026 037017 344015 275022
327009 082007 019009 080013 109004 268010.
193011 181027 197023 191025 203031 206028
185026 188037 200028 181043 189036 184033
170015 053018 029039 002033 337030 313016
055030 021049 028030 029022 066011 293012.
283030 292029 281025 279019 286021 292023
269020 294019 289018 301023 291026 193005
171012 151005 342020 131010 216033 222018
273035 218042 188041 206034 280022 198021.
277015 286033 290028 266023 265024 205027
260024 264016 194033 195034 194045 186046
190037 192011 005022 045028 280028 234023
183048 225033 229035 234025 202023 276030.
233017 248014 266017 185021 241024 229022
283019 229020 223013 236019 209018 219009
173012 050019 019030 021044 046045 025035
014031 026033 036022 034016 048023 098008.
PPC002 PPC001 174005 074003 059009 356008
076009 047006 062004 045023 130021 174023
197017 200012 192018 308021 252009 228004
306032 285022 228020 238023 251019 275023.
275034 238024 268034 252036 281046 256024
254022 269030 270033 192037 193040 188045
173033 210011 007026 013033 026025 021035
023044 036017 065013 023018 180016 193022.
161009 228007 184012 048007 140021 218017
193039 200019 239025 231018 261025 180022
182040 200022 012027 055034 278023 100018
021029 014029 026022 051023 046012 178010.
180029 179019 213031 254019 208041 207028
212033 212039 200038 188039 187042 193043
202031 211013 029041 037028 355025 085026
119018 027035 045035 023026 073013 291026.
196018 223023 212014 191025 205037 212040
228027 214028 197045 189050 195037 185051
182035 030014 053030 055050 026033 029048
067025 113014 017040 316027 032023 112009.
161018 183025 191025 188024 187024 198021
231021 206035 197044 201045 193048 191044
181050 177032 018014 057021 193026 039023
026036 024034 189017 159010 253017 203013.
256028 278030 263027 280039 259022 246023
279028 276020 220015 179016 190020 191021
186015 192020 192013 225022 211030 234031
233038 205044 244043 214039 245032 230028.
266017 291035 283024 277045 263033 211029
236019 275021 276023 257008 185028 182040
143016 035015 344017 012038 032039 036045
008034 198033 196041 185045 206036 215016.
270026 284036 244024 283031 266020 282020
227016 260013 213020 203026 183027 177018
176027 237033 249017 192040 202038 162022
209045 201054 212062 215041 214050 233035.
259022 211021 206018 182011 286030 283030
245021 244024 280020 272020 201009 188009
318006 161006 354017 026039 049022 012032
238026 269016 286017 351035 197019 197025.
272018 266009 157007 265009 285016 277011
269009 273012 247006 283014 266011 029014
043009 067013 023019 020036 048033 063026
034022 021015 022019 091006 199018 354005.
180015 179022 179020 262013 249013 300028
274026 284020 291027 293021 301030 304022
212023 198022 195013 251012 042021 310013
021022 198020 196033 254009 314012 263014.
297024 266016 193013 235008 187007 242011
248009 PPC001 069006 313009 265011 020010
350011 278017 256009 PPC002 342011 315010
195027 247020 192031 187030 246021 196030.
201034 217016 208025 248015 240028 216025
232024 213024 239020 206026 198026 181045
184041 193038 200032 219004 179025 237011
001010 073021 010025 201014 226024 235029.
230028 300041 287036 289032 296020 222018
240023 257026 219027 190029 192032 188042
180038 180016 061020 241019 033036 295027
019014 211026 206041 234030 243027 266021.
260017 192026 197019 195018 213023 233024
194023 202032 199036 204029 194035 196022
201029 199019 275032 163014 211035 328022
246024 014030 009015 195043 251032 203031.
282039 290038 233023 254029 293033 223020
263019 187033 195018 242013 202024 196030
206016 170018 210041 212057 211039 200056
230042 190040 180034 198027 199028 183018.
212010 254020 257023 235018 284021 280031
297012 269021 276023 292018 289025 299024
293020 266020 249025 256026 180032 198029
183023 217012 307017 308015 292025 223013.
193017 240031 214024 259030 229028 248017
202039 191043 194051 194048 190054 194048
178050 197013 035039 021038 038032 026036
017036 004032 020038 200051 207036 211030.
194014 227008 238020 288024 189018 192015
256022 188020 208015 266020 214015 159010
199006 237015 043015 040021 220014 203031
234017 198019 201021 234014 233014 166011=
043022 0953 068038 1613
035017 1058 054066 1107
047196 1536 081179 1504
053018 1442 076021 1442
070019 1337 102028 1332
062204 1540 117182 1246
052282 2129 080319 2125
057018 1621 087021 1558
050196 1735 086190 1715
074185 1516 118195 1516
047021 1202 079027 1208
040043 0625 079049 0625
048282 0104 076027 1459
050025 1220 084021 1323
055028 1049 093024 1148
075024 1339 136043 1506
055190 0536 084049 1523
051196 1603 129176 1608
053017 1323 088027 1425
069208 1702 111176 1612
043203 1919 071211 1550
040022 1135 065063 1237
039310 0534 055305 0618
038179 1725 056167 1725
050185 0812 072190 0811
049195 1706 086021 1258
052196 1726 084193 1242
066199 1419 109201 1054
046299 2114 063285 2132
059195 0550 089173 0655
040185 1233 059190 1321=
D=
K=
A=
S=
B=
??????
******
YF
O2194
河南省
豫嵩县木植街
嵩县木植街乡广场内
山地；乡镇；地面
空缺
计算机
计算机
计算机
计算机
计算机
20120613=
JY
8888=
GK
01/
05/=
BZ
00/335717/1120953
10/24/逐时观测
10/24/24时连续观测
11/不守班=
######
