O2192 3426N 11207E 003810 003810 105 000 S15 91999999919999199999 0 2012 02
P=
TB
0020 0003 -008 -019 -025 -021 -020 -020 -020 -020 -021 -023
-026 -024 -016 -006 0002 0010 0015 0015 0004 -008 -014 -015 0041 2001 -026 0827.
-021 -024 -036 -046 -055 -059 -059 -063 -076 -082 -088 -084
-050 -032 -015 -002 0012 0020 0030 0033 0010 -006 -013 -014 0039 1547 -089 0712.
-021 -026 -035 -043 -058 -063 -069 -075 -075 -076 -061 -077
-031 -014 0017 0042 0067 0085 0085 0080 0061 0031 0011 0008 0097 1421 -079 0553.
0002 0000 -011 -023 -032 -035 -031 -023 -039 -041 -043 -031
-015 -010 -003 0003 0002 -004 -008 -009 -009 -011 -011 -011 0010 2006 -046 0706.
-009 -009 -009 -012 -014 -015 -018 -023 -033 -032 -034 -034
-014 0010 0049 0067 0084 0085 0094 0086 0075 0057 0050 0040 0096 1524 -038 0717.
0036 0029 0028 0000 -013 -025 -012 0007 0013 0042 0050 0050
0057 0063 0069 0068 0066 0062 0067 0066 0056 0041 0029 0017 0075 1227 -025 0200.
0008 0004 -001 -010 -015 -018 -024 -032 -036 -041 -046 -048
-033 -025 -010 0001 0011 0016 0024 0020 0008 -008 -013 -016 0027 1513 -051 0748.
-018 -022 -026 -021 -020 -027 -024 -027 -031 -034 -032 -032
-027 -012 -007 0002 0006 0012 0010 0024 0013 -001 -012 -018 0027 1532 -034 0555.
-025 -040 -042 -042 -032 -032 -043 -057 -048 -044 -042 -038
-022 -004 0015 0014 0023 0028 0030 0031 0024 0011 -007 -002 0037 1444 -059 0345.
0000 0001 0002 -003 -007 -011 -009 -004 -005 -007 -014 -014
0015 0026 0038 0049 0056 0058 0065 0065 0049 0024 0003 -002 0079 1517 -017 0713.
-014 -013 -013 -030 -025 -035 -045 -065 -073 -077 -081 -069
-019 0011 0056 0069 0075 0082 0086 0079 0070 0053 0047 0043 0088 1406 -085 0716.
0044 0041 0038 0034 0030 0025 0023 0021 0018 0017 0017 0018
0022 0024 0033 0044 0049 0064 0064 0059 0046 0029 0018 0015 0067 1456 0014 1904.
0009 -002 -012 -027 -028 -038 -040 -044 -048 -057 -058 -053
-016 0018 0039 0061 0071 0075 0089 0086 0073 0049 0023 0019 0090 1452 -063 0716.
0024 0011 -001 -012 -025 -031 -034 -033 -039 -043 -047 -044
0000 0037 0071 0094 0106 0104 0109 0095 0082 0074 0059 0054 0116 1421 -048 0736.
0049 0041 0025 0020 0022 0020 0017 0017 0015 0015 0013 0012
0019 0026 0034 0041 0045 0050 0053 0059 0050 0038 0021 0001 0059 1600 0001 2000.
-002 -015 -009 -015 -022 -023 -030 -015 -004 0002 -001 0011
0035 0053 0068 0071 0075 0075 0072 0071 0062 0044 0037 0023 0081 1428 -031 0244.
0023 0014 0001 0005 -008 -016 -009 -013 -006 -002 -008 -001
0021 0033 0037 0037 0055 0054 0061 0055 0044 0028 0019 0017 0065 1329 -021 0224.
0017 0011 0007 0001 0002 -005 -009 -013 -025 -030 -033 -026
0014 0032 0044 0053 0061 0079 0076 0076 0062 0049 0018 0006 0080 1401 -038 0724.
-006 -024 -034 -040 -046 -053 -056 -063 -072 -071 -076 -054
0003 0028 0060 0079 0099 0101 0110 0098 0091 0071 0069 0064 0112 1448 -077 0654.
0061 0051 0028 0000 -007 -015 -024 -027 -032 -036 -038 -034
0021 0050 0082 0094 0089 0102 0102 0098 0089 0079 0071 0064 0103 1402 -041 0648.
0059 0057 0050 0047 0041 0041 0040 0022 0011 0008 -002 0008
0036 0064 0097 0102 0117 0115 0117 0095 0088 0077 0073 0076 0127 1411 -005 0732.
0062 0080 0074 0055 0032 0010 0000 -005 -009 -009 -006 0000
0017 0031 0069 0087 0104 0125 0146 0147 0143 0127 0112 0099 0154 1533 -011 0531.
0093 0091 0084 0072 0067 0075 0076 0056 0055 0054 0050 0045
0046 0050 0048 0052 0051 0051 0050 0049 0044 0041 0038 0034 0100 2017 0034 1959.
0029 0028 0027 0024 0023 0022 0020 0016 0013 0012 0009 0012
0017 0025 0029 0036 0043 0047 0055 0061 0064 0064 0060 0058 0065 1702 0008 0713.
0058 0053 0042 0033 0029 0032 0027 0015 0012 0013 0007 0007
0020 0027 0033 0037 0043 0041 0039 0028 0026 0023 0021 0018 0060 2055 0006 0733.
0009 0008 0006 0010 0005 -009 -019 -015 -014 -009 -009 -010
-003 0002 0015 0025 0049 0043 0051 0045 0046 0032 0010 -005 0055 1440 -023 0310.
-009 0006 -007 -018 -030 -038 -042 -048 -046 -053 -056 -042
0002 0037 0050 0073 0081 0085 0087 0077 0062 0052 0043 0036 0091 1349 -056 0645.
0030 0025 0018 0010 0003 -002 -007 -012 -010 -014 -019 -012
0009 0028 0041 0059 0057 0070 0070 0073 0067 0058 0048 0046 0079 1518 -021 0642.
0045 0041 0041 0040 0040 0038 0033 0027 0023 0020 0015 0025
0036 0054 0061 0067 0065 0064 0061 0065 0058 0055 0047 0041 0070 1202 0014 0652=
I=
E=
U=
N=
H=
C=
V=
R6
=
=
0000 ////////// 00000=
W=
L=
Z=
G=
FN
031016 002020 159011 233012 303029 335029
334022 295024 310017 319014 334008 039017
002011 359013 028019 319016 252014 238016
228006 181006 100010 087008 072009 190016.
088016 PPC001 320017 120009 182009 298011
299021 272021 303019 313007 PPC000 142008
314011 307019 315022 280021 270017 034009
267021 061015 104028 096021 100025 107026.
096026 116019 104015 109008 104008 092013
024005 085008 089006 085010 086020 104006
262004 294018 249016 282026 272016 278009
133021 090021 093024 094025 095023 095025.
106021 087021 067005 PPC001 122003 146011
095012 197008 198015 328006 258006 260010
283022 259024 266023 194009 104014 095005
286014 313019 272014 253009 135007 111004.
083005 086008 084004 250016 304010 266008
283007 179006 287008 PPC001 288003 090008
089018 114013 090012 116025 102021 108023
104032 103035 098018 102010 099018 268010.
297009 298007 299010 094003 PPC000 175009
279020 291043 274025 278050 283074 269086
269082 270084 277070 283078 275080 274082
278087 289096 283092 280071 293078 286069.
286069 284067 288053 276038 263049 268032
262048 267033 275049 270039 277042 291046
268051 266059 266055 260044 269053 271071
271065 279048 291066 289053 283056 278038.
287045 267040 276023 287044 286057 278030
266047 279059 272044 273038 280040 281063
278032 278060 269068 284074 270060 278067
272054 275053 266041 274062 267032 271023.
278027 276017 344014 284037 281018 289021
316013 183013 261004 195003 097005 194011
038006 182024 283023 259029 313029 281026
257030 264045 267050 263043 286020 271036.
270042 260034 261054 267042 282040 280037
251025 255042 241041 248030 299024 307016
295018 266043 275022 233029 324025 109014
086015 095014 091021 086018 087019 086023.
071019 074018 072023 077013 065024 204013
026011 012005 PPC000 PPC001 074009 041008
200007 238012 074017 090029 086033 088034
085046 090043 083054 084039 086044 088042.
078037 086052 087050 087057 079049 040041
039051 046048 044039 041038 092028 092035
092022 096027 097031 094034 095036 100034
100039 096032 104026 092011 079009 095016.
107016 297008 122009 040007 281011 085004
026008 027008 052005 160004 045006 110005
084008 177011 209016 334008 075025 053022
060021 055020 023017 046007 065011 048018.
085009 180005 049014 051008 PPC000 PPC000
134007 PPC001 101010 109005 028003 084007
PPC002 180013 208024 180036 184025 032030
054017 342033 028038 051024 026043 021068.
039027 034018 027032 121009 052010 079012
071011 025013 180007 062011 190018 031014
087009 067021 077009 060008 075015 071013
253018 006007 181015 196009 PPC000 052009.
048013 060013 PPC000 069006 064005 192007
PPC002 170009 185012 208028 268019 281019
294024 274037 299024 251027 283030 267052
242049 258058 245057 243045 234040 243033.
228042 220048 211027 275023 047013 312010
308014 093013 281021 290025 296014 312022
269043 264053 258048 278060 252039 248058
258067 252052 275069 262060 261046 246047.
252049 260034 257034 268027 267019 292018
328016 274015 PPC000 268015 000006 146011
270014 263034 255033 262040 241045 252025
215025 237025 244027 258015 279012 341009.
097009 081016 042009 215005 049015 049010
152008 082007 PPC000 066008 PPC000 PPC000
220003 224013 226018 076032 070031 079026
081037 073034 080034 068020 031032 078014.
142016 343005 163005 129012 095010 091011
PPC000 086005 114009 PPC000 286008 110011
343005 251015 105033 089027 092021 086016
103024 088021 092027 091025 087021 078015.
088009 099013 114007 350008 176005 101007
086007 293007 089010 258006 112008 087004
316008 273012 128017 099026 094024 096036
094034 060047 072019 290005 253014 097016.
222015 087041 092029 272030 284008 PPC002
PPC001 016004 PPC000 090005 PPC000 233004
203008 282018 281021 294024 283031 292026
264034 272026 277051 291052 288027 303040.
293025 288025 307016 058015 230014 023010
096016 127019 180006 111023 092033 092032
096042 094034 105046 088022 065046 074025
079016 059023 058019 054025 050037 197013.
282007 140010 077007 166006 084005 PPC000
023022 018020 301018 277008 229018 260021
270038 253033 272025 271048 269025 290027
267041 278035 278038 282047 277033 309016.
021022 094022 101017 106024 083007 086015
093010 PPC002 271007 254011 180005 232008
129012 104033 096026 116033 093021 098026
075020 056040 040024 044030 050028 054022.
117007 315005 086007 141007 158010 132004
093006 091003 164005 024010 223007 002008
287011 054008 090012 100013 098013 222021
137013 079010 087008 101014 097015 094009.
303003 101017 014005 320003 PPC001 082003
088008 052003 094004 087007 091009 097007
258007 116029 112027 113027 102030 115033
097033 095036 097057 095051 094041 098044.
095052 096060 097038 097036 098024 106024
104034 102025 096035 096029 091021 099018
090041 092041 091050 089023 108019 082027
093037 091039 084024 100030 095026 093033.
093040 093031 093031 091025 095037 097031
099044 096027 072005 115010 119027 092029
089030 103030 089027 096013 137013 109017
132022 119036 106019 094014 092026 090025=
028019 347021 138012 239011 302028 333027
340022 293024 315018 311014 323009 049017
352012 357016 022018 327015 259015 258016
246008 186007 099011 090009 073009 172012.
081017 PPC002 325018 101009 218009 307011
299019 278022 300019 317006 PPC002 134008
317010 296021 301021 269020 297014 256011
265022 086012 106029 098020 098024 104027.
096026 115019 111015 113007 107007 091013
329003 085009 075004 085011 089018 138004
267003 288017 258016 283022 264014 309007
122018 098021 095025 101023 098024 095026.
101022 088023 089006 147004 125003 145011
101011 183008 206014 283008 276009 243013
285019 252023 257021 217010 102013 078006
289013 305018 278013 264008 127006 117004.
084003 084007 069004 246017 297009 255007
288008 144006 270008 298003 161004 093008
089016 115012 101015 120022 107019 116027
110030 108032 098020 101011 100021 275010.
314009 287006 293011 PPC002 PPC000 176009
283019 294042 276025 280051 283071 273083
270083 268079 272077 276078 272083 275081
277086 289092 285087 282070 290076 284069.
283072 284060 286053 276041 268047 273035
266045 270039 277049 270043 274047 291046
273053 265059 264058 271053 268058 275071
272057 278058 289069 287052 281055 279039.
287042 270038 272029 285042 283056 280032
272057 278055 274045 274040 281042 278056
279039 275061 269066 278066 273066 274061
277059 268053 273044 277057 268035 270028.
278027 278020 330016 285035 286021 283022
314014 181014 272006 245003 090005 198010
046005 186020 273024 260026 303029 276028
256036 261043 266049 260042 288016 269034.
267043 260039 262051 267044 280040 280038
251029 255037 242040 247033 290022 312015
287019 269044 285027 244021 312023 091015
101014 114015 091021 085020 087020 086025.
071019 074019 073023 070014 069029 208010
028011 014006 PPC001 051003 068008 052007
200008 243011 090013 091027 086031 086033
084043 086042 085052 085036 085044 087044.
081041 085048 085051 086053 080046 038039
038049 046047 043038 042034 091028 092035
092027 096033 095031 094037 098041 098035
097034 097032 105027 094012 067009 096016.
106015 294008 115010 038008 301010 105006
026008 029007 040004 PPC002 049007 109005
084009 179011 203015 284010 070022 056019
060019 052019 025018 047009 079011 049019.
102008 127003 048015 052007 PPC002 PPC001
122006 053004 089008 124005 PPC001 098007
163003 172016 198025 182037 190023 014026
048021 358033 043029 043027 032039 022062.
033032 031021 032031 103013 047013 072012
078011 039011 152005 061011 199019 036014
091009 064019 078010 065008 068013 019013
229015 058005 187015 198011 PPC001 053009.
046012 054010 PPC001 061007 070006 229007
PPC002 183009 186014 209026 263021 284020
292026 279037 278027 259025 278034 260049
246053 252057 243057 243042 236034 241033.
226042 221043 209025 278023 060012 331010
305016 093014 286021 290024 295015 314022
271042 262051 262054 272064 255050 249054
255059 253055 275062 264058 262046 248046.
252049 263038 259036 262029 268021 288017
319019 274015 PPC001 268014 352006 139007
272014 258034 254029 241037 250041 243028
226027 244022 246029 256016 272013 343008.
104010 080015 039008 217004 052012 043009
143007 082006 PPC000 052008 PPC000 PPC000
230003 238012 226016 076030 072027 084027
086031 073036 077032 053017 035033 083012.
139013 340006 152006 152009 082009 092010
PPC002 087006 102008 PPC001 310008 097011
032004 252014 105028 098026 099022 092016
091021 090024 092029 091026 089022 084015.
085009 099015 107008 331007 172005 106008
092008 246006 090010 273005 114008 104004
327008 276011 122019 102027 095026 092033
094030 056043 081017 250006 267013 095016.
214015 087042 093027 274023 294013 285003
PPC002 007003 PPC000 095005 PPC001 247006
191007 282015 276020 297027 283031 288032
268034 275027 278050 290051 286031 299042.
293026 290026 307020 066014 249011 012017
076024 127018 166006 107020 095032 090027
095040 095035 103040 085025 066040 077024
073019 060026 078020 056026 050034 209014.
280008 149010 088005 207004 055004 PPC000
016019 017017 289015 275010 229018 259017
269036 259029 272032 273048 269025 285027
269042 277040 279040 281047 274032 309017.
018021 089020 102019 109023 085008 079013
071012 099004 296005 255010 171003 225009
109012 103033 100025 105028 102025 103022
089015 054041 039020 042027 049026 049022.
137006 330005 103006 119010 153011 113005
089006 095004 157005 014009 212005 005009
292011 089008 093010 103016 052012 229019
165013 092013 099012 101014 097016 094009.
PPC002 099015 049006 PPC002 PPC000 073003
089008 075003 037004 115007 092008 098007
288006 112024 107028 105027 106031 107035
099037 095041 097053 097047 096041 097047.
098053 096055 098041 097036 098028 103027
103033 101026 097034 094025 091023 098017
092039 100037 095049 097026 103022 085031
093038 092036 086026 098031 095026 092031.
092040 093032 094031 094028 096033 095031
099039 097025 083008 109010 119020 092031
090031 096031 091024 100018 128017 102017
139020 120031 106020 097017 093023 091026=
036033 2037 089067 2035
032115 1643 050092 1932
031095 2020 047097 2011
029094 2005 042266 1003
034102 1512 055133 1527
112289 1715 165289 1712
078284 2035 127286 2034
079278 1314 147283 1136
060260 1728 099255 1728
057262 2301 107251 2301
053089 1649 088090 1716
059082 2219 093083 2217
027068 1341 048059 1230
062022 2000 099023 1956
061023 2001 088024 2005
066245 1632 112242 1539
073271 1156 121268 1214
058248 2033 107232 2050
046073 1636 077074 1622
035111 1215 058080 2008
059047 1548 084042 1547
063283 1705 099286 1704
054054 1321 085051 1314
057277 1729 091278 1728
043052 1559 070051 1557
024103 1522 048159 1149
062099 1724 100111 1803
058097 2046 093110 2043
042092 2058 066098 2051=
D=
K=
A=
S=
B=
??????
******
YF
O2192
河南省
豫宜阳赵堡
宜阳县赵堡乡烟叶收购站
丘陵；城镇；地面
空缺
计算机
计算机
计算机
计算机
计算机
20120319=
JY
8888=
GK
01/
05/=
BZ
00/342532/1120637
10/24/逐时观测
10/24/24时连续观测
11/不守班=
######
