O2183 3435N 11148E 004120 004120 105 000 S15 91999999919999199999 0 2012 02
P=
TB
0025 0009 -007 -020 -027 -026 -025 -024 -025 -025 -027 -028
-030 -028 -026 -024 -022 -007 0003 0001 -002 -010 -022 -024 0047 2001 -030 0127.
-027 -036 -041 -051 -057 -063 -071 -080 -087 -090 -091 -091
-068 -032 -022 0009 0012 0020 0030 0019 0015 -002 -014 -019 0035 1459 -097 0727.
-026 -033 -040 -049 -058 -066 -070 -073 -075 -085 -086 -081
-055 -018 0019 0040 0063 0082 0089 0091 0068 0050 0009 0001 0098 1543 -086 0659.
-012 -023 -028 -033 -036 -034 -029 -038 -030 -040 -043 -049
-023 -006 0006 0008 0007 0002 -001 -008 -012 -014 -015 -015 0011 1140 -053 0754.
-015 -014 -014 -014 -012 -014 -017 -021 -030 -031 -028 -021
-009 0013 0046 0075 0080 0097 0083 0074 0070 0057 0031 0017 0101 1403 -036 0523.
0009 -003 -020 -026 -030 0002 -010 0014 0031 0034 0035 0038
0044 0050 0055 0052 0052 0061 0070 0059 0044 0028 0015 0007 0070 1500 -036 0049.
0002 -005 -011 -018 -023 -029 -034 -037 -042 -050 -054 -056
-042 -035 -018 -010 -002 0002 0009 0008 -004 -014 -020 -028 0021 1431 -059 0720.
-027 -024 -030 -033 -032 -036 -039 -037 -037 -037 -040 -041
-037 -023 -012 -006 0003 0007 0023 0013 0008 -009 -018 -019 0023 1459 -042 0236.
-026 -038 -050 -047 -039 -031 -041 -056 -046 -042 -042 -037
-018 -003 0019 0025 0020 0032 0031 0022 0017 0006 -004 -006 0039 1350 -056 0357.
-008 -007 -007 -007 -012 -013 -011 -014 -016 -019 -021 -018
-005 0011 0030 0048 0057 0067 0072 0061 0051 0026 0012 0002 0079 1549 -023 0628.
-021 -032 -036 -045 -051 -064 -067 -074 -079 -082 -086 -083
-043 0010 0025 0050 0063 0079 0078 0073 0067 0053 0043 0040 0088 1408 -089 0716.
0037 0033 0030 0025 0026 0022 0023 0021 0015 0013 0013 0012
0014 0017 0027 0040 0045 0052 0053 0051 0041 0028 0022 0010 0059 1414 0010 1949.
0006 0004 -002 -012 -025 -030 -033 -042 -056 -056 -058 -057
-024 0010 0029 0057 0056 0074 0081 0079 0072 0058 0043 0041 0093 1454 -061 0731.
0031 0016 -005 -015 -024 -030 -030 -012 -021 -025 -032 -028
0001 0051 0081 0110 0114 0105 0104 0101 0088 0070 0054 0042 0122 1312 -036 0727.
0040 0033 0020 0016 0016 0016 0016 0014 0012 0010 0009 0008
0011 0014 0022 0027 0034 0039 0043 0046 0046 0037 0025 0013 0054 1538 0008 0643.
0000 -008 -004 -015 -020 -019 0010 0013 -013 -016 0002 0006
0024 0048 0059 0060 0064 0072 0065 0069 0052 0038 0016 0002 0076 1418 -027 0112.
-013 -016 -020 -017 -022 -020 -012 -003 -012 -005 -007 -006
0017 0020 0036 0039 0043 0046 0042 0048 0030 0021 0007 0000 0059 1321 -031 2334.
0004 -001 -006 -011 -014 -024 -027 -021 -023 -028 -037 -027
-005 0015 0027 0044 0056 0071 0069 0069 0059 0038 0014 0010 0083 1350 -044 0638.
-002 -027 -040 -039 -052 -057 -063 -068 -074 -077 -079 -070
-029 0021 0049 0077 0086 0103 0092 0086 0085 0066 0058 0050 0103 1400 -081 0706.
0044 0043 0023 0003 -013 -020 -030 -034 -036 -037 -045 -036
-003 0027 0049 0070 0080 0089 0100 0095 0087 0082 0073 0068 0106 1503 -052 0614.
0060 0053 0056 0044 0041 0036 0026 0005 -007 -018 -023 -013
0019 0051 0069 0093 0096 0098 0092 0089 0077 0067 0059 0055 0105 1320 -027 0726.
0054 0052 0042 0035 0021 -005 -018 -019 -024 -021 -020 -012
0007 0034 0077 0090 0122 0151 0154 0143 0129 0119 0107 0095 0165 1432 -030 0450.
0083 0074 0086 0079 0066 0075 0066 0061 0064 0059 0048 0041
0042 0037 0034 0037 0044 0041 0041 0039 0039 0036 0032 0028 0097 2307 0026 1946.
0026 0027 0023 0022 0020 0018 0017 0013 0011 0010 0007 0008
0014 0019 0034 0038 0046 0051 0059 0065 0063 0059 0054 0054 0065 1557 0006 0738.
0049 0043 0039 0035 0032 0025 0020 0005 -001 0000 -001 0000
0010 0019 0024 0026 0031 0033 0027 0023 0021 0016 0012 0010 0055 2129 -005 0431.
0005 0002 0004 0003 -002 -010 -015 -012 -010 -010 -010 -015
-007 -001 0011 0015 0023 0030 0044 0039 0038 0028 0021 0000 0052 1427 -016 0301.
-014 -018 -023 -028 -036 -039 -044 -048 -052 -055 -058 -051
-026 0007 0043 0059 0071 0082 0077 0077 0066 0054 0044 0038 0087 1510 -059 0659.
0031 0024 0019 0007 -002 -006 -015 -020 -031 -028 -037 -035
0003 0019 0034 0045 0041 0060 0055 0063 0060 0050 0045 0040 0066 1536 -047 0637.
0038 0034 0035 0033 0032 0029 0029 0028 0023 0018 0012 0015
0032 0046 0062 0069 0071 0068 0065 0066 0059 0054 0048 0045 0082 1235 0011 0659=
I=
E=
U=
N=
H=
C=
V=
R6
=
=
0000 ////////// 00000=
W=
L=
Z=
G=
FN
001039 001061 001026 001029 001025 001032
001038 001038 001027 001026 001024 001036
001055 001046 001033 001026 001024 001022
001024 001016 001015 001011 001018 001028.
001010 001027 001039 001017 001025 023007
183005 215012 204016 182023 249019 226022
187011 036013 002014 001012 001015 004020
037022 002031 001022 001026 001029 001043.
001011 001016 082016 151020 010021 053024
154024 260028 258023 221025 295027 306018
357014 005016 001006 001018 002010 001012
001014 001020 001021 001020 001012 002020.
049017 007024 002027 003031 008027 004019
002010 188017 046006 122011 001012 011011
011018 001019 001032 001045 001039 001031
001027 001023 001016 001016 001006 001007.
001005 017009 054009 074006 024010 014008
009006 032015 070014 053025 066027 060036
089023 085009 022011 001036 001028 001030
001051 001056 001045 001035 032027 012030.
011042 012036 035028 043025 053038 076048
065021 117029 188081 060130 134091 136070
287074 069082 017075 006083 014087 004094
001100 005102 001125 299073 292065 286102.
257123 151103 154061 031068 046069 030096
037066 021058 292040 121104 016067 053075
121126 042123 296100 124078 280082 014080
006097 010086 121102 125065 276043 292029.
293039 298066 296063 309095 297052 301050
295039 302052 303062 277076 272053 278071
277091 295090 295098 009109 119116 103097
094087 046064 154096 305079 279055 268050.
278049 305052 305041 309036 299045 290040
314027 308048 284017 297013 138016 PPC000
325013 145029 151020 198036 117043 260077
301065 296075 293084 210067 294043 305063.
305058 308072 306086 304068 297039 295039
295071 296077 303063 298052 279029 299012
267036 259023 250011 238021 252023 296031
327031 219019 141013 097028 120025 103018.
306014 298028 302011 289021 302018 303026
295028 290033 298030 303029 292026 299027
292017 132012 092020 129025 112032 110040
091058 092057 090072 084067 076058 065068.
069074 067055 072061 059058 068068 077062
097067 086045 074052 072037 078043 078043
074051 072044 078041 110052 113051 093066
079060 086056 089040 072034 081040 085041.
056035 012025 273009 300006 313011 232020
331010 297018 304024 301037 306035 307023
292019 146010 064008 194023 090015 176015
085018 106032 105033 073030 145011 106013.
312017 320008 298028 316023 302031 298029
306030 309046 302031 295049 296017 275035
264020 276012 237028 300035 334038 037016
068055 077064 074074 068071 090051 054030.
066053 059062 070067 076030 092037 071039
105034 093039 095029 084030 070031 097039
086036 099037 092036 101036 092023 155019
169020 183014 207013 202018 266009 296011.
250020 295017 298033 294031 188025 299028
226028 245013 307023 289031 277024 293021
287043 258052 311057 272055 309063 288065
278067 295066 280078 249035 296025 290013.
278025 290017 268031 302048 297047 302062
312071 309073 299065 313072 311073 311068
303086 309111 322087 296059 237067 291083
268088 302099 304110 303088 300061 223035.
290019 301057 294052 243015 304026 310019
278024 295038 298030 284034 301035 271048
285046 269048 238036 272032 272042 318049
316045 319056 301052 309044 323045 287042.
301047 284026 303033 315019 320023 304031
296030 318017 304026 301039 302027 309025
275012 076010 178014 135035 119043 140042
077038 101053 100062 091050 070054 068044.
085029 059018 294011 299027 296022 299030
311027 308030 305025 291026 300029 298025
305019 120022 141014 126021 122017 147021
127025 063029 046039 068037 044041 083033.
096011 325009 041019 273009 215015 283017
227017 306030 284029 308030 304026 302032
278016 050004 089036 026045 001060 001063
001068 001052 002054 006038 001060 001032.
003071 001070 002021 023012 120025 256026
313014 311025 304026 312025 310029 297031
289018 292010 257019 284025 008020 012014
031083 042081 036086 021069 018069 114039.
013033 033035 045016 045015 004022 002041
002059 002051 002072 001104 001105 001106
003102 008115 001108 001092 001088 001058
001066 001043 001049 001033 001020 001021.
002023 001034 002016 002031 001031 001027
001040 001027 074012 207013 226020 309025
274021 288034 307054 145070 175070 175054
142041 127091 132079 154055 161041 136006.
004007 021057 022038 022038 023067 002058
001054 002045 348018 280013 288009 PPC000
084032 101067 001079 001066 002051 001055
001073 001057 001061 001055 002035 001035.
003014 001015 030014 102015 003015 059005
300010 306017 315011 208016 181006 073011
084012 104015 082017 037025 011012 082020
124018 085027 109017 129018 079014 PPC000.
295014 298024 311022 300027 307027 299028
303025 294021 304028 098028 061030 255020
239011 085009 158016 121037 131047 149038
097047 001059 001067 001058 039051 091048.
091054 082044 071044 065042 003038 002040
001012 165006 066011 083009 295006 320009
009042 105053 103063 103055 096036 084052
100055 105040 098060 088049 076038 074049.
060049 061043 066047 054051 056051 062040
071031 063028 086034 085025 090020 327009
082010 126030 088044 076037 036049 087040
071045 071039 080032 101037 097028 124015=
001040 001056 001026 001031 001026 001035
001036 001041 001028 001026 001027 001036
001055 001041 001030 001030 001023 001018
001021 001015 001015 001011 001017 001029.
001010 001028 001038 001018 001021 019007
245006 206012 198016 184022 248019 225020
184011 057010 002013 001010 001015 010020
019015 002030 001020 001028 001029 001044.
001011 001014 077016 156019 006021 054024
136025 224028 259024 201023 290028 308019
322013 005017 001010 001015 002012 001014
002011 001022 001021 001021 001013 002019.
047018 008024 002028 003031 010028 004019
002009 151016 035006 100009 001011 010011
014016 357022 001034 001049 001036 001036
001026 001021 001014 001016 001006 001007.
001004 016009 050008 068006 024010 013008
008010 036013 056014 051023 065025 062037
091024 075010 024010 001034 001029 001028
001052 001055 001046 001032 031024 013031.
011043 012038 032029 044029 052034 074048
067022 096026 182078 059126 131097 137073
287071 082083 017081 006076 013082 004095
001102 006103 001127 294076 291073 287100.
265114 132100 166068 030066 047070 029086
051073 020057 292030 115097 018073 050081
146120 045120 288095 119082 281082 012090
007091 012082 062091 073067 272045 290027.
293044 298066 296064 309095 296053 302048
308038 296051 298066 276069 275058 277062
281080 291091 292095 028101 119114 114101
099091 046062 150089 342069 300053 275044.
279052 302046 303041 288037 302046 293040
310031 310043 284021 292013 133017 PPC001
304013 109028 126026 205041 119053 260067
298067 295081 288082 212066 295042 306065.
303062 311072 305079 302066 298043 293043
296075 298075 298063 300052 282030 282014
267035 256026 256015 238020 239024 309034
319029 209022 128014 102028 117025 101020.
304015 295026 289012 291022 301017 304025
294029 293030 302029 307029 295025 302027
290017 147011 085018 138024 129030 112037
097055 088060 092073 085062 078055 066068.
069070 067059 073064 061061 069065 078064
097066 089050 074053 071038 079045 079044
070051 074046 076046 109053 112053 095064
084057 087054 087045 072035 081040 084047.
059037 011026 268008 295007 315014 251020
340010 298016 304022 302034 303034 308023
294020 190009 072010 181020 091019 155018
097020 091029 102034 076029 142011 113012.
310018 319011 302028 314024 303030 301029
305028 308046 303032 296048 292020 273036
269022 281012 256028 312042 329038 040017
064059 066059 071075 067074 088051 075031.
067057 059062 068071 073034 100036 069037
102032 095038 095028 086031 073029 097039
088034 101037 074037 087035 088026 158019
158020 178015 208012 202019 280007 302011.
257019 294017 299033 293034 181027 300024
225026 251014 306023 291029 281025 285020
288043 282059 308063 267058 306068 293072
278061 300070 282078 259036 296027 282015.
267024 285018 278031 306045 299048 302061
310072 311073 299062 313072 310073 311065
307076 312098 316080 295064 262072 289077
273084 302097 305098 302084 294060 226039.
293022 299056 296053 256017 301026 308018
283024 294037 295030 289034 300035 270047
284045 271043 218037 257031 281045 313053
315054 303053 306051 309045 318043 286042.
300047 283024 302030 317021 315024 306030
298030 318017 307024 302038 301027 307024
280012 095010 156016 119029 123040 134037
084040 103050 102059 092052 069050 067045.
091027 060020 295013 297026 300023 302029
309027 307031 303025 294027 303030 304025
302020 118020 129015 134019 141017 144022
120028 059033 046040 068038 042039 080034.
082012 317010 038019 285010 216016 280017
256018 305030 294028 308029 306026 304030
284016 226004 084034 012042 001059 001062
001066 001054 002053 016039 001055 001040.
002074 001071 003027 024011 118020 273024
310013 309025 308025 312025 306029 297032
292017 300010 253016 283023 025018 351017
033078 041086 036082 023066 018069 073043.
015032 033034 045016 043014 003022 005044
002053 002053 002068 001101 001102 001100
003101 008115 001101 001094 001087 001058
001061 001046 001051 001034 001021 001021.
002022 001035 002018 002029 001032 001031
001037 001026 089011 206013 232016 298025
281025 284036 299048 145069 170072 174051
146050 110085 130078 156054 158040 134006.
005008 022054 023038 022037 022060 002059
001055 002042 354018 285015 298009 PPC000
085030 100061 001080 001070 002057 001050
001064 001056 001057 001051 002033 001036.
003015 001015 029014 108015 004015 050009
299010 301014 312011 204015 170006 076009
089011 103016 080015 042027 029012 075019
130020 083025 096015 127018 086013 PPC001.
306015 299024 309023 299026 307025 301026
303026 299024 303026 116026 075029 256020
244011 064009 153016 131033 122046 136042
100047 001056 001063 001056 043051 091048.
091054 079048 070044 064042 007039 008041
007013 149005 054008 067009 260008 307011
009044 105054 098064 103056 094036 084051
093055 101042 099056 089048 077038 074048.
062048 060045 067048 054048 057051 062040
066033 062029 089033 091025 093020 345007
070011 117028 083037 091036 057051 087037
071044 075035 077034 098035 097029 118017=
081001 2031 130001 2031
044001 1957 056001 2306
044001 2001 055001 2006
058001 1153 075001 1208
059001 1451 075001 1449
136053 0552 177085 0548
125063 1012 174191 2015
132057 1231 173022 1229
100292 1712 141280 1712
095306 2242 129300 2242
081095 1657 100099 1702
076076 0053 102078 0216
048085 2001 068078 2001
077069 1756 104073 1801
077065 2310 102069 2258
097285 1621 136290 1619
115326 1017 138305 1701
072315 1456 108305 1527
069101 1718 092099 1718
050064 1939 066103 1505
075001 1606 104001 1328
104031 1520 136030 1553
121013 0942 170001 0633
093111 1606 130076 1606
085001 1048 117001 1043
037001 2005 055087 1502
080001 1706 103001 1723
077091 1053 110095 1053
055067 0133 072071 2320=
D=
K=
A=
S=
B=
??????
******
YF
O2183
河南省
豫洛宁河底
洛宁县河底乡下营村
丘陵；乡村；地面
空缺
计算机
计算机
计算机
计算机
计算机
20120319=
JY
8888=
GK
01/
05/=
BZ
00/343430/1114744
10/24/逐时观测
10/24/24时连续观测
11/不守班=
######
