O2186 3349N 11127E 008500 008500 105 000 S15 91999999919999199999 0 2010 06
P=
TB
//// 0167 0162 0156 0155 0153 0152 0149 0150 0149 0149 0155
0159 0163 0167 0170 0177 0182 0190 0186 0185 0182 0177 0155 0192 1458 0143 0613.
0151 0140 0131 0125 0120 0115 0111 0110 0106 0103 0117 0150
0186 0216 0223 0241 0248 0251 0253 0259 0256 0234 0216 0188 0265 1556 0102 0531.
0176 0165 0162 0156 0152 0148 0144 0141 0140 0138 0149 0170
0180 0196 0208 0218 0221 0223 0174 0169 0165 0153 0155 0148 0239 1326 0136 0522.
0145 0144 0143 0142 0132 0128 0126 0125 0119 0121 0129 0140
0165 0185 0208 0214 0200 0214 0201 0204 0194 0198 0185 0163 0225 1131 0119 0442.
0147 0140 0134 0129 0122 0119 0113 0110 0108 0104 0122 0156
0181 0208 0218 0233 0238 0243 0244 0245 0227 0216 0208 0182 0250 1531 0100 0605.
0169 0160 0149 0144 0141 0132 0124 0125 0119 0117 0138 0165
0188 0208 0221 0221 0236 0238 0237 0238 0230 0226 0212 0175 0247 1411 0115 0612.
0159 0154 0142 0143 0146 0148 0148 0150 0145 0149 0156 0160
0169 0165 0160 0160 0156 0157 0157 0154 0154 0153 0150 0146 0177 2001 0140 2330.
0145 0146 0144 0140 0138 0136 0135 0136 0132 0130 0128 0132
0133 0141 0145 0141 0137 0137 0140 0139 0137 0138 0136 0134 0148 2131 0126 0627.
0131 0129 0128 0128 0128 0126 0122 0124 0125 0125 0123 0124
0129 0134 0139 0139 0147 0147 0145 0147 0153 0151 0147 0135 0154 1624 0112 0254.
0130 0125 0122 0118 0116 0106 0105 0107 0099 0094 0112 0155
0185 0205 0205 0214 0215 0227 0233 0232 0229 0224 0208 0174 0241 1505 0093 0604.
0157 0148 0137 0132 0124 0119 0116 0114 0113 0109 0140 0169
0191 0216 0235 0248 0249 0242 0252 0240 0242 0233 0212 0171 0258 1452 0109 0547.
0165 0152 0140 0133 0129 0125 0121 0120 0113 0114 0127 0161
0213 0235 0248 0259 0267 0265 0264 0250 0249 0237 0219 0196 0272 1443 0110 0539.
0178 0160 0147 0137 0130 0123 0117 0114 0109 0110 0141 0179
0220 0246 0257 0264 0271 0276 0270 0258 0250 0240 0229 0196 0283 1314 0107 0528.
0184 0175 0162 0153 0147 0145 0143 0140 0137 0138 0167 0202
0241 0274 0277 0283 0289 0285 0297 0285 0270 0267 0245 0212 0300 1354 0136 0507.
0197 0186 0175 0162 0155 0150 0144 0143 0136 0133 0152 0194
0234 0265 0286 0301 0305 0310 0289 0291 0284 0272 0257 0238 0316 1408 0130 0608.
0203 0200 0192 0182 0179 0178 0176 0177 0169 0170 0175 0212
0240 0269 0280 0288 0291 0282 0274 0268 0270 0260 0250 0209 0301 1155 0162 0626.
0198 0187 0172 0165 0161 0158 0155 0157 0153 0156 0175 0220
0264 0282 0302 0313 0323 0329 0337 0334 0325 0308 0261 0220 0339 1623 0152 0251.
0203 0196 0189 0181 0177 0173 0168 0172 0167 0165 0186 0229
0265 0301 0318 0331 0334 0335 0343 0327 0313 0306 0284 0249 0348 1440 0161 0523.
0235 0226 0220 0214 0207 0207 0215 0213 0211 0212 0216 0244
0267 0289 0305 0314 0316 0320 0317 0315 0303 0291 0273 0247 0325 1234 0204 0142.
0230 0214 0202 0195 0185 0176 0170 0166 //// //// //// ////
0258 0280 0291 0308 0309 0313 0311 0269 0234 0170 0172 0172 0324 1434 0149 1720.
0168 0171 0167 0161 0159 0155 0154 0145 0141 0141 0160 0188
0221 0261 0277 0290 0291 0296 0297 0290 0286 0275 0256 0215 0300 1355 0139 0538.
0206 0194 0182 0172 0164 0159 0155 0153 0150 0148 0177 0208
0226 0247 0268 0289 0302 0315 0309 0306 0296 0289 0276 0221 0321 1434 0146 0606.
0208 0200 0182 0174 0170 0160 0155 0153 0151 0152 0168 0203
0234 0242 0252 0267 0279 0287 0290 0286 0279 0270 0229 0197 0292 1511 0150 0509.
0186 0176 0174 0168 0161 0154 0156 0162 0167 0170 0176 0198
0219 0236 0244 0254 0269 0279 0285 0289 0281 0264 0248 0226 0293 1456 0153 0231.
0200 0193 0189 0181 0182 0172 0176 0175 0179 0174 0182 0193
0207 0219 0242 0253 0268 0270 0266 0266 0255 0239 0199 0172 0277 1454 0167 0201.
0182 0176 0172 0167 0162 0164 0159 0155 0154 0159 0175 0193
0212 0227 0228 0251 0262 0268 0268 0254 0248 0245 0233 0221 0277 1345 0153 0447.
0197 0196 0190 0182 0176 0174 0168 0163 0158 0159 0173 0193
0229 0252 0251 0260 0254 0283 0271 0272 0263 0258 0246 0229 0284 1359 0157 0619.
0195 0191 0174 0170 0171 0166 0157 0153 0147 0145 0171 0210
0240 0259 0271 0292 0309 0308 0301 0286 0283 0271 0264 0254 0320 1306 0143 0544.
0247 0229 0219 0218 0216 0213 0208 0205 0203 0204 0212 0231
0252 0278 0285 0298 0304 0314 0303 0294 0299 0289 0283 0269 0320 1413 0202 0537.
0250 0241 0233 0223 0221 0216 0214 0208 0206 0205 0228 0263
0297 0292 0291 0302 0320 0329 0309 0303 0294 0291 0285 0279 0331 1404 0202 0532=
I=
E=
U=
N=
H=
C=
V=
R6
0048 0003 0051
0001 0000 0001
0000 0079 0079
0002 0000 0002
0001 0001 0002
0000 0000 0000
0000 0120 0120
0213 0091 0304
0053 0001 0054
0000 0001 0001
0000 0000 0000
0000 0000 0000
0000 0000 0000
0000 0000 0000
0000 0000 0000
0000 0000 0000
0000 0000 0000
0000 0000 0000
0000 0000 0000
//// 0270 0270
0001 0000 0001
0000 0000 0000
0000 0000 0000
0000 0000 0000
0000 0000 0000
0000 0000 0000
0000 0000 0000
0000 0000 0000
0000 0000 0000
0000 0000 0000=
0000 0000 //// 0006 0002 0001 0001 0001 0001 0000 0023 0013
0000 0003 0000 0000 0000 0000 0000 0000 0000 0000 0000 0000.
0000 0000 0000 0000 0000 0000 0000 0001 0000 0000 0000 0000
0000 0000 0000 0000 0000 0000 0000 0000 0000 0000 0000 0000.
0000 0000 0000 0000 0000 0000 0000 0000 0000 0000 0000 0000
0000 0000 0000 0000 0000 0000 0020 0010 0000 0045 0004 0000.
0000 0002 0000 0000 0000 0000 0000 0000 0000 0000 0000 0000
0000 0000 0000 0000 0000 0000 0000 0000 0000 0000 0000 0000.
0000 0000 0000 0000 0000 0000 0000 0001 0000 0000 0000 0000
0000 0000 0000 0000 0000 0000 0000 0000 0000 0000 0000 0001.
0000 0000 0000 0000 0000 0000 0000 0000 0000 0000 0000 0000
0000 0000 0000 0000 0000 0000 0000 0000 0000 0000 0000 0000.
0000 0000 0000 0000 0000 0000 0000 0000 0000 0000 0000 0000
0000 0007 0013 0008 0013 0013 0006 0029 0003 0011 0013 0004.
0009 0015 0006 0009 0020 0022 0030 0037 0033 0009 0007 0016
0019 0004 0000 0001 0003 0006 0009 0012 0013 0010 0008 0006.
0014 0019 0005 0005 0001 0000 0001 0001 0000 0000 0004 0003
0001 0000 0000 0000 0000 0000 0000 0000 0000 0000 0000 0000.
0000 0000 0000 0000 0000 0000 0000 0000 0000 0000 0000 0000
0000 0000 0001 0000 0000 0000 0000 0000 0000 0000 0000 0000.
0000 0000 0000 0000 0000 0000 0000 0000 0000 0000 0000 0000
0000 0000 0000 0000 0000 0000 0000 0000 0000 0000 0000 0000.
0000 0000 0000 0000 0000 0000 0000 0000 0000 0000 0000 0000
0000 0000 0000 0000 0000 0000 0000 0000 0000 0000 0000 0000.
0000 0000 0000 0000 0000 0000 0000 0000 0000 0000 0000 0000
0000 0000 0000 0000 0000 0000 0000 0000 0000 0000 0000 0000.
0000 0000 0000 0000 0000 0000 0000 0000 0000 0000 0000 0000
0000 0000 0000 0000 0000 0000 0000 0000 0000 0000 0000 0000.
0000 0000 0000 0000 0000 0000 0000 0000 0000 0000 0000 0000
0000 0000 0000 0000 0000 0000 0000 0000 0000 0000 0000 0000.
0000 0000 0000 0000 0000 0000 0000 0000 0000 0000 0000 0000
0000 0000 0000 0000 0000 0000 0000 0000 0000 0000 0000 0000.
0000 0000 0000 0000 0000 0000 0000 0000 0000 0000 0000 0000
0000 0000 0000 0000 0000 0000 0000 0000 0000 0000 0000 0000.
0000 0000 0000 0000 0000 0000 0000 0000 0000 0000 0000 0000
0000 0000 0000 0000 0000 0000 0000 0000 0000 0000 0000 0000.
0000 0000 0000 0000 0000 0000 0000 0000 0000 0000 0000 0000
0000 0000 0000 0000 0000 0000 0000 0000 0000 0000 0000 0000.
0000 0000 0000 0000 0000 0000 0000 0000 //// //// //// ////
0000 0000 0000 0000 0000 0000 0000 0002 0008 0254 0006 0000.
0000 0000 0000 0000 0000 0000 0000 0001 0000 0000 0000 0000
0000 0000 0000 0000 0000 0000 0000 0000 0000 0000 0000 0000.
0000 0000 0000 0000 0000 0000 0000 0000 0000 0000 0000 0000
0000 0000 0000 0000 0000 0000 0000 0000 0000 0000 0000 0000.
0000 0000 0000 0000 0000 0000 0000 0000 0000 0000 0000 0000
0000 0000 0000 0000 0000 0000 0000 0000 0000 0000 0000 0000.
0000 0000 0000 0000 0000 0000 0000 0000 0000 0000 0000 0000
0000 0000 0000 0000 0000 0000 0000 0000 0000 0000 0000 0000.
0000 0000 0000 0000 0000 0000 0000 0000 0000 0000 0000 0000
0000 0000 0000 0000 0000 0000 0000 0000 0000 0000 0000 0000.
0000 0000 0000 0000 0000 0000 0000 0000 0000 0000 0000 0000
0000 0000 0000 0000 0000 0000 0000 0000 0000 0000 0000 0000.
0000 0000 0000 0000 0000 0000 0000 0000 0000 0000 0000 0000
0000 0000 0000 0000 0000 0000 0000 0000 0000 0000 0000 0000.
0000 0000 0000 0000 0000 0000 0000 0000 0000 0000 0000 0000
0000 0000 0000 0000 0000 0000 0000 0000 0000 0000 0000 0000.
0000 0000 0000 0000 0000 0000 0000 0000 0000 0000 0000 0000
0000 0000 0000 0000 0000 0000 0000 0000 0000 0000 0000 0000.
0000 0000 0000 0000 0000 0000 0000 0000 0000 0000 0000 0000
0000 0000 0000 0000 0000 0000 0000 0000 0000 0000 0000 0000=
0000 ////////// 00000=
W=
L=
Z=
G=
FN
////// 249010 ////// 264012 235009 283006
298007 258006 287005 318006 255008 PPC000
////// 318009 ////// 071014 092016 055015
171007 090010 093008 142011 246008 254009.
233008 269011 225008 255012 290007 244010
249011 284007 235014 224006 224007 251011
039007 255008 149008 186013 127028 121019
135022 094024 143015 186035 197034 305018.
308018 300013 231015 289012 299014 252009
187005 230014 325009 206008 231009 PPC000
085018 PPC000 193011 138018 087026 199028
084024 123024 296013 251027 126009 243008.
251011 319007 291011 205007 304011 324008
285012 259013 320010 282009 334012 PPC000
039010 098014 098014 199028 190027 050021
056018 195014 094010 115012 117016 293006.
212014 262009 198010 254008 230010 250014
227012 258008 239010 213009 039007 233009
036008 105017 156007 222024 123021 196032
185020 208034 226043 212040 222027 300013.
306015 268017 325005 264019 259016 236014
221005 106007 208010 236014 252006 PPC000
031014 231019 194016 173025 330008 206027
118019 242026 130021 134012 172014 259012.
275008 284008 269010 274010 296007 225005
076006 029006 PPC000 315008 096013 080016
119010 159011 154010 129011 122007 108010
157009 081009 091011 059005 121008 PPC000.
198004 134012 PPC000 291010 279005 273010
PPC000 105016 072009 PPC000 293014 232006
277009 078020 227007 PPC000 312008 278010
268005 229012 198008 173005 081007 PPC000.
291009 296008 294006 281014 290012 088005
279006 272007 232008 082009 088011 089013
069014 329009 126008 PPC000 187008 027012
173005 211010 198006 077008 093004 236006.
225006 288006 253010 237011 010011 273012
282010 077008 265008 275010 033005 PPC000
310013 118015 087014 108013 227013 012024
281010 166015 092019 144010 180012 252014.
283012 268011 279011 259008 214008 279011
189010 234012 225014 236013 321006 068007
040010 053009 099018 070016 073008 194035
110017 187031 188033 204024 204016 309015.
228009 250014 248012 244011 223015 216017
221014 239011 238014 255012 253006 217013
102005 060014 030029 283016 076013 012016
137019 187042 221015 198017 306015 301016.
345013 260008 247014 238012 243011 246009
218004 234009 216005 193004 067011 150007
081009 063008 336010 214009 261017 199026
203029 197036 200045 183034 183036 324014.
302016 270014 212009 PPC000 197011 238009
225009 262011 267007 250015 063004 142005
052013 102010 016014 175019 134019 100036
089027 155017 192039 223015 229013 303024.
289021 272030 254012 243016 233009 251011
239009 228010 225011 235010 222014 189008
111007 100012 094022 134016 147018 087021
181045 190040 192034 180046 220037 278018.
310016 353011 293017 351011 295016 304019
292016 286015 283015 277015 267015 276016
310008 044012 199021 218021 194033 199036
192046 200038 ////// 186050 198024 292023.
301015 264014 236012 249012 230006 234011
282013 260008 236011 ////// 221013 //////
070009 285024 265019 345022 025016 269015
141011 317026 337020 286011 240010 221012.
268014 285011 218010 271012 294007 293009
227008 241010 237011 247010 260012 166008
202008 060008 181009 266031 296044 348032
346011 199030 187026 141014 187012 265013.
249010 289009 224010 283009 271009 233007
151007 330008 202007 086010 259008 279008
070009 241006 267022 343039 014028 028039
032026 002021 028017 093025 129014 262014.
269017 258011 238015 333013 228007 251009
243014 244010 ////// ////// ////// //////
103005 117012 074027 101019 085024 085023
////// 027015 310032 130004 274010 269011.
272011 258011 294010 283010 355010 241012
256013 235017 237007 250007 346009 326004
073006 PPC000 100018 181042 181046 209038
////// 183025 192031 195031 235013 325020.
331011 293016 326013 290013 238009 222009
245013 245014 254010 259011 149006 PPC000
268014 038011 097008 321007 112012 101008
217029 ////// 202030 204023 123012 296015.
316013 259011 246015 181005 251013 230011
228011 234008 243016 251014 218016 104006
094012 085029 119033 097018 072017 130025
110010 109025 200018 177018 268014 276009.
270012 257011 345010 219011 280010 297007
258007 359009 235008 PPC000 280009 065005
081015 112021 127010 140016 153022 119023
125021 062009 108017 111027 111009 209011.
295006 287013 275007 234009 349011 300011
286013 292012 223008 229007 200009 093009
085004 050013 140018 124023 110022 096029
126035 117031 130022 131013 210019 240014.
241011 247009 289008 314010 274008 337008
259011 223008 257010 224009 347004 170005
PPC000 085018 080022 090010 064005 188030
201029 201030 169027 185029 186023 141018.
273006 277012 247008 267010 244011 202006
252009 232012 253012 223009 259013 152006
267008 082010 198037 200020 206020 184021
189036 215026 194027 197029 179023 213019.
275020 277015 253009 245012 244006 267009
227006 249011 245009 225007 282009 094005
PPC000 002010 069017 060022 050013 113017
191034 192056 201024 206025 170027 169033.
233015 320011 280013 315013 282012 303013
307005 221006 243008 189007 280006 307013
126006 057020 194046 214037 193044 212031
186049 184055 203037 189039 136020 266008.
304013 297021 281014 274018 273024 313012
358007 254011 199008 356009 002008 110006
PPC000 190049 208025 185036 157036 196032
191044 186062 184053 191013 119009 160014=
////// 253010 ////// 265011 254010 282006
291009 235008 288006 309005 254007 PPC000
////// 338008 ////// 082013 078016 062016
183006 086010 102009 133011 227007 260008.
227010 282010 254008 258011 264008 249010
243012 267010 236013 226008 220008 234011
034009 262008 178013 183017 130023 115021
123026 115021 132017 192034 196032 285018.
303018 300013 241016 286013 292012 279008
208005 226015 322009 212008 218009 086004
087018 096005 172010 116015 088029 186030
044017 120022 301012 243022 109012 242008.
255011 316008 290011 216007 307010 359007
270011 262015 321009 287009 324011 083004
019012 088016 094013 200029 192026 054021
066022 184014 107010 128011 118014 278009.
220014 236011 214010 259007 234010 247013
223010 255010 249010 220008 027006 238009
036009 065016 126012 214023 141022 186026
191026 199032 215038 206037 209021 299013.
319014 277015 304007 274016 262018 238013
248008 194008 216009 237012 348005 012005
065011 169016 192023 180022 272010 182022
114018 231025 169025 147014 168014 268011.
270010 282009 273009 279009 274008 222006
064006 355008 PPC000 323008 090013 074016
106011 147011 150009 135014 145006 105010
169008 080010 088010 075007 120009 PPC000.
190005 129011 PPC000 302010 290006 276009
PPC000 092013 090009 PPC000 290013 256006
286009 063016 235007 220005 296008 275010
289006 238012 204009 140007 101006 PPC000.
289008 293007 296007 276013 283011 PPC000
277005 263008 236006 107009 094011 085011
039009 319007 118010 280004 185007 050015
196007 194012 186006 146006 PPC000 259007.
235007 261006 248009 238011 351009 301009
282012 061009 268010 276010 356006 PPC000
288011 119013 096014 105016 206014 050022
342010 110012 105018 139010 162012 260014.
277015 262012 264012 259009 223008 259009
215010 235011 229013 240012 274006 072006
042009 058009 145014 072013 086012 193029
109015 189029 192030 198026 211018 301014.
237010 239013 240012 237013 224015 221016
222016 245013 234013 246013 240008 218012
109004 071014 031026 285018 054012 021019
122023 187042 218016 191017 283013 301015.
338012 248009 246013 240012 246011 242008
196005 236008 203005 205005 052011 170008
068009 047008 003010 189011 250016 138020
205032 196042 194040 185040 197027 306016.
300018 269015 222011 265006 215013 238010
230007 258010 267009 241014 005005 104005
053011 125008 357013 140020 127020 102033
095023 151016 188039 217017 224016 302020.
279020 275025 270014 242015 226010 244011
239009 230010 234011 231011 215014 197008
073007 083010 107018 136017 141021 083022
183048 190035 190038 187041 204041 260016.
311016 322013 306016 343010 301014 296017
287022 279014 294015 267016 241012 271015
320008 060010 201021 203020 198032 194033
192048 194042 ////// 188046 201020 296020.
300018 260013 236012 244014 231007 237011
271011 258010 233011 ////// 220013 //////
064006 285025 265019 312019 035022 271017
205014 326019 340017 296013 251012 227013.
273014 277011 236010 275013 292008 295010
263008 244010 243011 252010 253012 158007
184009 074009 165011 265027 299035 344033
307017 202030 190026 139014 159011 264011.
264012 290009 235011 311008 273010 250010
145008 005007 207007 104008 283008 281007
065009 171008 275023 338037 024029 028035
034034 019023 033019 094019 148013 266015.
271017 275011 257011 334011 232009 250010
245013 249011 ////// ////// ////// //////
098004 082011 065027 122016 111023 087023
////// 329012 290033 155006 276011 267011.
267010 279009 302008 287009 343008 262012
242015 238015 249008 259007 353009 274006
067006 145004 074017 184040 182044 205036
////// 187031 190027 190031 216012 322018.
303015 289015 312017 282014 242008 238010
258011 241011 259010 269011 150006 118004
267016 046011 087009 290008 106014 103012
214030 ////// 206029 206022 157013 292015.
315014 265013 245014 245007 244012 233010
232010 227011 241015 244012 228014 123006
084010 086031 127032 090020 089020 104023
118016 120024 189018 180016 267014 278010.
266012 281010 328010 229012 275010 283007
263007 345008 223008 PPC000 257008 048007
087013 102018 118013 137017 149023 136021
131017 099013 103016 112024 119012 187011.
284008 285012 265009 225009 333011 299011
287013 286012 230007 218007 210009 089008
PPC000 064013 122018 126021 116021 111027
119029 110024 137021 132015 207022 227014.
240012 238009 274008 291010 277008 308009
268010 228009 240011 223009 310004 193006
025004 093016 085018 043011 114010 195027
192029 198030 176028 194028 192021 148015.
288008 291009 259009 263009 244010 215007
240010 231013 245011 233009 270011 180006
292006 076013 199034 207019 203026 112015
197034 208027 186034 195029 188024 199017.
281022 279019 249010 248011 237006 265009
226007 244011 244010 222008 349006 111005
PPC000 010009 072014 062022 062013 154020
187032 192050 207025 199026 181025 175031.
212012 329011 283012 294016 279014 297013
328007 232009 239007 207007 293005 322010
108006 067020 194048 200036 189039 211033
190049 187047 195034 188046 142021 247013.
329011 300020 282018 276023 291017 312013
309008 284011 251009 007009 016008 092007
PPC000 187047 204027 190037 177031 199036
190040 188055 186048 182015 131011 164019=
019046 1320 022057 1317
046186 1749 066178 1800
037186 1407 057181 1403
044194 1223 059201 1230
043194 1612 068181 1724
043193 1050 056201 1050
018135 1213 026121 1410
019277 0915 028064 1000
023077 1352 028082 1347
028089 1221 040079 1220
037205 1817 050185 1816
044187 1556 057185 1559
063186 1628 083202 1628
041185 1643 052187 1653
057186 1457 076201 1829
055190 1511 074194 1557
039050 1255 057288 1443
037268 1239 052346 1405
048044 1534 060031 1454
112023 1714 131062 1715
049183 1205 072181 1207
046183 1512 057186 1621
033085 0959 051127 1538
032135 1809 047109 1801
052198 1823 075189 1819
042189 1620 053192 1705
041183 1656 059181 1019
052187 1612 068201 1610
055187 1602 087193 1602
059193 1553 085187 1038=
D=
K=
A=
S=
B=
??????
******
YF
O2186
河南省
豫栾川张盘
栾川县陶湾乡张盘村
山地；乡村；地面
空缺
计算机
计算机
计算机
计算机
计算机
20100719=
JY
8888=
GK
01/
05/=
BZ
BB/01/23时温度用前后正点数据内插。09时温度用前后正点数据内插。11时温度用前后正点数据内插。
BB/16/17时温度用正点前3分钟值代替。
BB/17/06时温度用正点前2分钟值代替。08时温度用正点前1分钟值代替。
BB/20/15时温度用正点前2分钟值代替。
BB/21/15时温度用正点前3分钟值代替。
BB/22/16时温度用正点前5分钟值代替。
00/334833/1112646
10/24/逐时观测
10/24/24时连续观测
11/不守班=
######
