O2180 3414N 11120E 006920 006920 105 000 S15 91999999919999199999 0 2011 12
P=
TB
//// //// //// //// //// //// //// //// //// //// //// 0001
0015 0032 0047 0060 0052 0055 0064 0056 0050 0037 0034 0020 0065 1510 0001 0803.
0029 0013 0009 0012 0009 0004 0007 -003 -002 -001 -008 -001
0006 0017 0042 0083 0089 0108 0103 0098 0082 0074 0063 0037 0122 1423 -008 0700.
0035 0014 0007 -002 -011 -013 -018 -026 -026 -029 -031 -032
-026 -021 -007 -004 -002 -004 -002 -005 -006 -004 -002 -001 0042 2020 -034 0757.
-002 -002 -002 -001 -001 -001 -001 -001 -002 -002 -001 -001
0000 0002 0006 0009 0009 0008 0010 0009 0009 0009 0008 0008 0011 1450 -002 2100.
0009 0010 0008 0008 0008 0007 0006 0003 -001 -001 //// ////
//// //// //// //// //// -001 0001 //// //// //// //// //// 0010 2200 -002 1359.
//// //// //// //// //// //// //// //// //// //// //// ////
//// //// 0012 //// //// //// //// //// //// //// //// //// 0012 1100 0010 1039.
//// //// //// //// //// //// //// //// //// //// //// ////
//// 0041 0055 0060 0069 0081 0070 0059 0050 0036 0023 0020 0082 1359 0016 1936.
0016 0013 0010 -008 -016 -020 -015 -011 -020 -024 -023 -017
-001 0012 0024 0032 0038 0046 0035 0034 0010 -008 -018 -023 0052 1333 -033 0725.
-030 -035 -050 -053 -059 -060 -068 -072 -073 -073 -069 -069
-027 -005 0019 0036 0034 0032 0022 0017 0006 -006 -011 -029 0043 1133 -076 0428.
-021 -043 -046 -052 -030 -029 -033 -047 -053 -053 -045 -041
-022 -011 -010 -001 0013 0012 0018 0018 0002 -021 -024 -026 0025 1446 -058 0547.
-026 -029 -038 -038 -048 -041 -053 -050 -046 -049 -056 -047
-027 0002 0032 0034 0035 0040 0039 0029 0021 0019 0011 0010 0050 1208 -064 0647.
0006 -002 0001 -009 -023 -021 -025 -040 -039 -046 -042 -042
-007 0029 0048 0073 0087 0092 0087 0076 0056 0037 0022 0014 0108 1347 -054 0616.
0012 -006 -014 -014 -032 -036 -046 -048 -054 -050 -047 -053
-011 0015 0054 0079 0093 0105 0124 0102 0072 0036 0014 -003 0124 1500 -056 0442.
-001 -008 0003 -016 -012 -017 -020 -023 -028 -034 -042 -009
0022 0045 0073 0065 0075 0067 0058 0056 0039 0035 0025 0013 0086 1057 -043 0649.
0009 -011 -020 -024 -015 -020 -028 -040 -035 -046 -052 -061
-032 -011 0014 0052 0078 0058 0054 0057 0038 0012 0002 -010 0084 1326 -062 0753.
-024 -035 -039 -045 -051 -046 -057 -060 -072 -073 -081 -076
-037 -008 0023 0028 0034 0043 0044 0038 0017 0003 -012 -020 0053 1318 -083 0733.
-032 -036 -044 -058 -048 -060 -059 -060 -063 -059 -064 -062
-047 -029 -012 0012 0028 0031 0036 0028 0017 0011 0008 0005 0040 1337 -068 0417.
-002 -008 0004 -001 -008 -007 -008 -011 -021 -030 -039 -045
-009 0015 0040 0052 0065 0063 0052 0043 0027 0008 -006 -012 0067 1350 -047 0755.
-023 -033 -032 -045 -050 -050 -060 -059 -058 -059 -059 -052
-040 -016 -001 0010 0023 0029 0030 0021 0010 0002 -001 -004 0036 1416 -063 0415.
0000 -003 -007 -008 -011 -011 -014 -018 -023 -035 -024 -021
-015 0011 0029 0051 0056 0071 0078 0068 0057 0046 0038 0032 0080 1444 -036 0606.
0029 0021 0020 0017 0011 0021 0030 0024 0019 0017 0021 0022
0026 0030 0034 0046 0042 0051 0046 0046 0033 0017 0012 -007 0059 1327 -008 1959.
-019 -029 -041 -047 -049 -042 -040 -051 -050 -051 -048 -049
-023 0010 0026 0039 0035 0042 0050 0042 0026 -001 -016 -025 0054 1509 -056 0447.
-034 -044 -047 -051 -029 -029 -027 -017 -022 -017 -028 -045
-021 0008 0022 0023 0038 0038 0037 0036 0025 -001 0002 -034 0048 1509 -056 0012.
-038 -048 -049 -056 -055 -063 -054 -055 -064 -060 -068 -076
-041 -010 0025 0060 0056 0070 0064 0066 0050 0012 -017 -037 0079 1329 -077 0754.
-039 -052 -056 -062 -067 -034 -048 -044 -037 -044 -047 -043
-031 -006 0020 0053 0081 0092 0102 0086 0064 0036 0013 -021 0109 1416 -071 0050.
-026 -038 -041 -047 -051 -054 -048 -030 -021 -020 -021 -021
-011 0005 0008 0013 0016 0022 0029 0021 0015 0006 0008 0004 0032 1447 -057 0226.
-001 -008 -017 -024 -018 -021 -022 -029 -048 -054 -061 -061
-035 -018 -009 0004 0020 0028 0033 0027 0012 -006 -026 -039 0040 1415 -068 0743.
-044 -055 -053 -053 -031 -028 -037 -032 -035 -050 -046 -046
-019 -005 0016 0036 0065 0076 0080 0075 0055 0045 0037 0025 0090 1408 -062 2347.
0012 0006 0008 -002 -011 -015 -020 -021 -035 -035 -047 -034
-023 -017 -017 -010 -009 -012 -016 -016 -016 -017 -016 -015 0025 2004 -049 0712.
-014 -013 -012 -012 -012 -013 -014 -015 -016 -019 -020 -023
-022 -018 -012 -002 0003 0008 0002 -001 -006 -016 -021 -023 0011 1356 -026 1956.
-030 -034 -033 -027 -017 -018 -018 -022 -026 -031 -030 -027
-017 0008 0033 0059 0071 0081 0080 0069 0051 0034 0023 0016 0083 1443 -036 2152=
I=
E=
U=
N=
H=
C=
V=
R6
=
=
0000 ////////// 00000=
W=
L=
Z=
G=
FN
////// ////// ////// ////// ////// //////
////// ////// ////// ////// ////// //////
289026 253015 293019 244021 267024 292030
223020 253028 279020 248010 267005 289009.
270013 211014 182006 300008 227011 272005
291032 286017 266013 255024 252017 201016
238007 203010 290012 265017 277010 282013
099017 120030 109014 061013 119009 140009.
157003 109005 077009 132007 PPC002 PPC001
143004 PPC000 141004 121004 PPC002 087020
105019 132018 126017 093016 111023 116019
115013 094014 112020 127009 116012 101005.
PPC000 PPC000 PPC000 PPC000 PPC000 PPC000
PPC000 PPC000 PPC000 PPC000 PPC000 PPC000
119012 111010 098013 119014 104009 104015
093008 090017 103013 093015 074020 104021.
098013 099011 104017 066012 097015 080018
093015 092017 099013 ////// ////// //////
////// ////// ////// ////// ////// PPC000
PPC000 ////// ////// ////// ////// //////.
////// ////// ////// ////// ////// //////
////// ////// ////// ////// ////// //////
////// ////// 338007 ////// ////// //////
////// ////// ////// ////// ////// //////.
////// ////// ////// ////// ////// //////
////// ////// ////// ////// ////// //////
////// 311032 312033 286026 295026 292039
289038 292036 330039 331022 125008 295009.
257012 289014 311007 167006 PPC000 279007
271018 250017 233021 281021 287013 293027
280037 280032 287035 281033 316030 288034
298035 283026 293015 256007 121010 290008.
185005 048004 229004 073003 256005 358003
PPC000 PPC001 PPC000 297003 312007 244009
261018 282022 272022 272032 296035 339025
329050 330045 297023 286016 283013 170007.
313017 288005 PPC001 281006 301027 287020
286021 249028 237007 287011 267024 290025
254034 284043 271066 276039 278053 303068
280045 303045 257018 223010 291015 260012.
243016 238018 287011 294011 310004 257010
257012 279014 297023 290021 289025 290026
282016 258027 237034 270031 251035 272028
270038 255028 276035 289031 281021 261015.
288015 280013 294022 292008 322003 289018
267008 202007 252008 301007 316010 270009
294014 232020 256023 237014 314018 248012
097010 121021 093020 108011 082017 081018.
086019 PPC002 PPC000 080009 PPC002 090005
299005 181004 PPC000 PPC000 134007 295007
272020 287024 269031 262022 285034 272031
243025 269025 277007 127006 131010 316005.
297011 287007 140009 PPC002 287014 336005
127006 225006 084006 268004 267007 297010
243015 249031 296025 296026 256028 267025
289038 271025 256015 303022 285011 081003.
308012 PPC000 122007 PPC000 125010 098010
099011 145005 080011 PPC000 084010 100004
082012 285006 340014 265011 203008 110035
089013 194017 293013 267011 223003 074011.
029003 PPC001 ////// 140008 212003 090015
101010 128004 PPC000 105004 124003 PPC000
239005 272013 155008 248013 106011 107024
123025 097021 102021 083011 077015 087008.
////// 101009 090009 090003 075010 080005
104010 005004 124007 062010 121007 092006
078011 095017 092019 108024 ////// 114025
099022 054016 107007 108008 092010 041008.
096003 170007 ////// PPC000 PPC002 //////
PPC001 298006 300008 PPC000 315005 146005
093008 248008 247006 099007 088022 114029
104028 088023 079018 110011 120006 102007.
////// 130008 079006 ////// 129003 116006
PPC000 PPC001 088003 098006 077008 072013
083019 130017 131028 119030 113029 092025
080022 ////// 116015 111015 ////// 115005.
105017 ////// 137012 088009 PPC002 PPC000
195005 099005 098010 276009 067008 285007
272007 270011 268011 293012 299008 //////
193007 118008 ////// 050009 077007 //////.
102013 147004 114008 072005 PPC000 241015
////// 282020 283021 ////// 275034 245030
////// 273032 289029 ////// 286031 296040
316048 277031 300027 290019 315029 288009.
282007 ////// 175005 PPC000 ////// PPC002
200007 ////// 132007 340006 ////// PPC000
318009 262023 245036 ////// 295030 331038
296032 ////// 320020 250005 ////// //////.
PPC001 014003 ////// 256004 272018 //////
235009 308028 ////// PPC002 318010 //////
////// 311023 276029 ////// 302042 //////
////// 287048 343019 ////// 276014 PPC000.
////// ////// 171009 ////// ////// 254005
313007 ////// 319007 302009 ////// 271007
221009 ////// 259013 238029 ////// 312029
314080 ////// 343010 268004 ////// //////.
152003 074003 ////// PPC000 PPC000 //////
288017 255005 ////// 286015 281018 //////
////// 310022 ////// ////// 249012 //////
////// ////// ////// 091012 ////// //////.
100005 098004 ////// PPC000 PPC000 //////
////// 115008 ////// ////// 082008 129008
////// 086013 107026 ////// ////// 116032
////// ////// 106013 098007 ////// //////.
095010 ////// ////// 077008 092009 //////
////// 076011 ////// ////// 133005 277004
////// ////// 161010 ////// ////// 118021
105028 ////// ////// 097004 167004 //////.
////// PPC000 ////// ////// 248023 //////
////// 274015 ////// ////// 288008 292011
////// 261022 ////// 276018 ////// //////
199007 ////// ////// 105013 ////// //////.
076012 ////// ////// 106011 ////// //////
PPC002 071011 ////// 078010 070007 //////
////// 110009 ////// ////// 114025 //////
////// 108018 ////// ////// 135006 //////.
////// ////// 105009 ////// ////// 081013
////// ////// 097015 ////// ////// 087014
////// ////// 100017 ////// ////// //////
127024 ////// ////// 114009 ////// //////.
286006 ////// ////// ////// 283009 //////
////// 292012 ////// ////// 262026 //////
////// 242039 ////// ////// 286038 //////
////// ////// 251027 ////// ////// 137009=
////// ////// ////// ////// ////// //////
////// ////// ////// ////// ////// //////
291028 266020 279013 251018 277025 278029
240018 258023 282023 252011 240007 290010.
277011 219009 208006 289008 246008 249005
292029 284017 266010 261025 251016 209010
223008 220014 293010 258014 287010 262016
093018 117023 100016 068015 103009 142005.
131003 114006 123003 132007 PPC002 PPC001
125005 PPC000 132004 PPC002 PPC000 084020
102017 114017 120022 088017 102020 101016
095014 096013 102022 067007 118016 093007.
PPC000 PPC000 PPC000 PPC000 PPC000 PPC000
PPC000 PPC000 PPC000 PPC000 PPC000 PPC000
117009 105011 096013 094010 094008 096013
083012 098015 097014 082015 083019 093019.
092018 106016 090016 071011 094020 086015
093014 082013 103011 ////// ////// //////
////// ////// ////// ////// ////// PPC000
PPC000 ////// ////// ////// ////// //////.
////// ////// ////// ////// ////// //////
////// ////// ////// ////// ////// //////
////// ////// 003010 ////// ////// //////
////// ////// ////// ////// ////// //////.
////// ////// ////// ////// ////// //////
////// ////// ////// ////// ////// //////
////// 298023 313037 285031 301028 279032
291040 301034 325041 333019 123006 292008.
263012 263008 294010 100003 222003 298009
271013 255022 231023 281019 283015 292027
280033 278032 281034 272034 310033 289031
297033 275025 291012 269007 132010 299004.
216004 092006 152003 101005 001003 354003
PPC000 PPC001 PPC000 266004 291007 241005
259016 275023 265021 271031 288035 345034
325042 323047 298022 287020 291015 197003.
312010 293005 PPC002 236005 304014 293017
292021 247025 278012 334008 273022 275024
263028 286041 283062 285046 279051 294069
286050 284040 264030 242013 270014 256014.
259013 254015 273009 284011 288007 264009
278011 281011 292022 289021 289025 296028
277019 259028 244035 266035 268042 273028
275042 258033 271033 288032 287020 272012.
287019 281014 294024 294013 312005 283011
267006 258009 272005 288008 302008 276010
281015 238017 266020 253015 271019 253012
078011 118023 096015 113012 085016 081017.
084018 PPC002 PPC000 089008 342003 114006
281004 177005 PPC000 PPC000 130008 296008
269016 280020 266030 272027 284035 276027
244022 272025 281006 117008 119006 312004.
285012 279006 135008 058003 291015 315005
139004 336004 118005 PPC000 263006 271012
235015 255023 269020 294029 269025 287031
293030 273020 270013 296027 279009 349006.
295014 PPC002 155004 PPC001 111014 098011
079004 119004 071009 PPC001 113009 096006
091010 222007 290010 272007 199011 108027
101019 155013 283015 221008 219004 083011.
075003 PPC002 ////// 100004 159003 100008
107010 109003 PPC001 137005 PPC001 PPC000
236003 273011 172009 218010 078015 120021
123026 086019 095023 093011 091010 092009.
////// 101008 089009 090003 079008 074005
096009 043006 123007 062009 120007 097006
077010 094016 096016 101019 ////// 105023
107024 074015 117010 112007 090008 079005.
102006 150005 ////// PPC001 310004 //////
299006 299005 284006 PPC001 342003 136005
088008 238008 249011 111009 109019 119029
101029 101027 093018 110011 111008 101009.
////// PPC002 094007 ////// PPC001 115007
PPC000 PPC001 PPC002 090003 088007 074011
084018 126018 129024 114026 099027 097027
086022 ////// 103017 107013 ////// 124004.
096015 ////// 130011 099007 136003 PPC001
206003 144004 110009 289003 069013 324005
275006 271011 265010 288010 295016 //////
207008 107010 ////// 045009 071007 //////.
102011 150004 092008 090008 PPC000 261014
////// 284021 283023 ////// 271029 265036
////// 278033 285033 ////// 284035 292037
307040 285029 300027 302021 317029 259011.
277010 ////// 199005 PPC001 ////// PPC001
158009 ////// 128005 040007 ////// PPC000
321010 269022 259028 ////// 290026 311041
283024 ////// 313019 264006 ////// //////.
281005 054004 ////// 238003 282016 //////
182009 292024 ////// 244009 298010 //////
////// 297024 283027 ////// 302044 //////
////// 294048 336018 ////// 278015 006003.
////// ////// 203006 ////// ////// 355004
291006 ////// 305006 301008 ////// 279007
248010 ////// 247012 236030 ////// 279032
308055 ////// 354008 297007 ////// //////.
139004 107005 ////// PPC000 PPC001 //////
285015 247007 ////// 278017 280016 //////
////// 296020 ////// ////// 254010 //////
////// ////// ////// 098013 ////// //////.
PPC001 PPC002 ////// PPC000 PPC000 //////
////// 098011 ////// ////// 087009 131007
////// 118013 104024 ////// ////// 109029
////// ////// 105012 098008 ////// //////.
099011 ////// ////// 080009 093011 //////
////// 080011 ////// ////// 118004 PPC002
////// ////// 141009 ////// ////// 110021
096024 ////// ////// 093008 165003 //////.
////// PPC000 ////// ////// 245023 //////
////// 274016 ////// ////// 266004 290012
////// 258015 ////// 278014 ////// //////
202004 ////// ////// 103012 ////// //////.
079013 ////// ////// 099010 ////// //////
PPC000 074011 ////// 083008 077005 //////
////// 115011 ////// ////// 112024 //////
////// 111014 ////// ////// 137004 //////.
////// ////// 109010 ////// ////// 087012
////// ////// 102010 ////// ////// 090012
////// ////// 101014 ////// ////// //////
115023 ////// ////// 114007 ////// //////.
283005 ////// ////// ////// 290011 //////
////// 287013 ////// ////// 270024 //////
////// 248037 ////// ////// 281035 //////
////// ////// 251029 ////// ////// 186008=
036253 1319 049259 0843
032286 0308 045290 0302
031090 1715 048076 1721
025094 1836 041098 1835
023096 2219 048090 0240
010003 1100 014357 1055
048317 1730 076323 1657
050294 0945 078292 0949
050324 1503 075312 1546
071290 1050 090290 1051
046265 1416 074298 1313
026110 1627 050290 2253
037288 1544 056278 1255
037303 1511 052304 1322
032122 1434 044118 1410
030109 1525 045087 1518
030122 1326 044121 1245
035110 1409 054112 1405
030089 1319 052101 1316
022277 1254 029273 1246
051288 1346 074307 1338
043301 1358 059270 1319
049311 1310 081326 1301
065300 1504 090304 1457
022106 1710 032104 1627
035106 1343 053110 1342
028102 1544 038112 1410
028262 0240 036259 0338
026109 1311 040110 1345
023115 1500 038110 1405
043262 1308 066273 1253=
D=
K=
A=
S=
B=
??????
******
YF
O2180
河南省
豫洛宁下峪
洛宁县下峪乡烟站
山地；城镇；地面
空缺
计算机
计算机
计算机
计算机
计算机
20120208=
JY
8888=
GK
01/
05/=
BZ
BB/01/08时气温用正点后3分钟值代替。
BB/05/06时气温用正点前7分钟值代替。
BB/16/23时气温用正点前1分钟值代替。
BB/17/21时气温用正点前1分钟值代替。13时气温用正点前1分钟值代替。
BB/18/23时气温用正点前1分钟值代替。02时气温用正点前1分钟值代替。
BB/19/21时气温用正点前1分钟值代替。24时气温用正点前1分钟值代替。16时气温用正点前1分钟值代替。19时气温用正点前1分钟值代替。
BB/20/22时气温用正点前1分钟值代替。14时气温用正点前1分钟值代替。17时气温用正点前1分钟值代替。20时气温用正点前1分钟值代替。
BB/21/03时气温用正点前1分钟值代替。06时气温用正点前1分钟值代替。09时气温用正点前1分钟值代替。12时气温用正点前1分钟值代替。
BB/22/22时气温用正点前1分钟值代替。01时气温用正点前1分钟值代替。04时气温用正点前1分钟值代替。07时气温用正点前1分钟值代替。12时气温用正点前8分钟值代替。16时气温用正点前1分钟值代替。19时气温用正点前1分钟值代替。20时气温用正点前1分钟值代替。
BB/23/23时气温用正点前1分钟值代替。02时气温用正点前1分钟值代替。05时气温用正点前1分钟值代替。08时气温用正点前1分钟值代替。09时气温用正点前1分钟值代替。12时气温用正点前1分钟值代替。14时气温用前后正点数据内插求得。15时气温用正点前1分钟值代替。18时气温用正点前1分钟值代替。
BB/24/21时气温用正点前1分钟值代替。22时气温用正点前1分钟值代替。24时气温用正点前1分钟值代替。01时气温用正点前1分钟值代替。04时气温用正点前1分钟值代替。07时气温用正点前1分钟值代替。10时气温用正点前1分钟值代替。13时气温用正点前1分钟值代替。16时气温用正点前1分钟值代替。19时气温用正点前1分钟值代替。20时气温用正点前1分钟值代替。
BB/25/23时气温用正点前1分钟值代替。02时气温用正点前1分钟值代替。05时气温用正点前1分钟值代替。08时气温用正点前1分钟值代替。09时气温用正点前1分钟值代替。11时气温用正点前1分钟值代替。12时气温用正点前1分钟值代替。14时气温用正点前1分钟值代替。15时气温用正点前2分钟值代替。16时气温用正点前1分钟值代替。17时气温用正点前1分钟值代替。19时气温用正点前1分钟值代替。20时气温用正点前1分钟值代替。
BB/26/23时气温用正点前1分钟值代替。02时气温用正点前1分钟值代替。03时气温用正点前1分钟值代替。05时气温用正点前1分钟值代替。06时气温用正点前1分钟值代替。09时气温用正点前1分钟值代替。12时气温用正点前1分钟值代替。13时气温用正点前1分钟值代替。15时气温用正点前1分钟值代替。16时气温用正点前1分钟值代替。19时气温用正点前1分钟值代替。20时气温用正点前1分钟值代替。
BB/27/22时气温用正点前1分钟值代替。23时气温用正点前1分钟值代替。02时气温用正点前1分钟值代替。03时气温用正点前1分钟值代替。05时气温用正点前1分钟值代替。06时气温用正点前1分钟值代替。09时气温用正点前1分钟值代替。10时气温用正点前1分钟值代替。12时气温用正点前1分钟值代替。13时气温用正点前1分钟值代替。16时气温用正点前1分钟值代替。17时气温用正点前1分钟值代替。20时气温用正点前1分钟值代替。
BB/28/21时气温用正点前1分钟值代替。23时气温用正点前1分钟值代替。24时气温用正点前1分钟值代替。02时气温用正点前1分钟值代替。03时气温用正点前1分钟值代替。05时气温用正点前1分钟值代替。06时气温用正点前1分钟值代替。09时气温用正点前1分钟值代替。11时气温用正点前2分钟值代替。13时气温用正点前1分钟值代替。14时气温用正点前1分钟值代替。16时气温用正点前1分钟值代替。17时气温用正点前1分钟值代替。19时气温用正点前1分钟值代替。20时气温用正点前1分钟值代替。
BB/29/22时气温用正点前1分钟值代替。23时气温用正点前1分钟值代替。01时气温用正点前1分钟值代替。02时气温用正点前1分钟值代替。05时气温用正点前1分钟值代替。08时气温用正点前1分钟值代替。09时气温用正点前1分钟值代替。11时气温用正点前1分钟值代替。12时气温用正点前1分钟值代替。14时气温用正点前1分钟值代替。15时气温用正点前3分钟值代替。17时气温用正点前1分钟值代替。18时气温用正点前1分钟值代替。20时气温用正点前1分钟值代替。
BB/30/21时气温用正点前1分钟值代替。22时气温用正点前1分钟值代替。24时气温用正点前1分钟值代替。01时气温用正点前1分钟值代替。03时气温用正点前1分钟值代替。04时气温用正点前1分钟值代替。06时气温用正点前1分钟值代替。07时气温用正点前1分钟值代替。09时气温用正点前1分钟值代替。10时气温用正点前1分钟值代替。12时气温用正点前1分钟值代替。13时气温用正点前1分钟值代替。14时气温用正点前1分钟值代替。16时气温用正点前1分钟值代替。17时气温用正点前1分钟值代替。19时气温用正点前1分钟值代替。20时气温用正点前1分钟值代替。
BB/31/22时气温用正点前1分钟值代替。23时气温用正点前1分钟值代替。24时气温用正点前1分钟值代替。02时气温用正点前1分钟值代替。03时气温用正点前1分钟值代替。05时气温用正点前1分钟值代替。06时气温用正点前1分钟值代替。08时气温用正点前1分钟值代替。09时气温用正点前1分钟值代替。11时气温用正点前1分钟值代替。12时气温用正点前1分钟值代替。14时气温用正点前1分钟值代替。15时气温用正点前1分钟值代替。16时气温用正点前1分钟值代替。18时气温用正点前1分钟值代替。19时气温用正点前1分钟值代替。
00/341400/1111953
10/24/逐时观测
10/24/24时连续观测
11/不守班=
######
