O2181 3421N 11113E 009810 009810 105 000 S15 91999999919999199999 0 2012 05
P=
TB
0131 0132 0132 0127 0127 0127 0126 0125 0125 0126 0129 0130
0130 0139 0164 0159 0172 0189 0174 0172 0172 0165 0151 0143 0194 1331 0124 0343.
0144 0142 0147 0144 0146 0144 0143 0137 0130 0125 0134 0163
0170 0195 0194 0209 0216 0225 0221 0206 0199 0196 0184 0175 0233 1414 0123 0620.
0174 0165 0165 0160 0156 0158 0152 0146 0143 0139 0160 0185
0202 0208 0220 0217 0222 0231 0226 0224 0217 0203 0186 0176 0241 1323 0136 0624.
0166 0162 0159 0154 0151 0152 0153 0153 0151 0144 0159 0167
0183 0209 0224 0236 0247 0263 0262 0250 0232 0238 0210 0200 0265 1439 0141 0531.
0203 0188 0190 0181 0177 0182 0182 0166 0166 0163 0192 0207
0214 0235 0256 0264 0286 0290 0286 0279 0273 0257 0236 0216 0301 1349 0157 0436.
0201 0190 0174 0175 0167 0168 0168 0164 0160 0162 0187 0203
0231 0240 0258 0271 0290 0287 0291 0291 0280 0266 0243 0221 0299 1604 0159 0535.
0222 0217 0208 0201 0199 0198 0193 0197 0179 0166 0173 0170
0169 0174 0175 0169 0176 0174 0181 0199 0195 0198 0185 0177 0223 2008 0161 0509.
0185 0179 0180 0183 0192 0176 0186 0179 0171 0176 0190 0204
0219 0234 0243 0250 0252 0249 0251 0258 0240 0226 0211 0196 0265 1346 0163 0421.
0188 0180 0172 0171 0168 0163 0159 0154 0158 0156 0160 0167
0187 0194 0210 0226 0227 0237 0232 0229 0226 0214 0202 0190 0246 1403 0152 0632.
0182 0175 0172 0160 0162 0161 0162 0161 0160 0163 0188 0198
0202 0213 0235 0251 0260 0256 0263 0269 0254 0246 0232 0209 0272 1505 0157 0108.
0199 0190 0185 0181 0181 0178 0174 0174 0174 0173 0187 0183
0187 0180 0194 0191 0191 0179 0168 0167 0164 0163 0159 0153 0209 2004 0153 1948.
0154 0154 0157 0157 0162 0159 0166 0156 0147 0143 0144 0147
0144 0146 0139 0141 0141 0136 0132 0133 0149 0152 0131 0126 0166 0237 0121 1425.
0120 0120 0120 0119 0127 0118 0133 0119 0108 0110 0141 0143
0157 0169 0176 0179 0195 0188 0176 0172 0170 0163 0161 0151 0205 1330 0101 2351.
0147 0138 0128 0127 0130 0117 0129 0136 0117 0122 0129 0145
0160 0175 0184 0197 0213 0216 0221 0218 0222 0205 0185 0180 0229 1508 0109 0543.
0174 0167 0167 0168 0164 0150 0144 0160 0162 0176 0173 0178
0189 0207 0215 0211 0224 0231 0237 0233 0234 0229 0206 0184 0246 1508 0144 0300.
0178 0185 0169 0188 0185 0177 0179 0174 0171 0177 0184 0195
0213 0219 0219 0235 0224 0236 0246 0251 0240 0236 0214 0198 0258 1516 0166 2256.
0199 0198 0193 0194 0166 0178 0187 0185 0162 0171 0204 0208
0220 0242 0242 0253 0269 0261 0273 0269 0256 0237 0214 0206 0276 1316 0155 0453.
0209 0203 0203 0196 0197 0203 0201 0203 0196 0196 0183 0186
0193 0194 0207 0214 0221 0224 0229 0229 0219 0202 0191 0173 0237 1353 0171 1956.
0179 0184 0177 0169 0165 0164 0156 0156 0151 0155 0173 0187
0216 0238 0252 0256 0267 0263 0277 0265 0260 0246 0228 0211 0281 1521 0147 0522.
0201 0199 0187 0184 0190 0187 0177 0169 0159 0151 0185 0188
0201 0220 0228 0236 0247 0248 0256 0249 0243 0229 0208 0191 0265 1313 0151 0556.
0183 0171 0161 0159 0163 0157 0155 0149 0135 0134 0145 0149
0157 0175 0169 0183 0177 0176 0174 0173 0153 0145 0144 0142 0193 1009 0129 0631.
0140 0138 0137 0139 0138 0137 0137 0136 0136 0135 0128 0132
0136 0148 0137 0139 0132 0139 0141 0153 0144 0140 0140 0127 0154 1553 0127 2000.
0127 0131 0126 0133 0128 0126 0125 0131 0128 0135 0140 0143
0154 0158 0169 0179 0199 0201 0207 0192 0184 0175 0171 0164 0212 1414 0120 2218.
0162 0160 0157 0152 0152 0153 0131 0127 0125 0124 0130 0134
0134 0142 0147 0151 0167 0159 0162 0161 0161 0158 0147 0144 0172 1308 0123 0342.
0138 0143 0135 0136 0136 0135 0133 0125 0128 0122 0136 0155
0172 0173 0192 0209 0213 0221 0233 0225 0215 0206 0201 0184 0233 1500 0121 0551.
0182 0172 0170 0159 0162 0154 0147 0145 0147 0150 0183 0188
0193 0212 0226 0245 0252 0257 0254 0268 0270 0243 0222 0206 0270 1659 0140 0309.
0208 0207 0201 0194 0188 0180 0176 0175 0184 0179 0191 0194
0198 0212 0247 0238 0251 0268 0270 0225 0253 0249 0237 0212 0276 1509 0169 0314.
0204 0203 0197 0197 0195 0194 0195 0164 0158 0148 0169 0192
0202 0224 0228 0233 0244 0243 0239 0220 0173 0164 0163 0156 0254 1249 0147 0612.
0156 0175 0173 0176 0164 0163 0148 0146 0145 0144 0144 0147
0140 0146 0144 0148 0186 0196 0214 0221 0220 0211 0193 0178 0227 1634 0139 0902.
0178 0177 0190 0188 0172 0177 0176 0176 0171 0176 0198 0206
0217 0220 0242 0249 0243 0237 0243 0242 0233 0225 0211 0193 0252 1154 0169 0049.
0187 0176 0163 0162 0155 0151 0149 0144 0143 0141 0150 0164
0175 0184 0184 0182 0178 0180 0186 0185 0182 0176 0171 0170 0195 2006 0141 0423=
I=
E=
U=
N=
H=
C=
V=
R6
0026 0004 0030
0000 0000 0000
0000 0000 0000
0000 0000 0000
0000 0000 0000
0000 0000 0000
0053 0004 0057
0000 0000 0000
0000 0000 0000
0000 0000 0000
0000 0127 0127
0021 0001 0022
0000 0000 0000
0002 0000 0002
0000 0000 0000
0000 0000 0000
0000 0000 0000
0000 0000 0000
0000 0000 0000
0000 0000 0000
0000 0016 0016
0062 0016 0078
0000 0000 0000
0133 0001 0134
0000 0000 0000
0000 0000 0000
0000 0000 0000
0000 0300 0300
0096 0004 0100
0000 0000 0000
0000 0000 0000=
0000 0000 0000 0003 0000 0001 0000 0001 0002 0005 0006 0008
0004 0000 0000 0000 0000 0000 0000 0000 0000 0000 0000 0000.
0000 0000 0000 0000 0000 0000 0000 0000 0000 0000 0000 0000
0000 0000 0000 0000 0000 0000 0000 0000 0000 0000 0000 0000.
0000 0000 0000 0000 0000 0000 0000 0000 0000 0000 0000 0000
0000 0000 0000 0000 0000 0000 0000 0000 0000 0000 0000 0000.
0000 0000 0000 0000 0000 0000 0000 0000 0000 0000 0000 0000
0000 0000 0000 0000 0000 0000 0000 0000 0000 0000 0000 0000.
0000 0000 0000 0000 0000 0000 0000 0000 0000 0000 0000 0000
0000 0000 0000 0000 0000 0000 0000 0000 0000 0000 0000 0000.
0000 0000 0000 0000 0000 0000 0000 0000 0000 0000 0000 0000
0000 0000 0000 0000 0000 0000 0000 0000 0000 0000 0000 0000.
0000 0000 0000 0000 0000 0000 0000 0000 0003 0037 0007 0006
0000 0002 0000 0001 0000 0000 0000 0000 0001 0000 0000 0000.
0000 0000 0000 0000 0000 0000 0000 0000 0000 0000 0000 0000
0000 0000 0000 0000 0000 0000 0000 0000 0000 0000 0000 0000.
0000 0000 0000 0000 0000 0000 0000 0000 0000 0000 0000 0000
0000 0000 0000 0000 0000 0000 0000 0000 0000 0000 0000 0000.
0000 0000 0000 0000 0000 0000 0000 0000 0000 0000 0000 0000
0000 0000 0000 0000 0000 0000 0000 0000 0000 0000 0000 0000.
0000 0000 0000 0000 0000 0000 0000 0000 0000 0000 0000 0000
0000 0000 0000 0000 0000 0000 0025 0004 0044 0009 0030 0015.
0009 0006 0004 0001 0001 0000 0000 0000 0000 0000 0000 0000
0000 0000 0000 0000 0000 0000 0001 0000 0000 0000 0000 0000.
0000 0000 0000 0000 0000 0000 0000 0000 0000 0000 0000 0000
0000 0000 0000 0000 0000 0000 0000 0000 0000 0000 0000 0000.
0000 0000 0000 0002 0000 0000 0000 0000 0000 0000 0000 0000
0000 0000 0000 0000 0000 0000 0000 0000 0000 0000 0000 0000.
0000 0000 0000 0000 0000 0000 0000 0000 0000 0000 0000 0000
0000 0000 0000 0000 0000 0000 0000 0000 0000 0000 0000 0000.
0000 0000 0000 0000 0000 0000 0000 0000 0000 0000 0000 0000
0000 0000 0000 0000 0000 0000 0000 0000 0000 0000 0000 0000.
0000 0000 0000 0000 0000 0000 0000 0000 0000 0000 0000 0000
0000 0000 0000 0000 0000 0000 0000 0000 0000 0000 0000 0000.
0000 0000 0000 0000 0000 0000 0000 0000 0000 0000 0000 0000
0000 0000 0000 0000 0000 0000 0000 0000 0000 0000 0000 0000.
0000 0000 0000 0000 0000 0000 0000 0000 0000 0000 0000 0000
0000 0000 0000 0000 0000 0000 0000 0000 0000 0000 0000 0000.
0000 0000 0000 0000 0000 0000 0000 0000 0000 0000 0000 0000
0000 0000 0000 0000 0000 0000 0000 0000 0000 0000 0000 0000.
0000 0000 0000 0000 0000 0000 0000 0000 0000 0000 0000 0000
0000 0000 0000 0000 0000 0000 0000 0000 0003 0010 0001 0002.
0001 0002 0001 0004 0001 0003 0002 0019 0009 0007 0007 0006
0004 0001 0001 0001 0001 0007 0001 0000 0000 0000 0000 0000.
0000 0000 0000 0000 0000 0000 0000 0000 0000 0000 0000 0000
0000 0000 0000 0000 0000 0000 0000 0000 0000 0000 0000 0000.
0000 0000 0000 0000 0000 0000 0051 0036 0024 0021 0001 0000
0000 0001 0000 0000 0000 0000 0000 0000 0000 0000 0000 0000.
0000 0000 0000 0000 0000 0000 0000 0000 0000 0000 0000 0000
0000 0000 0000 0000 0000 0000 0000 0000 0000 0000 0000 0000.
0000 0000 0000 0000 0000 0000 0000 0000 0000 0000 0000 0000
0000 0000 0000 0000 0000 0000 0000 0000 0000 0000 0000 0000.
0000 0000 0000 0000 0000 0000 0000 0000 0000 0000 0000 0000
0000 0000 0000 0000 0000 0000 0000 0000 0000 0000 0000 0000.
0000 0000 0000 0000 0000 0000 0000 0000 0000 0000 0000 0000
0000 0000 0000 0000 0000 0000 0000 0000 0232 0025 0034 0009.
0007 0001 0001 0001 0008 0009 0010 0027 0015 0005 0010 0002
0001 0001 0001 0001 0000 0000 0000 0000 0000 0000 0000 0000.
0000 0000 0000 0000 0000 0000 0000 0000 0000 0000 0000 0000
0000 0000 0000 0000 0000 0000 0000 0000 0000 0000 0000 0000.
0000 0000 0000 0000 0000 0000 0000 0000 0000 0000 0000 0000
0000 0000 0000 0000 0000 0000 0000 0000 0000 0000 0000 0000=
0000 ////////// 00000=
W=
L=
Z=
G=
FN
086041 069030 071031 062037 065038 044034
073031 052020 061029 072021 061031 075058
072054 076056 046065 064051 083060 063053
062049 053049 075031 080040 075019 037038.
032038 032032 020022 202006 257011 PPC000
220014 022014 038025 056021 083023 081025
064025 096026 048022 127031 103063 051051
084039 098051 084040 052032 069030 046031.
045030 042024 050033 044031 062022 074013
184012 036029 248019 037009 087009 071046
061036 084045 073060 102036 061028 109045
068046 066062 079078 052077 060061 067057.
059058 040047 049038 048024 255014 283015
240012 254015 273026 352009 036013 069014
084013 078013 069030 112033 113031 209016
049026 100030 084025 074044 072024 014019.
145008 281024 261021 269036 256027 325027
308035 243012 058005 326005 339010 084008
180021 198021 130018 241028 206025 104020
141029 095046 072026 071047 050039 059051.
051037 047043 065022 057027 046022 053016
124010 210006 266012 026011 254011 234013
228021 198026 228037 219026 214019 146026
184025 226020 145027 223025 237016 253027.
278026 265026 259028 274018 279030 274032
268035 311021 292053 358025 233011 007018
244014 217013 081020 058036 061027 105011
216018 232021 146025 064009 052017 307008.
314013 PPC001 207011 334016 312025 235021
332026 212010 095009 104007 193006 066010
179013 126025 082025 080027 080048 094044
078047 064053 072058 078053 075053 052055.
060059 046060 048031 056035 053044 066031
176020 041019 063038 057027 066038 091030
063029 070032 084042 081029 040036 058023
082037 082055 063044 069056 064042 046039.
043040 054040 049042 049022 331009 327009
266020 226016 269016 273017 277008 236018
217028 184030 180024 143027 165023 116017
296013 084024 141026 143016 198029 220023.
248021 246022 236028 254025 243022 270012
236020 269019 264017 262021 205009 137007
173013 060006 142007 213010 205014 201015
194009 219015 212006 230010 239019 259012.
305011 292025 318005 305028 354048 307024
016043 335084 355098 342090 162020 227030
224023 250017 289054 289032 278040 274031
200012 208010 124019 217014 208014 080009.
048008 027014 337020 004006 217010 255019
300012 017009 252010 268018 255006 219012
140014 089019 110014 133017 123022 106018
123015 131017 164013 224026 286060 264020.
338109 306055 246047 241010 232014 257024
273033 302055 261020 163014 240037 221055
279046 265021 262054 258052 283027 295033
250040 337056 275027 274030 284022 300019.
296020 270021 275022 278028 286028 262026
251025 277032 267035 295042 287043 317028
288035 277022 290029 257044 257030 316018
294023 274036 327023 305012 335012 256025.
260024 276022 226018 271007 255018 278030
273028 267032 266028 269036 275038 265028
292046 274053 276054 295043 302043 281032
288021 296052 286041 040004 001026 348027.
006032 353021 015022 356023 030016 018018
335028 341028 259019 253013 226004 238009
210015 094024 185027 221031 175015 089008
123022 058025 079043 092030 039037 027044.
025024 261008 206012 220017 038005 344012
277006 002009 012020 061009 063018 052023
121014 112007 069015 199021 117016 189009
240017 126022 114024 088027 064024 050012.
PPC000 PPC000 PPC000 221010 274022 261023
255021 265026 251014 224016 247006 253017
174016 103026 101029 120039 086052 113044
065049 083023 088054 068040 067053 056038.
041044 039025 069021 030019 083006 007018
038012 154005 010013 257018 267009 193020
189021 175022 154027 102025 085032 114040
095044 096034 089063 069049 064059 061037.
045056 049035 037029 032022 025023 050029
038027 050025 067025 069032 064033 073065
081032 075034 061068 087041 084047 066054
080030 071049 070038 038038 054037 046045.
062024 074020 060023 065024 053025 051023
060025 019015 065015 327011 278026 287018
282021 042012 299021 260020 279028 269019
300032 279014 247024 292018 305016 234016.
019018 283010 297019 328016 245013 194009
337005 311019 238011 001014 009012 250016
217011 224013 288020 229014 088019 088023
091044 069039 076024 084021 119008 047013.
060009 223007 131015 071018 029012 028015
296018 301018 236004 321030 PPC000 321006
266018 251015 249019 246023 091013 278020
265027 265023 283030 280026 295032 287011.
021009 279007 152003 196012 275018 094008
060006 248017 255016 042015 350009 237009
232006 227017 209016 207024 209026 213018
146021 057024 077024 120017 093004 288014.
279022 259020 282032 260029 275026 265029
278019 272024 284025 254018 323007 212010
183013 190016 179010 102010 125029 203020
104020 115021 294004 083025 058021 029027.
041010 023025 303022 025013 096007 243015
219012 251008 254022 257023 310010 276013
210010 208025 117018 186023 292007 129014
056034 035035 050028 106013 082007 224022.
252022 261027 259029 281024 283032 284027
045015 071026 032015 069019 051028 070042
082046 082045 052031 089048 132023 055029
085021 231043 071019 008031 274025 250020.
261012 352014 333023 299012 291034 299026
241016 017011 143014 345006 344043 292036
296064 299031 271034 247021 343037 345046
022023 277018 036027 288028 283028 283021.
280022 294022 302035 293032 123007 223014
282017 PPC000 033004 354012 254007 065011
061017 151018 107008 044023 079037 055046
088049 056028 090037 079042 068040 041043.
054052 049051 064029 048029 055027 059036
067024 061022 053042 068032 078028 076040
067042 058024 075040 077035 078046 081025
066026 056029 078047 205017 021014 280012=
080039 078034 064030 061036 066039 051035
071030 049021 058025 071023 064033 074052
069057 072059 050067 073053 079055 053048
068052 056052 069031 080038 078019 035037.
034037 032031 022022 257005 255011 PPC000
206012 031011 038023 054021 080021 082023
070027 093026 075027 105034 096063 059057
080041 093045 085039 062032 070028 045029.
045031 040024 047034 042030 059023 104012
167011 036030 250018 051011 075009 069041
068040 082045 073055 083037 066038 100039
071048 064060 073073 062071 058065 062058.
057050 042050 051040 048025 249014 279015
229011 248013 270025 321010 036012 066015
083012 053015 076026 100034 116030 129016
066032 102032 093028 069040 075024 016020.
144008 281024 266021 270034 258027 327026
306037 299009 041006 344006 355009 086009
178020 186022 152021 257033 218025 100018
122029 091045 074031 071045 052038 056048.
050039 048040 065022 054028 051021 062014
116010 202005 262013 023012 253010 232014
225019 203025 227035 220028 214019 144027
175030 234027 151032 219027 235017 251027.
271026 258029 257027 262020 282031 274033
273034 303022 295048 358027 242010 007019
247011 214011 081020 056032 060027 092011
226017 229023 135025 076008 032013 304010.
309016 339005 214010 328013 311029 237022
325026 213012 166010 133006 194006 072012
182011 126023 091026 087027 091044 085043
088047 068054 065058 074053 068056 055055.
061060 052057 053029 056035 052042 064030
160017 041020 061040 057029 064037 087029
067030 076032 076040 075035 055040 069022
098033 078052 068049 075053 064044 050039.
047041 052042 050043 054022 357014 309008
272019 227015 272018 276017 283006 242017
212030 180028 186022 170023 145025 127023
216017 084028 132026 147023 192029 228024.
248022 249023 238028 254025 247022 267013
235019 268018 260018 264024 185008 121007
175011 037006 184007 227009 223010 204013
205010 211015 244003 235010 245018 260012.
304011 285022 300006 306027 356050 292025
352037 325077 351102 341093 157025 266025
253023 272019 286050 285033 278044 290036
189012 210010 132019 191012 199014 055007.
057007 013014 338018 323005 228011 260019
311013 014007 240010 268016 270007 223011
149015 077020 099016 121017 113022 103022
123018 136017 189015 228025 296050 263023.
337090 308060 238045 243011 248018 255025
273031 304051 244022 204019 238037 218053
252045 262035 264048 259045 290030 285039
238030 330048 283024 281030 283021 302019.
294020 270022 275021 279027 284028 254022
249024 276031 267033 295042 291044 305037
287040 281023 289031 262043 275036 328029
285027 281031 318023 274014 330013 256024.
259025 274021 223019 274008 252018 279030
273027 267037 264030 271033 275038 267030
283039 274051 275065 302044 303042 284036
282029 288047 294033 013011 003027 347026.
002031 003021 013023 359023 059017 014017
335028 342028 256019 254015 PPC002 226011
204013 100024 179024 212030 181016 091015
093020 069023 076041 093037 041036 028041.
025022 248009 204013 220018 082003 347012
273008 007009 014020 055010 064018 055023
123014 096007 082013 208020 124015 174008
239015 133019 113024 087029 063024 052014.
PPC002 PPC000 PPC000 221011 271020 262023
260023 266027 249014 224013 262008 234019
158017 084024 089028 115040 082049 109045
068042 089029 086050 070041 065055 059040.
043046 037027 072021 036020 071007 008017
035010 160006 011013 252018 262010 189017
192022 176021 143028 112027 110031 105041
096047 096037 082050 069058 063055 057037.
049054 050038 044028 029023 029024 051029
039025 053027 069028 067034 070033 072069
086030 078043 058060 083043 075048 073056
072031 069047 070038 042039 051037 041043.
066025 073021 064021 064024 054023 050022
059023 024016 071015 345011 279025 285017
283023 048011 290025 270023 282027 266019
288029 278017 248026 294020 305017 225016.
012016 289011 284018 334014 246012 183008
357004 311018 238009 354016 007012 248015
217010 219015 275017 230012 083019 090023
096041 075044 080026 088020 124011 046010.
051012 214008 136015 067022 047014 020014
284018 311019 250006 340027 PPC000 310007
267021 252016 253018 249022 084013 275022
264026 269022 283026 279029 293034 283011.
028009 276009 127004 212011 266016 104008
046008 248017 258017 038017 012007 251008
254008 213016 217015 210021 186021 201015
160016 071024 076025 108014 096005 288017.
282024 265022 284032 257028 275027 267029
288016 268023 278025 255019 294007 233010
182013 192018 174013 129015 122023 184020
109021 108016 305007 085027 062020 028026.
034012 022023 296022 029011 073008 240014
215013 275010 264020 257022 300013 274012
208012 207026 120015 168025 254013 101016
070034 033036 055027 100013 101009 221019.
251022 268027 260029 279024 286032 288026
053013 071025 037017 069018 054025 065041
084046 076039 060034 097045 121028 066034
084022 224033 082018 004031 276023 254024.
285013 345012 333022 305013 290030 298027
241017 015012 146013 007006 332036 296034
294062 298037 279034 252021 337038 336042
359026 302018 036027 291028 281027 281022.
284021 292020 303034 298031 157007 223013
286017 PPC000 034004 359012 254008 066011
067017 144019 118015 055025 072034 065047
079045 073027 088040 078044 070041 042042.
055051 055049 058027 045031 058027 053036
067024 061020 054040 066034 076027 069039
065039 058031 076038 078037 082040 085027
061024 059031 073045 201017 021011 273011=
076071 0936 106075 1011
075064 1250 109092 1227
082056 1709 120068 1748
060059 2003 082068 2001
056082 1510 091079 1530
052223 1551 088237 1550
052297 0502 077298 0501
062070 1627 087072 1908
065057 2007 098040 2033
050048 2246 073058 2122
031234 2236 048230 0637
137336 0606 254345 0606
055304 1923 085302 1923
097330 2129 175330 2129
071290 0836 120292 0831
072275 1059 112274 1136
050094 1345 080091 1343
041031 2001 053082 1731
057086 1305 087081 1317
075071 1731 115051 1817
079076 0754 104063 0748
045048 2004 061342 1025
052074 1524 073079 1557
035290 1843 056311 1842
032050 1643 047158 1218
041276 2331 060266 2331
055058 1528 074059 1527
063245 1605 104230 1603
062294 0900 114268 0854
056080 1228 080083 1228
057051 2107 084056 2107=
D=
K=
A=
S=
B=
??????
******
YF
O2181
河南省
豫洛宁上戈
洛宁县上戈乡里石头村人影基地
山地；乡村；地面
空缺
计算机
计算机
计算机
计算机
计算机
20120613=
JY
8888=
GK
01/
05/=
BZ
00/342106/1111307
10/24/逐时观测
10/24/24时连续观测
11/不守班=
######
