O2185 3357N 11123E 012540 012540 105 000 S15 91999999919999199999 0 2011 06
P=
TB
0102 0084 0075 0067 0059 0057 0050 0045 0038 0045 0089 0152
0218 0236 0247 0247 0244 0245 0239 0228 0219 0214 0193 0155 0258 1324 0036 0530.
0124 0107 0095 0087 0086 0088 0087 0087 0085 0089 0110 0132
0173 0211 0228 0242 0241 0236 0235 0241 0237 0229 0212 0155 0251 1223 0084 0019.
0123 0107 0094 0086 0078 0070 0060 0057 0050 0053 0096 0152
0214 0230 0240 0244 0235 0233 0232 0237 0232 0215 0193 0170 0250 1227 0048 0507.
0163 0149 0127 0103 0088 0075 0070 0064 0060 0063 0094 0150
0204 0220 0221 0217 0226 0224 0229 0238 0229 0222 0198 0166 0242 1610 0058 0505.
0153 0137 0128 0122 0120 0119 0124 0119 0106 0110 0123 0150
0189 0224 0227 0230 0231 0231 0227 0219 0212 0209 0192 0179 0240 1213 0105 0549.
0169 0157 0149 0140 0135 0130 0121 0105 0102 0100 0116 0142
0180 0217 0240 0255 0267 0264 0281 0279 0282 0273 0242 0198 0293 1554 0099 0558.
0171 0157 0140 0127 0122 0114 0111 0102 0098 0096 0132 0188
0246 0278 0292 0296 0308 0300 0312 0315 0317 0306 0241 0192 0326 1732 0092 0544.
0161 0147 0135 0130 //// //// //// 0111 0102 0105 0155 0197
0274 0309 0304 0309 0312 0310 0317 0310 0297 0272 0258 0215 0328 1508 0100 0516.
0190 0180 0169 0157 0149 0146 0140 0138 0138 0144 0160 0186
0200 0204 0221 0229 0220 0224 0218 0216 0204 0206 0194 0180 0231 1224 0135 0438.
0170 0160 0143 0143 0130 0127 0126 0126 0125 0122 0148 0184
0204 0223 0234 0243 0252 0261 0268 0266 0264 0259 0232 0185 0273 1524 0121 0606.
0144 0123 0109 0103 0102 0091 0083 0084 0082 0095 0135 0174
0225 0262 0278 0288 0285 0293 0295 0299 0287 0276 0246 0206 0305 1456 0080 0427.
0172 0154 0137 0119 0116 0107 0102 0097 0097 0105 0138 0190
0237 0248 0256 0268 0278 0286 0271 0219 0223 0238 0204 0177 0287 1411 0094 0534.
0160 0141 0128 0123 0119 0115 0117 0112 0112 0116 0135 0169
0211 0226 0235 0242 0237 0228 0238 0236 0228 0216 0207 0195 0247 1150 0109 0436.
0185 0170 0167 0172 0169 0154 0134 0129 0132 0138 0151 0164
0184 0202 0214 0213 0217 0223 0215 0215 0215 0207 0192 0166 0228 1412 0127 0357.
0146 0129 0122 0107 0102 0106 0114 0114 0115 0114 0115 0126
0188 0239 0269 0268 0273 0280 0286 0284 0274 0258 0240 0204 0304 1645 0096 0112.
0175 0158 0150 0140 0127 0127 0122 0115 0109 0130 0136 0157
0227 0253 0267 0281 0271 0264 0259 0260 0248 0236 0225 0209 0284 1208 0108 0459.
0191 0181 0179 0178 0165 0162 0160 0156 0152 0152 0159 0165
0169 0170 0169 0175 0187 0182 0176 0171 0171 0166 0161 0159 0209 2001 0149 0512.
0158 0158 0156 0153 0143 0136 0137 0138 0137 0133 0139 0162
0195 0182 0198 0214 0224 0221 0236 0239 0217 0214 0201 0165 0244 1454 0132 0542.
0147 0137 0126 0120 0121 0130 0129 0129 0127 0126 0127 0134
0164 0212 0231 0239 0254 0248 0238 0245 0242 0233 0211 0190 0259 1258 0117 0049.
0191 0192 0181 0167 0153 0148 0151 0152 0152 0152 0158 0161
0161 0187 0212 0223 0227 0217 0210 0200 0183 0180 0171 0166 0237 1248 0146 0143.
0165 0162 0163 0165 0167 0168 0170 0171 0171 0174 0179 0187
0193 0196 0200 0214 0216 0212 0214 0218 0219 0211 0205 0195 0220 1546 0161 2206.
0190 0188 0188 0188 0186 0184 0183 0182 0182 0181 0183 0187
0198 0217 0227 0222 0215 0221 0222 0225 0229 0218 0204 0198 0232 1656 0180 0551.
0191 0181 0179 0177 0178 0174 0174 0171 0167 0162 0163 0163
0165 0173 0175 0185 0187 0191 0201 0219 0221 0222 0191 0162 0236 1723 0160 0539.
0144 0131 0132 0135 0132 0126 0122 0116 0110 0110 0130 0182
0230 0272 0284 0289 0290 0294 0303 0298 0277 0266 0245 0230 0309 1516 0108 0552.
0198 0202 0202 0202 0171 0152 0146 0135 0143 0149 0156 0165
0177 0175 0185 0181 0185 0196 0184 0192 0182 0179 0167 0161 0230 2001 0135 0400.
0156 0152 0153 0154 0154 0150 0150 0147 0140 0135 0138 0146
0150 0170 0179 0188 0191 0207 0217 0223 0221 0213 0193 0165 0225 1535 0135 0600.
0158 0152 0152 0152 0153 0152 0150 0150 0151 0153 0158 0180
0197 0197 0207 0205 0217 0233 0240 0231 0221 0222 0199 0165 0246 1505 0150 0300.
0148 0135 0124 0114 0107 0105 0112 0108 0107 0104 0112 0150
0211 0237 0251 0259 0267 0274 0277 0271 0267 0270 0226 0169 0290 1525 0102 0128.
0149 0133 0125 0118 0111 0107 0098 0096 0118 0126 0134 0148
0228 0254 0266 0277 0282 0278 0277 0277 0264 0257 0243 0192 0292 1314 0095 0403.
0170 0157 0152 0146 0137 0131 0123 0118 0125 0133 0143 0184
0246 0271 0290 0300 0305 0307 0306 0299 0284 0268 0254 0208 0320 1417 0115 0422=
I=
E=
U=
N=
H=
C=
V=
R6
0000 0000 0000
0000 0000 0000
0000 0000 0000
0000 0000 0000
0000 0000 0000
0000 0000 0000
0000 0000 0000
//// //// ////
0000 0000 0000
0000 0000 0000
0000 0000 0000
0000 0000 0000
0000 //// ////
0000 0000 0000
0000 0000 0000
0000 0000 0000
0002 0120 0122
0017 0000 0017
0000 0000 0000
0013 0007 0020
0004 0000 0004
0003 0004 0007
0164 0048 0212
0001 0000 0001
0026 0000 0026
0002 0005 0007
0025 0000 0025
0000 0000 0000
0000 0000 0000
0000 0000 0000=
0000 0000 0000 0000 0000 0000 0000 0000 0000 0000 0000 0000
0000 0000 0000 0000 0000 0000 0000 0000 0000 0000 0000 0000.
0000 0000 0000 0000 0000 0000 0000 0000 0000 0000 0000 0000
0000 0000 0000 0000 0000 0000 0000 0000 0000 0000 0000 0000.
0000 0000 0000 0000 0000 0000 0000 0000 0000 0000 0000 0000
0000 0000 0000 0000 0000 0000 0000 0000 0000 0000 0000 0000.
0000 0000 0000 0000 0000 0000 0000 0000 0000 0000 0000 0000
0000 0000 0000 0000 0000 0000 0000 0000 0000 0000 0000 0000.
0000 0000 0000 0000 0000 0000 0000 0000 0000 0000 0000 0000
0000 0000 0000 0000 0000 0000 0000 0000 0000 0000 0000 0000.
0000 0000 0000 0000 0000 0000 0000 0000 0000 0000 0000 0000
0000 0000 0000 0000 0000 0000 0000 0000 0000 0000 0000 0000.
0000 0000 0000 0000 0000 0000 0000 0000 0000 0000 0000 0000
0000 0000 0000 0000 0000 0000 0000 0000 0000 0000 0000 0000.
0000 0000 0000 0000 //// //// //// 0000 0000 0000 0000 0000
0000 0000 0000 0000 0000 0000 0000 0000 //// 0000 0000 0000.
0000 0000 0000 0000 0000 0000 0000 0000 0000 0000 0000 0000
0000 0000 0000 0000 0000 0000 0000 0000 0000 0000 0000 0000.
0000 0000 0000 0000 0000 0000 0000 0000 0000 0000 0000 0000
0000 0000 0000 0000 0000 0000 0000 0000 0000 0000 0000 0000.
0000 0000 0000 0000 0000 0000 0000 0000 0000 0000 0000 0000
0000 0000 0000 0000 0000 0000 0000 0000 0000 0000 0000 0000.
0000 0000 0000 0000 0000 0000 0000 0000 0000 0000 0000 0000
0000 0000 0000 0000 0000 0000 0000 0000 0000 0000 0000 0000.
0000 0000 0000 0000 0000 0000 0000 0000 0000 0000 0000 0000
0000 0000 0000 0000 0000 0000 0000 //// 0000 0000 0000 0000.
0000 0000 0000 0000 0000 0000 0000 0000 0000 0000 0000 0000
0000 0000 0000 0000 0000 0000 0000 0000 0000 0000 0000 0000.
0000 0000 0000 0000 0000 0000 0000 0000 0000 0000 0000 0000
0000 0000 0000 0000 0000 0000 0000 0000 0000 0000 0000 0000.
0000 0000 0000 0000 0000 0000 0000 0000 0000 0000 0000 0000
0000 0000 0000 0000 0000 0000 0000 0000 0000 0000 0000 0000.
0000 0000 0000 0000 0000 0000 0000 0000 0000 0000 0000 0002
0004 0022 0011 0001 0000 0003 0011 0017 0015 0017 0014 0005.
0001 0000 0000 0001 0000 0003 0004 0007 0001 0000 0000 0000
0000 0000 0000 0000 0000 0000 0000 0000 0000 0000 0000 0000.
0000 0000 0000 0000 0000 0000 0000 0000 0000 0000 0000 0000
0000 0000 0000 0000 0000 0000 0000 0000 0000 0000 0000 0000.
0000 0000 0000 0000 0000 0000 0000 0000 0000 0000 0001 0012
0002 0000 0000 0000 0000 0000 0000 0000 0002 0001 0000 0002.
0000 0000 0000 0000 0000 0003 0000 0000 0001 0000 0000 0000
0000 0000 0000 0000 0000 0000 0000 0000 0000 0000 0000 0000.
0000 0000 0000 0000 0000 0000 0000 0000 0000 0003 0000 0000
0000 0000 0000 0000 0000 0000 0003 0000 0000 0000 0000 0001.
0000 0025 0037 0012 0001 0000 0000 0000 0007 0049 0013 0020
0009 0014 0020 0004 0001 0000 0000 0000 0000 0000 0000 0000.
0000 0000 0000 0000 0000 0000 0000 0000 0000 0000 0001 0000
0000 0000 0000 0000 0000 0000 0000 0000 0000 0000 0000 0000.
0000 0000 0000 0000 0003 0022 0000 0000 0001 0000 0000 0000
0000 0000 0000 0000 0000 0000 0000 0000 0000 0000 0000 0000.
0000 0001 0001 0000 0000 0000 0000 0000 0000 0000 0000 0000
0005 0000 0000 0000 0000 0000 0000 0000 0000 0000 0000 0000.
0000 0000 0000 0000 0001 0004 0010 0006 0003 0000 0001 0000
0000 0000 0000 0000 0000 0000 0000 0000 0000 0000 0000 0000.
0000 0000 0000 0000 0000 0000 0000 0000 0000 0000 0000 0000
0000 0000 0000 0000 0000 0000 0000 0000 0000 0000 0000 0000.
0000 0000 0000 0000 0000 0000 0000 0000 0000 0000 0000 0000
0000 0000 0000 0000 0000 0000 0000 0000 0000 0000 0000 0000.
0000 0000 0000 0000 0000 0000 0000 0000 0000 0000 0000 0000
0000 0000 0000 0000 0000 0000 0000 0000 0000 0000 0000 0000=
0000 ////////// 00000=
W=
L=
Z=
G=
FN
348006 292007 283007 PPC000 300004 276007
270006 339003 PPC000 PPC000 PPC000 057003
053006 205018 077025 336014 125030 188068
185066 183048 190019 173022 316007 333008.
015007 PPC001 258009 262006 PPC000 030005
269008 283006 PPC000 PPC002 PPC000 261003
PPC001 226008 215033 190037 205041 190025
200042 174040 163035 210034 219022 325007.
301004 244003 275006 PPC001 PPC000 PPC000
279008 192004 PPC000 251003 038008 104008
157018 160027 186025 175041 190041 153030
167041 143039 240030 202020 PPC002 302010.
111007 182012 304004 271004 PPC001 PPC002
273006 091006 035007 PPC002 PPC000 145005
073015 016018 000019 323011 059018 110036
119020 090017 065022 082010 266007 PPC002.
248005 PPC000 PPC002 PPC002 PPC002 246006
295006 PPC000 346005 354007 143004 103004
170010 160018 083026 130017 165035 100026
177017 185009 302006 183003 PPC001 026013.
010004 287008 153006 298007 053005 268005
292010 311006 022007 308005 117005 028009
208007 165018 190042 183019 188019 203011
051022 286029 348024 309012 227019 009010.
078004 227006 317006 106003 093009 163010
183006 343008 PPC000 PPC000 023006 114005
172010 343023 282036 356054 358016 027030
001030 305035 354024 347012 334021 238007.
PPC000 289007 172003 223004 ////// //////
////// 274005 304004 272004 PPC002 214008
166032 177014 008035 000033 005028 354016
325010 232015 ////// 240011 323010 341008.
PPC002 308007 176005 112008 193006 295009
296005 282007 078008 149005 357009 270008
140026 181014 356008 020010 348036 007027
025023 034011 331015 021027 026011 331008.
245003 PPC000 PPC000 176004 283012 PPC002
076005 206007 PPC002 143004 011007 337023
351026 351026 002013 332023 352026 060013
352030 018033 352028 344021 312010 339011.
PPC000 028005 239004 209003 273006 PPC002
PPC001 261007 PPC001 PPC000 016005 151010
127004 221011 151035 347021 045025 113028
348040 315029 324030 355015 013017 020009.
PPC000 PPC002 PPC001 133007 335006 258008
PPC002 PPC000 272007 108005 PPC002 PPC001
158026 143038 108035 075024 021019 101023
200024 017028 327008 346013 124026 321010.
315014 330009 PPC001 PPC000 281003 PPC002
023009 093005 062005 PPC000 217006 144006
263006 226029 192033 147024 204018 201018
190021 ////// 176030 137024 161011 184025.
080011 328009 166003 171018 150018 292010
303006 277007 079010 283007 048006 144006
209008 125024 210014 166011 013015 119014
059019 153025 083017 144010 242007 287008.
026003 283005 PPC001 PPC002 279006 226003
014009 026008 322008 PPC002 352009 099005
164005 136009 339005 342014 040011 001030
132017 199020 227017 233024 203019 300008.
PPC001 253006 PPC000 107003 099004 276005
330004 202006 PPC000 029004 PPC001 PPC002
174009 206008 133033 193042 194028 179009
181014 101025 151030 172030 164012 064009.
278010 032007 348009 153006 046004 019010
313011 010008 196003 222007 261010 229007
117011 130011 068003 215011 131008 025008
015010 018008 PPC001 182007 286016 PPC001.
030008 286008 181007 256005 247005 320007
PPC000 091005 130005 026009 032006 174006
022029 189024 081029 150034 057045 027028
202014 209015 148022 189016 020014 271007.
279005 251005 338005 PPC002 PPC000 PPC000
337006 130003 349008 039010 126008 222003
PPC001 063022 112025 091030 173021 183048
143029 167021 203025 218018 148012 202005.
206010 237011 289008 078005 037005 308004
333009 290006 051008 254005 124004 206014
201008 308006 192024 208024 195028 171019
183022 195027 127014 020010 026013 000008.
335009 273010 028008 PPC000 009009 333007
309010 279009 PPC000 051003 148006 119011
231012 140016 143010 100023 339010 184029
104020 170019 103013 121008 349010 347010.
333009 336006 PPC000 PPC002 280003 337006
202004 324005 338007 300004 215007 PPC000
191009 331009 197013 165011 129014 297012
180010 314008 186007 358018 356019 012014.
015013 333011 359016 358009 332019 338010
359012 337008 002006 356008 334012 326010
330008 177010 195022 185011 196010 220013
262006 254008 061008 189013 340009 335006.
237004 000010 008009 352008 022011 326009
022008 008006 274006 PPC000 PPC000 105006
221004 357026 346023 010038 025027 005026
351028 015008 135023 195012 061018 083014.
021009 PPC002 113010 121045 185017 054009
278011 083011 074009 PPC000 PPC001 155009
106012 118009 165011 059020 082010 005015
019035 007015 353020 358031 005027 016010.
268011 219009 PPC002 232007 003009 333014
298008 013010 016016 011013 029011 107004
083007 PPC002 218009 208013 166023 359020
013029 355022 347008 312010 145003 279007.
247006 PPC000 PPC000 269007 PPC000 121005
250003 278007 PPC000 101008 221003 151012
192006 345014 357014 352030 003025 199029
351013 358040 007022 038021 347008 117008.
349003 283006 PPC001 PPC002 267004 019005
248006 278009 PPC002 308009 072006 141008
177018 049018 032029 005022 150042 190018
144015 127016 065010 067006 289005 013009.
029007 PPC000 298008 284005 012006 281008
PPC000 099007 218006 PPC002 014007 PPC000
063003 337013 197028 197032 219015 186030
191029 180021 232031 206035 199022 285010.
PPC000 223005 040007 242005 251005 PPC000
009004 067006 006005 016010 093004 161013
103007 169034 197020 142019 198014 145017
189037 234023 217027 208037 209021 247010=
354005 287007 290005 311003 295004 281006
273007 305005 PPC000 PPC002 066004 056005
071007 202017 105024 330013 133036 175047
186049 188037 201023 175021 301009 339006.
054005 260003 244003 170005 135004 PPC002
259006 271005 PPC000 PPC000 PPC000 PPC002
PPC000 231006 192023 195025 190040 197033
205040 179038 182031 201031 219021 328006.
PPC002 PPC002 256005 286004 310004 146003
280005 PPC002 328003 PPC001 039006 134004
159015 174031 190025 189031 185040 151026
167042 121035 207027 204017 181007 279008.
074008 150007 283007 238005 335006 232003
276008 162006 347006 PPC002 PPC000 160003
074013 063018 007016 158016 079018 122025
148027 089017 087018 075009 261007 332004.
260003 265003 344003 275004 PPC001 PPC002
282005 PPC000 005004 024003 146004 072005
163006 155022 089018 152020 151032 114024
161015 185008 288004 166004 PPC002 016014.
357007 219005 145007 284005 016005 PPC002
283009 327006 012008 PPC002 101004 045003
196005 176018 178033 169017 184020 183015
021027 270020 294017 305008 210024 356012.
095005 134008 343006 200006 040006 209007
218005 011009 PPC002 PPC000 048006 096004
149007 345026 293029 329032 297022 026031
347028 311026 002015 338011 338020 246010.
PPC002 304006 237004 181004 ////// //////
////// 264003 277003 262003 061003 182008
180026 209016 004030 007035 009025 348023
328014 197010 ////// 208006 314006 353008.
168004 293005 222006 173006 203007 255004
211003 275005 141007 101006 319004 209007
130021 177012 285010 016012 353033 009026
356025 054010 321020 015019 038013 347007.
PPC002 PPC002 PPC001 099005 277006 172003
030005 213004 PPC002 078004 028010 339020
355023 350026 351026 348026 347024 051026
011024 327023 351026 339019 311013 340011.
201004 341006 195004 258004 274005 PPC002
PPC002 260007 261003 PPC000 043007 158007
156007 205013 173026 005024 038027 068035
352034 318026 347024 002014 011012 083006.
345006 PPC002 PPC000 091006 359006 259007
PPC002 232003 262004 132005 145003 PPC002
163019 151025 098027 062021 036020 152021
188028 019028 355013 355012 112024 332004.
329012 339007 271003 PPC000 PPC001 PPC002
084003 110005 139005 PPC001 219003 167003
269003 216023 200036 132030 186025 181032
193025 ////// 179026 130032 162017 183019.
106016 331007 166007 164018 164013 283010
006003 280004 099006 290010 PPC002 125005
189005 133017 195027 149016 012017 148014
078017 149029 100016 140013 215007 261003.
027006 004003 PPC001 PPC001 280005 255003
012009 033009 331003 PPC001 036006 006006
141006 145008 038007 047018 073014 010034
119021 182018 206029 225022 200023 PPC002.
155003 252004 PPC002 030004 121005 007003
013005 214004 PPC001 040006 PPC001 127004
189006 214009 145027 196031 200029 219016
170020 114030 150028 159026 172016 095015.
300008 354006 342011 232011 PPC002 029005
354009 012008 114003 170008 291011 243010
132008 140010 053007 209009 142008 025013
016010 335010 335006 165010 275009 PPC000.
019007 312006 173010 292005 248004 332006
PPC002 105005 160004 030009 058004 130005
038023 182017 132025 114028 102035 093027
180015 165016 147023 183015 023017 251007.
PPC002 222005 346005 295005 350003 335005
334007 093004 315008 039010 095006 094003
PPC001 062019 121018 135014 174012 170027
144029 159023 201028 226023 155012 209008.
205007 207009 345009 348004 022003 341006
286009 282008 027005 267005 071004 201013
177010 042010 194023 189027 198033 177027
177027 174020 124011 054005 025013 342010.
349006 277009 017006 PPC001 022006 325006
307006 263009 154004 007003 162007 128013
208005 139020 148016 103020 166018 181023
126018 156012 119013 037009 343010 355013.
342007 339003 PPC000 PPC001 314004 330004
189006 350007 340008 342004 239003 248004
208009 341003 175010 159010 120013 201007
197006 299010 163007 001016 357017 015012.
014017 318007 003011 353013 330019 324020
359011 343010 350011 325005 344012 334012
324010 192007 189016 176012 191010 244008
294008 274009 095008 198015 330007 325005.
PPC001 339008 353007 349007 002008 339007
018005 351006 274005 PPC000 PPC002 106003
169004 355023 335021 022024 018027 006026
318019 028022 140021 181019 091023 096019.
037005 096006 148011 102032 184018 094005
278007 033007 054009 PPC002 PPC000 162008
110012 096011 208011 040023 067012 000014
022036 017017 352020 359026 005025 002012.
297012 207008 245006 168007 358006 347014
335008 007010 013016 010012 023012 PPC002
105004 358004 196010 194008 153016 002025
012025 356017 331012 317010 088003 279004.
346006 PPC001 PPC001 PPC001 PPC001 PPC001
263004 264003 358004 089005 PPC001 121009
182015 317012 002018 354027 354023 262020
319019 352035 343029 028015 325010 029009.
354007 266004 PPC002 283004 290005 018006
202005 284007 018006 305008 033003 136008
177019 026020 029022 004022 154031 160021
119021 142024 071007 023013 324005 358007.
023009 329003 275004 282006 PPC002 323003
PPC001 086004 PPC002 PPC002 026007 320003
106004 347008 215019 201020 206026 193028
190027 219021 220026 204030 207019 287004.
169003 PPC002 042008 255003 264003 PPC002
329004 054005 PPC001 015007 120004 152011
121006 168026 183015 150015 190015 161024
185034 219021 217033 206032 202029 240009=
063182 1407 076197 1400
055181 1333 088180 1225
044175 1233 063200 1125
032048 1129 048115 1406
034165 1346 056149 1018
036179 1105 051326 1421
044276 1049 069277 1042
046000 1119 069352 1125
037354 1315 049000 1245
039305 1533 065349 1148
054030 1421 086017 1412
047106 1823 061186 1428
037196 1057 057112 1205
031177 1057 050183 1052
038018 1354 058014 1408
041195 1215 059208 1148
018005 1343 026172 2325
036101 1302 067149 1244
034198 1408 053208 1354
038183 1149 059172 1147
026118 1207 034096 1252
024356 1738 032000 1735
027343 0155 050017 2121
037029 1526 056352 1314
037022 1457 055138 0004
026005 1453 040025 1459
041343 1609 064318 1604
032143 1302 049149 1259
040200 1743 059183 1735
042219 1650 059217 1641=
D=
K=
A=
S=
B=
??????
******
YF
O2185
河南省
豫栾川三川柳子村
栾川县三川镇柳子村南沟口农田
山地；乡村；地面
空缺
计算机
计算机
计算机
计算机
计算机
20120208=
JY
8888=
GK
01/
05/=
BZ
BB/01/24时气温用J文件60分钟值代替。01时气温用J文件60分钟值代替。02时气温用J文件60分钟值代替。03时气温用J文件60分钟值代替。04时气温用J文件60分钟值代替。05时气温用J文件60分钟值代替。06时气温用J文件60分钟值代替。日最低气温用05时30分数据代替。
BB/02/日最低气温用00时19分数据代替。
BB/03/01时气温用J文件60分钟值代替。02时气温用J文件60分钟值代替。03时气温用J文件60分钟值代替。04时气温用J文件60分钟值代替。05时气温用J文件60分钟值代替。06时气温用J文件60分钟值代替。日最低气温用05时07分数据代替。
BB/04/02时气温用J文件60分钟值代替。03时气温用J文件60分钟值代替。04时气温用J文件60分钟值代替。05时气温用J文件60分钟值代替。06时气温用J文件60分钟值代替。日最低气温用05时05分数据代替。
BB/08/17时气温用正点前1分钟值代替。
BB/11/03时气温用J文件60分钟值代替。04时气温用J文件60分钟值代替。05时气温用J文件60分钟值代替。日最低气温用04时27分数据代替。
BB/13/16时气温用正点前1分钟值代替。
00/335703/1112259
10/24/逐时观测
10/24/24时连续观测
11/不守班=
######
