O2199 3411N 11214E 004530 004530 105 000 S15 91999999919999199999 0 2012 03
P=
TB
0037 0034 0032 0032 0031 0029 0028 0026 0026 0026 0022 0024
0027 0025 0024 0016 0014 0016 0020 0020 0019 0020 0019 0019 0040 2003 0013 1257.
0020 0020 0020 0021 0021 0020 0020 0020 0021 0021 0021 0021
0021 0027 0032 0042 0046 0043 0030 0031 0027 0023 0020 0019 0050 1338 0017 1941.
0020 0020 0019 0013 0010 0006 0006 0006 0005 0006 0006 0004
0002 0005 0015 0006 0003 -001 0004 0004 0004 0005 0000 0000 0020 2042 -003 1351.
-001 -002 -004 -004 -005 -005 -006 -007 -008 -008 -008 -009
-006 0008 0014 0018 0025 0025 0028 0027 0024 0021 0020 0019 0029 1451 -010 0540.
0018 0016 0015 0013 0011 0012 0011 0010 0010 0010 0008 0010
0024 0043 0052 0068 0088 0099 0092 0089 0089 0083 0071 0057 0105 1413 0007 0724.
0051 0042 0041 0038 0036 0032 0029 0029 0029 0027 0027 0031
0051 0067 0081 0100 0102 0102 0101 0106 0100 0095 0080 0072 0111 1313 0026 0712.
0065 0059 0056 0054 0054 0049 0047 0045 0038 0037 0037 0036
0049 0080 0095 0112 0111 0111 0118 0117 0106 0098 0092 0083 0124 1446 0031 0731.
0082 0078 0074 0071 0072 0058 0052 0048 0048 0046 0045 0045
0058 0073 0089 0087 0077 0055 0047 0060 0064 0062 0059 0055 0096 1112 0042 0724.
0047 0043 0041 0036 0032 0026 0021 0015 0013 0010 0009 0010
0024 0044 0070 0080 0085 0084 0092 0092 0089 0080 0069 0060 0097 1439 0004 0533.
0054 0042 0037 0030 0024 0019 0017 0014 0013 0011 0011 0021
0050 0078 0118 0134 0149 0158 0155 0153 0148 0137 0118 0120 0163 1424 0007 0549.
0110 0110 0098 0069 0060 0052 0046 0040 0036 0021 0005 0001
0004 0009 0015 0035 0046 0052 0067 0072 0061 0049 0037 0030 0120 2002 0000 0751.
0024 0018 0012 0009 -001 -005 -009 -011 -017 -018 -021 -013
0010 0029 0045 0060 0063 0066 0084 0084 0084 0079 0067 0054 0088 1449 -022 0651.
0045 0039 0036 0029 0029 0012 0015 0016 0010 0005 0004 0029
0061 0098 0133 0154 0177 0181 0179 0172 0170 0157 0141 0123 0187 1343 0001 0644.
0110 0102 0098 0094 0087 0079 0071 0068 0069 0062 0049 0058
0083 0105 0121 0129 0143 0153 0156 0145 0141 0136 0128 0120 0157 1456 0045 0708.
0111 0106 0100 0098 0100 0096 0090 0083 0080 0082 0068 0063
0061 0059 0063 0063 0069 0064 0051 0045 0047 0046 0044 0045 0120 2001 0043 1631.
0046 0047 0047 0048 0048 0047 0043 0036 0031 0029 0033 0038
0059 0088 0100 0131 0148 0157 0163 0169 0167 0156 0139 0129 0169 1600 0027 0551.
0120 0109 0087 0082 0083 0078 0075 0069 0063 0059 0061 0061
0085 0122 0149 0165 0176 0189 0189 0188 0181 0166 0150 0136 0191 1349 0055 0621.
0123 0119 0116 0108 0097 0090 0080 0085 0090 0081 0084 0098
0121 0139 0130 0122 0117 0121 0108 0106 0098 0086 0070 0058 0141 1023 0058 2000.
0047 0041 0038 0035 0031 0026 0018 0012 0010 0010 0010 0007
0006 0004 0003 0009 0009 0008 0010 0011 0009 0008 0007 0007 0057 2001 0002 1002.
0006 0008 0007 0011 0008 0008 0009 0006 0005 0008 0008 0009
0016 0026 0036 0041 0044 0052 0053 0052 0054 0053 0049 0048 0055 1647 0004 0447.
0047 0042 0034 0027 0027 0023 0021 0019 0022 0022 0026 0027
0026 0023 0013 0010 0012 0008 0008 0009 0007 0008 0008 0008 0048 2020 0006 1637.
0010 0010 0011 0011 0011 0012 0012 0013 0015 0016 0018 0023
0031 0035 0041 0047 0060 0067 0072 0070 0083 0087 0087 0081 0088 1847 0007 2026.
0082 0077 0084 0075 0071 0062 0065 0087 0093 0089 0083 0087
0097 0106 0107 0111 0118 0125 0123 0123 0122 0116 0106 0086 0129 1412 0060 0211.
0073 0070 0058 0061 0060 0068 0047 0040 0037 0037 0029 0054
0092 0136 0172 0190 0199 0188 0192 0189 0189 0181 0166 0149 0200 1304 0028 0651.
0125 0098 0094 0087 0092 0073 0064 0061 0058 0056 0054 0081
0123 0154 0172 0199 0203 0203 0202 0204 0195 0184 0168 0152 0209 1340 0052 0651.
0138 0131 0123 0113 0110 0091 0086 0063 0057 0052 0051 0073
0114 0145 0175 0184 0203 0208 0224 0211 0211 0199 0184 0168 0225 1457 0048 0646.
0151 0138 0138 0124 0113 0103 0094 0090 0090 0080 0076 0102
0136 0168 0196 0209 0218 0226 0230 0233 0231 0219 0202 0188 0235 1524 0074 0656.
0178 0170 0156 0140 0137 0118 0110 0101 0096 0093 0089 0113
0139 0149 0176 0201 0209 0221 0212 0209 0198 0191 0189 0183 0224 1419 0088 0651.
0173 0163 0144 0131 0128 0126 0125 0125 0121 0120 0122 0122
0122 0130 0138 0153 0180 0193 0200 0198 0194 0185 0174 0161 0203 1454 0119 0607.
0151 0149 0143 0140 0133 0130 0128 0126 0132 0137 0125 0139
0155 0161 0163 0177 0185 0195 0178 0168 0166 0153 0141 0130 0195 1400 0124 0424.
0109 0100 0089 0084 0081 0070 0064 0063 0058 0058 0062 0097
0140 0177 0205 0221 0214 0233 0221 0216 0214 0208 0184 0170 0237 1347 0056 0516=
I=
E=
U=
N=
H=
C=
V=
R6
0000 0000 0000
0000 0000 0000
0000 0000 0000
0000 0000 0000
0000 0000 0000
0000 0000 0000
0000 0000 0000
0000 0000 0000
0000 0000 0000
0000 0000 0000
0000 0000 0000
0000 0000 0000
0000 0000 0000
0000 0000 0000
0000 0021 0021
0001 0000 0001
0000 0000 0000
0000 0000 0000
0004 0002 0006
0000 0000 0000
0000 0162 0162
0039 0000 0039
0000 0000 0000
0000 0000 0000
0000 0000 0000
0000 0000 0000
0000 0000 0000
0000 0000 0000
0046 0000 0046
0000 0000 0000
0000 0000 0000=
0000 0000 0000 0000 0000 0000 0000 0000 0000 0000 0000 0000
0000 0000 0000 0000 0000 0000 0000 0000 0000 0000 0000 0000.
0000 0000 0000 0000 0000 0000 0000 0000 0000 0000 0000 0000
0000 0000 0000 0000 0000 0000 0000 0000 0000 0000 0000 0000.
0000 0000 0000 0000 0000 0000 0000 0000 0000 0000 0000 0000
0000 0000 0000 0000 0000 0000 0000 0000 0000 0000 0000 0000.
0000 0000 0000 0000 0000 0000 0000 0000 0000 0000 0000 0000
0000 0000 0000 0000 0000 0000 0000 0000 0000 0000 0000 0000.
0000 0000 0000 0000 0000 0000 0000 0000 0000 0000 0000 0000
0000 0000 0000 0000 0000 0000 0000 0000 0000 0000 0000 0000.
0000 0000 0000 0000 0000 0000 0000 0000 0000 0000 0000 0000
0000 0000 0000 0000 0000 0000 0000 0000 0000 0000 0000 0000.
0000 0000 0000 0000 0000 0000 0000 0000 0000 0000 0000 0000
0000 0000 0000 0000 0000 0000 0000 0000 0000 0000 0000 0000.
0000 0000 0000 0000 0000 0000 0000 0000 0000 0000 0000 0000
0000 0000 0000 0000 0000 0000 0000 0000 0000 0000 0000 0000.
0000 0000 0000 0000 0000 0000 0000 0000 0000 0000 0000 0000
0000 0000 0000 0000 0000 0000 0000 0000 0000 0000 0000 0000.
0000 0000 0000 0000 0000 0000 0000 0000 0000 0000 0000 0000
0000 0000 0000 0000 0000 0000 0000 0000 0000 0000 0000 0000.
0000 0000 0000 0000 0000 0000 0000 0000 0000 0000 0000 0000
0000 0000 0000 0000 0000 0000 0000 0000 0000 0000 0000 0000.
0000 0000 0000 0000 0000 0000 0000 0000 0000 0000 0000 0000
0000 0000 0000 0000 0000 0000 0000 0000 0000 0000 0000 0000.
0000 0000 0000 0000 0000 0000 0000 0000 0000 0000 0000 0000
0000 0000 0000 0000 0000 0000 0000 0000 0000 0000 0000 0000.
0000 0000 0000 0000 0000 0000 0000 0000 0000 0000 0000 0000
0000 0000 0000 0000 0000 0000 0000 0000 0000 0000 0000 0000.
0000 0000 0000 0000 0000 0000 0000 0000 0000 0000 0000 0000
0000 0000 0000 0000 0000 0001 0009 0005 0006 0000 0000 0000.
0001 0000 0000 0000 0000 0000 0000 0000 0000 0000 0000 0000
0000 0000 0000 0000 0000 0000 0000 0000 0000 0000 0000 0000.
0000 0000 0000 0000 0000 0000 0000 0000 0000 0000 0000 0000
0000 0000 0000 0000 0000 0000 0000 0000 0000 0000 0000 0000.
0000 0000 0000 0000 0000 0000 0000 0000 0000 0000 0000 0000
0000 0000 0000 0000 0000 0000 0000 0000 0000 0000 0000 0000.
0000 0000 0000 0000 0000 0000 0000 0003 0000 0001 0000 0000
0000 0002 0000 0000 0000 0000 0000 0000 0000 0000 0000 0000.
0000 0000 0000 0000 0000 0000 0000 0000 0000 0000 0000 0000
0000 0000 0000 0000 0000 0000 0000 0000 0000 0000 0000 0000.
0000 0000 0000 0000 0000 0000 0000 0000 0000 0000 0000 0000
0000 0000 0026 0028 0004 0000 0000 0013 0039 0032 0014 0006.
0005 0022 0006 0003 0001 0000 0001 0001 0000 0000 0000 0000
0000 0000 0000 0000 0000 0000 0000 0000 0000 0000 0000 0000.
0000 0000 0000 0000 0000 0000 0000 0000 0000 0000 0000 0000
0000 0000 0000 0000 0000 0000 0000 0000 0000 0000 0000 0000.
0000 0000 0000 0000 0000 0000 0000 0000 0000 0000 0000 0000
0000 0000 0000 0000 0000 0000 0000 0000 0000 0000 0000 0000.
0000 0000 0000 0000 0000 0000 0000 0000 0000 0000 0000 0000
0000 0000 0000 0000 0000 0000 0000 0000 0000 0000 0000 0000.
0000 0000 0000 0000 0000 0000 0000 0000 0000 0000 0000 0000
0000 0000 0000 0000 0000 0000 0000 0000 0000 0000 0000 0000.
0000 0000 0000 0000 0000 0000 0000 0000 0000 0000 0000 0000
0000 0000 0000 0000 0000 0000 0000 0000 0000 0000 0000 0000.
0000 0000 0000 0000 0000 0000 0000 0000 0000 0000 0000 0000
0000 0000 0000 0000 0000 0000 0000 0000 0000 0000 0000 0000.
0000 0002 0008 0033 0003 0000 0000 0000 0000 0000 0000 0000
0000 0000 0000 0000 0000 0000 0000 0000 0000 0000 0000 0000.
0000 0000 0000 0000 0000 0000 0000 0000 0000 0000 0000 0000
0000 0000 0000 0000 0000 0000 0000 0000 0000 0000 0000 0000.
0000 0000 0000 0000 0000 0000 0000 0000 0000 0000 0000 0000
0000 0000 0000 0000 0000 0000 0000 0000 0000 0000 0000 0000=
0000 ////////// 00000=
W=
L=
Z=
G=
FN
112032 135020 128025 124023 141010 050005
134008 099008 049007 152006 PPC000 085012
131010 119013 319015 001009 351010 313009
355014 339023 004013 011012 352013 022012.
330010 339011 PPC002 PPC001 259003 017017
125003 181005 PPC000 014012 043008 116016
154016 104015 158020 122028 148020 119027
109031 095022 112017 141013 131012 124018.
116028 125017 123016 127028 120023 122026
121023 111013 074009 029008 154014 122014
114010 088025 065013 359023 060020 342015
346026 352015 008010 147005 123022 119020.
114011 116015 080011 113014 169009 090015
173011 105010 118008 066014 347006 341010
037018 136011 PPC000 090020 152016 099012
129010 162013 132013 111014 130015 053008.
045008 PPC000 325006 PPC000 PPC001 153005
PPC000 PPC002 PPC000 016011 PPC000 204010
293014 267009 312018 294017 238013 264013
317046 309042 328053 318038 346013 PPC002.
262007 112007 144007 315015 PPC000 285010
275010 308016 281011 249008 282010 274010
328008 266008 324008 324015 011022 030033
037040 350008 070014 170010 121019 103015.
103009 239005 168007 PPC000 307004 248007
038005 074013 250004 148005 028004 321009
276004 302009 351027 341033 000030 344012
308012 142024 142021 145019 139014 148020.
134018 126015 177009 045014 109015 160006
334003 133006 115011 121009 283006 245009
186009 076013 123014 117017 016026 049047
012014 198012 112026 139011 159013 147019.
146013 169020 164022 174022 165015 119016
123016 142009 228013 166006 106006 052018
217010 284010 256010 337022 326017 014018
356013 190021 063007 107013 113021 121026.
122022 120014 205009 158006 179008 112013
167007 166008 211013 214005 115009 187005
308010 167009 258010 222014 299019 354009
193013 270009 145004 314011 018007 006016.
331013 018012 001015 354026 344018 348013
016014 008024 351016 354031 021025 013026
013026 009022 340017 334028 337030 010025
336049 140026 129030 147026 131018 130037.
126031 129027 165012 107019 072010 144009
176007 272006 166005 163008 229004 185007
274011 316010 081012 120009 053026 022015
309023 095008 113018 127012 115015 127021.
143012 134008 182015 114017 293006 PPC000
111007 105009 150008 235006 130009 037004
239016 067005 212006 344032 272015 108024
139024 135030 118038 114031 137028 150018.
121019 118029 106023 142008 106015 104014
098022 098022 107022 118021 192006 190012
177007 169007 357018 323019 347033 092023
150014 111043 125041 128032 120033 163020.
111037 121020 114030 161017 156015 120011
108024 074014 076010 088008 015020 345024
344013 002017 324019 007013 294007 293012
343016 338013 298008 274007 291008 261009.
278006 293009 296008 297009 309007 293006
331003 271006 275008 232003 PPC000 198008
264014 232008 332008 332011 206008 016024
044038 338014 010025 058011 103009 119015.
111022 287009 176008 110008 137007 134007
209016 094017 096010 123010 074016 257007
PPC002 001009 321023 333024 112011 106017
144020 180017 115033 147022 111034 040005.
107010 188010 118016 142013 178011 333008
274012 205012 195013 104007 106009 256006
323014 124021 120045 129050 129041 154041
127037 138030 115037 162034 145032 127041.
146029 157009 100019 070012 108012 017028
010023 005019 121021 354013 089015 019017
015016 019015 017019 332014 330016 018018
004012 348013 016020 003015 005010 229008.
211007 322006 049008 201006 014016 045022
182015 120011 314008 020018 327015 344011
318014 293015 237006 329020 333011 345013
281014 PPC001 101010 160010 133014 161010.
157013 127013 147016 154014 128020 120020
163025 111018 140010 135014 087017 119019
153022 068015 167003 050011 355016 347023
331017 329020 029016 001019 008015 340013.
305012 318007 330012 336011 PPC000 PPC000
356006 PPC000 074006 127005 020009 PPC000
264010 214008 076011 160008 188006 149006
243006 096006 322044 328023 331025 352014.
322013 298021 303025 293007 286013 308010
302017 312041 316059 333043 321074 334075
324063 325082 321090 324071 322072 323060
322078 333054 334064 324053 313041 292011.
220007 298014 322012 042004 341008 105017
167003 121012 087015 064012 157009 020004
225015 217009 236011 235007 269019 352022
011023 029016 005016 012028 022015 014014.
238007 PPC002 288013 216011 123009 237007
265014 248007 255011 PPC002 198006 280006
236012 163008 341007 339017 356017 359033
342017 274007 144011 129009 136019 147024.
135032 126021 112023 194011 121017 098015
270010 312007 062006 PPC001 031008 PPC002
282011 224008 303014 315023 188010 055011
185023 158017 115023 131012 146018 128026.
155013 164009 350006 115006 355008 174008
PPC002 212008 062009 307004 PPC000 256005
342008 325011 272008 301011 059016 359021
329021 136024 130016 090010 149015 125023.
150024 158015 159012 PPC000 099004 PPC000
PPC000 319009 PPC000 010006 219004 332004
248009 328009 188017 129034 137040 162030
147040 164015 148028 148036 165032 160020.
131020 107014 PPC001 260011 PPC000 PPC000
096006 295010 257006 166006 PPC000 PPC000
322012 341013 257006 252008 277016 289014
270013 262008 290007 PPC000 PPC000 PPC000.
PPC000 274006 034012 243010 305014 282010
258006 198013 090010 019012 032008 309004
023017 000021 008022 033028 353029 359045
336073 316036 331043 346057 319033 304034.
302008 297020 007005 162007 307010 302009
246011 176005 296010 297008 260013 255014
277006 275021 262021 271022 312025 305018
301017 314021 038021 155021 137016 112046=
118027 128025 134024 125020 140009 130007
142008 079003 050008 134008 PPC000 105010
144008 115012 320013 355009 322012 307009
337017 323019 018015 309013 327012 165013.
300011 260010 101003 237003 PPC002 017017
136003 170005 PPC000 028011 042007 110017
137017 094014 163021 136025 133019 133025
119028 102023 124019 143017 135019 127018.
113025 123019 121016 121025 122021 125023
113021 110014 092010 097008 129014 115016
108013 087020 081014 024023 053019 284017
289023 049015 349012 139006 123025 128020.
119015 118019 069012 122012 167007 086013
160011 113010 120012 075013 003005 350010
035016 129012 248003 117013 139012 125014
125012 139014 118014 124015 122014 048006.
049009 PPC000 304005 PPC001 PPC001 163006
PPC001 PPC002 PPC000 016010 PPC000 219010
291013 256009 293015 289017 226015 258013
303042 307038 312056 313035 306010 161003.
268007 150006 159007 307013 PPC000 290010
284012 271012 294014 263009 273010 268010
357007 260008 259008 325019 022025 030033
043035 296010 074014 157011 115017 111016.
103009 243006 153007 PPC002 344004 214006
058005 078015 167003 128007 038005 312008
274006 230007 268027 259029 018032 011017
356015 157025 150022 134021 137013 148017.
138016 127016 167009 059015 107014 170005
329003 145006 113010 117011 220006 253008
191008 091013 122017 131019 077030 066039
002014 193012 125022 150013 161013 144017.
146013 167022 165021 175023 164015 129016
125015 133011 167017 164007 119006 056017
224010 286013 274013 296020 280020 040019
014016 179019 115010 119012 122017 121025.
134020 118015 183009 146008 178007 108014
161007 164007 206013 181005 112009 172004
288010 116008 243011 270012 303015 253015
190015 282011 143006 299010 082008 009016.
339013 029015 335014 283025 239017 313014
019018 342023 039015 231032 339028 148022
355024 047025 283021 284027 274026 005024
285038 145022 145030 140027 138025 131033.
121033 130026 102014 109019 062011 148010
182008 242005 160006 166008 291003 187007
266008 275010 140014 124011 055019 002017
292020 121009 115016 133014 114018 133018.
139015 141008 175014 111015 255006 PPC002
113006 093011 145007 218006 133008 103006
231014 148006 133005 284031 322014 109023
149020 126031 129032 126028 135030 140020.
120020 110030 120027 134008 108015 108015
097024 099021 104022 114021 210006 185011
174007 162007 297018 324020 256031 094022
135018 123037 118041 125036 138033 153024.
119039 103021 113030 153016 151015 103016
108024 058014 067010 089007 020019 286021
315012 018019 311019 310013 277008 294013
291015 243015 294010 281008 284008 253009.
271007 290010 289010 291010 253008 296006
280003 246007 274009 209005 PPC000 189007
269011 228008 204008 300012 155009 357021
041031 235018 029022 052014 101011 111014.
111021 257010 175008 110008 126010 141008
206016 097014 097010 110013 082016 263007
170005 285008 290020 317021 101016 122021
139024 148019 131027 132024 116035 103007.
138012 164013 116017 125012 157010 291006
222013 170011 195010 149008 113008 219009
321014 099021 122038 124049 122046 137037
136037 131040 128039 152033 156027 141033.
145028 144016 095018 077015 102015 015022
006024 350020 122020 309012 113014 346017
017016 342017 025019 278012 252018 028019
053016 317012 027022 009018 037012 241008.
211007 333007 033009 163008 026015 032018
179015 115014 331010 111015 325012 291011
313013 280012 246008 327017 349013 288014
263012 197005 108010 167009 150011 153011.
156012 134013 131016 150016 126019 124020
156025 121018 126013 124015 100016 122019
148018 067016 265004 044012 339018 314020
005017 309019 078016 316014 324016 281013.
279009 294006 341012 315009 PPC001 PPC000
341007 PPC000 085006 167006 034008 PPC000
258009 212008 070009 149006 188006 198005
195008 119007 303037 295025 291026 356014.
260016 291017 306028 298008 288013 298011
290014 313043 314056 286048 311064 296073
308071 301081 291083 312085 312082 304066
313087 306059 301065 312057 304040 292010.
242010 288014 314011 118004 333007 093015
085004 116015 086017 089013 161008 180007
213015 241010 243013 187010 280016 349021
003025 033016 043022 345028 030014 030013.
216004 301004 292013 214008 124008 255007
268014 241007 288009 179003 198006 245007
249011 189009 273010 309017 214020 328029
353013 289010 142009 142015 139017 141028.
135030 114023 113025 175013 121016 087014
282010 304007 058005 052003 025007 174004
247008 232008 287015 303021 243012 343010
178021 149017 120023 127015 138020 132023.
158012 170010 342008 150008 007007 166006
197003 214008 068009 350004 PPC000 232006
320008 280010 260010 275010 033017 034023
293022 100022 149015 115010 133019 125023.
142024 145019 163011 PPC000 112005 PPC000
PPC000 335007 PPC000 002007 PPC002 175004
252009 291010 171021 135030 129041 147034
150036 153022 144030 154033 165029 156020.
137017 112013 349003 264011 PPC000 PPC000
058006 296010 264005 177006 PPC000 PPC000
313013 278010 235006 240010 286014 288015
259013 237011 267006 PPC000 PPC000 PPC000.
PPC000 251005 057006 264009 298011 290010
257006 215011 097009 020014 029008 306004
018013 020024 036024 045028 281030 245047
290065 307040 299055 283054 312035 306034.
316007 292017 318006 165009 282008 276010
277010 139005 291011 283007 261011 256013
258008 268017 253021 274018 305022 279020
302024 312023 018017 145019 143017 114042=
036115 2225 066122 2102
034141 1308 073105 1339
032120 0119 069099 0112
024113 2034 041116 2153
057314 1659 105336 1511
035041 1429 073017 1357
040276 1336 071344 1333
045059 1401 086099 1352
030315 1206 051312 1205
025223 1639 046135 2107
041121 1655 092127 1918
036118 2057 072099 2035
040124 1604 077116 1608
046114 1644 096120 1749
046122 2112 083102 2057
036039 1552 069024 1552
040117 1852 079116 1753
062126 1407 132116 1247
036145 2011 078124 2010
022192 2029 041358 0602
034112 0113 065105 0306
043307 1809 082310 1806
108315 1056 195311 0930
036014 1723 062003 1718
036128 1943 072159 1956
038121 2129 064108 2129
033113 2006 054110 2004
058120 1317 122136 1420
020158 2005 041159 2036
070297 1456 145313 1346
042114 2000 070099 2000=
D=
K=
A=
S=
B=
??????
******
YF
O2199
河南省
豫嵩县饭坡
洛阳市嵩县饭坡乡工业园区
丘陵；乡镇；地面
空缺
计算机
计算机
计算机
计算机
计算机
20120426=
JY
8888=
GK
01/
05/=
BZ
BB/21/日最低气温用16时37分数据代替。
00/341039/1121330
10/24/逐时观测
10/24/24时连续观测
11/不守班=
######
