O2194 3357N 11210E 005230 005230 105 000 S15 91999999919999199999 0 2011 07
P=
TB
0294 0270 0261 0252 0243 0234 0222 0214 0213 0210 0217 0240
0285 0309 0331 0350 0367 0377 0361 0357 0348 0335 0318 0309 0383 1408 0209 0607.
0302 0296 0283 0275 0256 0252 0247 0244 0239 0243 0249 0263
0290 0316 0333 0353 0349 0358 0357 0355 0346 0344 0333 0313 0362 1607 0239 0500.
0295 0283 0273 0267 0263 0262 0257 0257 0254 0252 0250 0248
0243 0245 0252 0249 0245 0241 0238 0227 0227 0220 0220 0218 0313 2001 0218 1936.
0218 0218 0219 0218 0217 0217 0214 0212 0211 0212 0213 0214
0218 0221 0222 0229 0235 0229 0228 0227 0226 0223 0220 0216 0235 1300 0211 0500.
0216 0215 0216 0214 0213 0208 0205 0207 0207 0208 0213 0222
0243 0249 0271 0300 0311 0302 0310 0301 0297 0286 0279 0251 0317 1323 0205 0252.
0246 0243 0241 0239 0237 0236 0234 0232 0231 0229 0229 0233
0238 0247 0252 0255 0259 0252 0233 0218 0212 0208 0203 0192 0259 1258 0192 2000.
0188 0184 0184 0183 0183 0185 0187 0182 0181 0179 0180 0197
0235 0247 0265 0274 0284 0285 0277 0280 0274 0283 0245 0221 0290 1316 0178 0639.
0207 0199 0192 0183 0178 0175 0168 0163 0157 0155 0160 0185
0221 0260 0302 0335 0347 0356 0363 0374 0372 0350 0289 0252 0377 1605 0154 0549.
0225 0217 0200 0190 0181 0174 0168 0163 0158 0155 0159 0188
0229 0265 0290 0292 0313 0307 0299 0289 0288 0285 0270 0254 0315 1307 0154 0558.
0244 0235 0224 0219 0214 0209 0206 0203 0198 0191 0195 0224
0253 0286 0307 0314 0315 0311 0305 0320 0309 0292 0277 0261 0320 1600 0190 0617.
0252 0245 0240 0235 0232 0230 0228 0225 0220 0219 0217 0229
0254 0278 0309 0324 0336 0334 0343 0256 0250 0258 0255 0247 0346 1505 0216 0626.
0241 0240 0237 0236 0233 0226 0222 0206 0201 0199 0206 0214
0225 0237 0257 0277 0290 0290 0298 0302 0302 0288 0271 0257 0303 1658 0199 0559.
0255 0242 0234 0225 0223 0221 0220 0217 0215 0213 0216 0223
0236 0257 0272 0280 0295 0301 0304 0311 0303 0293 0276 0260 0312 1553 0213 0600.
0244 0233 0225 0218 0211 0206 0202 0199 0196 0196 0198 0206
0230 0260 0297 0306 0307 0323 0296 0263 0249 0246 0241 0232 0323 1359 0193 0533.
0222 0216 0208 0201 0195 0192 0186 0182 0178 0177 0180 0195
0227 0261 0294 0316 0332 0336 0315 0310 0323 0305 0292 0277 0340 1352 0176 0537.
0258 0246 0236 0228 0221 0212 0207 0201 0200 0199 0201 0218
0244 0274 0294 0311 0317 0318 0306 0295 0281 0279 0270 0264 0324 1335 0198 0528.
0254 0243 0233 0224 0216 0210 0205 0200 0198 0200 0204 0219
0246 0276 0284 0304 0316 0325 0329 0330 0319 0296 0281 0271 0332 1614 0197 0440.
0260 0245 0233 0225 0217 0210 0203 0198 0193 0191 0198 0215
0228 0249 0277 0292 0305 0314 0320 0316 0309 0303 0289 0277 0323 1449 0191 0552.
0262 0249 0237 0229 0221 0216 0212 0207 0209 0209 0214 0223
0235 0247 0260 0267 0261 0240 0246 0255 0267 0264 0252 0243 0276 2001 0205 0418.
0233 0222 0214 0208 0202 0197 0196 0192 0189 0186 0193 0201
0227 0261 0289 0310 0321 0331 0319 0312 0293 0246 0244 0236 0335 1350 0186 0600.
0230 0229 0226 0221 0215 0210 0207 0203 0199 0196 0198 0209
0235 0267 0289 0309 0317 0324 0319 0311 0303 0283 0245 0212 0327 1407 0194 0605.
0213 0213 0213 0215 0214 0213 0211 0213 0210 0208 0210 0218
0235 0251 0280 0303 0310 0308 0307 0304 0303 0270 0225 0221 0314 1347 0207 0552.
0219 0216 0213 0210 0209 0206 0204 0201 0200 0200 0207 0220
0233 0256 0265 0292 0316 0329 0335 0318 0318 0313 0296 0272 0337 1517 0199 0513.
0257 0248 0240 0234 0228 0226 0220 0217 0214 0215 0217 0236
0262 0293 0316 0326 0338 0331 0302 0301 0283 0280 0276 0267 0341 1314 0214 0456.
0256 0252 0243 0238 0231 0229 0227 0225 0220 0217 0218 0234
0268 0303 0330 0343 0356 0367 0380 0365 0365 0354 0306 0278 0380 1500 0217 0557.
0260 0249 0239 0230 0226 0224 0216 0212 0212 0212 0220 0239
0255 0283 0311 0316 0336 0305 0299 0296 0295 0288 0282 0266 0337 1317 0209 0525.
0256 0245 0238 0230 0223 0215 0208 0203 0199 0197 0204 0217
0248 0283 0314 0335 0350 0356 0376 0374 0355 0344 0313 0295 0378 1537 0196 0547.
0277 0260 0249 0243 0238 0232 0225 0222 0217 0211 0212 0221
0248 0285 0300 0319 0333 0346 0360 0340 0324 0311 0303 0295 0362 1454 0211 0600.
0287 0274 0267 0260 0260 0255 0252 0252 0247 0241 0243 0260
0290 0302 0319 0334 0337 0336 0319 0347 0300 0279 0271 0268 0348 1558 0240 0626.
0263 0259 0256 0250 0247 0237 0222 0221 0220 0218 0222 0229
0244 0259 0266 0271 0268 0264 0246 0254 0248 0257 0248 0243 0272 1211 0218 0600.
0234 0228 0219 0218 0216 0214 0214 0214 0212 0211 0215 0219
0230 0241 0247 0247 0253 0255 0255 0255 0244 0220 0213 0205 0260 1429 0205 2000=
I=
E=
U=
N=
H=
C=
V=
R6
0000 0000 0000
0018 0000 0018
0000 0028 0028
0102 0036 0138
0002 0010 0012
0003 0245 0248
0079 0000 0079
0000 0000 0000
0000 0000 0000
0000 0000 0000
0000 0074 0074
0099 0000 0099
0000 0000 0000
0000 0000 0000
0000 0000 0000
0000 0000 0000
0000 0000 0000
0000 0000 0000
0000 0003 0003
0000 0012 0012
0000 0367 0367
0129 0043 0172
0000 0001 0001
0000 0001 0001
0000 0001 0001
0000 0000 0000
0000 0000 0000
0000 0000 0000
0000 0000 0000
0009 0001 0010
0000 0006 0006=
0000 0000 0000 0000 0000 0000 0000 0000 0000 0000 0000 0000
0000 0000 0000 0000 0000 0000 0000 0000 0000 0000 0000 0000.
0000 0000 0000 0000 0011 0007 0000 0000 0000 0000 0000 0000
0000 0000 0000 0000 0000 0000 0000 0000 0000 0000 0000 0000.
0000 0000 0000 0000 0000 0000 0000 0000 0000 0000 0000 0000
0000 0000 0000 0000 0000 0000 0000 0001 0000 0011 0011 0005.
0007 0000 0000 0000 0000 0000 0050 0025 0016 0003 0001 0000
0000 0002 0001 0001 0001 0002 0017 0000 0002 0000 0001 0009.
0001 0000 0000 0000 0000 0000 0000 0000 0000 0000 0001 0000
0000 0000 0000 0000 0000 0000 0000 0000 0000 0000 0000 0010.
0000 0000 0000 0000 0000 0000 0001 0001 0000 0001 0000 0000
0000 0000 0000 0000 0000 0000 0013 0029 0074 0035 0049 0045.
0030 0032 0011 0005 0001 0000 0000 0000 0000 0000 0000 0000
0000 0000 0000 0000 0000 0000 0000 0000 0000 0000 0000 0000.
0000 0000 0000 0000 0000 0000 0000 0000 0000 0000 0000 0000
0000 0000 0000 0000 0000 0000 0000 0000 0000 0000 0000 0000.
0000 0000 0000 0000 0000 0000 0000 0000 0000 0000 0000 0000
0000 0000 0000 0000 0000 0000 0000 0000 0000 0000 0000 0000.
0000 0000 0000 0000 0000 0000 0000 0000 0000 0000 0000 0000
0000 0000 0000 0000 0000 0000 0000 0000 0000 0000 0000 0000.
0000 0000 0000 0000 0000 0000 0000 0000 0000 0000 0000 0000
0000 0000 0000 0000 0000 0000 0000 0073 0001 0000 0000 0000.
0000 0000 0000 0000 0000 0002 0002 0085 0008 0001 0001 0000
0000 0000 0000 0000 0000 0000 0000 0000 0000 0000 0000 0000.
0000 0000 0000 0000 0000 0000 0000 0000 0000 0000 0000 0000
0000 0000 0000 0000 0000 0000 0000 0000 0000 0000 0000 0000.
0000 0000 0000 0000 0000 0000 0000 0000 0000 0000 0000 0000
0000 0000 0000 0000 0000 0000 0000 0000 0000 0000 0000 0000.
0000 0000 0000 0000 0000 0000 0000 0000 0000 0000 0000 0000
0000 0000 0000 0000 0000 0000 0000 0000 0000 0000 0000 0000.
0000 0000 0000 0000 0000 0000 0000 0000 0000 0000 0000 0000
0000 0000 0000 0000 0000 0000 0000 0000 0000 0000 0000 0000.
0000 0000 0000 0000 0000 0000 0000 0000 0000 0000 0000 0000
0000 0000 0000 0000 0000 0000 0000 0000 0000 0000 0000 0000.
0000 0000 0000 0000 0000 0000 0000 0000 0000 0000 0000 0000
0000 0000 0000 0000 0000 0000 0000 0000 0000 0000 0000 0000.
0000 0000 0000 0000 0000 0000 0000 0000 0000 0000 0000 0000
0000 0000 0000 0000 0002 0001 0000 0000 0000 0000 0000 0000.
0000 0000 0000 0000 0000 0000 0000 0000 0000 0000 0000 0000
0000 0000 0000 0000 0000 0000 0000 0000 0000 0012 0000 0000.
0000 0000 0000 0000 0000 0000 0000 0000 0000 0000 0000 0000
0000 0001 0000 0000 0000 0000 0000 0000 0000 0010 0061 0295.
0068 0012 0000 0003 0006 0022 0014 0004 0000 0000 0000 0000
0000 0000 0000 0000 0000 0000 0000 0000 0000 0000 0041 0002.
0000 0000 0000 0000 0000 0000 0000 0000 0000 0000 0000 0000
0000 0000 0000 0000 0001 0000 0000 0000 0000 0000 0000 0000.
0000 0000 0000 0000 0000 0000 0000 0000 0000 0000 0000 0000
0000 0000 0000 0000 0000 0000 0000 0001 0000 0000 0000 0000.
0000 0000 0000 0000 0000 0000 0000 0000 0000 0000 0000 0000
0000 0001 0000 0000 0000 0000 0000 0000 0000 0000 0000 0000.
0000 0000 0000 0000 0000 0000 0000 0000 0000 0000 0000 0000
0000 0000 0000 0000 0000 0000 0000 0000 0000 0000 0000 0000.
0000 0000 0000 0000 0000 0000 0000 0000 0000 0000 0000 0000
0000 0000 0000 0000 0000 0000 0000 0000 0000 0000 0000 0000.
0000 0000 0000 0000 0000 0000 0000 0000 0000 0000 0000 0000
0000 0000 0000 0000 0000 0000 0000 0000 0000 0000 0000 0000.
0000 0000 0000 0000 0000 0000 0000 0000 0000 0000 0000 0000
0000 0000 0000 0000 0000 0000 0000 0000 0000 0000 0000 0000.
0000 0000 0000 0000 0000 0004 0005 0000 0000 0000 0000 0000
0000 0000 0000 0000 0000 0000 0001 0000 0000 0000 0000 0000.
0000 0000 0000 0000 0000 0000 0000 0000 0000 0000 0000 0000
0000 0000 0000 0000 0000 0000 0000 0001 0000 0003 0001 0001=
0000 ////////// 00000=
W=
L=
Z=
G=
FN
191024 298037 285038 287044 293039 296058
284043 278030 267044 264031 315037 233019
181012 262010 091006 206019 181011 219032
260040 178062 184053 187066 207058 209038.
211022 184050 259033 216038 241026 210034
291013 278028 281039 206037 190039 289026
241017 188024 001008 181064 214037 202037
247043 223053 191031 215036 245024 308032.
275035 288033 294036 298040 273030 327011
045011 033021 032015 024030 021034 098009
021024 018024 017027 015024 037022 030018
032022 012032 020018 020021 050015 043018.
077011 138008 175006 PPC000 PPC000 242008
238011 194015 215006 204006 197012 174010
076004 040010 023018 174005 014008 019011
041006 038014 056011 132005 082011 335005.
053008 183006 198014 222019 193017 222008
182014 PPC001 199016 199005 169013 195018
202031 255036 217027 005013 061021 043033
029028 041048 064020 041019 028021 201019.
187020 191014 206010 305015 274017 280012
294010 246012 PPC000 235012 271018 252015
241007 269013 019017 005010 014024 017018
031021 074011 007019 075006 043024 104014.
327013 065014 207021 204028 208034 231023
270028 211020 198025 200038 216040 185033
055015 096013 052053 125016 040015 054022
049013 328003 305012 349007 227020 190022.
206028 200031 229025 264043 267024 244035
226032 220028 192039 194043 181057 187057
180058 182049 201017 209022 305019 018032
250019 013008 354025 016013 233011 153016.
182021 228024 230029 208039 195037 198034
200039 190044 194045 188049 193040 187047
189033 174016 184017 228013 190007 036008
153011 214015 318012 183022 185030 200015.
287029 232017 284029 220018 275025 208023
217021 208023 198028 199037 203037 185039
178037 170022 052015 019026 024023 029027
056014 033018 067009 332006 213007 259011.
198022 202020 272018 223020 185025 207026
205025 189026 192022 182010 200021 164010
177024 193026 278011 078009 065008 349014
179015 262009 338006 330007 PPC000 PPC000.
PPC000 200008 170016 178008 250024 233019
111014 006017 280024 296037 305030 300037
308018 303020 PPC001 181008 058019 051020
050025 021024 017027 052006 PPC001 332012.
023043 252020 PPC000 062009 189012 200022
231011 236010 194014 190017 205012 180017
175012 PPC002 025024 079015 019021 080009
012022 023031 059011 254007 226023 205017.
299032 282030 289022 287026 247024 261019
202021 201026 188020 175023 215028 180062
189046 181027 352013 054031 052029 025027
216044 186072 214035 264033 190033 194030.
198034 209029 258018 196032 219020 188024
189035 176043 192040 181046 187034 199034
179036 173023 002016 030017 046034 050023
199043 179033 312010 193042 179027 199026.
180019 219022 189030 209020 292021 248010
188015 179017 184024 198017 254015 185016
181011 029024 004020 033028 020052 022049
012020 203028 220024 229017 276038 271027.
193021 187026 177015 195018 177016 183024
187019 232014 186035 183029 187019 199031
175030 023017 025035 020044 019044 013049
008041 020033 231035 210020 213033 257015.
197021 250017 186023 211026 254006 242020
185012 200024 214014 191025 199027 183011
196013 330007 041028 021047 351017 359027
081015 023028 020039 218022 153005 316013.
145012 195026 061011 188016 261010 226015
209015 171015 222009 PPC002 212024 008005
203007 015017 020027 018037 160003 209037
207040 256036 226033 200034 212027 186024.
194027 185015 197020 278014 295031 303034
238019 298023 282025 271017 233028 189036
165008 205010 186014 187021 029009 018010
065022 209021 312017 345016 093011 258013.
283010 207014 248015 190022 186023 189017
290018 285015 190010 191016 184023 198023
PPC002 359013 035016 003016 350011 005016
021034 344011 291015 192037 185013 303081.
228019 323019 294015 253032 206025 282025
263011 213019 186018 272014 PPC001 PPC002
182006 187007 043008 221038 261032 202016
055014 041007 058006 219070 186026 188039.
213017 200023 195033 191033 185025 191024
184023 198011 261007 PPC000 234005 201014
209015 281006 030011 006018 037023 320026
226024 239030 265018 243025 209029 192034.
187007 253023 245025 267022 288019 231030
244012 201016 197035 204017 198023 168022
183020 157009 359006 203012 155008 244032
253030 326029 281024 221037 247028 224025.
225021 PPC001 199020 189022 268025 282023
202035 186025 239021 182036 195033 205018
177026 167016 200023 338021 044024 024014
281013 032021 352010 PPC001 313026 182021.
171017 291032 267024 290052 273039 296045
289039 292026 275027 288043 214022 202026
190034 178028 169018 056008 024018 020035
044058 033033 331012 067009 200063 195026.
185024 171026 246014 188027 237029 239027
284025 195015 223015 300023 192039 185020
218008 333011 317015 037008 351019 086010
283015 346019 024032 354018 242021 179032.
284026 298037 281031 288041 297024 268019
246027 231022 289023 273027 294031 195028
214008 029022 017038 022028 020033 027029
335013 214055 172057 255016 251030 215013.
301033 317009 321018 294015 249017 236018
268029 176029 182018 PPC002 198009 193046
217035 188042 203052 235040 185039 183030
248025 265013 026061 020045 005040 015024.
PPC000 039014 104005 082004 061014 099005
254017 299008 277014 250014 233014 268015
185011 176010 177006 019018 276005 324012
063018 265010 246025 209027 258024 201033.
203030 202018 191024 194017 284021 189033
198027 186035 186029 182035 182031 165023
185030 179020 204018 214015 204010 047007
019015 071011 108009 189020 202019 201017=
213028 301038 289037 287041 296038 299053
287046 280028 259036 262028 295037 219016
185011 190016 141012 202020 184023 213038
250039 185061 199053 187066 199060 236038.
206025 187043 240035 217035 243029 207031
264017 272029 280033 211037 193035 282026
242018 188027 319011 199056 232037 213045
259045 239048 202038 206037 232025 301029.
282030 294032 293034 292037 279034 310014
041013 033024 035019 020031 022029 063013
019026 024022 016025 039025 041024 040020
033023 016038 023022 025022 039018 045018.
078010 138008 143004 PPC002 PPC002 238007
245010 202013 188005 202006 195012 180010
PPC002 038008 022018 140006 354007 019013
050007 034013 057011 120005 076011 014005.
054008 161005 195014 212020 194015 275006
173011 099003 198013 181003 170011 194018
201029 251035 212030 340013 052021 041031
043028 035039 042021 049017 025020 200020.
189016 194014 203010 299017 277016 286013
265009 246012 PPC001 231011 277019 294012
220009 272011 019017 290011 048023 030020
028022 077013 042020 040009 037021 100012.
312012 089014 207019 212026 202026 234023
262029 206026 199025 200037 204036 189029
070015 109016 044050 106021 045020 051028
029017 264007 300010 284009 222018 193021.
198023 207027 235028 257037 241022 220034
212034 216034 194042 193046 187050 186055
180057 181048 197019 209018 012018 026029
340028 037011 306020 359010 218014 156017.
182027 229025 244027 219030 197032 196030
197037 190043 196044 186046 192040 184043
192034 178017 179016 202015 199007 038009
163010 194018 278010 185022 191028 198015.
260024 238015 277024 207022 241024 204024
211023 201025 194030 200037 203035 183039
177036 175023 042012 032026 021026 026027
052014 033015 067010 004005 200008 231010.
196022 200022 264018 219016 196025 224028
202024 193024 192022 200011 192019 167012
179021 203024 234010 121008 102011 307013
192016 282015 297007 333007 PPC000 PPC000.
PPC000 211009 184014 182010 266021 245020
092011 014014 269022 293036 305027 301038
303019 298018 195004 179010 074013 045023
050023 019021 021023 057006 PPC001 257007.
025040 250016 PPC000 068009 188016 192023
211011 244009 190014 187017 199013 184018
175013 166006 022021 075017 017023 055014
020023 020030 047012 273006 217022 197019.
297034 271028 281023 249023 246024 260020
218023 214025 198020 180023 201032 181061
185046 187027 354012 054031 046028 039028
218048 190069 215038 258037 196032 191032.
197035 210031 244024 190034 241019 190026
196033 182043 189039 181045 188038 194032
177037 172024 037014 045020 016028 039029
203046 176031 285012 191040 189028 220024.
186015 227018 204029 229019 283019 246011
202014 174017 196023 202017 258013 185016
187012 014021 012022 026024 017047 021046
050022 205031 231024 228016 266032 271026.
191020 184030 180019 190022 181016 189025
192022 237015 193033 190025 192022 200029
175028 094014 024031 026034 023052 014043
069045 006034 222036 223021 210032 249020.
196021 241014 184022 207026 248009 236016
196012 199022 215015 190025 196028 184014
211010 288006 031030 026039 354021 350026
059018 025035 022045 225017 153007 009011.
155008 196026 066011 192015 252013 221016
198016 175016 207011 205006 213022 332005
197009 029018 016024 019036 152007 206036
198041 234037 218031 200035 211023 185023.
193027 188017 200019 241014 296029 303029
228018 287020 278022 271020 221027 185039
167012 199009 192014 169018 125011 202014
068017 228019 254021 294015 076010 233009.
285011 205014 248014 190021 192025 190019
266018 233013 204010 192017 184025 197022
251004 021014 040019 095023 355017 021018
023033 007015 333015 168024 190014 301061.
232020 294017 269018 247029 205027 280026
267012 206025 185018 271014 PPC002 169006
187007 187007 065007 217034 257029 207019
016006 082009 093006 217079 182028 188040.
211020 195021 192029 191031 189022 197025
186023 226012 270009 294003 242008 193015
205015 282006 055009 098015 036021 271021
271022 224028 257021 243026 211027 189029.
219012 257026 265028 263020 309017 241025
225013 205015 192037 200018 197025 172022
180020 165008 014006 198011 108008 246029
252032 309028 282023 225037 242031 213024.
222020 PPC002 211018 195020 267021 245025
205033 207024 233018 188038 190034 191021
178028 167017 202023 263016 321016 318015
327015 041018 299010 336005 303024 198021.
188019 289033 277030 290051 278039 289037
288042 289027 270032 282037 217023 198031
189033 184030 177021 105006 045016 029046
036057 028033 325011 063011 192066 194024.
188026 182025 264017 187024 225027 241026
282024 221016 258018 298026 191038 189024
197010 314012 337013 354010 002019 065009
293014 342018 021034 340021 233021 187033.
277026 293034 278029 284037 276022 243018
246025 222023 285022 283028 296030 197029
245007 021024 019035 021032 020036 026029
252012 207049 174053 252018 265023 249018.
294027 237007 285020 284017 258018 228016
272024 187026 175020 271005 199012 194044
224034 193033 202049 223051 189045 199034
252027 228017 029055 026043 016038 021025.
208003 045014 095006 079007 052012 168008
255014 300005 248012 269013 260014 272015
176012 181012 171008 294016 277006 302010
055025 276014 240022 217029 254022 205027.
198033 201022 192025 201017 277025 192033
198030 190033 184031 184035 180031 170022
188029 180020 199016 206014 208012 068008
034015 120011 078011 182021 203019 193016=
079187 1638 140193 1812
067197 1647 123207 1608
045292 2124 066018 1552
022021 1418 039046 2001
048045 1524 086043 1543
041057 1918 067049 1916
066043 1320 132049 1319
060183 0823 084204 0717
056195 0518 088178 0531
047186 0644 064178 0640
074187 1543 194167 1543
040299 0604 064046 0337
044026 2104 061018 2054
073193 1556 109184 1556
055204 1445 082024 1430
055026 1343 085043 1320
061022 1511 094006 1509
050022 1555 073026 1655
055198 1349 091187 1434
042183 0752 067176 1610
069271 1921 123280 1921
089211 1758 186182 1754
044186 2005 059221 1755
044284 2214 066254 1434
044189 2030 069021 1348
071169 1854 130038 1343
042188 0740 064034 1720
058189 1643 105176 1606
067191 1227 133197 1233
050028 1448 074032 1446
038190 0250 055170 0404=
D=
K=
A=
S=
B=
??????
******
YF
O2194
河南省
豫嵩县木植街
嵩县木植街乡广场内
山地；乡镇；地面
空缺
计算机
计算机
计算机
计算机
计算机
20120208=
JY
8888=
GK
01/
05/=
BZ
00/335717/1120953
10/24/逐时观测
10/24/24时连续观测
11/不守班=
######
