O2179 3426N 11138E 005484 005484 105 000 S15 91999999919999199999 0 2012 05
P=
TB
0157 0154 0153 0153 0150 0149 0147 0148 0148 0147 0149 0151
0161 0170 0181 0193 0212 0225 0224 0226 0206 0198 0194 0177 0233 1350 0145 0606.
0181 0169 0167 0159 0158 0142 0143 0141 0148 0139 0148 0160
0195 0222 0224 0234 0246 0261 0262 0250 0237 0229 0220 0208 0265 1403 0139 0321.
0203 0196 0191 0182 0176 0171 0168 0162 0162 0159 0169 0179
0199 0226 0229 0249 0244 0259 0247 0255 0252 0238 0213 0197 0270 1409 0157 0532.
0191 0177 0161 0169 0159 0148 0154 0141 0136 0137 0166 0180
0207 0225 0243 0270 0263 0280 0287 0285 0286 0273 0247 0229 0296 1609 0134 0458.
0221 0193 0197 0178 0173 0169 0161 0169 0169 0164 0177 0197
0216 0243 0267 0292 0294 0311 0316 0323 0309 0279 0258 0241 0328 1541 0160 0255.
0229 0222 0211 0196 0184 0187 0179 0180 0172 0159 0179 0193
0219 0237 0258 0284 0294 0303 0314 0326 0316 0292 0265 0245 0326 1600 0154 0545.
0228 0247 0238 0214 0222 0206 0200 0196 0204 0175 0175 0180
0179 0193 0184 0190 0201 0197 0201 0206 0218 0217 0204 0201 0251 2138 0166 0608.
0203 0201 0197 0193 0194 0184 0181 0182 0178 0177 0190 0204
0227 0235 0257 0262 0276 0285 0286 0283 0269 0257 0237 0223 0291 1404 0175 0511.
0217 0210 0205 0191 0183 0182 0183 0175 0177 0177 0179 0185
0199 0220 0237 0255 0260 0277 0267 0271 0261 0256 0235 0222 0279 1358 0172 0343.
0217 0207 0198 0189 0184 0176 0174 0165 0168 0159 0171 0195
0216 0239 0261 0277 0279 0307 0306 0298 0284 0271 0252 0235 0310 1437 0156 0518.
0225 0219 0208 0207 0195 0183 0177 0172 0166 0176 0179 0189
0198 0192 0198 0203 0206 0206 0197 0196 0197 0191 0185 0182 0236 2001 0166 0437.
0180 0180 0181 0178 0175 0175 0173 0187 0185 0184 0181 0181
0185 0185 0182 0181 0183 0182 0172 0166 0164 0172 0155 0148 0188 0521 0148 1943.
0139 0134 0127 0123 0120 0112 0106 0102 0091 0098 0106 0133
0168 0179 0197 0196 0200 0217 0208 0202 0195 0194 0188 0173 0227 1341 0090 0459.
0184 0179 0176 0156 0153 0155 0149 0139 0138 0132 0147 0163
0184 0196 0211 0233 0241 0265 0253 0254 0250 0243 0224 0211 0268 1418 0131 0555.
0200 0181 0172 0163 0154 0148 0149 0137 0163 0165 0170 0194
0209 0234 0238 0252 0259 0266 0271 0282 0274 0263 0241 0210 0283 1601 0136 0426.
0190 0178 0167 0169 0163 0175 0148 0143 0140 0143 0178 0200
0223 0244 0260 0272 0282 0276 0281 0279 0283 0269 0252 0230 0297 1246 0136 0414.
0223 0179 0184 0162 0167 0144 0157 0146 0150 0140 0153 0181
0212 0243 0274 0279 0293 0298 0301 0306 0284 0275 0253 0237 0312 1536 0133 0551.
0230 0224 0217 0212 0203 0195 0191 0188 0186 0183 0185 0197
0201 0204 0210 0215 0230 0239 0227 0227 0234 0229 0226 0204 0244 1338 0182 0622.
0208 0206 0183 0189 0174 0173 0163 0170 0165 0162 0180 0199
0221 0238 0252 0277 0292 0307 0300 0308 0303 0283 0252 0234 0318 1454 0150 0530.
0224 0211 0196 0195 0182 0171 0163 0162 0162 0151 0173 0190
0214 0237 0256 0277 0291 0301 0307 0296 0282 0259 0234 0212 0317 1445 0151 0557.
0204 0199 0193 0188 0184 0174 0167 0164 0159 0154 0157 0169
0184 0206 0208 0211 0217 0231 0222 0222 0213 0189 0177 0171 0237 1403 0151 0607.
0170 0169 0167 0165 0164 0164 0163 0160 0158 0159 0162 0165
0164 0168 0174 0170 0165 0163 0166 0173 0172 0170 0168 0165 0180 1607 0158 0444.
0159 0160 0159 0151 0144 0147 0146 0137 0139 0142 0147 0159
0171 0189 0194 0198 0218 0234 0231 0231 0221 0212 0206 0200 0242 1452 0133 0426.
0195 0192 0188 0184 0183 0182 0179 0174 0170 0167 0170 0166
0168 0168 0180 0195 0197 0202 0205 0205 0198 0198 0188 0179 0207 1410 0166 0528.
0175 0172 0163 0156 0152 0144 0146 0143 0140 0142 0150 0163
0173 0191 0223 0235 0242 0265 0265 0259 0257 0247 0231 0213 0272 1436 0139 0515.
0216 0208 0199 0194 0171 0173 0174 0168 0164 0164 0183 0204
0222 0246 0264 0275 0293 0301 0299 0307 0304 0289 0269 0248 0311 1527 0161 0513.
0232 0219 0214 0194 0194 0194 0194 0181 0186 0183 0190 0190
0213 0231 0243 0266 0305 0304 0312 0315 0311 0297 0272 0248 0323 1536 0176 0512.
0236 0223 0208 0200 0191 0183 0178 0172 0166 0168 0182 0199
0213 0231 0259 0271 0297 0301 0289 0277 0267 0258 0222 0192 0312 1428 0161 0447.
0193 0199 0185 0188 0180 0176 0172 0171 0171 0170 0164 0165
0165 0170 0175 0187 0199 0214 0238 0242 0245 0246 0231 0205 0250 1629 0161 0728.
0205 0196 0193 0178 0168 0165 0159 0164 0162 0166 0176 0203
0228 0264 0251 0268 0266 0280 0280 0282 0283 0270 0247 0228 0289 1448 0158 0327.
0217 0205 0201 0196 0191 0190 0183 0178 0174 0173 0179 0189
0203 0224 0219 0228 0228 0226 0221 0223 0223 0215 0205 0201 0232 1248 0171 0535=
I=
E=
U=
N=
H=
C=
V=
R6
0017 0000 0017
0000 0000 0000
0000 0000 0000
0000 0000 0000
0000 0000 0000
0000 0000 0000
0001 0003 0004
0000 0000 0000
0000 0000 0000
0000 0000 0000
0000 0044 0044
0075 0000 0075
0000 0000 0000
0000 0000 0000
0000 0000 0000
0000 0000 0000
0000 0000 0000
0000 0000 0000
0000 0000 0000
0000 0000 0000
0000 0006 0006
0017 0027 0044
0000 0000 0000
0000 0001 0001
0000 0000 0000
0000 0000 0000
0000 0000 0000
0000 0008 0008
0092 0006 0098
0000 0000 0000
0000 0000 0000=
0000 0001 0003 0000 0001 0001 0002 0001 0002 0001 0004 0001
0000 0000 0000 0000 0000 0000 0000 0000 0000 0000 0000 0000.
0000 0000 0000 0000 0000 0000 0000 0000 0000 0000 0000 0000
0000 0000 0000 0000 0000 0000 0000 0000 0000 0000 0000 0000.
0000 0000 0000 0000 0000 0000 0000 0000 0000 0000 0000 0000
0000 0000 0000 0000 0000 0000 0000 0000 0000 0000 0000 0000.
0000 0000 0000 0000 0000 0000 0000 0000 0000 0000 0000 0000
0000 0000 0000 0000 0000 0000 0000 0000 0000 0000 0000 0000.
0000 0000 0000 0000 0000 0000 0000 0000 0000 0000 0000 0000
0000 0000 0000 0000 0000 0000 0000 0000 0000 0000 0000 0000.
0000 0000 0000 0000 0000 0000 0000 0000 0000 0000 0000 0000
0000 0000 0000 0000 0000 0000 0000 0000 0000 0000 0000 0000.
0000 0000 0000 0000 0000 0000 0000 0000 0000 0000 0000 0001
0000 0001 0000 0001 0000 0000 0000 0000 0001 0000 0000 0000.
0000 0000 0000 0000 0000 0000 0000 0000 0000 0000 0000 0000
0000 0000 0000 0000 0000 0000 0000 0000 0000 0000 0000 0000.
0000 0000 0000 0000 0000 0000 0000 0000 0000 0000 0000 0000
0000 0000 0000 0000 0000 0000 0000 0000 0000 0000 0000 0000.
0000 0000 0000 0000 0000 0000 0000 0000 0000 0000 0000 0000
0000 0000 0000 0000 0000 0000 0000 0000 0000 0000 0000 0000.
0000 0000 0000 0000 0000 0000 0000 0000 0000 0000 0000 0000
0000 0000 0000 0000 0000 0000 0002 0005 0001 0016 0018 0002.
0020 0011 0013 0020 0001 0009 0000 0000 0001 0000 0000 0000
0000 0000 0000 0000 0000 0000 0000 0000 0000 0000 0000 0000.
0000 0000 0000 0000 0000 0000 0000 0000 0000 0000 0000 0000
0000 0000 0000 0000 0000 0000 0000 0000 0000 0000 0000 0000.
0000 0000 0000 0000 0000 0000 0000 0000 0000 0000 0000 0000
0000 0000 0000 0000 0000 0000 0000 0000 0000 0000 0000 0000.
0000 0000 0000 0000 0000 0000 0000 0000 0000 0000 0000 0000
0000 0000 0000 0000 0000 0000 0000 0000 0000 0000 0000 0000.
0000 0000 0000 0000 0000 0000 0000 0000 0000 0000 0000 0000
0000 0000 0000 0000 0000 0000 0000 0000 0000 0000 0000 0000.
0000 0000 0000 0000 0000 0000 0000 0000 0000 0000 0000 0000
0000 0000 0000 0000 0000 0000 0000 0000 0000 0000 0000 0000.
0000 0000 0000 0000 0000 0000 0000 0000 0000 0000 0000 0000
0000 0000 0000 0000 0000 0000 0000 0000 0000 0000 0000 0000.
0000 0000 0000 0000 0000 0000 0000 0000 0000 0000 0000 0000
0000 0000 0000 0000 0000 0000 0000 0000 0000 0000 0000 0000.
0000 0000 0000 0000 0000 0000 0000 0000 0000 0000 0000 0000
0000 0000 0000 0000 0000 0000 0000 0000 0000 0000 0000 0000.
0000 0000 0000 0000 0000 0000 0000 0000 0000 0000 0000 0000
0000 0000 0000 0000 0000 0000 0000 0000 0000 0000 0006 0000.
0001 0000 0000 0001 0000 0000 0000 0002 0006 0003 0002 0002
0003 0003 0002 0000 0003 0007 0006 0002 0000 0000 0001 0000.
0000 0000 0000 0000 0000 0000 0000 0000 0000 0000 0000 0000
0000 0000 0000 0000 0000 0000 0000 0000 0000 0000 0000 0000.
0000 0000 0000 0000 0000 0000 0000 0000 0000 0000 0000 0000
0000 0001 0000 0000 0000 0000 0000 0000 0000 0000 0000 0000.
0000 0000 0000 0000 0000 0000 0000 0000 0000 0000 0000 0000
0000 0000 0000 0000 0000 0000 0000 0000 0000 0000 0000 0000.
0000 0000 0000 0000 0000 0000 0000 0000 0000 0000 0000 0000
0000 0000 0000 0000 0000 0000 0000 0000 0000 0000 0000 0000.
0000 0000 0000 0000 0000 0000 0000 0000 0000 0000 0000 0000
0000 0000 0000 0000 0000 0000 0000 0000 0000 0000 0000 0000.
0000 0000 0000 0000 0000 0000 0000 0000 0000 0000 0000 0000
0000 0000 0000 0000 0000 0000 0000 0000 0000 0000 0000 0008.
0001 0000 0000 0000 0013 0012 0018 0016 0017 0010 0002 0003
0004 0001 0001 0000 0000 0000 0000 0000 0000 0000 0000 0000.
0000 0000 0000 0000 0000 0000 0000 0000 0000 0000 0000 0000
0000 0000 0000 0000 0000 0000 0000 0000 0000 0000 0000 0000.
0000 0000 0000 0000 0000 0000 0000 0000 0000 0000 0000 0000
0000 0000 0000 0000 0000 0000 0000 0000 0000 0000 0000 0000=
0000 ////////// 00000=
W=
L=
Z=
G=
FN
252029 280018 233017 257029 258027 257032
250026 261033 253028 259036 262039 277036
267049 265042 277032 284037 300037 291052
278049 283042 316020 335012 237010 218011.
168016 103006 173013 066010 140015 060015
069013 092017 113020 039007 095006 077014
247011 334009 247007 329027 265028 295050
291037 284027 255031 257033 259021 272028.
269026 217017 222018 191027 203032 181014
185019 197023 214014 PPC002 209016 247027
257031 279041 249044 296055 258045 286058
264053 281071 288036 282056 269033 274027.
259025 236025 190031 177017 180019 129011
100015 102010 082012 088007 074012 075015
043011 106013 019014 299024 329021 075016
323015 303019 299026 295029 294016 261011.
183017 178019 087018 068012 099013 081019
062013 087016 075022 093024 095021 081028
085024 060027 063021 043025 097025 322023
285034 291033 295045 289057 273050 262054.
238045 231037 224027 199024 182019 174019
175013 143014 111008 089007 095010 088012
051015 059015 337011 286027 295032 294035
268026 305030 282034 292036 306015 039010.
042009 111014 107011 PPC000 134014 PPC000
191012 139008 163007 060018 201011 057016
133008 136012 228030 249021 225019 183013
038012 043019 082018 066013 080015 108019.
103015 102016 108017 088015 102019 076025
093022 099015 091018 070015 083024 066020
324012 291032 262037 274038 268037 287045
288056 281062 251050 266049 272035 257041.
260040 250039 233032 215012 222016 228022
252038 233026 239030 265026 251026 309020
276030 286027 285032 281042 314030 286050
272052 276058 285043 279034 284034 274033.
270038 280045 258031 216019 098007 187016
174024 074013 130013 057018 134013 071006
027010 005009 277017 263030 236041 288052
293062 294053 286068 293053 295046 284038.
316014 311015 193022 184019 189027 195020
181018 188023 186023 200026 244015 202020
220023 267022 244009 247022 280018 244023
234022 246013 220016 217014 199011 045005.
068006 PPC002 035007 062012 057010 062018
093013 131041 152038 138041 114025 092013
088012 118021 145046 133036 137040 116025
068017 062022 068034 114020 088013 116021.
102016 107017 078018 087021 085017 086031
077008 076017 068016 090025 069024 059015
033014 042013 341011 301027 313011 332013
026012 359008 077017 157019 085019 078010.
082018 130014 079020 051019 067025 102025
115017 028013 070018 068019 058023 079016
067017 079027 059029 104013 035021 163025
185050 185053 123030 173023 141015 129014.
123020 103018 096017 072028 078016 070019
081026 082022 083016 111020 111011 049013
060016 183032 158027 159047 116041 171048
143048 197042 171035 174027 188011 119005.
077008 208009 065013 096021 081023 100035
069016 071018 110015 102013 099017 121017
084029 080035 074030 144047 171066 165043
145055 157064 177046 161030 130022 120018.
159017 207016 182019 179020 152019 043010
116013 080017 114018 075015 097019 076023
083010 062012 014020 216010 087012 028028
331017 300027 300034 296026 276027 286038.
274018 185011 170012 182011 213012 206012
192019 209016 189025 185018 192016 205021
191018 215024 242024 294019 019008 028012
355016 075004 270017 293013 262012 108005.
151017 167020 077012 123020 049014 142011
153006 099017 096011 096016 085009 050012
296020 283025 282032 288034 280026 296046
281031 265049 278042 284046 278056 269040.
247032 228028 189024 175024 186023 188021
179018 185021 174024 195026 195021 220019
256011 243019 272043 291048 278048 309043
287050 275092 289085 291094 296056 293043.
289048 263036 274041 266041 261029 249035
257031 263037 250051 276047 269054 267052
270064 288051 287057 261066 284069 285063
284048 284058 268045 267045 232034 223032.
222029 224026 213018 102009 194025 203017
207017 184019 208020 197018 200023 202018
192018 185035 156028 037016 071012 064016
063019 064024 064021 082017 132015 056012.
089014 128012 120012 083011 043009 066016
093014 074011 093016 104020 069015 082018
114011 083014 066019 062011 105007 275028
260040 293021 284028 257020 251020 249028.
249026 248025 228017 256009 220011 261013
234013 275016 196019 178007 069006 068007
065011 084018 076020 135006 213017 088009
073015 063013 064011 096013 083013 081018.
105012 106007 083018 082019 105014 082017
098022 104016 072020 086019 086021 098018
087019 051015 033015 020011 097011 279014
021019 060016 043014 051014 021008 065007.
153013 079015 065005 078013 081013 113009
115017 074019 090016 107016 105012 082025
080017 079015 093008 028013 267038 256016
331016 325012 343006 312026 301023 279032.
290015 192020 212022 197019 179019 170021
161011 089003 085005 081011 PPC000 052003
097008 084019 050029 213011 299039 340023
272036 276025 273043 279035 287030 296022.
260009 192021 193021 184023 183021 208027
187020 183021 184017 182018 014009 256032
283025 272039 295042 279060 286049 303047
298041 285057 291046 301030 082029 088024.
084023 105025 041010 103005 117012 065012
082008 189007 PPC000 PPC000 268008 222010
271010 058009 066011 050017 060019 064023
054025 056029 051022 057016 121011 088014.
109014 087020 082021 087022 070023 078027
070025 106022 091025 117018 076021 111016
107018 290015 280058 275054 308052 290047
270034 251041 270032 288038 283046 275046.
261050 260051 253057 258034 265037 267043
266031 266027 264039 254037 257033 265036
285059 276046 271040 296045 276041 307033
289042 278027 286039 315015 116015 124013=
249026 283024 229016 257028 259029 261031
253028 258030 251031 264033 262037 267035
269047 267041 273036 281039 297040 294050
279052 289042 312018 331011 245011 216011.
171017 118006 175013 059009 134016 060015
070013 096016 114019 338006 089005 074013
253010 308010 307011 315020 258027 296051
287035 273027 262033 259034 260023 273028.
270026 215016 223018 195026 203030 181015
185020 195024 218014 080006 220017 240028
246032 283040 261043 295050 262052 282060
263053 276069 290049 280056 271033 273027.
261026 233025 194030 177017 182019 133012
101013 095008 078011 090005 080013 074015
068010 142012 009016 287022 333020 059016
321020 331020 296022 297030 291016 268011.
182016 179017 085019 059013 098013 077019
065014 088016 078021 094023 095022 084024
086026 060026 060023 043023 086024 328019
289035 293035 292044 285057 271051 261052.
239046 233038 230029 206022 184019 175019
177013 149013 111009 088009 102010 090013
063013 045015 014011 300025 286030 284035
286031 294036 281033 290036 304014 033011.
037009 114015 109012 PPC000 138012 312005
198012 152009 158006 076016 196011 054014
114011 139011 229033 254021 227019 181013
061012 045016 075015 078013 078015 109018.
109018 095015 103017 087015 109018 074024
097020 105015 094018 074018 084023 064021
304011 274031 272035 268037 274039 281045
287054 281061 258049 263051 272038 259042.
256045 254040 236033 219012 226017 223022
250037 231028 241029 259028 252027 303024
266030 289029 286036 287038 308034 289047
274051 277057 283044 281036 283032 275035.
270039 281045 254030 214021 099006 187016
174023 072012 134013 056018 138012 097008
052011 051010 288021 276031 256042 282048
283058 292055 287068 293050 294047 285035.
308016 311014 190022 181022 188028 194020
185019 187024 189024 198026 240017 205018
219025 263018 241010 235023 276019 247023
229022 251012 218015 222013 209011 033005.
066007 030004 034007 061012 057011 067017
085016 133037 157040 138036 123030 100013
098015 120024 146039 133036 136040 119025
077019 062022 069032 107019 095015 113019.
103016 106017 079018 085022 085017 082029
079010 080018 069017 088026 071022 065016
026014 050012 342010 295026 307012 343012
349011 008009 064014 148018 099018 058010.
086019 125015 085019 054019 066025 105022
121017 036012 074018 073019 057022 080019
067022 068028 056029 073017 029021 178040
180051 175050 142028 166025 141014 132016.
124020 103018 099016 072025 080018 074021
080024 076022 096021 102020 109013 045014
055017 181033 157034 170053 131034 170047
150043 196049 164029 174029 186012 139006.
079007 222009 055013 095022 080022 101031
073016 075019 101016 095015 102016 114017
083027 076034 065028 151041 166064 165048
150056 163060 168044 158033 131023 122017.
158016 222021 178020 181024 159021 052011
112013 079017 112018 081016 093020 080023
082014 064014 008017 239017 047018 024024
346016 269021 299033 297023 276024 288036.
277020 187012 169013 185010 199012 207012
190017 201015 189026 183018 192014 204020
196017 213023 236023 286018 009009 043012
350014 056004 267016 293013 255013 129006.
147017 167020 075012 120019 051012 137010
146006 096017 105011 095014 083008 055012
266014 298021 251024 288029 282030 295040
275034 268046 280043 281045 277055 269043.
245032 231028 190024 173024 185023 186023
186019 183022 173022 194026 191021 211019
239011 238016 266042 286045 270049 299053
293056 277088 289085 293089 295060 291045.
286048 265036 275041 267040 265032 251034
251029 254035 248047 274052 264056 268061
265065 283051 285059 263069 284061 283061
282054 280057 271043 268050 232035 227034.
223032 222025 213018 099009 195025 204017
208017 187018 205021 196019 199023 202017
196019 182034 163030 035015 359012 059015
059019 069024 068021 081015 125013 053012.
084013 112012 119012 086010 044009 075017
088015 079011 091017 102018 069018 078017
107013 087012 075018 071012 143010 281023
260038 292026 285028 261019 256020 250032.
248027 245027 232018 239008 217011 250013
222013 284017 199017 184006 059005 078011
072012 080019 077022 139008 213020 085007
058014 051016 063014 088015 086013 078016.
105013 095008 086018 082018 108015 074016
094021 100017 073020 084018 084021 095017
086022 059018 075013 028013 058016 340014
010022 060016 038013 048012 025008 061008.
156011 080014 080006 083013 070014 100010
102017 071018 093016 100017 101015 088022
084017 071015 095012 039016 281029 268015
268013 331011 280008 309026 299023 279031.
291016 193020 220026 197020 179019 173021
166011 101004 108006 080010 PPC002 060006
119010 083019 058026 272016 296036 314022
279033 285030 273043 286038 288031 292021.
251008 191022 191020 184022 185020 208026
187021 183022 184017 181020 049009 252029
282024 271038 295039 282055 288043 296043
299047 287057 292046 299034 077030 088024.
082021 108025 008006 108006 103013 064011
076008 166007 PPC000 PPC000 275008 214009
275008 054009 057010 055020 070019 069023
057023 061029 061021 061016 123013 089014.
104013 086019 086023 089022 067022 077026
071025 107022 093024 116018 075021 106015
093019 322012 282060 278055 302054 277051
270036 255042 275037 284041 283048 276043.
264051 259046 252050 258036 268037 265040
265032 265027 269039 254037 258030 265040
283055 278047 271040 293043 279043 303036
292040 275028 285035 306019 113014 125011=
059270 1220 083283 1220
052297 1358 078278 1455
078285 1630 108295 1630
032300 1451 056295 1247
064274 1832 088266 1832
055241 2115 075238 2115
048224 1048 062218 1043
061279 1556 089260 1724
062273 1533 083287 1544
073294 1606 096291 1603
036290 2013 045281 2013
058139 0634 113135 0530
029082 0200 048094 0619
071192 1423 163174 1318
070185 1151 112177 1137
076185 1316 127163 1312
036285 1218 064278 2153
038287 2006 058286 2006
057284 1623 084283 1850
097295 1709 141286 1612
079263 1110 114253 1157
038222 2021 050224 2021
045258 1512 062263 1506
039250 2043 052271 2024
033276 1338 178313 1337
037275 1303 072270 1303
049284 1653 074308 1634
060297 1241 093308 1237
032072 1607 052029 1324
069289 1107 106310 1107
057266 2047 081249 2047=
D=
K=
A=
S=
B=
??????
******
YF
O2179
河南省
豫洛宁王村
洛宁县小界乡王村
山地；乡村；地面
空缺
计算机
计算机
计算机
计算机
计算机
20120613=
JY
8888=
GK
01/
05/=
BZ
00/342613/1113816
10/24/逐时观测
10/24/24时连续观测
11/不守班=
######
