O2184 3415N 11128E 006672 006672 105 000 S15 91999999919999199999 0 2012 02
P=
TB
0045 0006 -003 -013 -029 -039 -042 -044 -044 -044 -043 -043
-042 -044 -044 -041 -036 -027 -014 -014 -018 -025 -030 -037 0061 2008 -045 0453.
-041 -040 -046 -055 -063 -071 -077 -083 -084 -087 -085 -089
-077 -065 -035 -021 -008 0005 0010 0006 0001 -011 -014 -017 0013 1443 -090 0812.
-022 -029 -035 -043 -048 -042 -056 -047 -041 -049 -043 -047
-031 -011 0016 0045 0066 0060 0062 0064 0051 0035 0025 0020 0068 1247 -059 0241.
0021 0011 0000 -005 -007 -008 -021 -026 -029 -033 -041 -038
-034 -026 -026 -027 -015 -011 -009 -008 -015 -027 -033 -032 0026 2017 -042 0652.
-034 -033 -031 -033 -035 -036 -038 -035 -026 -028 -033 -034
-028 0017 0054 0082 0081 0080 0082 0076 0068 0051 0039 0033 0088 1240 -038 0256.
0028 0025 0019 0004 -005 0002 0018 0023 0024 0024 0025 0027
0035 0044 0045 0045 0061 0056 0041 0038 0025 0017 -001 -013 0064 1306 -013 2000.
-020 -024 -028 -032 -036 -038 -042 -050 -059 -065 -068 -074
-059 -048 -035 -019 -008 0002 0001 0000 -010 -024 -034 -038 0006 1428 -074 0800.
-040 -043 -047 -048 -052 -052 -056 -054 -057 -057 -055 -056
-052 -041 -032 -017 -010 -004 -003 0004 -004 -021 -033 -040 0012 1450 -058 0226.
-045 -050 -053 -063 -060 -058 -058 -062 -058 -055 -053 -052
-044 -033 -016 -002 0000 0004 0016 0014 0008 -010 -020 -023 0019 1451 -067 0341.
-029 -030 -026 -027 -026 -025 -027 -030 -033 -035 -036 -034
-019 -002 0009 0018 0025 0037 0038 0035 0031 0013 0001 -004 0044 1410 -039 0540.
-013 -017 -020 -027 -031 -047 -038 -048 -050 -042 -041 -042
-018 0008 0023 0047 0060 0059 0063 0061 0049 0042 0032 0025 0066 1531 -052 0438.
0022 0019 0015 0012 0009 0005 0000 -001 -003 -004 -006 -008
-002 -002 0003 0011 0024 0034 0036 0037 0030 0022 0016 0005 0040 1616 -009 0757.
-007 -009 -012 -020 -024 -029 -027 -030 -036 -046 -045 -046
-028 -004 0021 0035 0051 0061 0064 0065 0059 0045 0031 0022 0069 1424 -048 0805.
0025 0024 0013 0014 0012 -012 -002 0005 -004 -010 -007 -005
0014 0035 0059 0079 0082 0093 0090 0087 0077 0060 0043 0033 0095 1348 -013 0145.
0025 0021 0015 0007 0000 -004 -006 -008 -008 -010 -010 -011
-011 -010 -009 -005 -002 -002 0006 0007 0010 0009 0003 -001 0033 2001 -012 0828.
-006 -005 0005 -008 0005 0006 0006 0010 0008 0006 -003 -008
0006 0024 0033 0037 0046 0052 0056 0053 0044 0028 0011 0004 0060 1507 -010 0741.
-002 -005 -016 -014 -019 -013 -018 -020 -019 -019 -024 -020
-006 0017 0012 0019 0031 0031 0045 0037 0027 0018 0001 -009 0045 1500 -025 0631.
-012 -014 -024 -024 -024 -027 -028 -024 -032 -033 -032 -035
-014 0004 0019 0030 0041 0051 0055 0048 0043 0027 0011 0001 0062 1432 -038 0738.
0000 -006 -018 -022 -028 -032 -035 -039 -040 -040 -042 -038
-023 0027 0038 0055 0067 0078 0084 0083 0074 0054 0052 0046 0087 1555 -046 0712.
0036 0028 0022 0017 0011 0000 -005 -007 -001 -008 -009 -006
0007 0022 0027 0050 0057 0064 0070 0068 0064 0058 0053 0053 0074 1512 -024 0631.
0049 0048 0046 0043 0040 0039 0033 0021 0026 0012 0007 0013
0027 0039 0066 0073 0082 0079 0086 0086 0072 0059 0053 0044 0089 1442 0005 0713.
0038 0031 0024 0015 0014 0006 0001 0003 0001 -014 -014 -009
0012 0018 0059 0105 0112 0140 0144 0141 0123 0105 0097 0087 0151 1441 -015 0607.
0082 0078 0083 0076 0072 0070 0050 0042 0036 0034 0039 0036
0029 0021 0022 0020 0021 0024 0023 0020 0017 0015 0011 0010 0087 2001 0010 2000.
0008 0007 0005 0004 0003 0001 -001 -003 -007 -011 -013 -013
-007 0013 0017 0022 0028 0037 0040 0043 0044 0042 0045 0045 0045 1651 -014 0659.
0042 0043 0041 0026 0017 0014 0010 0002 -005 -015 -020 -022
-018 -012 -003 0010 0014 0009 0009 0008 0002 -003 -006 -009 0047 2237 -022 0740.
-011 -015 -013 -025 -029 -034 -039 -035 -035 -035 -035 -035
-030 -024 -013 -002 0023 0027 0027 0026 0022 0016 0012 0009 0030 1319 -039 0258.
0007 0003 -002 -005 -003 -011 -016 -022 -026 -029 -034 -031
-011 0005 0023 0033 0039 0041 0042 0046 0044 0041 0037 0027 0046 1448 -037 0727.
0023 0017 0007 0001 -008 -015 -022 -020 -032 -039 -036 -033
-022 -005 0003 0022 0026 0036 0040 0038 0034 0033 0028 0023 0044 1458 -040 0641.
0018 0015 0014 0012 0011 0009 0007 0009 0006 0005 0000 0002
0012 0016 0031 0035 0033 0037 0042 0046 0046 0040 0033 0028 0048 1536 -002 0717=
I=
E=
U=
N=
H=
C=
V=
R6
=
=
0000 ////////// 00000=
W=
L=
Z=
G=
FN
089063 091064 097044 117032 100038 095044
109047 112029 101030 110022 096025 108026
101030 098033 088027 111019 118018 098016
087022 119023 103028 087022 083017 123025.
126017 129008 111017 105027 101024 099025
113020 115024 090022 130013 146006 PPC000
280012 338016 093012 077015 138018 113020
115021 102034 108034 114022 113013 148010.
167010 150013 086015 288011 279014 338015
281014 270017 270020 285015 279029 326008
285020 284038 268025 293020 282020 118025
108036 098029 094032 124019 177025 249007.
120007 134013 290009 PPC000 275011 166027
293017 281019 150017 060013 127018 PPC001
PPC000 040011 076017 154008 195006 118017
116029 087035 079030 095032 074022 088018.
135011 167011 324006 175017 190009 270006
279016 182013 161020 109017 084012 166013
252016 297031 278029 259016 094045 100054
120068 103058 103039 091020 152017 158010.
360006 138014 181009 289017 282028 293043
285051 285039 271048 254025 281026 291026
282021 309029 024026 015024 360020 353039
015040 010032 012025 336036 017036 317025.
317025 315028 324037 326042 322033 322029
340022 339017 329024 293016 310019 306023
280035 289053 267053 264052 309033 285031
255054 266051 266045 272051 286032 284038.
283048 288052 287032 292021 277021 302018
281025 295026 299020 286027 281040 283024
280041 278062 272045 278041 274062 273057
278043 271053 280031 279025 280023 284020.
283025 283024 273013 286018 284019 282018
282019 277028 299039 290020 222016 186006
295011 291019 300028 319027 056017 221011
319024 265021 270031 357022 305035 284045.
283043 284031 276039 271037 271028 254031
284018 255016 264023 295012 267029 275021
272039 259031 266014 319022 062025 342016
060022 085008 090017 119021 149021 184015.
296012 289013 264008 291016 309007 271011
272015 288013 209006 175023 170021 157014
272010 098017 098016 021016 091034 108045
099051 108062 098044 061013 072018 351008.
037008 061015 075016 065003 PPC000 088021
PPC002 295009 012009 067007 071019 113013
005010 086020 119026 124017 083030 114033
109018 090035 097045 070036 104025 085025.
041014 159006 119016 131016 PPC000 172016
284014 180007 308012 281012 273009 269017
295016 120024 124020 127020 107023 081030
122035 089034 099031 104028 111032 139017.
147008 168010 268014 237010 248008 279029
293024 287030 275018 288028 291025 286027
284026 305043 287039 314026 162013 118047
091051 093065 105067 101054 096036 090048.
091039 081032 089047 094050 095030 076024
120024 103027 028004 060018 070019 119025
064018 085017 071009 121012 076020 112029
049007 093016 144016 PPC002 204010 281011.
280019 281021 282023 293026 290032 280033
277036 263035 261029 260014 189011 291017
PPC002 317009 325019 172009 235010 061016
005019 097032 052033 322021 291007 304014.
295012 294015 292018 301019 271016 296017
302018 291019 304016 306010 182025 146007
273013 122014 337015 118021 261026 269031
289040 270067 309051 008012 024007 289025.
286017 301009 127014 354012 303021 272016
283021 297025 280019 276019 282014 288015
289013 079006 323028 180013 286039 265023
287019 103031 085039 096039 126022 153029.
168024 311013 287024 288025 289022 282024
289031 291022 292025 292018 299015 273011
287019 077011 061016 114028 110035 089042
110038 097052 089053 080031 125006 062010.
322008 PPC002 092005 175013 265005 281007
296018 284013 199011 297012 192009 125007
153009 013006 099018 067016 111036 080030
088045 072038 089039 109024 166013 203013.
329012 066010 347005 331009 PPC000 074007
177021 284017 169014 288014 298011 273014
284013 207006 092012 040011 113034 091037
089049 105063 097061 120027 069041 094037.
110043 337013 213007 184020 182012 292012
183026 PPC000 170009 283015 287030 283027
272020 277030 225023 302027 113027 033018
103013 054015 275058 281040 269037 279024.
264014 284020 263019 179023 279021 168016
105047 121029 082023 117034 083048 095032
091049 092053 101058 113058 104047 098050
096055 096051 104043 110027 094023 080018.
083018 026005 331008 029006 279006 107014
105014 100014 236014 208010 288028 295019
271016 293036 272042 282055 276060 293058
279049 286057 284034 267011 197010 275008.
293010 253011 190017 100047 101019 092027
084040 092032 094042 084036 104021 112028
123016 097025 100036 095031 077045 086042
083032 090043 108058 098040 081028 064017.
060003 286008 284014 182028 098014 187010
163004 027010 239010 292014 266006 PPC000
066009 077010 072016 061014 008008 114017
072035 089031 093038 109024 098020 167010.
296004 115011 092015 124016 263007 117013
110015 PPC000 292006 164015 PPC001 168015
092018 019009 098011 101014 102026 118021
114014 114028 123021 125014 169011 040014.
071011 076017 125017 103012 160016 102016
136018 125011 136015 265010 089015 103019
125026 108016 062021 064030 120041 065025
117033 114034 092039 107039 075025 072018.
358007 067008 PPC000 317006 119010 286006
PPC000 141009 156015 074019 160018 109011
112021 097017 112029 096037 122031 107024
140010 085024 094031 094028 094027 115021=
093060 095061 095045 114035 098038 095047
109049 113030 104027 100021 099024 108024
100027 105037 088029 107021 119017 098020
103020 116024 105029 087022 082018 121025.
121018 133009 112017 105026 102025 100024
112021 114023 091022 135015 155006 PPC000
271013 324018 103010 068015 139018 131019
137021 105037 107032 113021 114014 156011.
174010 149013 086016 313009 278013 300012
279015 270017 268019 274016 282028 297011
285019 282037 271028 279019 279019 119029
110033 095029 094033 120019 175027 247007.
127008 136015 282009 PPC001 263009 169024
291015 281017 147016 056013 130020 151005
PPC002 053011 092017 153009 247008 105015
118027 089034 080030 095033 082021 084018.
127014 165013 303008 176016 188010 266008
274015 201011 167017 117017 116012 188013
260014 293030 277029 242015 094048 105052
111067 104057 101039 086021 154016 165011.
028005 135013 173012 291017 283026 291042
290049 285039 274051 255026 274028 289026
299021 302029 022023 020026 011024 358040
004039 007040 019030 333038 013036 316024.
320026 310025 324034 322043 321032 316028
334023 332018 330025 294018 311020 305024
279032 286051 267051 265052 294035 277026
247052 272047 272050 275047 286030 282040.
281051 282048 286031 292023 282020 303017
279025 294023 306020 287027 278038 283024
278041 277060 277039 274049 277055 272055
276045 273052 278035 279024 279025 282019.
283024 283023 255011 286018 282019 283021
293016 281030 297038 288025 248014 181007
267009 299021 300026 298023 337017 214013
315022 275025 275031 312021 302031 284045.
282042 279033 271041 270038 271031 259032
279023 254014 264021 285016 273027 276024
281035 265031 290015 340020 067023 266018
059022 102016 095017 119022 151021 180016.
291013 288012 266009 293017 308008 269012
262012 291013 237008 173019 160018 150014
260011 104014 113016 056014 094032 107044
105052 108061 103051 063015 071018 353008.
042010 065017 079019 PPC002 PPC002 088020
295006 297011 330010 080008 069016 111014
007010 085020 111026 116020 091026 115030
102019 095036 094045 064032 099025 089026.
039013 206004 125013 130016 052003 172015
271013 188007 313013 285012 279008 273018
293016 118025 121019 132020 110027 079026
111036 095032 098029 100027 113033 141018.
153009 154009 264013 228010 246009 279027
294025 286029 277019 285028 292027 287027
285025 298040 285038 289022 144017 114044
101059 091066 103065 101059 100035 091047.
091044 081032 089047 094047 097033 078027
115023 103026 045006 067020 068017 115023
064017 070013 068011 118012 091018 111028
021008 096017 132016 PPC002 205012 251009.
281017 285020 282023 291027 287031 279032
275034 264033 262027 260016 190011 288017
PPC002 303011 315016 125008 269015 053020
011017 081029 053027 311021 313009 301013.
293013 289015 293019 296019 272017 294015
300018 288019 302017 303009 178023 168007
263013 129014 335015 106018 278026 269038
280045 270064 297048 359015 024008 287025.
287017 294009 147014 341010 295018 278015
285022 298024 278017 279019 277014 288015
290015 228009 332023 215013 272033 281026
276019 091032 087041 098037 126022 149029.
165026 298011 286025 289025 289022 285024
289029 290023 292023 296016 297015 284013
286019 078012 070015 119025 110034 097042
104039 097053 088050 083032 109011 054012.
320008 PPC002 103006 174013 252006 287008
296017 288014 200010 293012 205009 128008
152009 037008 101019 059014 112034 094031
093045 078038 086037 110026 163012 200012.
326015 086009 291005 336008 PPC000 076007
172019 287017 170013 281014 297011 266013
284014 231009 102011 058018 092032 100042
090049 099056 094059 116028 071040 098039.
115041 320013 191009 177019 172013 291012
180025 PPC000 177009 280014 287028 284029
277020 273028 238019 303027 118027 023017
111015 054016 276052 283047 265038 276026.
251015 280022 264020 181022 281021 174013
103048 118035 088024 112035 083049 092038
090051 088052 096060 107064 100049 100059
096054 100051 104046 108030 096021 086019.
086017 339006 343007 035007 295006 110013
109013 095014 230014 225008 288022 296019
271022 290039 275040 273049 277058 286059
281049 285053 285036 270012 191011 281008.
298009 260011 186015 100048 096022 095028
086040 092035 093042 085035 102022 114027
123016 098025 102036 096037 076045 086044
081036 088046 104054 094043 084027 068018.
066006 292008 268014 171024 098013 195010
208004 039008 242010 297015 273005 PPC000
059008 086010 077013 061014 060009 117013
092033 088029 084033 106026 104019 159009.
294006 109012 088016 122016 245008 118012
106015 PPC000 274007 166015 PPC001 169015
105017 009011 099014 108014 109027 119022
112020 117027 119022 124013 163012 040012.
066012 076016 120016 106012 150014 109015
138019 120012 134016 268010 090014 108018
122026 156013 059019 069024 116043 052022
097031 111038 099041 109037 075023 073019.
328008 036006 PPC000 312005 120010 287007
PPC001 141009 156015 072018 154018 115011
104021 105017 112029 094031 119032 107024
136015 083026 092028 096027 096028 115021=
072089 2133 088091 2133
042107 1554 053091 1608
041093 1646 060283 0938
040112 1743 047110 1743
068115 1501 087088 1436
061287 0236 093285 0303
063290 1018 094294 1018
064274 1022 093277 1244
055282 1944 073283 1943
051267 2311 083257 0028
064105 1636 084108 1444
047080 1645 067097 1721
040099 1430 060097 1452
087109 1722 114114 1721
063092 2010 086099 2009
043273 0213 064282 0212
064270 1600 097271 1550
046095 1741 071356 1425
058103 1625 073114 1529
046085 1504 060102 1530
066096 1607 087097 1548
071275 1719 102272 1717
074103 1211 102111 1211
064278 1321 102280 1304
059096 0032 072105 0033
045109 1516 059108 1516
035103 1250 049111 1317
047099 1640 065116 1251
038108 1229 054080 1125=
D=
K=
A=
S=
B=
??????
******
YF
O2184
河南省
豫洛宁兴华
洛宁县兴华乡瓦寨庙村
山地；乡村；地面
空缺
计算机
计算机
计算机
计算机
计算机
20120319=
JY
8888=
GK
01/
05/=
BZ
00/341517/1112740
10/24/逐时观测
10/24/24时连续观测
11/不守班=
######
