O2199 3411N 11214E 004530 004530 105 000 S15 91999999919999199999 0 2011 02
P=
TB
0027 0014 0000 -009 -017 -016 -022 -025 -037 -032 -026 -024
-016 0040 0070 0080 0083 0090 0093 0089 0085 0067 0046 0044 0095 1432 -039 0517.
0022 -001 -001 0001 -005 -018 -024 -028 -031 -036 -043 -038
-028 0025 0061 0087 0107 0126 0127 0126 0119 0104 0090 0081 0130 1528 -045 0742.
0051 0054 0024 0012 0008 0015 0005 -008 -018 -010 -014 -012
-005 0013 0041 0081 0104 0111 0111 0105 0095 0076 0057 0036 0113 1410 -021 0517.
0030 0015 0008 0014 0001 -002 -015 -003 -015 -015 -005 -006
0002 0018 0043 0084 0118 0137 0138 0131 0120 0108 0101 0077 0141 1422 -019 0539.
0071 0040 0037 0024 0004 0016 -004 -012 -006 -010 -023 -024
-004 0023 0035 0062 0084 0099 0094 0083 0078 0061 0044 0040 0105 1418 -026 0745.
0033 0022 0028 0027 0038 0039 0026 0028 0028 0030 0023 0028
0038 0081 0077 0113 0138 0129 0125 0121 0115 0104 0092 0083 0141 1315 0019 2209.
0076 0073 0073 0067 0063 0067 0060 0053 0042 0042 0025 0021
0030 0046 0061 0076 0086 0096 0104 0106 0104 0089 0084 0085 0106 1559 0017 0742.
0068 0057 0058 0060 0055 0049 0045 0025 0018 0021 0024 0021
0033 0053 0078 0086 0107 0113 0122 0116 0102 0093 0085 0081 0124 1434 0016 0630.
0077 0072 0065 0057 0052 0048 0045 0041 0038 0032 0030 0028
0025 0003 -009 -013 -011 -016 -019 -023 -026 -026 -026 -024 0081 2001 -026 1656.
-024 -025 -024 -026 -027 -028 -029 -027 -027 -026 -026 -026
-021 -016 -003 0001 0011 0016 0030 0032 0033 0024 0016 0007 0034 1657 -030 0248.
0003 -001 -006 -009 -006 -008 -011 -009 -007 -005 -002 -003
0000 0019 0042 0059 0065 0068 0066 0068 0064 0054 0040 0029 0070 1356 -011 0257.
0019 0014 0006 0001 0000 0001 0002 0002 0001 0001 0003 0002
0003 0013 0019 0024 0033 0032 0032 0030 0022 0011 0007 0001 0036 1236 -002 0047.
-011 -018 -022 -024 -030 -031 -027 -033 -037 -032 -036 -029
0017 0036 0046 0054 0063 0056 0053 0049 0037 0030 0023 0013 0064 1236 -037 0459.
-005 -026 -037 -045 -051 -055 -054 -057 -054 -053 -057 -053
-049 -036 -011 0010 0013 0023 0027 0021 0012 0002 -008 -015 0035 1414 -058 0428.
-021 -026 -031 -035 -038 -041 -040 -041 -047 -052 -054 -048
-041 -032 -015 -017 -011 -011 -031 -033 -034 -036 -039 -039 -010 1320 -057 0632.
-039 -038 -039 -039 -039 -039 -040 -040 -039 -038 -039 -037
-024 -006 0009 0026 0051 0052 0055 0053 0051 0049 0041 0037 0060 1432 -041 0232.
0036 0031 0032 0030 0029 0027 0028 0020 0020 0011 0008 0004
0032 0059 0087 0099 0107 0111 0109 0104 0093 0078 0070 0063 0113 1323 0003 0742.
0057 0050 0041 0037 0032 0029 0027 0025 0020 0014 0003 0001
0009 0026 0040 0053 0063 0061 0063 0063 0061 0057 0051 0047 0065 1238 0000 0754.
0039 0028 0020 0013 0006 -001 -004 -004 -010 -009 -007 -008
0003 0021 0043 0061 0082 0091 0092 0091 0082 0071 0061 0052 0096 1423 -013 0526.
0042 0035 0030 0029 0018 0012 0009 0006 0003 0005 -006 -007
0004 0023 0043 0069 0073 0090 0097 0098 0089 0079 0068 0064 0099 1552 -010 0720.
0058 0046 0039 0025 0015 0005 0014 0001 0000 0007 0008 0019
0020 0025 0030 0041 0045 0054 0058 0057 0054 0049 0046 0044 0064 2001 -002 0448.
0043 0048 0043 0044 0040 0038 0034 0034 0034 0032 0032 0038
0045 0056 0073 0090 0100 0121 0122 0121 0118 0110 0100 0092 0124 1437 0031 0559.
0081 0082 0073 0057 0061 0046 0044 0036 0031 0032 0026 0030
0052 0079 0118 0132 0154 0174 0169 0171 0171 0160 0140 0113 0176 1349 0024 0637.
0099 0084 0077 0066 0062 0056 0053 0047 0043 0041 0049 0049
0071 0105 0117 0141 0157 0160 0160 0155 0149 0136 0122 0108 0163 1435 0040 0550.
0096 0089 0080 0082 0076 0075 0074 0071 0069 0067 0064 0068
0066 0063 0056 0053 0052 0060 0065 0057 0058 0054 0054 0047 0108 2001 0047 2000.
0041 0030 0028 0027 0025 0015 0007 0009 0004 0000 -004 -004
-005 -004 -003 -004 -006 -005 -006 -005 -006 -005 -006 -005 0047 2002 -007 1631.
-005 -005 -004 -003 -003 -003 -003 -002 -002 -001 -001 0001
0003 0002 0006 0008 0012 0011 0010 0015 0015 0013 0011 0012 0016 1539 -005 2059.
0011 0010 0008 0007 0003 -001 -004 -006 -003 -007 -007 -006
-005 -007 -009 -009 -009 -002 -002 -007 -009 -011 -012 -012 0012 2005 -012 1847=
I=
E=
U=
N=
H=
C=
V=
R6
,,,, ,,,, ,,,,
,,,, ,,,, ,,,,
,,,, ,,,, ,,,,
,,,, ,,,, ,,,,
,,,, ,,,, ,,,,
,,,, ,,,, ,,,,
,,,, ,,,, ,,,,
,,,, ,,,, ,,,,
,,,, ,,,, ,,,,
,,,, ,,,, ,,,,
,,,, ,,,, ,,,,
,,,, ,,,, ,,,,
,,,, ,,,, ,,,,
,,,, ,,,, ,,,,
,,,, ,,,, ,,,,
,,,, ,,,, ,,,,
,,,, ,,,, ,,,,
,,,, ,,,, ,,,,
,,,, ,,,, ,,,,
,,,, ,,,, ,,,,
,,,, ,,,, ,,,,
,,,, ,,,, ,,,,
,,,, ,,,, ,,,,
,,,, ,,,, ,,,,
,,,, ,,,, ,,,,
,,,, ,,,, ,,,,
,,,, ,,,, ,,,,
,,,, ,,,, ,,,,=
=
0000 ////////// 00000=
W=
L=
Z=
G=
FN
072011 295007 024009 PPC001 355005 076006
187007 072008 261014 279012 277009 294020
070012 302011 267019 328037 329039 321043
332026 327026 006031 013017 129010 095025.
105015 138008 120007 129006 075004 104016
198005 083005 112010 124004 017005 190018
213008 296007 306013 312010 331020 344021
012032 019022 004029 019032 033021 027009.
175005 356012 311009 111008 217008 168010
093024 186008 262005 101013 235008 347005
268008 316011 125003 079010 111024 099024
110032 118021 132023 077011 138009 102010.
180010 246003 327007 104015 149010 310010
145010 110015 201009 097007 122013 PPC001
227006 222012 318008 251010 309011 314064
319059 326045 327026 358021 023028 147012.
097023 328009 199007 286011 039004 288006
153009 273006 110013 210006 PPC001 192005
204009 325009 307009 319024 031013 185012
341030 002035 354013 340006 250006 136003.
PPC000 230013 316009 201007 144012 189014
341006 211008 306006 136008 209007 137006
113003 289010 308011 334011 125034 120041
120053 142045 121044 118031 138032 132026.
129029 155021 144023 123028 140018 169030
098017 133032 191009 130018 317007 173011
329014 341020 320012 346026 332021 031018
355014 347012 022009 164007 156009 105016.
190004 290007 012007 137007 194006 131006
258008 287008 130003 222006 111007 159014
321007 296012 267011 344015 343017 351023
182018 160018 121037 108021 085016 103023.
106021 157019 138024 089022 089023 157013
080008 094017 100018 151019 182013 123022
122013 325005 022014 337018 337016 358021
012028 357017 348025 344017 014012 002016.
003009 047009 315009 185007 PPC001 021010
020006 016013 327009 349007 223007 182006
330005 002006 000006 236009 313011 033012
327012 269008 324013 003012 117032 130020.
124016 125023 147014 126019 039011 097005
007010 258007 221009 239014 289013 275008
332013 116007 307010 348021 342027 034033
024026 052028 025038 035019 080018 126010.
104022 119019 087017 112032 084017 140017
132026 134032 142035 129029 120019 153035
160029 184018 131036 112047 124036 125037
126030 124036 121043 129036 124029 053013.
019022 241010 358015 352015 241006 169010
237005 350006 176012 353007 186014 298015
324040 319073 332076 327057 330061 334032
343058 333048 328066 320056 315049 003014.
354009 006025 064012 350012 121005 096012
187015 186012 103012 088011 157010 104015
150010 043017 105020 174014 171017 061035
098045 107045 110037 122041 148032 138042.
125039 123029 118031 123025 122030 135020
134024 123023 126017 153010 095011 111015
104025 111023 086021 082011 138020 115015
167008 108015 114020 127020 111021 089011.
103015 060013 094004 030008 296008 321007
312008 164006 180007 344012 016008 163005
176004 279008 337007 313016 296015 359012
356022 008014 351010 146010 117013 151010.
161008 256006 134004 060004 021006 163007
173006 318006 115006 281005 039011 303009
333006 355011 359020 006034 357022 036018
079025 040025 022020 034021 136021 126017.
090021 079018 064011 063016 121014 102020
130010 139016 149017 355008 325005 307003
213006 327010 304012 284012 335025 353017
057021 071014 106024 093016 126012 359010.
023012 180006 196007 018010 341004 PPC002
256004 148007 231005 121004 145008 103022
107017 242006 308008 231009 304025 106016
137019 168017 166020 134026 118031 111023.
114019 148016 120016 137010 130011 161007
206006 243005 162010 PPC001 204006 128005
213007 222011 208010 238010 333012 108018
140016 134042 148030 126032 112024 138027.
148014 130014 155010 166004 354006 068004
099009 PPC000 075004 297005 217005 163006
159003 262007 258008 316006 265008 008011
345016 255007 276004 211005 220005 193006.
PPC002 097009 242004 PPC000 003005 323006
PPC000 047005 PPC000 PPC001 129005 155004
111005 349008 219005 307017 055010 306008
330019 047011 359010 135012 120012 145014.
115006 104007 117014 233007 110013 244003
099010 116007 067006 126010 133007 094015
302010 312012 304010 344021 003016 140023
130036 124038 097022 053010 119023 091007.
095005 189005 252007 198005 102015 317007
027008 134007 223008 230011 112019 268008
307007 027005 022018 075021 102037 119026
119029 104033 122033 084032 088032 111031.
073020 087024 123014 034008 030012 013009
010008 008017 015010 125003 334006 121013
106013 114029 071020 037016 053033 064014
092025 359019 013013 095013 164014 103012.
329004 029009 011010 096008 121019 001017
022031 347008 357018 356017 347017 355015
010019 016018 358016 018026 009022 349014
PPC000 PPC000 PPC000 PPC000 PPC000 PPC000.
PPC000 PPC000 PPC000 PPC000 PPC000 PPC000
PPC000 PPC000 PPC000 PPC000 PPC000 PPC000
PPC000 PPC000 PPC000 020005 357006 353011
PPC002 030010 073012 005012 045010 036008.
348007 028008 135019 019011 349011 359012
351013 021006 274007 319008 015013 298008
339008 324010 356006 018013 PPC001 300008
325010 341009 358006 018013 027007 039003=
070011 319006 002008 351003 349005 094005
137008 074007 263014 281011 219007 294020
103011 295010 290025 287038 284051 279046
274032 288034 314028 007017 131010 098024.
104014 144008 125008 127006 104004 111014
188006 078004 116008 129003 042004 182014
211007 252006 302011 308011 320021 267022
033031 056023 028029 058034 036021 022011.
168005 017014 301008 124007 220009 161010
095024 196007 288004 103013 233008 031007
276008 278009 028004 091012 114018 097021
112028 123028 122025 075012 139009 099009.
171009 242005 330005 101017 145009 342008
145010 108013 192008 119006 111013 179004
268005 218011 293008 285010 288011 311065
312058 318050 304030 007021 026027 184011.
103020 336008 154010 239011 103004 247007
157009 276007 109015 216006 187003 203006
189011 339009 297009 306020 033015 172010
326029 289035 257013 314008 240006 147004.
PPC002 228011 312008 238008 134011 156011
010006 210011 304008 137007 230007 119006
134004 280008 288011 326011 123032 118038
126049 138048 134041 128037 137033 135024.
130029 131026 143024 126026 134021 170032
117016 134029 180008 120018 281006 171011
325014 282021 338014 261022 271018 014020
016015 264012 328009 176006 156010 106016.
201005 215008 018008 126006 194007 139006
274007 287008 121004 227006 122007 129017
321008 285010 278011 002016 198016 231025
172019 153017 129031 112021 089018 095021.
098020 149019 129026 075021 084023 154012
089010 086015 116020 141017 165015 122023
127015 312006 312013 289018 278016 351023
010028 314018 330024 297018 350013 340015.
358011 048007 317010 181009 355003 058008
341006 003014 317009 293008 239007 178005
328005 334006 357005 230010 332010 042014
352009 276009 289012 058012 117028 127018.
127016 122026 137016 119018 054012 058005
012011 249007 246008 248012 292014 204008
344011 063005 330009 322022 278028 008030
022027 043029 025031 034022 080020 121011.
114019 116021 097018 113031 096017 140017
125028 136028 129040 123030 125022 153032
156033 164020 130036 113042 126034 127033
126030 121037 124038 125036 127029 045014.
015021 217010 353015 315016 239006 167010
261005 321006 192010 313008 191014 295014
307036 305077 309076 311060 273047 273044
281057 281050 308067 313049 315047 222017.
219011 027025 052015 346011 113005 096012
183015 181012 112009 095012 158012 117014
140010 078015 138018 143015 130021 093030
103033 108037 108039 123048 138033 136035.
122035 128030 122031 124026 126026 137020
126025 127024 131017 150012 108013 119013
102025 115021 082017 084014 112019 133013
164009 119013 114018 120021 117019 096012.
107015 081011 066006 040007 300008 316008
327007 158006 176006 002010 017008 162005
177004 287008 240008 287015 275013 137010
242023 346015 359009 135010 116012 155011.
162008 313004 132003 068005 059007 191005
142005 328005 126007 256003 041010 299008
303006 282013 354020 005031 038023 050020
081025 041024 032023 039023 125021 109015.
094020 084018 062011 057016 120013 107021
114013 141019 140016 270007 324004 291003
220006 297009 234013 295017 283021 321017
061021 075018 089020 096015 121010 117010.
016012 204005 197007 018009 357005 PPC001
234004 142007 247005 138005 131008 102022
102018 240008 272010 248009 303024 120018
133019 159019 152021 126026 124031 116022.
132020 140017 127014 123012 135012 180008
190006 233005 160009 189004 186006 143004
240006 221010 209009 236009 291014 125020
142018 141031 132037 125034 116027 127029.
134020 128012 144011 189005 272007 074003
103011 PPC000 087004 271005 206005 157006
180005 258007 255009 288008 275008 355012
267015 251008 259005 216005 211004 238005.
140003 098009 PPC002 PPC002 307006 327005
PPC000 081003 PPC000 PPC002 132006 133004
099005 149007 282006 300015 024011 254008
309015 031011 011010 144010 118013 139015.
133006 115008 119014 223007 118011 272004
107010 125007 085006 124010 131008 100016
299009 313010 336009 311022 106018 151022
128033 127033 105027 052012 113019 098008.
090005 210006 273007 125003 095014 299006
019008 135007 223007 216012 112017 264008
269007 122004 311014 039021 107043 121038
120034 105032 120034 098032 096030 113034.
071022 090025 124012 060009 025012 042010
108009 330016 020011 143005 286004 113013
116016 120028 063019 047021 039029 076017
098021 346021 043013 098012 134014 103013.
032006 035010 357009 089009 116017 338016
007024 032008 285016 003016 311019 329016
056020 018020 331015 029026 010023 300015
PPC000 PPC000 PPC000 PPC000 PPC000 PPC000.
PPC000 PPC000 PPC000 PPC000 PPC000 PPC000
PPC000 PPC000 PPC000 PPC000 PPC000 PPC000
PPC000 PPC000 PPC000 042005 003007 330010
346005 053008 109010 356014 045010 040007.
020007 025009 131018 020012 285012 279014
032013 029010 265007 299008 009013 014006
349007 266009 356008 342011 347005 304008
321011 300010 330007 032013 033006 035005=
058332 1300 124343 1300
039037 1900 070026 1800
033121 1500 068118 1700
071341 1400 126338 1400
038327 1600 073346 1600
053085 1600 125124 1600
038175 0200 086130 2100
036121 1800 071099 1800
038049 2300 085113 2300
032043 1900 060127 1900
042043 1500 080355 1300
046161 0900 097121 0500
087318 1100 156316 1000
051151 1800 105121 1900
040088 2300 087104 2100
026004 1700 048343 1600
039355 1300 072032 1200
032332 1300 051113 0300
034118 2000 065127 1600
042116 1700 094116 1700
028130 2100 059117 2100
021332 1600 038124 1900
038175 1500 077127 1500
054094 1400 105116 1400
041099 2100 080147 2100
028012 1200 049032 0900
017020 1900 025020 1900
023035 0400 037012 0400=
D=
K=
A=
S=
B=
??????
******
YF
O2199
河南省
豫嵩县饭坡
洛阳市嵩县饭坡乡工业园区
丘陵；乡镇；地面
未上报
计算机
计算机
计算机
计算机
计算机
20110504=
JY
8888=
GK
01/
05/=
BZ
BB/02-28/由于河南省大气探测装备中心对区域自动站设备升级，造成本月正点与分钟数据不符，部分仪器最大风、极大风时间错误，所有数据基本不可用。因此，为了保证数据文件的完整性，仅对A文件进行了处理，未处理J文件。
00/341039/1121330
10/24/逐时观测
10/24/24时连续观测
11/不守班=
######
