O2185 3357N 11123E 012540 012540 105 000 S15 91999999919999199999 0 2012 02
P=
TB
-043 -055 -057 -065 -064 -070 -076 -077 -081 -082 -080 -056
-040 -031 -014 -003 0001 0012 0002 -001 -013 -030 -038 -044 0016 1358 -089 0647.
-051 -067 -068 -065 -076 -091 -098 -108 -112 -117 -121 -119
-093 -050 -027 -019 -009 -004 -002 -008 -016 -029 -044 -055 0001 1358 -122 0645.
-072 -078 -084 -093 -100 -104 -107 -113 -116 -120 -120 -116
-078 -025 0018 0046 0063 0069 0071 0069 0053 0006 -013 -040 0082 1327 -124 0722.
-043 -045 -054 -051 -065 -072 -067 -070 -078 -089 -090 -066
-051 -039 -024 -023 -010 -009 -012 -009 -013 -016 -025 -036 -007 1447 -093 0620.
-035 -032 -030 -028 -026 -031 -040 -044 -041 -048 -056 -053
-018 0024 0071 0112 0110 0103 0098 0075 0051 0036 0022 0012 0114 1155 -059 0718.
0005 0001 -022 -042 -057 -056 -012 -005 -011 -013 -010 -011
-005 -002 0003 -007 -006 -003 -004 -011 -021 -030 -037 -045 0014 2007 -062 0217.
-052 -059 -062 -065 -070 -075 -083 -088 -093 -096 -103 -104
-094 -085 -068 -053 -045 -035 -034 -041 -050 -061 -073 -079 -030 1512 -105 0758.
-077 -084 -082 -083 -086 -089 -091 -093 -095 -097 -098 -096
-091 -082 -076 -062 -052 -055 -047 -041 -050 -062 -085 -096 -038 1548 -098 0700.
-104 -117 -122 -126 -124 -126 -131 -122 -110 -100 -093 -084
-073 -071 -063 -060 -057 -050 -040 -038 -041 -053 -066 -068 -030 1526 -131 0300.
-073 -087 -075 -072 -071 -070 -069 -072 -074 -079 -079 -077
-060 -043 -033 -019 -011 0008 0008 0003 -002 -020 -045 -058 0019 1445 -088 2158.
-083 -090 -097 -108 -117 -121 -121 -121 -126 -134 -132 -128
-067 -006 0014 0025 0037 0047 0046 0040 0028 0002 -025 -022 0054 1434 -136 0617.
-015 -012 -009 -011 -015 -019 -027 -026 -030 -028 -029 -027
-028 -025 -015 -013 -011 -009 -006 -004 -009 -012 -019 -022 -001 1451 -034 0322.
-033 -041 -053 -074 -069 -080 -075 -089 -097 -101 -105 -095
-058 -006 0037 0057 0054 0059 0053 0045 0038 0027 0012 -018 0062 1346 -107 0716.
-031 -033 -041 -053 -066 -070 -065 -064 -065 -075 -087 -077
-035 0010 0041 0052 0064 0072 0056 0045 0035 0019 0010 0008 0077 1358 -090 0707.
0003 -001 -004 -009 -011 -016 -024 -021 -022 -024 -024 -027
-023 -018 -015 -015 -005 -004 0007 0003 0001 -005 -013 -021 0010 1512 -027 0800.
-038 -038 -052 -060 -066 -068 -068 -062 -054 -063 -067 -061
-035 -011 0000 0000 0002 0006 0010 0002 -004 -017 -030 -054 0014 1438 -078 0713.
-065 -076 -075 -071 -068 -068 -067 -066 -066 -064 -062 -056
-038 -029 -015 -017 -018 -027 -017 -020 -023 -030 -041 -058 -006 1238 -080 2224.
-064 -065 -084 -085 -086 -082 -085 -084 -086 -089 -097 -092
-055 -035 -009 -002 0005 0013 0020 0014 0009 -004 -038 -049 0023 1357 -101 0747.
-063 -080 -090 -098 -107 -108 -112 -120 -119 -123 -127 -112
-054 0012 0024 0039 0048 0064 0064 0057 0042 0029 0011 -009 0072 1435 -128 0704.
-038 -043 -049 -061 -066 -049 -041 -035 -031 -026 -025 -020
-011 0003 0025 0051 0056 0055 0056 0054 0047 0034 0026 0012 0062 1255 -069 0058.
0008 0005 -001 0000 -005 -005 -006 -021 -017 -030 -044 -030
0006 0049 0065 0075 0085 0087 0094 0088 0080 0067 0055 0047 0102 1534 -048 0708.
0038 0034 -001 -017 -037 -045 -051 -047 -047 -046 -046 -034
0000 0042 0075 0093 0121 0118 0113 0108 0085 0071 0052 0046 0127 1255 -052 0259.
0020 -005 -010 -013 -012 -012 -022 -018 0021 0010 0009 0002
0000 -003 -002 -003 -001 -002 -007 -010 -013 -015 -022 -024 0042 2001 -024 2000.
-023 -023 -022 -025 -026 -024 -023 //// //// //// //// ////
//// -016 -010 -009 -006 -004 -002 -001 0000 0001 0000 0001 0001 1800 -026 0100.
0002 //// //// //// //// //// //// //// //// //// //// ////
//// -038 -035 -034 -027 -028 -032 -033 -037 -042 -046 -050 0003 2049 -050 2000.
-052 -051 //// //// //// //// //// //// //// //// //// ////
//// //// //// -021 -016 -015 -011 -014 -018 -021 -024 -022 -009 1414 -052 2100.
-024 -024 //// //// //// //// //// //// //// //// //// ////
-055 -025 -003 -001 0006 0010 0009 0007 0004 -001 -007 -011 0011 1359 -058 0848.
-015 -020 -024 -039 -046 -060 -067 -070 -074 -075 -076 -069
-038 0002 0016 0031 0033 0040 0031 0030 0022 0010 0003 -001 0044 1333 -079 0630.
-006 -004 -006 -001 -003 -006 -007 -010 -010 -017 -021 -015
-009 0003 0005 -005 -002 -002 0003 0005 0005 0000 -002 -003 0009 1110 -023 0655=
I=
E=
U=
N=
H=
C=
V=
R6
0000 0000 0000
0000 0000 0000
0000 0000 0000
0000 0000 0000
0000 0000 0000
0000 0000 0000
0000 0000 0000
0000 0000 0000
0000 0000 0000
0000 0000 0000
0000 0000 0000
0000 0000 0000
0000 //// ////
0000 0000 0000
0000 0000 0000
0000 0000 0000
0000 0000 0000
0000 0000 0000
0000 0000 0000
0000 0000 0000
0000 0000 0000
0000 0000 0000
0000 0000 0000
//// //// ////
//// //// ////
//// 0013 0013
//// 0000 ////
0000 0000 0000
0000 0000 0000=
0000 0000 0000 0000 0000 0000 0000 0000 0000 0000 0000 0000
0000 0000 0000 0000 0000 0000 0000 0000 0000 0000 0000 0000.
0000 0000 0000 0000 0000 0000 0000 0000 0000 0000 0000 0000
0000 0000 0000 0000 0000 0000 0000 0000 0000 0000 0000 0000.
0000 0000 0000 0000 0000 0000 0000 0000 0000 0000 0000 0000
0000 0000 0000 0000 0000 0000 0000 0000 0000 0000 0000 0000.
0000 0000 0000 0000 0000 0000 0000 0000 0000 0000 0000 0000
0000 0000 0000 0000 0000 0000 0000 0000 0000 0000 0000 0000.
0000 0000 0000 0000 0000 0000 0000 0000 0000 0000 0000 0000
0000 0000 0000 0000 0000 0000 0000 0000 0000 0000 0000 0000.
0000 0000 0000 0000 0000 0000 0000 0000 0000 0000 0000 0000
0000 0000 0000 0000 0000 0000 0000 0000 0000 0000 0000 0000.
0000 0000 0000 0000 0000 0000 0000 0000 0000 0000 0000 0000
0000 0000 0000 0000 0000 0000 0000 0000 0000 0000 0000 0000.
0000 0000 0000 0000 0000 0000 0000 0000 0000 0000 0000 0000
0000 0000 0000 0000 0000 0000 0000 0000 0000 0000 0000 0000.
0000 0000 0000 0000 0000 0000 0000 0000 0000 0000 0000 0000
0000 0000 0000 0000 0000 0000 0000 0000 0000 0000 0000 0000.
0000 0000 0000 0000 0000 0000 0000 0000 0000 0000 0000 0000
0000 0000 0000 0000 0000 0000 0000 0000 0000 0000 0000 0000.
0000 0000 0000 0000 0000 0000 0000 0000 0000 0000 0000 0000
0000 0000 0000 0000 0000 0000 0000 0000 0000 0000 0000 0000.
0000 0000 0000 0000 0000 0000 0000 0000 0000 0000 0000 0000
0000 0000 0000 0000 0000 0000 0000 0000 0000 0000 0000 0000.
0000 0000 0000 0000 0000 0000 0000 0000 0000 0000 0000 0000
//// 0000 0000 0000 0000 0000 0000 0000 0000 0000 0000 0000.
0000 0000 0000 0000 0000 0000 0000 0000 0000 0000 0000 0000
0000 0000 0000 0000 0000 0000 0000 0000 0000 0000 0000 0000.
0000 0000 0000 0000 0000 0000 0000 0000 0000 0000 0000 0000
0000 0000 0000 0000 0000 0000 0000 0000 0000 0000 0000 0000.
0000 0000 0000 0000 0000 0000 0000 0000 0000 0000 0000 0000
0000 0000 0000 0000 0000 0000 0000 0000 0000 0000 0000 0000.
0000 0000 0000 0000 0000 0000 0000 0000 0000 0000 0000 0000
0000 0000 0000 0000 0000 0000 0000 0000 0000 0000 0000 0000.
0000 0000 0000 0000 0000 0000 0000 0000 0000 0000 0000 0000
0000 0000 0000 0000 0000 0000 0000 0000 0000 0000 0000 0000.
0000 0000 0000 0000 0000 0000 0000 0000 0000 0000 0000 0000
0000 0000 0000 0000 0000 0000 0000 0000 0000 0000 0000 0000.
0000 0000 0000 0000 0000 0000 0000 0000 0000 0000 0000 0000
0000 0000 0000 0000 0000 0000 0000 0000 0000 0000 0000 0000.
0000 0000 0000 0000 0000 0000 0000 0000 0000 0000 0000 0000
0000 0000 0000 0000 0000 0000 0000 0000 0000 0000 0000 0000.
0000 0000 0000 0000 0000 0000 0000 0000 0000 0000 0000 0000
0000 0000 0000 0000 0000 0000 0000 0000 0000 0000 0000 0000.
0000 0000 0000 0000 0000 0000 0000 0000 0000 0000 0000 0000
0000 0000 0000 0000 0000 0000 0000 0000 0000 0000 0000 0000.
0000 0000 0000 0000 0000 0000 0000 //// //// //// //// ////
//// 0000 0000 0000 0000 0000 0000 0000 0000 0000 0000 0000.
0000 //// //// //// //// //// //// //// //// //// //// ////
//// 0000 0000 0000 0000 0000 0000 0000 0000 0000 0000 0000.
0000 0000 //// //// //// //// //// //// //// //// //// ////
//// //// //// 0000 0010 0002 0001 0000 0000 0000 0000 0000.
0000 0000 //// //// //// //// //// //// //// //// //// ////
0000 0000 0000 0000 0000 0000 0000 0000 0000 0000 0000 0000.
0000 0000 0000 0000 0000 0000 0000 0000 0000 0000 0000 0000
0000 0000 0000 0000 0000 0000 0000 0000 0000 0000 0000 0000.
0000 0000 0000 0000 0000 0000 0000 0000 0000 0000 0000 0000
0000 0000 0000 0000 0000 0000 0000 0000 0000 0000 0000 0000=
0000 ////////// 00000=
W=
L=
Z=
G=
FN
320005 356009 312006 PPC000 345007 PPC002
357003 PPC000 018005 332006 323007 046005
350010 345012 016019 354019 359037 016032
346031 010025 036024 028022 004017 006008.
006010 246003 289008 045003 293003 044003
272005 254003 268006 PPC002 PPC000 144003
039009 083013 273017 351037 341033 355024
286031 335019 358023 292009 330011 341010.
PPC000 271008 288005 276006 295005 280005
141004 260003 250009 122004 PPC002 PPC002
165010 169010 191023 112006 081020 000023
353030 000019 337010 PPC002 349017 PPC000.
313009 023006 074004 304005 PPC000 PPC002
226006 350011 273006 289008 245003 132005
219006 111019 PPC002 012010 102007 201018
349024 006008 340019 357019 354025 013013.
030009 175011 233003 357009 174029 169031
239005 285014 046010 278008 353008 019007
064007 172011 191014 028034 020039 097034
103030 118030 022017 180007 PPC000 124006.
PPC002 301009 021008 PPC002 002008 322008
341021 308020 351017 342010 349016 320030
330031 337037 019034 345041 008043 021045
340036 326033 333043 340029 354021 354017.
322021 313015 350023 323015 002027 353017
337018 005019 354023 336040 016017 331016
338025 335045 022048 348034 013039 274024
290025 300031 335027 301014 329014 271013.
333015 331011 005009 344016 334021 338029
004020 334025 338015 317017 271024 313021
338021 326011 275020 033013 340024 348035
330015 310014 278027 295011 260005 342009.
023010 111010 018010 340010 110004 111008
220004 094006 273007 286005 019006 002005
092005 358017 018015 348007 003019 010026
314013 320035 336023 001031 322017 319016.
306010 069010 345005 325019 013011 008022
323020 005025 339011 294013 355013 006016
346036 348015 358037 042016 007012 239019
352020 340025 353026 326017 356016 348020.
000008 247005 247004 PPC002 214007 273006
197005 289006 290010 262004 PPC001 PPC001
PPC001 175036 180048 178045 182019 200030
196026 177020 185030 146015 052008 PPC000.
335004 145012 163015 128015 120017 145023
143011 134033 PPC000 102006 150009 126009
176012 232013 087007 236017 169008 000015
024017 028018 137011 208011 026021 062009.
005008 018008 001010 102005 341011 226006
064006 279008 215004 273009 PPC002 043007
186007 137010 193017 190024 034025 019031
358025 005031 348023 033027 PPC001 359009.
250003 292004 212004 049005 PPC000 PPC000
230007 330012 358008 PPC000 220003 PPC000
104005 170014 346019 336022 021036 018033
137030 126025 039013 098013 112012 114018.
124016 172010 114018 314003 147015 086013
112005 070016 043008 029012 044007 086019
206009 082012 015022 012021 042033 336012
217006 015021 041025 016018 016007 335010.
PPC000 333011 280008 PPC001 032011 037004
PPC001 098004 212008 357008 017004 345006
096006 230011 300010 354030 349030 336022
005034 011026 279025 348018 336011 PPC000.
355012 311006 255005 PPC000 192003 PPC000
PPC002 005012 026004 172008 PPC001 PPC000
020006 007020 024023 023023 335034 334038
344037 344031 288030 341012 300013 099006.
303010 PPC002 006004 286009 293008 326006
128009 349005 023004 268005 PPC000 PPC000
193003 171012 089009 010017 262016 011031
005019 012028 349024 346011 PPC000 354010.
047009 093006 149004 021003 293005 252003
289008 PPC001 248007 247006 285006 PPC002
PPC000 168039 198062 213032 234040 186019
214039 188040 232024 217007 295009 337007.
PPC000 003015 040005 PPC000 344008 PPC000
253005 174003 PPC002 PPC000 PPC000 267007
PPC000 165006 234007 144024 174042 187049
216022 175033 029021 005013 359012 326005.
349008 PPC001 PPC002 034004 085006 280003
PPC000 PPC000 258006 PPC001 PPC002 PPC000
257009 197019 238012 205025 152027 226026
151026 197030 168018 189017 156020 131032.
169026 181018 259007 013017 026003 137006
037007 013008 030004 291008 PPC000 PPC000
PPC002 185007 357035 081009 339028 341044
339025 292019 358024 357029 007014 324011.
006021 346010 PPC002 PPC000 037008 286012
213005 019004 062023 156030 116017 127027
083018 117035 146021 061025 071029 068017
125012 096017 100011 103022 061027 099021.
111012 084008 015008 343014 036012 359008
099005 ////// ////// ////// ////// //////
////// 348012 345035 005029 336035 330047
338030 345030 332025 359015 353018 346010.
345022 ////// ////// ////// ////// //////
////// ////// ////// ////// ////// //////
////// 145017 048020 109020 168017 051013
026017 146011 042007 123011 179009 162013.
165011 163005 ////// ////// ////// //////
////// ////// ////// ////// ////// //////
////// ////// ////// 012027 011013 006011
151011 020018 346009 314010 213004 064003.
174019 184016 ////// ////// ////// //////
////// ////// ////// ////// ////// //////
PPC002 085012 210019 171028 210017 182016
197017 157018 223020 195020 221030 220010.
203017 213024 182020 204008 239006 346004
PPC000 169003 268009 271012 263007 135005
146010 157016 189029 206016 127025 197023
015033 024028 023014 003024 356013 312011.
010005 289010 268004 127017 PPC000 041003
165006 PPC002 357014 026009 030011 350008
PPC000 007012 212015 009027 003016 203009
025005 092021 096012 039011 345009 341006=
304004 007004 319005 PPC002 350008 PPC000
349004 PPC000 008007 313003 328004 029006
345011 346012 026013 000021 353033 004031
344033 007024 032021 029024 005016 007008.
351008 281004 PPC002 065004 297005 352004
261003 PPC001 289004 PPC001 256003 PPC002
043006 092011 331023 355035 340023 001028
300024 336023 353023 296011 339014 341010.
PPC001 278004 261004 316005 314003 237003
PPC002 PPC002 253005 101005 PPC002 PPC001
181008 162008 189024 179010 041017 355030
355029 343019 341013 354005 353015 PPC001.
332007 PPC001 PPC001 304005 PPC001 247004
308006 008009 333003 294003 PPC001 080006
212004 067014 PPC001 019009 081005 200018
349020 026010 342018 000016 355022 008017.
008010 166007 267006 005011 176028 173027
227005 340008 007015 272005 341006 355005
PPC002 161008 186015 026015 018037 103020
110032 128029 074011 128013 167004 185006.
PPC000 327003 014006 PPC002 000008 316007
349018 329024 335020 334011 336014 311018
333030 349029 025037 339030 003036 008043
355031 335031 342034 337026 354028 355025.
326016 315017 343017 338020 342030 342014
351022 355015 349019 331029 352018 338025
344024 339032 006038 354036 009035 297029
289030 294030 345022 314014 304017 273015.
321021 300009 340014 324015 333023 330020
357016 315025 319025 315013 295019 324021
352027 326020 305021 005020 332025 356032
330019 326015 297019 327011 207003 020005.
012007 084007 023010 354004 078003 123007
317004 137004 201008 272006 029006 020004
PPC002 359017 015011 005010 000022 009024
310021 330032 336023 004028 330018 324018.
315011 070007 333009 327016 347018 000026
323028 346027 317015 320012 002013 001012
353028 004023 352030 021025 007017 279014
341016 338029 356025 335016 000016 355018.
356007 PPC001 240005 179005 251005 270004
253005 PPC002 279005 265004 242006 PPC002
PPC002 189016 174050 177044 188018 188025
193023 199025 192029 143016 332008 PPC000.
278003 157008 180016 124014 135016 148027
138015 130022 113006 116008 165004 136008
186010 222011 009005 356012 172014 011018
023016 019012 126013 205011 027023 046011.
352006 023011 003010 116007 288009 258012
060013 315007 258006 273008 PPC001 031005
182005 134010 196016 190023 031033 006032
353026 001024 351028 032024 146004 352007.
PPC002 PPC001 PPC001 037005 PPC002 PPC002
290003 352011 PPC001 110003 PPC002 082003
091006 173010 348020 336029 023035 046026
127026 115020 039015 099016 113013 117019.
138021 149014 119015 236011 137013 092014
099003 075013 065010 068017 028008 085018
145014 100011 020026 012021 031028 343012
150006 015021 036027 010017 358008 345009.
PPC002 345014 313008 356006 033006 PPC001
223004 052006 211007 024006 343004 338006
073003 201011 304008 356032 350028 346022
005031 001030 299021 340015 323010 135007.
341010 329006 PPC002 PPC001 231003 PPC001
PPC001 000011 PPC002 182009 281003 PPC000
046013 010024 020024 014026 344029 348031
342032 337031 304023 349020 297010 093006.
299010 044005 007003 306008 262006 314004
128009 318007 030006 351003 PPC002 PPC000
167003 169013 085010 001016 288021 003025
004021 002018 354020 343016 PPC001 354006.
012007 050006 111003 357005 PPC002 PPC002
271004 085003 255006 243004 274004 PPC002
PPC002 166035 188065 214035 226040 184025
210033 190037 225029 175013 268013 038007.
096005 346008 010008 247003 358006 036003
317004 PPC001 PPC001 029003 PPC001 230005
202004 189005 199006 155023 178040 186043
209024 177029 008023 357016 000013 329005.
000008 017003 PPC002 012005 047005 283004
PPC002 PPC002 270006 354007 PPC002 PPC001
320005 188015 261017 206030 195020 219023
144027 195027 150022 206028 146027 139021.
166018 166028 291007 011009 006006 072004
123003 018008 030004 280005 239003 PPC000
046005 178005 004038 076012 054016 355039
340029 290021 001025 357025 006013 332015.
355017 358006 PPC000 PPC000 018006 280007
349004 039005 055026 134029 113020 118021
125025 118027 117020 079022 075028 075015
091024 092020 087012 100017 059021 099016.
118013 090009 307004 350013 035011 013008
072006 ////// ////// ////// ////// //////
////// 348010 336028 352028 346029 334036
342028 344028 340024 347014 344016 332015.
346015 ////// ////// ////// ////// //////
////// ////// ////// ////// ////// //////
////// 145021 056019 119022 215009 069020
014020 080019 069012 139010 158008 164013.
173011 163006 ////// ////// ////// //////
////// ////// ////// ////// ////// //////
////// ////// ////// 015024 010013 007013
103009 024020 359010 343012 194006 061005.
177017 189013 ////// ////// ////// //////
////// ////// ////// ////// ////// //////
088004 101009 206014 191023 196014 198012
172014 172020 214019 203019 213024 211014.
195017 208024 186019 165008 238004 311006
PPC001 128004 278008 339006 274005 103003
123009 167011 199028 188017 117024 191021
016034 021029 024016 002020 357011 326013.
032003 289009 188004 118019 243005 041003
144006 PPC000 359013 022009 324005 011008
304006 011005 190017 013033 004016 224008
081004 102019 103014 041013 014005 355007=
040343 1452 056354 1441
038352 1205 053357 1130
036165 1037 042172 1032
024345 1512 030349 1450
042015 1311 064037 1309
047004 1340 071346 1355
043278 1435 062281 1440
039007 1521 060281 1303
032330 1600 050014 1403
035356 0938 065340 0255
050174 1100 065174 1206
029030 1344 041141 0151
039010 1245 054343 1419
038020 1252 062037 1443
030024 1114 040037 1258
034350 1507 056003 1224
043004 1349 072354 1328
036003 1422 058028 1355
072181 1053 089183 1044
047186 1332 060172 1312
042194 1543 062197 1126
047358 1342 059354 1335
043108 0439 068135 0432
043353 1133 069352 1138
030145 1144 053160 1033
026357 1204 039028 1157
029199 1849 048197 1910
038025 1456 058014 1449
035013 1158 048017 1149=
D=
K=
A=
S=
B=
??????
******
YF
O2185
河南省
豫栾川三川柳子村
栾川县三川镇柳子村南沟口农田
山地；乡村；地面
空缺
计算机
计算机
计算机
计算机
计算机
20120319=
JY
8888=
GK
01/
05/=
BZ
00/335703/1112259
10/24/逐时观测
10/24/24时连续观测
11/不守班=
######
