O2191 3419N 11151E 009300 009300 105 000 S15 91999999919999199999 0 2011 05
P=
TB
0000 0000 0000 0000 0000 0000 0000 0000 0000 0000 0000 0000
0000 0000 0000 0000 0000 0078 0084 0086 0000 0000 0000 0000 0172 2022 0000 2100.
0000 0000 0000 0000 0000 0000 0000 0000 0000 0000 0000 0000
0000 0000 0093 0000 0000 0000 //// //// 0128 0125 0104 0088 0135 1620 0000 2100.
0000 0000 0000 0000 0000 0084 0000 0000 0085 0000 0098 0110
0000 0000 0000 0000 0000 0000 0000 0000 0092 0183 0166 0153 0226 1443 0000 2100.
0000 0000 0000 //// //// //// 0101 0100 0096 0000 0108 0118
0000 0000 0000 0000 0000 0000 0000 0000 0000 0000 0000 0000 0246 1447 0000 2100.
0000 0000 0000 0000 0000 0000 0000 0000 0000 0000 0000 0000
0000 0000 0000 0000 0000 0000 0000 0228 0229 0219 0198 0190 0275 1405 0000 2100.
0189 0176 0173 0173 0174 0170 0181 0189 0190 0192 0172 0174
0206 0230 0233 0250 0266 0260 0261 0245 0240 0231 0222 0228 0269 1409 0168 0157.
0205 0195 0175 0165 0156 0146 0143 0141 0133 0132 0143 0163
0169 0186 0201 0238 0244 0248 0219 0212 0215 0208 0195 0196 0271 1341 0131 0520.
0191 0188 0184 0183 0185 0194 0158 0151 0142 0141 0151 0158
0171 0186 0204 0221 0225 0231 0235 0232 0219 0201 0181 0157 0245 1319 0138 0528.
0147 0141 0136 0134 0128 0125 0124 0121 0120 0121 0124 0126
0128 0130 0136 0141 0154 0163 0159 0146 0133 0125 0127 0123 0167 1408 0118 0421.
0120 0121 0116 0116 0117 0119 0117 0111 0111 0109 0109 0112
0111 0121 0124 0124 0124 0129 0135 0138 0136 0137 0135 0138 0141 1538 0106 0544.
0136 0122 0123 0114 0116 0117 0114 0117 0119 0119 0128 0158
0168 0189 0199 0200 0207 0211 0208 0205 0195 0187 0166 0176 0220 1542 0111 0328.
0179 0169 0150 0151 0152 0136 0131 0149 0144 0132 0131 0130
0134 0154 0172 0171 0186 0185 0184 0192 0178 0169 0142 0139 0202 1550 0120 0634.
0144 0136 0141 0123 0125 0115 0129 0119 0115 0122 0130 0131
0153 0176 0184 0180 0191 0190 0200 0193 0184 0168 0164 0164 0214 1434 0110 0335.
0151 0151 0150 0150 0144 0143 0143 0141 0137 0135 0133 0133
0168 0194 0211 0203 0213 0229 0231 0230 0213 0182 0167 0160 0243 1430 0127 0741.
0154 0157 0154 0158 0149 0152 0160 0176 0161 0170 0161 0172
0194 0216 0229 0236 0236 0254 0255 0253 0240 0209 0205 0188 0262 1416 0148 0023.
0185 0185 0190 0196 0199 0193 0194 0192 0187 0181 0150 0159
0175 0203 0215 0235 0245 0258 0264 0269 0237 0202 0199 0195 0275 1427 0149 0702.
0191 0188 0177 0169 0157 0151 0151 0145 0143 0145 0148 0163
0189 0240 0255 0291 0292 0295 0305 0298 0281 0240 0228 0254 0310 1229 0138 0430.
0260 0234 0245 0235 0218 0224 0217 0211 0208 0207 0216 0227
0234 0279 0284 0300 0323 0320 0310 0313 0287 0261 0248 0241 0329 1332 0204 0610.
0234 0229 0225 0220 0216 0216 0206 0214 0207 0208 0205 0208
0226 0238 0248 0253 0263 0272 0270 0267 0246 0234 0215 0211 0275 1504 0201 0750.
0198 0187 0178 0168 0170 0173 0176 0172 0163 0159 0157 0155
0152 0155 0150 0150 0165 0157 0142 0128 0114 0114 0114 0107 0211 2001 0107 2000.
0102 0095 0093 0087 0086 0089 0091 0084 0087 0083 0079 0077
0092 0096 0105 0114 0121 0127 0131 0129 0128 0123 0108 0101 0134 1344 0076 0739.
0100 0096 0102 0102 0101 0102 0093 0088 0087 0087 0088 0090
0094 0094 0098 0104 0103 0105 0106 0119 0124 0117 0102 0079 0133 1649 0078 1951.
0077 0079 0071 0074 0076 0073 0071 0076 0072 0082 0091 0099
0119 0155 0168 0164 0176 0174 0197 0180 0178 0166 0147 0131 0201 1502 0066 0442.
0132 0131 0121 0119 0118 0116 0114 0107 0102 0109 0122 0126
0127 0135 0143 0139 0152 0152 0155 0162 0154 0150 0145 0133 0163 1549 0101 0515.
0121 0114 0117 0118 0118 0112 0108 0110 0101 0105 0103 0117
0133 0157 0168 0189 0203 0212 0225 0206 0200 0186 0169 0158 0229 1424 0100 0502.
0144 0147 0136 0137 0129 0126 0125 0124 0125 0127 0124 0139
0155 0181 0204 0214 0231 0244 0251 0256 0235 0220 0212 0201 0265 1455 0121 0303.
0196 0175 0172 0168 0168 0161 0141 0136 0127 0127 0144 0154
0173 0195 0225 0235 0249 0244 0236 0240 0235 0228 0216 0210 0264 1306 0125 0510.
0186 0206 0171 0162 0152 0146 0150 0143 0136 0143 0148 0167
0185 0199 0221 0227 0240 0247 0256 0247 0246 0238 0200 0184 0259 1503 0132 0514.
0176 0175 0193 0176 0173 0177 0182 0178 0172 0172 0163 0152
0157 0167 0167 0168 0183 0164 0170 0185 0190 0185 0194 0180 0200 1629 0149 0821.
0188 0163 0166 0163 0186 0158 0152 0152 0169 0172 0201 0209
0214 0221 0222 0220 0224 0227 0214 0210 0214 0218 0214 0202 0229 1211 0150 0349.
0208 0209 0200 0203 0206 0198 0210 0205 0201 0184 0187 0195
0208 0222 0234 0236 0262 0262 0277 0271 0262 0233 0210 0196 0279 1510 0178 0632=
I=
E=
U=
N=
H=
C=
V=
R6
0000 0002 0002
0000 //// ////
0001 //// 0001
//// 0000 ////
0000 0000 0000
0000 0000 0000
0000 0000 0000
0000 0000 0000
0000 0000 0000
0001 //// 0001
0000 0000 0000
0000 0000 0000
0000 0000 0000
0000 0000 0000
0000 0000 0000
0000 0000 0000
//// 0000 ////
0000 0000 0000
0000 0000 0000
0000 0008 0008
0022 0006 0028
0006 //// 0006
0002 0001 0003
0001 0001 0002
0001 0001 0002
0001 0001 0002
//// 0001 0001
0001 0000 0001
0001 0001 0002
0001 0000 0001
0000 0001 0001=
0000 0000 0000 0000 0000 0000 0000 0000 0000 0000 0000 0000
0000 0000 0000 0000 0000 0002 //// //// 0000 0000 0000 0000.
0000 0000 0000 0000 0000 0000 0000 0000 0000 0000 0000 0000
0000 0000 //// 0000 0000 0000 //// //// //// //// //// ////.
0000 0000 0000 0000 0000 //// 0000 0000 0001 0000 //// ////
0000 0000 0000 0000 0000 0000 0000 0000 //// //// //// ////.
0000 0000 0000 //// //// //// //// //// //// 0000 //// ////
0000 0000 0000 0000 0000 0000 0000 0000 0000 0000 0000 0000.
0000 0000 0000 0000 0000 0000 0000 0000 0000 0000 0000 0000
0000 0000 0000 0000 0000 0000 0000 0000 0000 0000 0000 0000.
0000 0000 0000 0000 0000 0000 0000 0000 0000 0000 0000 0000
0000 0000 0000 0000 0000 0000 0000 0000 0000 0000 0000 0000.
0000 0000 0000 0000 0000 0000 0000 0000 0000 0000 0000 0000
0000 0000 0000 0000 0000 0000 0000 0000 0000 0000 0000 0000.
0000 0000 0000 0000 0000 0000 0000 0000 0000 0000 0000 0000
0000 0000 0000 0000 0000 0000 0000 0000 0000 0000 0000 0000.
0000 0000 0000 0000 0000 0000 0000 0000 0000 0000 0000 0000
0000 0000 0000 0000 0000 0000 0000 0000 0000 0000 0000 0000.
0001 //// //// //// 0000 0000 0000 0000 0000 0000 0000 0000
0000 0000 0000 0000 //// //// 0000 0000 0000 0000 0000 0000.
0000 0000 0000 0000 0000 0000 0000 0000 0000 0000 0000 0000
0000 0000 0000 0000 0000 0000 0000 0000 0000 0000 0000 0000.
0000 0000 0000 0000 0000 0000 0000 0000 0000 0000 0000 0000
0000 0000 0000 0000 0000 0000 0000 0000 0000 0000 0000 0000.
0000 0000 0000 0000 0000 0000 0000 0000 0000 0000 0000 0000
0000 0000 0000 0000 0000 0000 0000 0000 0000 0000 0000 0000.
0000 0000 0000 0000 0000 0000 0000 0000 0000 0000 0000 0000
0000 0000 0000 0000 0000 0000 0000 0000 0000 0000 0000 0000.
0000 0000 0000 0000 0000 0000 0000 0000 0000 0000 0000 0000
0000 0000 0000 0000 0000 0000 0000 0000 0000 0000 0000 0000.
0000 0000 0000 0000 0000 0000 0000 0000 0000 0000 0000 0000
0000 0000 0000 0000 0000 0000 0000 0000 0000 0000 0000 0000.
0000 0000 0000 0000 0000 0000 0000 0000 //// 0000 //// 0000
0000 0000 0000 0000 0000 0000 0000 0000 0000 0000 0000 0000.
0000 0000 0000 0000 0000 0000 0000 0000 0000 0000 0000 0000
0000 0000 0000 0000 0000 0000 0000 0000 0000 0000 0000 0000.
0000 0000 0000 0000 0000 0000 0000 0000 0000 0000 0000 0000
0000 0000 0000 0000 0000 0000 0000 0000 0000 0000 0000 0000.
0000 0000 0000 0000 0000 0000 0000 0000 0000 0000 0000 0000
0000 0000 0000 0000 0000 0000 0001 0001 0000 0000 0004 0002.
0003 //// 0002 0001 //// 0005 0003 0006 0002 0000 0000 0000
0002 0000 0001 0000 0001 0000 0001 0000 0000 0001 0000 0000.
0000 0001 0000 0000 0000 0000 0000 0001 0001 0001 0002 0000
0000 0000 0000 0000 0000 //// 0000 0000 0000 0000 0000 0000.
0000 0000 0000 0000 0001 0000 0000 0000 0000 0001 0000 0000
0000 0000 0000 0000 0000 0001 0000 0000 0000 0000 0000 0000.
0000 0000 0000 0001 0000 0000 0000 0000 0000 0000 0000 0000
0000 0000 0000 0000 0001 0000 0000 0000 0000 0000 0000 0000.
0000 0000 0000 0000 0000 0001 0000 0000 0000 0000 0000 0000
0000 0000 0000 0000 0000 0001 0000 0000 0000 0000 0000 0000.
0000 0000 0000 0000 0000 0001 0000 0000 0000 0000 0000 0000
0000 0000 0000 0000 0000 0000 0001 0000 0000 0000 0000 0000.
0000 0000 0000 0000 0000 //// 0000 0000 0000 0000 0000 0000
0000 0000 0000 0000 0000 0000 0000 0001 0000 0000 0000 0000.
0000 0000 0000 0000 0000 0000 0000 0000 0000 0000 0001 0000
0000 0000 0000 0000 0000 0000 0000 0000 0000 0000 0000 0000.
0000 0000 0001 0000 0000 0000 0000 0000 0000 0000 0000 0000
0000 0000 0000 0000 0000 0001 0000 0000 0000 0000 0000 0000.
0000 0000 0000 0000 0000 0000 0000 0000 0000 0000 0000 0001
0000 0000 0000 0000 0000 0000 0000 0000 0000 0000 0000 0000.
0000 0000 0000 0000 0000 0000 0000 0000 0000 0000 0000 0000
0001 0000 0000 0000 0000 0000 0000 0000 0000 0000 0000 0000=
0000 ////////// 00000=
W=
L=
Z=
G=
FN
178007 195009 245009 135008 199011 062016
218007 163013 150007 128008 185011 167005
PPC000 166007 012005 006007 005019 183008
////// ////// 123014 168003 182013 170016.
143012 101008 126013 131006 335008 158006
158012 163004 200010 191016 169015 155016
189022 124011 ////// 234005 360009 355011
////// ////// ////// ////// ////// //////.
150013 171019 175016 176020 169019 //////
168015 165013 168014 148011 ////// //////
PPC001 348017 353013 354022 277021 194024
178019 254020 ////// ////// ////// //////.
140022 100018 208010 ////// ////// //////
////// ////// ////// 166012 ////// //////
010013 013017 352020 348022 031022 024011
209017 078011 191026 202017 182012 139014.
152014 125011 164010 124009 176014 134008
181014 134013 135013 171012 144007 157009
048007 008011 005021 352018 006010 219014
242017 191010 199005 PPC002 147013 154014.
170017 184018 194016 163013 177021 169011
146018 172014 123015 203019 087008 174012
035011 011007 348017 024016 331017 357015
358016 276010 232021 190031 180017 195029.
169018 135009 112005 128003 147011 180006
147008 152009 PPC000 167012 116005 PPC001
326009 343023 017020 328009 352017 212024
198041 185019 279016 080006 037009 072009.
253012 020012 282013 053012 193030 001015
114006 PPC000 132006 164009 PPC002 214011
344013 265008 002022 322010 224018 351018
328008 248007 339018 061006 313003 289003.
225003 186005 162006 002005 181009 022010
002013 072006 048006 213004 006010 184005
001009 021005 341006 351013 023007 355007
009010 017010 352014 181005 358006 356012.
349011 ////// ////// ////// 222012 271019
272027 305020 359010 248003 261007 298011
358005 111006 212006 339007 ////// //////
223011 245008 002012 080006 009031 200009.
113008 271011 299008 175013 148014 131012
117007 128008 144014 175013 145016 031039
023031 034028 037012 046033 357015 295016
081013 057025 038028 037036 107006 026013.
035025 097011 033015 221011 159014 131017
243015 347030 007037 295017 031044 032052
040048 080020 026021 076025 118018 058039
346019 013037 030040 349020 129006 111013.
170020 197013 173020 PPC002 192015 169010
129009 162007 204009 204015 154008 032012
076015 180013 025006 175026 084010 003015
003017 054012 281004 262006 155019 176015.
359008 133010 153015 176014 150011 221008
177011 208011 184012 220009 153010 071007
055025 084024 111006 041013 355008 031012
016020 024027 253008 190009 145010 177018.
166012 167010 187015 087006 161012 086004
134011 130011 138011 122006 177010 103004
081009 131009 352011 022014 315017 006018
088015 142014 204008 179013 189013 140012.
153007 149011 118010 137009 191013 165017
185017 209011 190020 194010 130006 122011
064010 249009 015011 278012 343018 077012
230010 029027 245006 169014 180015 169016.
184019 175013 169009 131007 164016 148010
120009 164012 ////// 148014 ////// 151009
259003 357016 353017 183016 046035 038025
158022 048007 010013 181010 188019 119019.
234015 190010 166012 042015 152010 163012
183021 170017 143006 159009 177020 166012
150009 180008 343016 341015 002020 348017
249008 006010 236009 158011 198024 160010.
164009 204005 183011 141009 157011 143011
186018 116011 173013 164017 125010 109006
126007 177018 189023 265019 236017 258018
204015 256033 197028 208013 255010 207035.
223014 231012 PPC002 202007 207019 263009
155013 195009 180007 341012 222006 114006
358013 150006 074010 345012 314003 026010
010008 063007 312026 220020 PPC002 281011.
025008 ////// 288014 323010 ////// 168007
PPC000 028006 PPC002 002031 067017 185010
PPC002 169013 PPC001 023018 026015 020037
010015 261006 004011 025008 199004 114004.
132007 136012 156007 186010 PPC002 159007
151006 158007 118007 131007 273005 170007
201005 165026 127010 175006 170009 //////
159015 183008 212013 004015 154009 128011.
132015 170010 164011 172013 176021 176018
154012 163017 171014 176016 104010 037007
019011 028013 221008 352013 325011 218012
252020 209026 205030 164017 197022 190024.
183022 188016 189014 158009 140007 126003
147009 158009 165006 156011 132007 163003
339013 346012 020014 009009 PPC002 250025
228009 250012 194016 282012 182013 114004.
144006 136011 171009 158012 162007 130006
146008 159013 149010 146010 153011 064006
012012 031013 019016 201013 225010 030020
277014 211023 200021 200018 135012 171016.
177018 184013 167013 193019 166018 153014
065007 111011 168014 165009 PPC001 PPC000
354013 016020 355016 343013 285010 000022
269010 256017 167015 171022 179011 163017.
122016 178013 169013 145014 161011 //////
PPC000 PPC002 141008 152007 140009 PPC001
350014 346017 255012 355013 304013 PPC002
174014 181022 196020 138013 158015 204018.
127006 155018 153010 107006 162014 126004
163012 144009 160014 126012 150015 PPC000
340008 355015 011015 343023 018012 237008
226013 275005 017011 100012 248008 191011.
186008 147013 186013 129006 172011 PPC001
169008 175012 173013 132011 179013 189016
184014 PPC001 PPC000 204003 213007 339003
267010 338007 339004 212012 354025 166010.
110008 131011 150007 179015 238010 121010
128006 051012 167017 144009 155011 036007
144008 321018 150009 082009 096013 317009
142020 194013 132023 102025 133015 195014.
148018 189013 145008 161012 204021 176017
133025 150025 158017 155010 172011 182017
075012 047024 356031 082013 300036 103025
279030 077022 054018 189010 171007 167008=
176007 182009 219009 151010 194012 143011
159006 163013 155007 134011 161009 156004
PPC000 179007 026006 009010 090018 167007
////// ////// 139015 152004 167011 179014.
160010 107009 140011 140006 355008 169004
137011 199005 184010 189015 175014 174017
185023 189011 ////// 223004 351013 359012
////// ////// ////// ////// ////// //////.
151012 176018 166014 171017 169018 //////
171016 163015 165014 157014 ////// //////
PPC001 349016 357015 360019 282019 208024
226023 244020 ////// ////// ////// //////.
144021 121017 204013 ////// ////// //////
////// ////// ////// 155011 ////// //////
360014 010014 001018 342022 016022 045015
251017 147016 181023 176010 176012 152014.
157015 141011 154010 135009 177013 142010
170012 150012 145012 163011 134007 148007
025010 009009 002019 347016 071013 215014
291018 227009 170006 137005 155014 154015.
170016 178018 184015 166014 172017 165013
123014 165012 134014 192019 124010 156010
084008 012008 349015 023014 315014 337013
003014 294011 210019 182026 182016 198028.
151013 123007 107004 130005 138009 161004
152009 147009 PPC002 159010 118005 PPC002
331009 347019 005019 326011 344017 211026
203033 185019 223011 312005 076008 056014.
308008 357010 250013 343015 193030 083011
121004 PPC001 122003 179008 080004 204009
329012 318013 003022 272017 172019 028016
016009 271009 346018 032009 354006 141004.
096004 146004 133005 180005 199008 014012
322010 070005 104008 209006 005010 269005
353007 006008 328006 346012 005007 350008
351011 358011 350013 213005 322005 347009.
345007 ////// ////// ////// 217014 264021
241022 275029 347009 273005 321005 309010
004006 100006 251007 085011 ////// //////
237010 024012 082012 106008 006024 157010.
125009 161012 225009 170012 158013 158012
146006 137010 152013 165013 115011 032037
025034 040025 056021 036030 005018 335020
033018 047022 043029 016025 043009 276013.
022028 068013 052012 200017 146017 152015
304013 006032 007034 342019 026037 043042
037037 064022 322019 041033 009025 053032
342030 027032 017045 354022 133007 138013.
187019 200015 147013 153003 184013 187010
169010 160008 165012 195015 236011 039008
052022 121013 111008 206023 177010 010014
344013 086011 287006 198005 144015 176014.
137008 120010 138012 154013 158011 124009
167014 182010 193011 176008 158011 097009
049021 090016 134009 330010 339011 330012
356016 360021 300010 183009 153010 179016.
174013 179013 180013 114008 143010 204008
120010 154012 136009 177009 185011 122008
106007 118008 351010 015015 326014 012018
077014 150014 351009 183012 180014 146012.
145009 154012 121011 126010 183015 184017
189016 185013 160016 155011 134006 144009
070009 101008 003013 290011 340016 016014
341013 010022 225006 172012 174015 172017.
183017 175017 169012 140010 162014 150009
130009 164012 ////// 138014 ////// 133008
038006 338011 353015 169019 036030 029027
184021 070015 095012 165010 178015 128023.
164019 189011 159013 045012 141011 167010
187020 142013 136009 155009 171017 155014
157010 192006 347016 347014 001017 349016
235008 341009 215012 164012 173016 152011.
165011 169007 174014 148010 152011 141011
174014 131011 173013 176016 140010 124008
118007 230018 185027 266023 235015 249018
213017 253021 217021 216015 232008 205034.
188011 245011 319006 134007 174014 306008
175014 203008 117007 352011 261004 158005
005013 089006 022009 349011 254005 309009
043008 070009 279032 232019 230005 279010.
166009 ////// 261012 246014 ////// 172005
PPC001 017007 165003 009033 040015 192010
133004 160013 231004 004017 008018 013031
014015 266007 024008 032008 203003 112005.
142008 136010 146005 170008 105005 128004
167007 148005 142008 141007 217007 174007
175005 170024 153015 166006 117010 //////
169012 192010 239014 349013 151009 123011.
153016 176014 167013 174015 180018 170016
165014 162016 167014 168016 134012 068007
038008 010014 214010 350015 040010 185009
245022 200029 207022 179016 203024 189024.
181024 180015 182014 158012 150006 132007
147009 134006 168007 157010 143007 180003
339017 355014 003012 360009 087005 246019
237009 257013 198019 262013 189019 137005.
142004 140011 167010 153011 148005 148007
153009 167012 153009 146009 153010 069005
027012 022014 000018 273012 299012 322019
194014 211024 194020 193019 132011 161016.
177017 174015 166013 184017 156016 160014
113010 139012 169014 165011 PPC002 PPC000
003012 005018 350015 352014 312013 357018
309012 237015 192015 178024 172012 170015.
138016 178013 172012 152015 158012 //////
PPC001 074004 129007 144006 133009 090003
348015 349015 299013 354012 288013 043006
194017 189023 187020 155015 150015 161018.
120009 138017 157010 133006 153011 141007
156012 157010 146012 132011 152012 PPC001
339009 356015 354016 349021 353012 218009
181013 214006 002012 139014 193008 152010.
229006 140010 184013 133008 165009 136005
167011 173013 167012 141010 166011 169012
177012 231004 PPC002 PPC002 119009 332006
216008 337008 357007 196011 025016 154012.
117010 146009 159009 186013 162014 137010
143007 108012 158014 159008 133011 087010
165009 041015 115011 140011 131018 345015
157017 174010 124016 147020 155016 212013.
151014 172013 154008 160012 185021 168016
140027 155022 163016 166010 150015 166014
053020 036024 032028 083020 004031 074025
257025 040024 046022 259011 181012 142009=
031035 1310 067358 1309
024171 0842 049138 0842
033263 1504 066316 1519
039200 1553 075172 1536
022001 1105 054354 1420
040192 1807 078215 1816
052192 1428 091200 1435
051201 0141 099202 0137
020359 1508 036333 1508
043016 1606 093337 1604
049014 0905 098002 1139
060023 1227 174105 1226
030030 0905 064334 1152
033035 0927 061018 0909
033356 1406 066344 1438
032031 1610 068015 1528
044016 1946 102085 1207
038059 2032 096152 2012
038245 1434 084213 1448
037204 2003 083252 1650
045013 0538 105356 0535
029202 1014 057238 1053
032208 1532 051188 1559
034197 2048 053221 1907
032198 1736 062193 1735
032194 1755 054179 1755
041194 1619 094223 1619
026177 2136 058221 2136
020170 2254 053047 1903
044029 1224 139019 1221
050014 1306 140005 1531=
D=
K=
A=
S=
B=
??????
******
YF
O2191
河南省
豫宜阳花果山
宜阳县花果山风景区内花果山宾馆
山地；景区；地面
空缺
计算机
计算机
计算机
计算机
计算机
20120208=
JY
8888=
GK
01/
05/=
BZ
BB/01/15时气温用正点前10分钟值代替。16时气温用正点前10分钟值代替。日最低气温用21时00分数据代替。日最高气温用20时22分数据代替。
BB/02/11时气温用正点前10分钟值代替。17时气温用正点前10分钟值代替。18时气温用正点前10分钟值代替。19时气温用正点前10分钟值代替。20时气温用正点前10分钟值代替。日最低气温用21时00分数据代替。日最高气温用16时20分数据代替。
BB/03/02时气温用正点前3分钟值代替。07时气温用正点前10分钟值代替。08时气温用正点前4分钟值代替。17时气温用前后正点数据内插求得。18时气温用正点前10分钟值代替。19时气温用正点前10分钟值代替。20时气温用正点前10分钟值代替。日最低气温用21时00分数据代替。日最高气温用14时43分数据代替。
BB/04/03时气温用正点后10分钟值代替。04时气温用正点前10分钟值代替。05时气温用正点前10分钟值代替。07时气温用正点前10分钟值代替。08时气温用正点前10分钟值代替。日最低气温用21时00分数据代替。日最高气温用14时47分数据代替。
BB/05/日最低气温用21时00分数据代替。日最高气温用14时05分数据代替。
BB/10/22时气温用正点前10分钟值代替。23时气温用正点前4分钟值代替。24时气温用正点前10分钟值代替。13时气温用正点前4分钟值代替。14时气温用正点前10分钟值代替。
BB/17/05时气温用正点前10分钟值代替。07时气温用正点前10分钟值代替。日最低气温用04时30分数据代替。
BB/21/22时气温用正点前4分钟值代替。01时气温用正点前10分钟值代替。
BB/22/14时气温用正点前4分钟值代替。
BB/27/02时气温用正点前4分钟值代替。
00/341922/1115038
10/24/逐时观测
10/24/24时连续观测
11/不守班=
######
