O2180 3414N 11120E 006920 006920 105 000 S15 91999999919999199999 1 2012 02
P=
TB
0057 0022 0004 -003 -016 -027 -033 -036 -038 -038 -038 -038
-036 -037 -035 -031 -020 -008 0000 -003 -008 -018 -026 -030 0057 2100 -039 0557.
-041 -040 -043 -044 -056 -062 -066 -076 -078 -085 -097 -096
-070 -047 -039 -006 0001 0025 0044 0031 0012 -005 -013 -025 0044 1500 -099 0754.
-035 -041 -049 -058 -057 -064 -064 -049 -047 -040 -041 -046
-021 0000 0020 0053 0058 0078 0095 0078 0063 0034 0016 0003 0097 1513 -071 0337.
-021 -023 -025 -037 -038 -039 -031 -043 -040 -040 -043 -031
-027 -021 -025 -016 -008 -003 -005 -005 -008 -016 -028 -026 0002 1324 -046 0354.
-027 -028 -028 -028 -033 -035 -040 -015 -001 -002 -006 0004
0016 0039 0060 0084 0106 0088 0091 0083 0074 0058 0033 0005 0116 1315 -042 0245.
-005 -007 -021 -025 -029 -035 -024 0007 0015 0015 0010 0018
0032 0039 0042 0049 0057 0041 0037 0036 0031 0020 0003 -005 0064 1254 -041 0110.
-018 -018 -022 -029 -045 -053 -052 -055 -054 -061 -068 -074
-053 -045 -024 -023 0004 0000 -003 -003 -012 -026 -039 -046 0012 1434 -075 0751.
-052 -052 -053 -050 -059 -054 -052 -055 -056 -052 -054 -053
-047 -041 -033 -009 -011 -009 0000 -004 0001 -020 -045 -038 0012 1211 -059 0100.
-055 -075 -081 -080 -080 -077 -087 -064 -060 -053 -053 -051
-042 -022 -005 0014 0007 0014 0018 0011 0001 -013 -019 -026 0026 1306 -089 0330.
-032 -034 -029 -029 -028 -024 -023 -035 -043 -044 -041 -039
-015 0007 0014 0044 0029 0041 0048 0047 0038 0011 -008 -013 0058 1449 -054 0530.
-032 -049 -064 -059 -073 -077 -076 -077 -074 -069 -068 -063
-012 0021 0040 0054 0070 0094 0084 0072 0060 0045 0027 0030 0100 1439 -082 0414.
0031 0025 0020 0014 0010 0008 0008 0002 0000 -002 0001 -001
0002 0005 0013 0018 0032 0037 0043 0041 0035 0027 0020 0012 0049 1531 -004 0617.
0002 -008 -015 -020 -027 -044 -044 -053 -058 -059 -069 -063
-024 0006 0031 0070 0067 0084 0079 0076 0065 0052 0039 0020 0096 1241 -072 0723.
0014 -003 -013 -022 -031 -034 -039 -032 -038 -046 -043 -032
0000 0023 0054 0069 0090 0100 0098 0088 0082 0065 0054 0043 0111 1345 -050 0621.
0034 0027 0021 0016 0008 0004 0001 -002 -003 -003 -005 -006
-005 -004 -001 0004 0007 0006 0011 0015 0016 0010 -011 -018 0044 2005 -020 1957.
-028 -025 -029 -021 -026 -032 -030 -030 -032 -031 -032 -031
-007 0024 0035 0041 0051 0062 0054 0052 0038 0022 -005 -025 0072 1348 -036 0749.
-032 -038 -053 -053 -053 -047 -043 -042 -041 -040 -045 -036
-003 0006 0019 0019 0036 0030 0033 0030 0033 0017 0002 -014 0043 1422 -056 2342.
-020 -034 -044 -047 -049 -043 -045 -048 -049 -053 -052 -057
-023 0013 0032 0049 0049 0066 0061 0057 0056 0035 0016 -007 0077 1424 -063 0738.
-021 -035 -052 -059 -067 -069 -071 -074 -077 -083 -071 -067
-021 0005 0054 0072 0089 0105 0107 0103 0082 0065 0060 0052 0123 1428 -085 0638.
0035 0012 -009 -020 -032 -039 -036 -048 -046 -054 -040 -021
-007 0016 0042 0060 0073 0084 0080 0075 0067 0062 0055 0047 0088 1357 -057 0554.
0045 0034 0032 0030 0025 0024 0017 0003 -005 -019 -026 -018
0013 0039 0067 0080 0095 0093 0090 0087 0077 0068 0061 0051 0103 1418 -033 0722.
0045 0036 0011 -001 -013 -022 -025 -032 -033 -023 -031 -014
0005 0030 0074 0103 0129 0152 0157 0128 0115 0102 0088 0068 0170 1424 -035 0653.
0053 0046 0050 0038 0029 0027 0042 0049 0042 0043 0044 0041
0036 0028 0027 0024 0024 0028 0026 0023 0021 0019 0016 0013 0072 2027 0013 2000.
0012 0010 0010 0006 0008 0005 0005 0001 -009 -014 -014 -009
0001 0016 0020 0021 0032 0040 0044 0048 0047 0041 0035 0029 0050 1530 -016 0622.
0029 0026 0024 0029 0025 0020 0016 0009 0002 -008 -013 -015
-012 -008 -001 0010 0013 0015 0015 0011 0007 0003 -003 -005 0031 0020 -015 0800.
-008 -012 -012 -023 -026 -033 -034 -033 -033 -032 -033 -032
-025 -021 -010 0008 0036 0049 0038 0032 0026 0022 0018 0010 0058 1339 -036 0249.
0001 0002 0003 0000 -003 -014 -028 -042 -043 -046 -053 -047
-014 0012 0034 0044 0046 0057 0055 0049 0049 0043 0038 0038 0061 1402 -055 0652.
0028 0009 -001 -011 -026 -022 -040 -037 -045 -047 -047 -042
-014 0001 0020 0029 0039 0039 0042 0044 0039 0035 0028 0028 0052 1429 -053 0713.
0022 0021 0018 0015 0014 0010 0008 0008 0006 0008 -002 0004
0019 0029 0042 0041 0041 0044 0053 0049 0050 0045 0040 0036 0053 1500 -008 0727=
I=
E=
U=
N=
H=
C=
V=
R6
0=
0=
0000 ////////// 00000=
W=
L=
Z=
G=
FN
113035 096026 124016 096024 089013 080016
107023 099022 117019 097009 067011 076019
076011 083020 090018 109023 124016 124019
117022 085023 113022 070013 PPC000 077008.
PPC002 126007 087010 092015 103010 097014
089015 100010 099010 PPC001 PPC000 PPC000
PPC002 161004 288006 170005 063014 175012
217014 109022 104021 098010 089005 PPC000.
PPC002 PPC000 PPC000 PPC000 141003 PPC002
PPC000 292011 264004 272020 256033 258009
258034 277028 295056 295040 288051 279028
307006 099023 105014 110014 078009 PPC000.
PPC000 PPC000 PPC000 PPC000 PPC000 207003
091006 123008 086021 085017 097014 084006
108012 115016 109022 138013 121014 125018
088020 088021 098017 085020 111015 099015.
066008 110010 109006 PPC000 240010 PPC002
PPC000 248031 283032 274025 272024 264039
274024 282029 287029 022012 044025 091040
125037 082038 095020 119014 PPC000 PPC000.
118005 112009 PPC000 098003 329003 278010
292013 229020 243023 149007 260009 329006
255016 311030 291026 307041 286027 290051
299039 300027 012024 008008 062036 068028.
105013 PPC000 050021 072011 PPC000 275005
259004 294025 309030 287027 291027 292017
277025 293032 243037 297043 256032 282039
272034 295034 293027 291031 275020 258014.
254017 234013 PPC001 276012 234012 294013
272020 250017 266020 283015 272017 313033
306020 279019 294036 249019 267029 283033
280025 303030 277020 302025 226017 294016.
130011 PPC000 PPC000 127003 PPC000 309007
PPC001 280014 270014 317014 PPC000 267007
PPC000 252011 265015 227017 152007 284030
292038 287025 309041 287021 304033 284016.
266015 247023 251028 252014 232021 288019
299017 256005 PPC000 259010 229013 251014
298024 307021 147016 189023 027012 333017
329016 121016 112017 091011 085014 100014.
100010 PPC000 230004 PPC000 PPC000 PPC000
PPC000 PPC000 117006 134003 PPC000 PPC000
215009 282028 281034 272044 298035 274035
126023 089027 082032 102020 085003 110015.
083013 085018 101008 107004 106007 089006
096011 121005 096009 089007 106019 119009
103011 086014 126022 095018 113024 009021
022024 106029 098018 108015 112019 082015.
103006 126009 099009 022009 082009 PPC001
PPC000 212004 105010 033005 PPC000 PPC000
263011 272012 230012 255011 123013 121025
107027 090020 069018 099013 073014 PPC000.
120007 125014 PPC000 PPC000 PPC000 297006
PPC002 240007 PPC000 PPC000 PPC001 PPC000
252010 262022 257012 250011 341019 099029
103032 085034 110035 101014 082023 103031.
088027 109020 099020 090020 093026 119015
096024 075020 120014 073015 072016 083014
067015 111014 096012 112018 096018 087015
099014 108013 071012 140009 PPC000 108008.
PPC002 124004 PPC001 PPC002 289006 290008
PPC001 270004 PPC000 341006 137003 PPC001
PPC000 266013 342008 249006 270026 271023
026013 314038 292049 295009 138009 133008.
PPC000 PPC002 PPC000 281003 PPC000 PPC000
133004 112006 PPC002 258007 PPC001 011009
306003 274009 301013 321007 270034 302042
294034 291032 262018 296028 307020 PPC002.
PPC000 130006 118008 PPC000 PPC000 115007
123005 PPC002 117004 144008 079010 PPC000
271009 233007 251012 270011 282027 277029
208007 103010 059007 085016 110012 157003.
100005 146010 118006 PPC000 PPC000 PPC000
304004 311007 312008 295004 PPC000 PPC000
250011 313011 250014 296047 275053 265024
102020 098022 095034 082021 103028 066009.
096010 PPC001 125009 PPC002 241010 PPC001
097007 PPC000 PPC000 136005 130006 091010
093011 116016 141017 116013 098015 120023
104027 088021 076028 070018 121011 PPC002.
120010 PPC000 PPC000 PPC000 PPC000 PPC000
PPC000 PPC000 119007 117007 134008 330006
315014 317005 107004 113023 071029 096034
076038 106036 095026 113020 075022 073018.
100022 102012 148008 118008 126006 PPC000
237003 PPC002 PPC000 135015 316003 299005
275009 228021 255027 269023 303020 278010
284034 296044 246037 253021 250024 184012.
PPC000 001006 PPC002 PPC001 138006 085010
102017 081015 108017 105034 128023 102012
113032 096042 086026 105035 086038 096024
101036 105027 097029 105023 112017 123018.
095013 115006 095012 PPC002 109008 115013
116016 067016 192008 173012 250018 263013
226010 212007 269023 276023 271019 272027
285018 222007 196014 113003 PPC001 096006.
161008 122008 116004 103030 092026 116019
085027 077020 110029 082015 105007 073010
108014 118016 108014 109032 105024 067024
106019 097028 107027 100026 115023 118016.
058003 PPC000 056008 078008 103008 067004
074005 039006 276006 193003 051004 109009
112015 078008 292009 337013 220015 279017
046010 109017 078019 073013 042010 104006.
PPC000 PPC000 083007 081008 073008 089008
091004 PPC000 114005 128004 103006 061006
090014 125012 221009 298013 146019 103015
116021 117024 109025 101021 099009 082009.
110009 259003 104009 135004 238007 065005
254006 094007 PPC001 PPC000 079008 104013
110026 088008 121028 082021 113032 078019
114031 098021 080028 087019 129008 110016.
125007 098008 077010 085010 092008 130004
PPC000 101007 086009 083009 101004 064006
123015 106019 130022 121026 069022 125025
065012 093019 068011 067010 118011 096016=
108030 090029 118018 098026 086015 082015
098018 099021 096017 110012 092012 085017
072012 087023 085018 111019 114017 124020
117023 098022 109020 081012 PPC000 084006.
PPC000 123007 097007 093018 098011 098012
090016 100007 095006 104003 PPC000 PPC000
247003 213009 289008 180009 071013 142011
233013 107016 106017 098009 090003 PPC000.
PPC000 PPC000 PPC000 PPC000 PPC001 278006
PPC000 296008 268006 269022 261031 272011
264034 274028 291043 285036 289043 284028
272008 097021 098019 107014 085009 094004.
PPC000 PPC000 PPC000 PPC000 PPC000 247005
092007 PPC002 085016 087014 097014 070008
099011 118013 107017 140013 118016 122013
098019 099019 092019 085017 110010 100013.
082009 105009 109008 PPC000 255011 PPC000
PPC002 249030 285024 277023 273022 260030
268024 276028 280029 342017 076032 093036
101038 094030 095025 110015 PPC001 PPC000.
113003 117006 PPC001 125005 PPC002 291005
298013 238021 244021 165011 265009 PPC001
253015 301020 296025 304035 286035 294043
305043 311022 012028 010010 063031 067031.
096012 PPC000 065019 067015 PPC001 PPC002
273006 294025 299025 287022 286024 293017
276023 294028 262035 297044 258032 288039
290035 288038 284032 292035 276021 260013.
250013 258010 285007 265014 227012 283016
267017 256019 272017 277021 271020 310029
299021 281017 294028 248028 283035 285036
281031 289030 260021 297023 213016 303014.
137009 347003 PPC000 141005 PPC000 289005
263004 283005 273012 327011 PPC002 266005
PPC000 251008 264018 217018 130009 290027
291033 293034 314036 290025 308023 281020.
276016 247020 249025 261013 244020 274021
299023 210004 PPC000 256011 224015 250014
289017 282017 158014 187020 040014 288015
305016 142015 111016 093011 088012 093014.
103008 PPC000 242006 185005 PPC002 PPC000
PPC000 117004 113004 PPC001 PPC000 PPC000
241007 281024 275036 275035 293046 258029
114023 101036 092036 101023 102008 104013.
093018 086015 102008 095006 112007 099006
094012 128004 093008 092005 095016 118011
101011 093012 119018 094017 103015 042019
048022 109029 098023 095019 106016 084014.
097009 122009 098009 036009 091007 PPC000
PPC002 PPC002 126005 081005 PPC000 PPC002
270008 271012 205008 233013 117016 118017
108029 079020 080020 090014 086014 PPC000.
123005 131010 PPC000 PPC000 PPC001 PPC001
300003 PPC001 PPC000 PPC000 295003 055003
260012 269020 268010 265012 335017 080027
110032 090031 106033 096020 087024 101024.
090025 103017 096015 105023 097025 110017
095019 078016 120013 075017 083016 090016
068013 101013 098012 111016 100014 093017
104013 100013 098011 119006 PPC000 126007.
PPC002 122006 PPC000 327004 268004 298008
PPC001 PPC002 PPC002 287003 153003 PPC000
PPC000 265012 282008 283009 286016 267021
046013 296033 297051 287010 141009 132009.
142004 135003 PPC000 279005 PPC000 PPC000
148003 PPC002 035004 PPC002 PPC002 300005
305006 351008 265009 336013 264035 300040
292042 289032 279019 302030 318016 210003.
PPC001 135003 125004 186004 PPC001 121006
113004 PPC002 124004 144003 088009 PPC000
264007 230010 254010 223014 275018 281018
208016 119011 013010 090016 108013 PPC001.
109006 151008 125003 PPC000 PPC000 PPC000
PPC001 306007 314005 PPC001 PPC000 PPC000
248010 316014 258016 290040 281055 294014
109016 102020 094029 083021 103020 084012.
095009 113007 127004 059005 184007 PPC002
103006 PPC000 PPC001 PPC001 PPC002 089013
086012 111012 125015 113015 106012 126025
102029 091021 085020 084019 116012 086003.
123009 PPC000 PPC000 PPC000 PPC000 PPC000
PPC000 067003 126008 123007 132009 327004
311011 338004 127008 105020 076026 103033
087035 102032 097019 112022 078020 081019.
099016 097009 209005 PPC001 124006 PPC001
267004 PPC001 PPC000 129011 276005 298004
274007 241019 254024 269030 300019 282012
281023 295047 277035 263020 262019 213011.
PPC002 013003 057004 232003 PPC001 120004
102023 078024 112018 105031 111018 083012
100026 098037 095032 099037 095034 097025
101030 106034 101033 107021 114019 113012.
108011 101007 099009 PPC002 095006 113012
106012 055017 172007 182009 251015 273015
236016 231012 272021 274021 257018 263027
278019 213010 213013 PPC002 PPC001 121005.
101007 116007 126004 102019 092027 109019
095026 079017 104025 077013 099007 093013
102013 119022 099016 115026 101024 083023
101024 097026 097024 099025 111020 108013.
062004 PPC001 102007 048008 100007 071003
068005 035003 222006 214005 PPC002 106009
115011 087008 000006 344008 206011 265013
100007 104021 078015 073013 069011 102007.
087003 PPC000 081004 091008 076006 079004
110006 PPC002 114005 130005 100004 077004
098012 116011 189008 323012 132018 101015
110024 109025 109022 104018 105009 075011.
091009 194006 116005 132004 144010 072006
270003 115007 PPC000 125004 PPC002 097015
110022 086013 111020 077022 105036 074018
105031 099027 077025 086022 111006 107015.
101005 094007 078010 083009 096007 PPC001
PPC002 098009 094007 091008 091005 094006
116017 101019 128022 116027 071018 124018
071015 076014 078014 079011 110010 097016=
041096 2151 072087 2138
021098 1637 034107 1634
050290 1123 076292 1038
023124 1112 036068 1619
049269 0440 071082 1455
056309 1351 083287 1333
050299 1543 073318 1534
044293 0820 063292 0820
044307 1645 070335 1642
026246 2258 045253 0225
049292 1302 077287 1324
029109 1600 054107 1643
033106 1509 052110 1457
040098 1706 073098 1705
036102 2028 057112 2028
055297 1657 081287 1649
046288 1446 063290 1453
027236 1406 041267 1218
058278 1250 095267 1242
032117 1424 047107 1417
045111 1415 068098 1456
058294 1631 083284 1626
045102 1010 071093 0932
028252 0941 042281 1042
032109 1210 053104 1200
024100 1527 045068 1645
028108 1643 044115 1636
038104 1258 055104 1532
030125 1209 045115 1018=
D=
K=
A=
S=
B=
??????
QP=
QTB
099 099 099 099 099 099 099 099 099 099 099 099 099 099 099 099 099 099 099 099 099 099 099 099 099 099 099 099
099 099 099 099 099 099 099 099 099 099 099 099 099 099 099 099 099 099 099 099 099 099 099 099 099 099 099 099
099 099 099 099 099 099 099 099 099 099 099 099 099 099 099 099 099 099 099 099 099 099 099 099 099 099 099 099
099 099 099 099 099 099 099 099 099 099 099 099 099 099 099 099 099 099 099 099 099 099 099 099 099 099 099 099
099 099 099 099 099 099 099 099 099 099 099 099 099 099 099 099 099 099 099 099 099 099 099 099 099 099 099 099
099 099 099 099 099 099 099 099 099 099 099 099 099 099 099 099 099 099 099 099 099 099 099 099 099 099 099 099
099 099 099 099 099 099 099 099 099 099 099 099 099 099 099 099 099 099 099 099 099 099 099 099 099 099 099 099
099 099 099 099 099 099 099 099 099 099 099 099 099 099 099 099 099 099 099 099 099 099 099 099 099 099 099 099
099 099 099 099 099 099 099 099 099 099 099 099 099 099 099 099 099 099 099 099 099 099 099 099 099 099 099 099
099 099 099 099 099 099 099 099 099 099 099 099 099 099 099 099 099 099 099 099 099 099 099 099 099 099 099 099
099 099 099 099 099 099 099 099 099 099 099 099 099 099 099 099 099 099 099 099 099 099 099 099 099 099 099 099
099 099 099 099 099 099 099 099 099 099 099 099 099 099 099 099 099 099 099 099 099 099 099 099 099 099 099 099
099 099 099 099 099 099 099 099 099 099 099 099 099 099 099 099 099 099 099 099 099 099 099 099 099 099 099 099
099 099 099 099 099 099 099 099 099 099 099 099 099 099 099 099 099 099 099 099 099 099 099 099 099 099 099 099
099 099 099 099 099 099 099 099 099 099 099 099 099 099 099 099 099 099 099 099 099 099 099 099 099 099 099 099
099 099 099 099 099 099 099 099 099 099 099 099 099 099 099 099 099 099 099 099 099 099 099 099 099 099 099 099
099 099 099 099 099 099 099 099 099 099 099 099 099 099 099 099 099 099 099 099 099 099 099 099 099 099 099 099
099 099 099 099 099 099 099 099 099 099 099 099 099 099 099 099 099 099 099 099 099 099 099 099 099 099 099 099
099 099 099 099 099 099 099 099 099 099 099 099 099 099 099 099 099 099 099 099 099 099 099 099 099 099 099 099
099 099 099 099 099 099 099 099 099 099 099 099 099 099 099 099 099 099 099 099 099 099 099 099 099 099 099 099
099 099 099 099 099 099 099 099 099 099 099 099 099 099 099 099 099 099 099 099 099 099 099 099 099 099 099 099
099 099 099 099 099 099 099 099 099 099 099 099 099 099 099 099 099 099 099 099 099 099 099 099 099 099 099 099
099 099 099 099 099 099 099 099 099 099 099 099 099 099 099 099 099 099 099 099 099 099 099 099 099 099 099 099
099 099 099 099 099 099 099 099 099 099 099 099 099 099 099 099 099 099 099 099 099 099 099 099 099 099 099 099
099 099 099 099 099 099 099 099 099 099 099 099 099 099 099 099 099 099 099 099 099 099 099 099 099 099 099 099
099 099 099 099 099 099 099 099 099 099 099 099 099 099 099 099 099 099 099 099 099 099 099 099 099 099 099 099
099 099 099 099 099 099 099 099 099 099 099 099 099 099 099 099 099 099 099 099 099 099 099 099 099 099 099 099
099 099 099 099 099 099 099 099 099 099 099 099 099 099 099 099 099 099 099 099 099 099 099 099 099 099 099 099
099 099 099 099 099 099 099 099 099 099 099 099 099 099 099 099 099 099 099 099 099 099 099 099 099 099 099 099=
QI=
QE=
QU=
QN=
QH=
QC=
QV=
QR6
=
=
099 899 099=
QW=
QL=
QZ=
QG=
QFN
099 099 099 099 099 099 099 099 099 099 099 099 099 099 099 099 099 099 099 099 099 099 099 099
099 099 099 099 099 099 099 099 099 099 099 099 099 099 099 099 099 099 099 099 099 099 099 099
099 099 099 099 099 099 099 099 099 099 099 099 099 099 099 099 099 099 099 099 099 099 099 099
099 099 099 099 099 099 099 099 099 099 099 099 099 099 099 099 099 099 099 099 099 099 099 099
099 099 099 099 099 099 099 099 099 099 099 099 099 099 099 099 099 099 099 099 099 099 099 099
099 099 099 099 099 099 099 099 099 099 099 099 099 099 099 099 099 099 099 099 099 099 099 099
099 099 099 099 099 099 099 099 099 099 099 099 099 099 099 099 099 099 099 099 099 099 099 099
099 099 099 099 099 099 099 099 099 099 099 099 099 099 099 099 099 099 099 099 099 099 099 099
099 099 099 099 099 099 099 099 099 099 099 099 099 099 099 099 099 099 099 099 099 099 099 099
099 099 099 099 099 099 099 099 099 099 099 099 099 099 099 099 099 099 099 099 099 099 099 099
099 099 099 099 099 099 099 099 099 099 099 099 099 099 099 099 099 099 099 099 099 099 099 099
099 099 099 099 099 099 099 099 099 099 099 099 099 099 099 099 099 099 099 099 099 099 099 099
099 099 099 099 099 099 099 099 099 099 099 099 099 099 099 099 099 099 099 099 099 099 099 099
099 099 099 099 099 099 099 099 099 099 099 099 099 099 099 099 099 099 099 099 099 099 099 099
099 099 099 099 099 099 099 099 099 099 099 099 099 099 099 099 099 099 099 099 099 099 099 099
099 099 099 099 099 099 099 099 099 099 099 099 099 099 099 099 099 099 099 099 099 099 099 099
099 099 099 099 099 099 099 099 099 099 099 099 099 099 099 099 099 099 099 099 099 099 099 099
099 099 099 099 099 099 099 099 099 099 099 099 099 099 099 099 099 099 099 099 099 099 099 099
099 099 099 099 099 099 099 099 099 099 099 099 099 099 099 099 099 099 099 099 099 099 099 099
099 099 099 099 099 099 099 099 099 099 099 099 099 099 099 099 099 099 099 099 099 099 099 099
099 099 099 099 099 099 099 099 099 099 099 099 099 099 099 099 099 099 099 099 099 099 099 099
099 099 099 099 099 099 099 099 099 099 099 099 099 099 099 099 099 099 099 099 099 099 099 099
099 099 099 099 099 099 099 099 099 099 099 099 099 099 099 099 099 099 099 099 099 099 099 099
099 099 099 099 099 099 099 099 099 099 099 099 099 099 099 099 099 099 099 099 099 099 099 099
099 099 099 099 099 099 099 099 099 099 099 099 099 099 099 099 099 099 099 099 099 099 099 099
099 099 099 099 099 099 099 099 099 099 099 099 099 099 099 099 099 099 099 099 099 099 099 099
099 099 099 099 099 099 099 099 099 099 099 099 099 099 099 099 099 099 099 099 099 099 099 099
099 099 099 099 099 099 099 099 099 099 099 099 099 099 099 099 099 099 099 099 099 099 099 099
099 099 099 099 099 099 099 099 099 099 099 099 099 099 099 099 099 099 099 099 099 099 099 099=
099 099 099 099 099 099 099 099 099 099 099 099 099 099 099 099 099 099 099 099 099 099 099 099
099 099 099 099 099 099 099 099 099 099 099 099 099 099 099 099 099 099 099 099 099 099 099 099
099 099 099 099 099 099 099 099 099 099 099 099 099 099 099 099 099 099 099 099 099 099 099 099
099 099 099 099 099 099 099 099 099 099 099 099 099 099 099 099 099 099 099 099 099 099 099 099
099 099 099 099 099 099 099 099 099 099 099 099 099 099 099 099 099 099 099 099 099 099 099 099
099 099 099 099 099 099 099 099 099 099 099 099 099 099 099 099 099 099 099 099 099 099 099 099
099 099 099 099 099 099 099 099 099 099 099 099 099 099 099 099 099 099 099 099 099 099 099 099
099 099 099 099 099 099 099 099 099 099 099 099 099 099 099 099 099 099 099 099 099 099 099 099
099 099 099 099 099 099 099 099 099 099 099 099 099 099 099 099 099 099 099 099 099 099 099 099
099 099 099 099 099 099 099 099 099 099 099 099 099 099 099 099 099 099 099 099 099 099 099 099
099 099 099 099 099 099 099 099 099 099 099 099 099 099 099 099 099 099 099 099 099 099 099 099
099 099 099 099 099 099 099 099 099 099 099 099 099 099 099 099 099 099 099 099 099 099 099 099
099 099 099 099 099 099 099 099 099 099 099 099 099 099 099 099 099 099 099 099 099 099 099 099
099 099 099 099 099 099 099 099 099 099 099 099 099 099 099 099 099 099 099 099 099 099 099 099
099 099 099 099 099 099 099 099 099 099 099 099 099 099 099 099 099 099 099 099 099 099 099 099
099 099 099 099 099 099 099 099 099 099 099 099 099 099 099 099 099 099 099 099 099 099 099 099
099 099 099 099 099 099 099 099 099 099 099 099 099 099 099 099 099 099 099 099 099 099 099 099
099 099 099 099 099 099 099 099 099 099 099 099 099 099 099 099 099 099 099 099 099 099 099 099
099 099 099 099 099 099 099 099 099 099 099 099 099 099 099 099 099 099 099 099 099 099 099 099
099 099 099 099 099 099 099 099 099 099 099 099 099 099 099 099 099 099 099 099 099 099 099 099
099 099 099 099 099 099 099 099 099 099 099 099 099 099 099 099 099 099 099 099 099 099 099 099
099 099 099 099 099 099 099 099 099 099 099 099 099 099 099 099 099 099 099 099 099 099 099 099
099 099 099 099 099 099 099 099 099 099 099 099 099 099 099 099 099 099 099 099 099 099 099 099
099 099 099 099 099 099 099 099 099 099 099 099 099 099 099 099 099 099 099 099 099 099 099 099
099 099 099 099 099 099 099 099 099 099 099 099 099 099 099 099 099 099 099 099 099 099 099 099
099 099 099 099 099 099 099 099 099 099 099 099 099 099 099 099 099 099 099 099 099 099 099 099
099 099 099 099 099 099 099 099 099 099 099 099 099 099 099 099 099 099 099 099 099 099 099 099
099 099 099 099 099 099 099 099 099 099 099 099 099 099 099 099 099 099 099 099 099 099 099 099
099 099 099 099 099 099 099 099 099 099 099 099 099 099 099 099 099 099 099 099 099 099 099 099=
099 099 099 099
099 099 099 099
099 099 099 099
099 099 099 099
099 099 099 099
099 099 099 099
099 099 099 099
099 099 099 099
099 099 099 099
099 099 099 099
099 099 099 099
099 099 099 099
099 099 099 099
099 099 099 099
099 099 099 099
099 099 099 099
099 099 099 099
099 099 099 099
099 099 099 099
099 099 099 099
099 099 099 099
099 099 099 099
099 099 099 099
099 099 099 099
099 099 099 099
099 099 099 099
099 099 099 099
099 099 099 099
099 099 099 099=
QD=
QK=
QA=
QS=
QB=
=
******
YF
O2180
河南省
豫洛宁下峪
洛宁县下峪乡烟站
山地；城镇；地面
空缺
计算机
计算机
计算机
计算机
计算机
20120319=
JY
8888=
GK
05/=
BZ
00/341400/1111953
10/341400/1111953
10/24/24小时连续观测
11/不守班=
######
