O2198 3338N 11157E 005610 005610 105 000 S15 91999999919999199999 0 2011 08
P=
TB
0194 0192 0189 0188 0187 0185 0177 0180 0182 0179 0181 0184
0186 0191 0195 0197 0194 0192 0192 0191 0192 0192 0188 0184 0205 2004 0177 0257.
0184 0185 0184 0183 0184 0184 0182 0183 0177 0174 0179 0183
0185 0197 0214 0222 0227 0229 0229 0236 0223 0215 0212 0208 0247 1539 0173 0512.
0204 0208 0202 0204 0199 0187 0176 0170 0168 0167 0182 0219
0234 0239 0244 0251 0259 0267 0271 0281 0261 0253 0233 0217 0282 1621 0165 0523.
0221 0217 0218 0201 0202 0197 0190 0187 0184 0188 0192 0202
0214 0232 0246 0245 0251 0249 0248 0247 0241 0230 0223 0214 0252 1340 0184 0458.
0204 0201 0192 0188 0182 0178 0179 0178 0179 0181 0183 0186
0191 0202 0206 0206 0205 0202 0197 0189 0189 0184 0183 0182 0215 2001 0177 0203.
0184 0185 0186 0185 0184 0183 0183 0183 0183 0183 0185 0193
0209 0230 0234 0228 0226 0226 0242 0237 0225 0223 0219 0207 0248 1454 0182 2001.
0205 0205 0203 0202 0204 0200 0201 0199 0200 0199 0203 0214
0227 0237 0253 0259 0252 0255 0263 0258 0260 0256 0229 0214 0269 1510 0197 0438.
0206 0209 0203 0193 0190 0187 0185 0180 0175 0176 0181 0202
0230 0260 0282 0301 0304 0306 0305 0290 0280 0275 0252 0244 0309 1420 0172 0531.
0238 0230 0225 0219 0207 0203 0204 0194 0193 0190 0199 0217
0248 0286 0303 0310 0318 0317 0315 0310 0297 0285 0265 0242 0323 1450 0189 0444.
0236 0226 0225 0216 0212 0204 0204 0193 0193 0195 0204 0226
0256 0285 0302 0297 0301 0312 0305 0299 0287 0282 0261 0240 0313 1330 0191 0425.
0239 0225 0223 0229 0212 0211 0206 0203 0194 0191 0201 0220
0252 0277 0299 0300 0303 0286 0288 0294 0282 0274 0259 0244 0306 1216 0190 0542.
0243 0205 0203 0200 0200 0193 0194 0190 0190 0192 0195 0212
0239 0273 0287 0292 0287 0290 0288 0290 0278 0274 0256 0246 0307 1150 0188 0412.
0240 0241 0235 0236 0231 0231 0232 0224 0213 0217 0225 0243
0263 0280 0295 0309 0314 0316 0309 0304 0298 0288 0272 0270 0319 1346 0213 0500.
0258 0253 0251 0249 0248 0249 0245 0244 0238 0234 0237 0251
0278 0296 0310 0320 0310 0312 0303 0288 0281 0271 0265 0257 0322 1204 0231 0523.
0255 0253 0248 0246 0246 0248 0246 0244 0244 0247 0250 0266
0285 0316 0316 0321 0316 0315 0309 0302 0300 0297 0286 0276 0329 1110 0243 0446.
0272 0273 0267 0270 0266 0261 0257 0246 0246 0239 0246 0260
0291 0316 0324 0334 0313 0231 0234 0234 0234 0233 0232 0230 0339 1124 0230 1401.
0233 0228 0227 0228 0227 0226 0220 0224 0224 0225 0227 0231
0230 0228 0234 0245 0247 0255 0261 0268 0264 0258 0251 0250 0271 1541 0220 0259.
0247 0247 0242 0242 0237 0235 0233 0232 0229 0228 0229 0229
0230 0232 0235 0237 0233 0225 0228 0225 0220 0218 0214 0213 0250 2001 0212 1942.
0210 0209 0208 0207 0201 0195 0196 0197 0197 0197 0194 0193
0199 0199 0206 0211 0221 0227 0217 0217 0208 0207 0204 0201 0229 1350 0192 0743.
0204 0206 0204 0197 0201 0202 0201 0200 0197 0191 0193 0195
0194 0198 0195 0197 0206 0205 0203 0202 0195 0195 0194 0192 0210 1309 0191 0534.
0192 0191 0189 0189 0188 0189 0187 0185 0185 0179 0178 0179
0180 0183 0182 0186 0190 0193 0188 0188 0185 0187 0194 0188 0198 1919 0177 0632.
0193 0191 0185 0174 0165 0162 0162 0158 0159 0164 0171 0185
0205 0228 0224 0236 0242 0239 0228 0226 0217 0210 0195 0187 0249 1325 0157 0359.
0189 0185 0181 0178 0177 0175 0175 0173 0173 0170 0175 0185
0194 0215 0238 0215 0217 0210 0212 0221 0224 0221 0197 0184 0239 1052 0169 0606.
0173 0174 0163 0163 0167 0157 0151 0151 0143 0139 0149 0169
0208 0241 0254 0259 0268 0268 0266 0255 0239 0222 0198 0186 0275 1419 0139 0555.
0172 0171 0170 0164 0161 0153 0155 0150 0146 0147 0155 0177
0220 0247 0263 0272 0275 0275 0272 0266 0253 0246 0208 0202 0280 1341 0144 0614.
0188 0191 0180 0176 0175 0167 0169 0169 0167 0162 0167 0184
0214 0246 0260 0273 0273 0273 0263 0243 0212 0211 0208 0203 0278 1249 0161 0605.
0197 0192 0186 0179 0173 0166 0166 0159 0154 0152 0158 0179
0216 0247 0262 0274 0277 0275 0266 0252 0254 0244 0220 0217 0281 1324 0150 0548.
0199 0190 0198 0190 0189 0183 0187 0181 0169 0165 0168 0188
0218 0247 0259 0266 0272 0261 0261 0257 0238 0224 0216 0198 0275 1241 0161 0610.
0199 0195 0196 0193 0193 0190 0184 0178 0180 0172 0176 0190
0218 0246 0256 0267 0267 0280 0280 0271 0262 0255 0232 0226 0282 1430 0170 0556.
0228 0224 0210 0205 0198 0192 0192 0183 0185 0177 0182 0195
0224 0257 0267 0278 0285 0288 0291 0287 0272 0257 0232 0227 0295 1343 0175 0609.
0221 0220 0205 0198 0196 0186 0185 0175 0172 0174 0171 0190
0226 0263 0285 0295 0302 0308 0312 0302 0279 0251 0222 0212 0314 1350 0168 0529=
I=
E=
U=
N=
H=
C=
V=
R6
0232 0069 0301
0290 0002 0292
0000 0000 0000
0000 0000 0000
0039 0305 0344
0206 0000 0206
0000 0000 0000
0000 0000 0000
0000 0000 0000
0000 0000 0000
0000 0000 0000
0337 0000 0337
0000 0000 0000
0000 0000 0000
0000 0000 0000
0000 0101 0101
0002 0000 0002
0237 0001 0238
0005 0002 0007
0000 0001 0001
0154 0138 0292
0000 0000 0000
0015 0000 0015
0000 0000 0000
0000 0000 0000
0000 0002 0002
0001 0000 0001
0000 0008 0008
0001 0000 0001
0000 0000 0000
0000 0000 0000=
0000 0008 0008 0008 0056 0062 0048 0019 0015 0002 0005 0001
0003 0003 0000 0000 0002 0005 0000 0038 0006 0009 0002 0001.
0008 0006 0011 0022 0009 0004 0026 0006 0081 0062 0018 0037
0001 0000 0000 0000 0001 0000 0000 0000 0000 0000 0000 0000.
0000 0000 0000 0000 0000 0000 0000 0000 0000 0000 0000 0000
0000 0000 0000 0000 0000 0000 0000 0000 0000 0000 0000 0000.
0000 0000 0000 0000 0000 0000 0000 0000 0000 0000 0000 0000
0000 0000 0000 0000 0000 0000 0000 0000 0000 0000 0000 0000.
0000 0001 0002 0005 0011 0004 0001 0000 0000 0001 0005 0009
0000 0002 0006 0007 0024 0041 0072 0058 0039 0022 0017 0017.
0011 0010 0021 0028 0035 0041 0029 0028 0001 0001 0001 0000
0000 0000 0000 0000 0000 0000 0000 0000 0000 0000 0000 0000.
0000 0000 0000 0000 0000 0000 0000 0000 0000 0000 0000 0000
0000 0000 0000 0000 0000 0000 0000 0000 0000 0000 0000 0000.
0000 0000 0000 0000 0000 0000 0000 0000 0000 0000 0000 0000
0000 0000 0000 0000 0000 0000 0000 0000 0000 0000 0000 0000.
0000 0000 0000 0000 0000 0000 0000 0000 0000 0000 0000 0000
0000 0000 0000 0000 0000 0000 0000 0000 0000 0000 0000 0000.
0000 0000 0000 0000 0000 0000 0000 0000 0000 0000 0000 0000
0000 0000 0000 0000 0000 0000 0000 0000 0000 0000 0000 0000.
0000 0000 0000 0000 0000 0000 0000 0000 0000 0000 0000 0000
0000 0000 0000 0000 0000 0000 0000 0000 0000 0000 0000 0000.
0000 0236 0100 0000 0000 0000 0001 0000 0000 0000 0000 0000
0000 0000 0000 0000 0000 0000 0000 0000 0000 0000 0000 0000.
0000 0000 0000 0000 0000 0000 0000 0000 0000 0000 0000 0000
0000 0000 0000 0000 0000 0000 0000 0000 0000 0000 0000 0000.
0000 0000 0000 0000 0000 0000 0000 0000 0000 0000 0000 0000
0000 0000 0000 0000 0000 0000 0000 0000 0000 0000 0000 0000.
0000 0000 0000 0000 0000 0000 0000 0000 0000 0000 0000 0000
0000 0000 0000 0000 0000 0000 0000 0000 0000 0000 0000 0000.
0000 0000 0000 0000 0000 0000 0000 0000 0000 0000 0000 0000
0000 0000 0000 0000 0000 0089 0011 0000 0000 0000 0001 0000.
0000 0000 0000 0000 0000 0000 0000 0000 0001 0001 0000 0000
0000 0000 0000 0000 0000 0000 0000 0000 0000 0000 0000 0000.
0000 0000 0000 0000 0000 0000 0001 0048 0073 0113 0002 0000
0000 0000 0000 0000 0000 0001 0000 0000 0000 0000 0000 0000.
0000 0000 0000 0000 0000 0003 0000 0000 0000 0000 0000 0002
0002 0000 0000 0000 0000 0000 0000 0000 0000 0000 0000 0000.
0000 0000 0000 0000 0000 0000 0000 0000 0000 0000 0000 0000
0000 0000 0000 0001 0000 0000 0000 0000 0000 0000 0000 0000.
0000 0000 0000 0000 0000 0000 0000 0000 0000 0036 0065 0053
0030 0021 0014 0014 0005 0015 0025 0004 0007 0002 0001 0000.
0000 0000 0000 0000 0000 0000 0000 0000 0000 0000 0000 0000
0000 0000 0000 0000 0000 0000 0000 0000 0000 0000 0000 0000.
0004 0001 0004 0005 0000 0000 0000 0000 0000 0000 0000 0001
0000 0000 0000 0000 0000 0000 0000 0000 0000 0000 0000 0000.
0000 0000 0000 0000 0000 0000 0000 0000 0000 0000 0000 0000
0000 0000 0000 0000 0000 0000 0000 0000 0000 0000 0000 0000.
0000 0000 0000 0000 0000 0000 0000 0000 0000 0000 0000 0000
0000 0000 0000 0000 0000 0000 0000 0000 0000 0000 0000 0000.
0000 0000 0000 0000 0000 0000 0000 0000 0000 0000 0000 0000
0000 0000 0000 0000 0000 0000 0000 0000 0000 0002 0000 0000.
0000 0000 0000 0000 0000 0000 0000 0000 0001 0000 0000 0000
0000 0000 0000 0000 0000 0000 0000 0000 0000 0000 0000 0000.
0000 0000 0000 0000 0000 0000 0000 0000 0000 0000 0000 0000
0000 0000 0000 0000 0000 0000 0000 0000 0002 0006 0000 0000.
0000 0000 0000 0000 0000 0000 0000 0000 0001 0000 0000 0000
0000 0000 0000 0000 0000 0000 0000 0000 0000 0000 0000 0000.
0000 0000 0000 0000 0000 0000 0000 0000 0000 0000 0000 0000
0000 0000 0000 0000 0000 0000 0000 0000 0000 0000 0000 0000.
0000 0000 0000 0000 0000 0000 0000 0000 0000 0000 0000 0000
0000 0000 0000 0000 0000 0000 0000 0000 0000 0000 0000 0000=
0000 ////////// 00000=
W=
L=
Z=
G=
FN
PPC002 283009 PPC002 005005 282014 056006
215017 350004 210012 249007 245003 022004
PPC001 005006 PPC000 288007 350007 235011
238014 246012 000006 209012 PPC002 060004.
PPC000 050005 PPC000 PPC000 012005 048004
007011 249018 359013 268007 067010 243008
049006 022010 257014 183022 224014 286015
231019 201029 227024 253027 226027 227018.
198012 230036 224013 044008 280012 PPC002
030005 PPC001 234007 220008 204013 226031
243020 245018 173019 144007 027024 229024
309020 048013 034011 065012 139005 181003.
256005 PPC000 324009 PPC000 215006 192004
226008 255008 247004 169008 292008 292004
225004 PPC000 PPC000 224003 PPC000 PPC000
234003 038008 PPC000 PPC001 044004 237008.
211009 002007 PPC002 017008 175009 PPC001
014005 044007 050006 044008 PPC000 229005
PPC000 PPC000 225007 322005 193006 PPC000
241019 PPC000 255009 023003 253005 206005.
PPC001 PPC000 215005 210006 322003 PPC002
PPC001 022003 217004 PPC000 PPC000 PPC002
008007 224017 243016 198022 200030 222006
206023 284006 291004 269006 055005 238003.
206005 PPC002 215004 PPC000 205006 236009
054003 226009 236011 PPC001 PPC001 206008
000007 215015 265021 259024 230018 254025
240017 225016 227020 246009 PPC001 253007.
294007 234009 253009 178006 059007 179004
190010 264008 PPC000 261008 276008 PPC001
217010 195006 PPC001 319012 031018 259018
027025 013017 046015 199011 PPC002 234006.
223007 PPC001 232011 194010 175003 008006
237010 042006 249005 267007 235007 224011
234010 PPC002 252009 217015 038016 027029
217013 039016 029016 057004 129003 221009.
018003 222008 286007 PPC002 189010 238007
215011 262005 235008 216007 275006 227013
317008 PPC000 206013 029041 027041 030026
055010 051021 034024 030031 PPC000 266007.
216018 132003 219011 251004 243005 199012
219010 227012 PPC002 238004 356007 202008
PPC000 027013 013016 022028 012033 028020
033029 063010 030027 055011 047005 PPC002.
291007 230024 184008 299007 215006 PPC001
213006 PPC001 213006 215007 246009 243006
230009 000005 022024 016029 040030 020035
031029 060012 037023 046015 PPC000 201006.
PPC000 PPC000 245004 253012 PPC000 231010
213013 231010 PPC000 PPC001 232011 236003
249010 284008 281014 059011 032031 028032
024023 038020 186015 030023 263004 170009.
PPC001 264005 252011 232006 PPC000 331005
243008 213008 238007 306007 335007 226016
349006 234019 025019 031039 026042 030030
017045 027014 261010 PPC002 163008 PPC001.
PPC002 276008 PPC001 217010 080005 271007
018008 129005 PPC000 236007 201020 298005
242011 229008 240022 025035 030027 033027
028023 007026 264012 027024 027006 027017.
280006 204008 PPC000 043009 283007 PPC001
166006 170004 079008 PPC000 207016 215009
260006 232020 237006 329004 248014 003016
049019 218011 208018 249013 258015 072008.
181013 230008 PPC001 225007 PPC001 PPC001
213005 PPC000 PPC001 243005 025018 007013
350008 189014 033015 PPC001 204021 021017
058004 355014 018024 043023 030014 003008.
342008 029005 052015 038021 218007 240006
292003 222007 208006 075006 225006 225014
027010 278009 256006 238014 236014 252010
228019 232016 233029 233022 236028 219030.
273021 224027 226022 243015 318007 PPC001
192004 285004 138004 PPC001 339007 244005
223009 000009 008013 247011 226020 289014
169016 254014 020010 007012 205010 182006.
200014 265014 251013 220004 238016 230020
257007 343008 234010 269007 083004 024014
193008 235007 024015 033015 027015 227015
023009 002006 238012 039004 289006 035012.
171006 021009 041012 016014 243004 007012
301006 269007 280003 245012 201003 267006
PPC002 045004 055006 179003 PPC001 252004
068007 333007 274005 PPC002 211020 212017.
211022 199014 186019 056006 031003 208009
PPC001 289005 033012 276008 030008 234006
349011 255010 260024 238008 235023 284028
239019 222025 199007 001012 PPC000 230006.
204012 PPC002 030003 PPC000 276006 285005
211009 PPC002 PPC001 PPC001 236003 292005
217009 PPC000 PPC001 217011 324008 264009
046012 273007 056007 053007 128009 192009.
219007 021004 306007 200015 197007 194008
243012 257007 032005 209009 196008 252008
321005 PPC001 021026 025043 022017 036024
027040 014022 048016 164004 241006 189007.
205009 PPC001 173008 291007 PPC000 PPC002
225005 265004 220005 228008 217005 244011
266006 215017 236019 024027 058026 058021
028042 021024 068015 042017 253007 198004.
178004 270003 PPC002 261005 249009 PPC000
178003 219008 208008 206005 243008 238009
233008 230009 026019 020018 346008 351012
039030 036023 196010 197015 211010 143005.
181006 288006 208017 203007 210009 208007
220010 210006 267009 PPC001 245008 044003
039004 196009 344015 358016 037038 051017
038036 060013 079006 020013 236003 177012.
348004 232004 276006 223008 271008 056003
161005 205012 PPC002 PPC000 253007 248009
200006 263015 358014 031035 064009 008021
025035 050015 055010 320004 290009 045010.
PPC000 PPC000 190004 082009 PPC000 PPC000
PPC000 226004 216009 203007 PPC001 243009
263006 093006 249019 027027 035035 032021
022023 020038 034018 050015 216007 301009.
250010 235009 166003 047008 PPC001 135003
215011 240005 190007 287005 180007 259009
PPC000 233016 239023 235024 236017 040026
011031 041020 037013 PPC001 146009 PPC002.
PPC000 293010 218009 204009 227005 PPC000
PPC000 PPC000 221009 277010 225007 240013
293007 028004 PPC000 032013 041014 348010
014017 029012 359015 067008 242003 058009=
PPC002 252010 235005 330003 239010 356008
222015 021005 219014 215007 233004 029005
PPC002 356005 PPC001 319008 325008 247011
250013 250012 330007 222014 171004 053004.
PPC000 011003 PPC000 PPC000 356003 100003
037009 268013 315015 182007 038010 226008
037004 352008 243015 200020 227019 251019
233019 213030 220025 248025 232029 224020.
209012 230032 226013 344011 306010 330003
075003 PPC001 231007 210006 202010 214028
239021 253017 187021 164009 025021 228026
273023 044012 032012 053011 198005 200004.
247007 PPC002 175008 PPC000 218008 206005
229008 263005 284003 175008 295008 273005
223007 PPC000 PPC000 224003 PPC000 PPC000
PPC001 039008 PPC000 PPC002 084004 227006.
199007 324008 038003 019009 168008 026003
300006 038007 352007 092007 PPC001 212003
PPC002 PPC002 263004 318006 187005 PPC002
245015 PPC002 248009 029004 235004 207005.
PPC002 PPC002 238005 214006 287004 005003
PPC000 022003 239005 PPC000 PPC000 023003
006007 223018 229021 206021 199026 215009
281017 288008 298007 301006 047006 165003.
224005 PPC001 216005 186003 222006 229008
PPC002 318005 196009 PPC002 PPC002 216006
306008 227014 267020 250024 237021 251022
245016 242020 242019 220010 154004 240008.
260006 234008 239008 214005 024007 103006
159008 247007 PPC000 261007 270008 231004
226008 214006 155005 310011 020016 248019
026022 019016 045014 229013 240003 228007.
201009 271004 218010 199007 120003 039005
229010 048005 225006 240004 244008 229010
230009 PPC001 245010 215017 358015 028029
234015 035018 026016 057007 083005 215007.
292004 141006 301007 212005 202010 236007
224011 311003 225007 222008 306005 242008
267008 PPC002 221012 035041 026040 039021
058011 042024 038022 037025 010003 255008.
221015 136004 186008 238007 200004 194010
210009 235011 278003 245005 344006 212008
PPC000 022015 358014 053022 013032 033018
029024 063011 032024 044015 062004 249004.
286008 237021 213010 318007 205007 PPC001
218008 PPC001 202006 211007 241009 235007
241008 351005 046020 025027 040025 027030
032031 075012 039024 045016 PPC001 214005.
PPC002 PPC001 211003 245010 PPC000 271007
200009 219010 PPC002 PPC001 233009 233004
259008 324009 263018 057013 033030 029031
026023 029024 098015 035023 PPC002 164007.
247003 257004 245010 213003 PPC001 286007
259008 221009 257007 280007 300008 221017
343006 220019 025020 041027 031039 026029
020044 026017 267009 315004 178006 346004.
283004 276008 073003 236008 055005 269007
316005 182005 PPC000 209010 283015 276007
241010 334006 239021 025034 041023 030036
027025 024027 310011 025019 358008 316014.
301006 228008 PPC002 038009 265007 165004
187007 174003 108007 PPC001 161011 222008
299005 231022 240008 304004 225012 348016
049017 219011 214014 242012 238013 062010.
192011 260006 PPC002 207008 324003 206004
134004 PPC000 PPC001 225003 036016 018012
069012 198015 058014 029006 217020 023018
052006 027010 024026 039018 029013 342008.
005009 045008 037010 038021 289006 237006
235004 207009 231009 003007 283004 222015
345006 285008 262008 237015 219012 249009
219019 238016 231028 237024 236030 225026.
257022 230027 226026 217017 307008 PPC002
212007 236006 165006 197003 352007 290004
240007 007009 016013 269009 232019 273015
182016 284014 005010 005010 189008 187006.
216015 260015 255013 235004 228016 234017
244009 353007 225011 262005 065008 023015
207010 230008 025016 026018 030017 200013
328014 359011 234012 201007 263005 040012.
128006 023010 034012 017011 252006 013010
281005 297006 323006 252009 238005 292004
PPC001 352003 047006 165003 PPC000 261005
059007 318007 358004 283003 218018 221016.
233022 199018 210016 012007 123003 167006
PPC001 343004 021010 225010 071007 288004
313010 237010 264019 265009 242028 280023
234024 217024 210010 069010 PPC001 181004.
202010 PPC002 001004 214003 300006 251006
226007 207005 PPC002 PPC001 238005 285006
218009 PPC001 189004 209013 227010 256011
036015 270007 051008 055007 126007 168006.
282005 018004 271008 222014 201007 217007
259008 251008 339006 197007 206007 249008
289005 PPC002 022025 027043 018021 041023
028038 042024 051016 026007 203006 185007.
185007 134004 191008 262008 246003 PPC001
222006 PPC002 PPC002 152005 236003 242010
260006 249011 226020 011020 053025 061020
030038 039026 051018 041018 243006 213006.
198003 220005 PPC002 217004 239009 PPC001
197005 227008 229007 221004 249008 231009
236007 232010 024015 328013 294012 002023
037032 033024 209008 201013 205010 167007.
197008 271007 215018 204008 196008 181006
228011 219007 240009 336003 236008 072003
251004 240007 335015 326013 032028 040022
038029 052012 052007 023013 218004 201012.
312005 208004 267006 252005 263007 049003
190008 209012 031003 PPC001 271006 250008
244006 328012 002016 035027 045018 020030
028028 059012 063007 039004 350007 023008.
013003 PPC002 180003 088008 PPC000 PPC001
PPC001 197004 217009 213006 PPC002 243009
268006 246009 233022 023026 037027 031023
027024 027033 041018 037017 222007 294008.
229012 219009 233003 341008 323004 PPC002
213009 227004 205009 274007 189007 244010
PPC001 241013 236023 235026 239019 046029
018030 043020 032018 112004 146007 005003.
118003 276010 235007 210008 235006 PPC000
PPC002 PPC000 218006 254010 300004 242011
268007 012003 130004 023015 036018 285012
024020 039010 020016 060010 PPC002 063006=
022206 0450 052160 0526
036208 0514 067193 0510
035216 2009 065224 2007
017182 2248 031167 2248
016220 0043 039257 0040
034240 1029 056234 1018
032229 1540 055194 1214
026231 1339 059310 1401
030027 1401 046020 1233
047035 1152 080013 1253
035021 1302 061034 1305
039031 1446 067014 1251
043029 1419 066035 1419
053031 1235 083024 1242
043028 1419 073023 1354
034024 1340 064016 1338
028028 1659 046031 1039
032223 1836 059203 1911
033224 2125 065200 2156
024227 0210 052191 2110
030204 1919 057205 1937
037235 1421 070219 1437
025234 1331 050207 1143
046029 1513 070027 1451
041034 1524 067020 1547
048028 1439 081038 1437
039028 1440 063037 1300
041028 1417 064027 1356
033025 1315 054028 1230
034027 1408 066036 1408
029030 1346 062301 1404=
D=
K=
A=
S=
B=
??????
******
YF
O2198
河南省
豫嵩县白河
嵩县白河乡政府所在地公园内
山地；景区；地面
空缺
计算机
计算机
计算机
计算机
计算机
20120208=
JY
8888=
GK
01/
05/=
BZ
00/333821/1115648
10/24/逐时观测
10/24/24时连续观测
11/不守班=
######
