O2185 3344N 11129E 015800 015800 105 000 S15 91999999919999199999 1 2008 12
P=
TB
-042 -047 -058 -061 -066 -066 -071 -069 -073 -069 0050 0050
0049 0065 0074 0085 0085 0099 0100 0101 0054 0007 -014 -037 0108 1456 -074 0503.
-045 -055 -059 -065 -069 -072 -074 -073 -077 -072 -071 -065
-013 0020 0067 0109 0118 0120 0113 0109 0086 0024 0001 -013 0120 1400 -079 0534.
-020 -023 -027 -029 -022 -018 -012 -006 -001 -001 -010 0001
0017 0046 0061 0056 0059 0052 0041 0033 0024 0018 0020 0016 0074 1010 -032 0004.
0016 0015 0012 0008 0002 -003 -010 -019 -027 -037 -042 -045
-048 -038 -033 -029 -027 -024 -020 -027 -037 -046 -044 -041 0017 2022 -050 1812.
-048 -052 -059 -069 -087 -108 -122 -130 -130 -137 -140 -134
-092 -035 -023 -010 0002 0015 0015 0012 -008 -045 -062 -051 0023 1450 -143 0716.
-039 -048 -074 -097 -071 -075 -097 -114 -120 -131 -135 -130
-081 -025 0024 0035 0039 0039 0038 0037 0020 -029 -029 -054 0043 1239 -137 0649.
-059 -063 -070 -071 -048 -069 -069 -082 -040 0014 0006 -019
0021 0053 0060 0067 0070 0073 0069 0070 0055 0033 -003 -028 0083 1344 -084 0429.
0042 0026 0033 0034 0028 0024 -008 -009 0008 0022 -030 -031
0065 0075 0100 0108 0115 0116 0124 0119 0089 0045 0008 -013 0129 1510 -046 0720.
-029 -033 -038 -047 -050 -055 -056 -060 -065 -063 -070 -062
0002 0056 0115 0154 0159 0158 0153 0147 0078 0019 -005 -016 0168 1350 -073 0718.
-029 -040 -045 -046 -053 -052 -043 -038 -028 -021 -015 -010
0010 0073 0092 0089 0099 0094 0091 0089 0071 0019 0007 -012 0100 1258 -055 0102.
-031 -041 -050 -057 -067 -072 -078 -082 -091 -093 -094 -091
-042 0026 0095 0114 0115 0115 0113 0106 0083 0079 0007 0009 0120 1250 -097 0713.
0000 -022 -025 -031 -036 -041 -045 -047 -047 -031 -025 ////
0013 0044 0093 0101 0110 0119 0106 0089 0073 0063 0053 0043 0121 1414 -050 0432.
0040 0028 0031 0012 -001 -007 0006 0000 -002 //// //// ////
0015 0017 0032 0044 0045 0046 0043 0037 0022 0008 -022 -035 0049 1338 -036 1944.
-047 -057 -061 -067 -065 -072 -080 //// //// //// //// ////
-047 0019 0026 0036 0044 0049 0050 0051 0018 -023 -040 -054 0055 1546 -083 0813.
-061 -068 -069 -077 -083 //// //// //// //// //// //// ////
-046 0001 0061 0092 0087 0088 0096 0083 0056 0018 -017 -030 0100 1429 -086 0813.
-045 -054 -058 //// //// //// //// //// //// //// //// ////
-045 0014 0074 0121 0123 0120 0119 0110 0081 0019 -005 -020 0130 1239 -079 0815.
-016 -031 //// //// //// //// //// //// //// //// //// ////
-029 0022 0087 0101 0104 0110 0110 0100 0054 0014 -006 -025 0114 1440 -068 0815.
-041 //// //// //// //// //// //// //// //// //// //// ////
-046 -002 0051 0084 0089 0098 0102 0095 0047 0003 -021 -029 0103 1439 -077 0816.
-035 //// //// //// //// //// //// //// //// //// //// ////
-020 0051 0083 0086 0093 0088 0077 0080 0060 0014 -021 -032 0096 1233 -049 0818.
-035 //// //// //// //// //// //// //// //// //// //// ////
//// //// -002 -009 -004 0001 0008 0013 0005 -010 -018 -031 0013 1545 -043 2028.
//// //// //// //// //// //// //// //// //// //// //// ////
//// -107 -107 -112 -116 -116 -118 -118 -123 -124 //// //// -030 2002 -126 1810.
//// //// //// //// //// //// //// //// //// //// //// ////
-117 -077 -063 -044 -038 -031 -037 -032 -049 -066 -093 -109 -027 1341 -135 0825.
//// //// //// //// //// //// //// //// //// //// //// ////
//// -041 -026 -013 0017 0039 0041 0035 0014 -029 -050 -064 0044 1353 -113 2043.
//// //// //// //// //// //// //// //// //// //// //// ////
-017 0039 0053 0056 0056 0069 0063 0062 0044 -001 -026 -026 0073 1439 -077 0819.
0010 //// //// //// //// //// //// //// //// //// //// ////
-069 -013 0037 0060 0062 0060 0056 0048 0022 -023 -039 -050 0070 1342 -104 0819.
//// //// //// //// //// //// //// //// //// //// //// ////
-019 -001 0006 0006 0017 0027 0026 0023 0004 -005 -051 -060 0034 1444 -063 1948.
//// //// //// //// //// //// //// //// //// //// //// ////
-072 -040 0022 0060 0055 0042 0040 0028 0014 0006 //// //// 0062 1159 -100 0819.
//// //// //// //// //// //// //// //// //// //// //// ////
//// -020 -017 -010 -005 -004 -001 -003 -013 -023 -028 -024 0003 1220 -037 1822.
//// //// //// //// //// //// //// //// //// //// //// ////
-044 -027 -013 -002 -009 -017 -016 -020 -027 -033 -039 //// 0002 1133 -052 0838.
//// //// //// //// //// //// //// //// //// //// //// ////
-080 -032 -021 -017 -004 -008 -010 -009 -022 -047 -062 -084 -001 1249 -110 0824.
//// //// //// //// //// //// //// //// //// //// //// ////
-092 -043 -030 -010 //// 0009 -001 0000 -018 -065 -081 -100 0013 1413 -131 0820=
I=
E=
U=
N=
H=
C=
V=
R6
0000 0000 0000
//// 0000 ////
//// 0000 ////
0000 //// ////
//// 0000 ////
0000 0000 0000
//// 0000 ////
0000 0000 0000
0000 0000 0000
0000 0000 0000
//// 0000 ////
//// 0000 ////
//// 0000 ////
//// 0000 ////
//// //// ////
//// 0000 ////
//// //// ////
//// 0000 ////
//// 0000 ////
//// 0003 0003
//// //// ////
//// 0000 ////
//// //// ////
//// 0000 ////
//// //// ////
//// //// ////
//// //// ////
//// //// ////
//// //// ////
//// 0000 ////
//// //// ////=
0000 0000 0000 0000 0000 0000 0000 0000 0000 0000 0000 0000
0000 0000 0000 0000 0000 0000 0000 0000 0000 0000 0000 0000.
0000 //// 0000 0000 0000 0000 0000 0000 0000 0000 0000 0000
0000 0000 0000 0000 0000 0000 0000 0000 0000 0000 0000 0000.
//// 0000 0000 0000 0000 0000 0000 0000 0000 0000 0000 0000
0000 0000 0000 0000 0000 0000 0000 0000 0000 0000 0000 0000.
0000 0000 0000 0000 0000 0000 0000 0000 0000 0000 0000 0000
0000 0000 0000 0000 //// 0000 0000 0000 0000 0000 0000 0000.
0000 0000 0000 0000 0000 0000 0000 //// 0000 0000 0000 0000
0000 0000 0000 0000 0000 0000 0000 0000 0000 0000 0000 0000.
0000 0000 0000 0000 0000 0000 0000 0000 0000 0000 0000 0000
0000 0000 0000 0000 0000 0000 0000 0000 0000 0000 0000 0000.
0000 0000 0000 0000 0000 0000 0000 0000 0000 0000 //// 0000
0000 0000 0000 0000 0000 0000 0000 0000 0000 0000 0000 0000.
0000 0000 0000 0000 0000 0000 0000 0000 0000 0000 0000 0000
0000 0000 0000 0000 0000 0000 0000 0000 0000 0000 0000 0000.
0000 0000 0000 0000 0000 0000 0000 0000 0000 0000 0000 0000
0000 0000 0000 0000 0000 0000 0000 0000 0000 0000 0000 0000.
0000 0000 0000 0000 0000 0000 0000 0000 0000 0000 0000 0000
0000 0000 0000 0000 0000 0000 0000 0000 0000 0000 0000 0000.
0000 0000 0000 0000 0000 //// 0000 0000 0000 0000 0000 0000
0000 0000 0000 0000 0000 0000 0000 0000 0000 0000 0000 0000.
0000 0000 0000 0000 //// 0000 0000 0000 0000 0000 0000 ////
0000 0000 0000 0000 0000 0000 0000 0000 0000 0000 0000 0000.
0000 0000 0000 0000 0000 0000 0000 0000 0000 //// //// ////
0000 0000 0000 0000 0000 0000 0000 0000 0000 0000 0000 0000.
0000 0000 0000 0000 0000 0000 0000 //// //// //// //// ////
0000 0000 0000 0000 0000 0000 0000 0000 0000 0000 0000 0000.
0000 0000 0000 0000 0000 //// //// //// //// //// //// ////
0000 0000 0000 0000 0000 0000 0000 0000 0000 0000 //// 0000.
0000 0000 0000 //// //// //// //// //// //// //// //// ////
0000 0000 0000 0000 0000 0000 0000 0000 0000 0000 0000 0000.
0000 0000 //// //// //// //// //// //// //// //// //// ////
0000 0000 0000 0000 0000 //// 0000 0000 0000 0000 0000 0000.
0000 //// //// //// //// //// //// //// //// //// //// ////
0000 0000 0000 0000 0000 0000 0000 0000 0000 0000 0000 0000.
0000 //// //// //// //// //// //// //// //// //// //// ////
0000 0000 0000 0000 0000 0000 0000 0000 0000 0000 0000 0000.
0000 //// //// //// //// //// //// //// //// //// //// ////
//// //// 0000 0000 0001 0002 0000 0000 0000 0000 0000 0000.
//// //// //// //// //// //// //// //// //// //// //// ////
//// 0000 //// 0000 0000 0000 0000 0000 0000 0000 //// ////.
//// //// //// //// //// //// //// //// //// //// //// ////
0000 0000 0000 0000 0000 0000 0000 0000 0000 0000 0000 0000.
//// //// //// //// //// //// //// //// //// //// //// ////
//// 0000 0000 0000 0000 0000 0000 0000 0000 0000 0000 0000.
//// //// //// //// //// //// //// //// //// //// //// ////
0000 0000 0000 0000 0000 0000 0000 0000 0000 0000 0000 0000.
0000 //// //// //// //// //// //// //// //// //// //// ////
0000 0000 0000 0000 0000 0000 0000 0000 0000 0000 //// 0000.
//// //// //// //// //// //// //// //// //// //// //// ////
0000 0000 0000 0000 //// 0000 0000 0000 0000 0000 0000 0000.
//// //// //// //// //// //// //// //// //// //// //// ////
0000 0000 0000 0000 0000 0000 0000 0000 0000 0000 //// ////.
//// //// //// //// //// //// //// //// //// //// //// ////
//// 0000 0000 0000 0000 0000 0000 0000 0000 0000 0000 0000.
//// //// //// //// //// //// //// //// //// //// //// ////
0000 0000 0000 0000 0000 0000 0000 0000 0000 0000 0000 ////.
//// //// //// //// //// //// //// //// //// //// //// ////
0000 0000 0000 0000 0000 0000 0000 0000 0000 0000 0000 0000.
//// //// //// //// //// //// //// //// //// //// //// ////
0000 //// 0000 0000 //// 0000 0000 0000 0000 0000 0000 0000=
0000 ////////// 00000=
W=
L=
Z=
G=
FN
328004 PPC000 208004 030006 303003 PPC000
292006 268007 182006 041008 021021 342041
000034 000030 355038 352057 006050 339027
304030 286014 009007 007009 021006 270006.
349006 PPC000 273004 PPC000 289004 254007
035003 031006 311005 014007 PPC000 040006
PPC000 194006 186020 196029 183046 183050
182043 185026 181023 350013 330006 036007.
PPC000 312005 264005 073004 301004 PPC001
081006 PPC000 125016 091010 PPC002 003006
151004 010017 351057 353031 346035 342063
000047 315033 280020 352024 349034 024027.
359043 356029 288012 338018 016015 010043
316028 354013 346027 018011 315028 354020
359046 320030 357036 338035 354044 351065
315029 343048 346024 273015 325008 326037.
339029 332034 321030 176004 065019 068010
076007 PPC001 275009 119007 113007 PPC002
023014 154018 059020 294014 305025 225016
337035 339030 000014 352016 003005 353016.
334031 343027 341011 170005 356015 067009
293008 147005 008004 053006 PPC000 010006
163007 164010 187038 179049 182048 192050
172038 240018 129015 352010 338017 025006.
031012 000009 PPC001 217005 017017 PPC002
039006 074006 007024 337019 327018 195010
177004 282025 305033 289023 306035 003029
007048 009019 320031 224006 282009 099006.
331018 318021 318019 001040 339018 325013
302017 201007 302016 340012 009017 107008
205038 217046 322032 307020 293030 282044
213026 182026 202022 332008 352014 344015.
351008 075006 019008 219003 PPC001 001006
356009 344005 343008 019007 PPC000 301006
061005 173007 176022 088010 192025 345021
001034 207010 348020 147005 355007 338006.
012003 323006 253004 PPC001 338004 PPC000
010007 345004 PPC000 PPC000 016009 PPC000
030011 323006 003031 324035 347043 343033
350031 336018 339018 001012 353013 330005.
PPC001 356007 301005 001006 025007 PPC000
345006 032004 PPC002 261006 285003 292004
121005 293008 147040 180033 190029 198045
205026 229028 201025 221038 013014 023018.
025010 191007 330010 PPC002 PPC002 034006
000005 PPC002 PPC000 021004 026007 //////
152005 160008 358024 358025 003030 021031
000027 028034 002018 355018 344013 314008.
301012 321006 329012 281006 333008 237003
316005 041006 322005 ////// ////// //////
007028 024033 358036 342037 250017 323030
286045 002026 322010 298011 020020 003013.
020007 346006 300005 PPC001 290007 333003
254006 ////// ////// ////// ////// //////
119006 001030 003036 354030 336044 336033
022031 325011 278006 004005 PPC001 082004.
PPC000 003006 008013 PPC001 230007 //////
////// ////// ////// ////// ////// //////
148005 154007 250007 181046 193038 199028
185040 189026 314005 350020 286005 015006.
PPC000 331004 301004 ////// ////// //////
////// ////// ////// ////// ////// //////
156005 164006 179015 333015 014047 015033
338018 303034 290018 067009 350014 279007.
278007 019005 ////// ////// ////// //////
////// ////// ////// ////// ////// //////
206004 140007 205003 158013 151021 197041
206027 332014 PPC000 319012 013012 023009.
280004 ////// ////// ////// ////// //////
////// ////// ////// ////// ////// //////
PPC002 155007 219009 186046 190050 177044
186030 187019 047005 351004 PPC000 331006.
329003 ////// ////// ////// ////// //////
////// ////// ////// ////// ////// //////
067008 007019 350047 348046 329030 357032
328033 004031 294026 335012 032014 261007.
005013 ////// ////// ////// ////// //////
////// ////// ////// ////// ////// //////
////// ////// 022032 346009 213013 183019
161012 187015 323007 091005 033008 118006.
////// ////// ////// ////// ////// //////
////// ////// ////// ////// ////// //////
////// 345039 025065 027040 001046 343034
352036 337029 186013 341021 ////// //////.
////// ////// ////// ////// ////// //////
////// ////// ////// ////// ////// //////
182024 011032 011036 356039 003040 003037
006035 004022 355018 352013 338005 020010.
////// ////// ////// ////// ////// //////
////// ////// ////// ////// ////// //////
////// 192006 174014 182004 189019 158029
205037 327018 359016 327011 319003 281005.
////// ////// ////// ////// ////// //////
////// ////// ////// ////// ////// //////
007013 338059 335024 339057 338053 296021
345035 354024 337012 359009 269006 017019.
315020 ////// ////// ////// ////// //////
////// ////// ////// ////// ////// //////
226006 153006 231010 188020 174034 013034
019023 071022 358011 249006 305004 PPC000.
////// ////// ////// ////// ////// //////
////// ////// ////// ////// ////// //////
162043 149043 194024 203035 160043 156026
193036 190025 183033 147019 320003 PPC000.
////// ////// ////// ////// ////// //////
////// ////// ////// ////// ////// //////
132007 PPC001 189010 202017 355009 021020
008014 356017 348018 357026 ////// //////.
////// ////// ////// ////// ////// //////
////// ////// ////// ////// ////// //////
////// 303021 358036 014024 356040 348038
350038 342029 358030 336007 086012 356020.
////// ////// ////// ////// ////// //////
////// ////// ////// ////// ////// //////
129009 204014 339022 037018 278026 278016
335010 341026 347017 350022 335012 //////.
////// ////// ////// ////// ////// //////
////// ////// ////// ////// ////// //////
133009 299020 321028 006037 341034 359030
001021 340016 319013 330007 065005 003010.
////// ////// ////// ////// ////// //////
////// ////// ////// ////// ////// //////
095003 020035 353037 344025 ////// 333028
342044 014030 283020 018007 007009 210006=
328003 306004 PPC002 094003 314005 PPC001
284005 PPC002 235006 231006 343022 346026
000037 002031 352041 357041 359047 346023
312021 284022 022004 357011 357008 277003.
348005 PPC002 PPC002 PPC002 296005 PPC002
047005 044006 334005 326005 PPC001 036005
PPC002 185008 165013 205029 188046 184045
179043 187032 182023 343010 013004 037005.
018003 323005 294007 052005 304006 334005
020005 PPC002 058018 036010 238003 005003
PPC001 007012 348042 352032 345045 350055
004043 331026 325022 353025 353039 359027.
355027 002024 316019 337020 334018 356031
334025 331013 338031 044018 337024 345033
353041 332030 346036 341050 355051 332061
335035 347035 339024 288014 342018 335035.
341020 330038 336029 214008 046014 027005
151003 207004 265008 172008 138006 PPC002
032011 157021 033026 332016 281027 220018
351031 350022 352015 357017 354009 003019.
346025 345023 343010 256005 351017 059010
323006 062005 009006 056004 052003 013006
162006 165008 175029 181050 187051 187052
179041 213021 175011 340011 348015 026004.
020009 009003 PPC002 261006 007010 187004
026003 135004 007021 337023 341024 186008
PPC002 320030 317030 275027 314035 348029
359042 006015 304019 251006 292008 044006.
328023 313017 326023 338024 347025 326017
334012 264012 289011 346012 005012 111011
198042 209047 281035 324033 263034 290040
242032 204021 196020 354012 358012 358012.
335008 034007 332004 005006 357004 347005
359008 006005 352007 006006 PPC002 339007
056005 159006 179018 151016 189019 338021
355030 259017 353019 230007 358006 063003.
351003 307003 PPC002 334004 PPC002 PPC000
002005 008006 353003 PPC002 014007 PPC000
020009 353008 356024 339028 350045 348036
354033 337025 340020 004015 351016 320004.
315005 000006 333003 356003 351005 PPC001
353006 PPC002 247003 PPC002 PPC001 308003
135004 190005 169049 168037 206033 192052
203034 211031 195026 214026 357010 358013.
008009 204004 343008 311004 PPC002 354003
PPC002 PPC001 087003 012006 024007 //////
PPC001 176006 357022 350024 013037 017026
001031 029038 008021 346018 344017 333007.
331012 023004 340009 320006 015006 PPC001
225006 030006 286005 ////// ////// //////
001026 017030 000034 351029 324037 315030
288033 002025 311012 319012 017016 003012.
008008 354006 336006 267003 316003 010004
264004 ////// ////// ////// ////// //////
134003 009027 352037 000037 348042 350034
018028 333015 268007 347007 059006 026004.
306003 353004 003007 PPC002 317006 //////
////// ////// ////// ////// ////// //////
123003 152008 274005 179038 190036 193037
186037 188031 277008 357018 327006 019006.
PPC002 PPC000 338003 ////// ////// //////
////// ////// ////// ////// ////// //////
161005 157004 169012 293019 008040 005032
307036 316027 308015 087008 350009 337004.
336005 097005 ////// ////// ////// //////
////// ////// ////// ////// ////// //////
151005 134006 PPC002 129011 164026 189028
188027 328014 079007 340014 024013 023006.
PPC002 ////// ////// ////// ////// //////
////// ////// ////// ////// ////// //////
PPC002 157006 195008 187047 189047 183044
186032 187026 335007 315006 PPC002 326005.
351005 ////// ////// ////// ////// //////
////// ////// ////// ////// ////// //////
057006 005012 346039 342039 327030 350041
343043 341027 296018 009010 020009 329004.
354009 ////// ////// ////// ////// //////
////// ////// ////// ////// ////// //////
////// ////// 028038 338010 238010 186020
165010 184013 246005 044007 057005 145003.
////// ////// ////// ////// ////// //////
////// ////// ////// ////// ////// //////
////// 344043 001042 011048 348039 349035
354035 340026 300025 336033 ////// //////.
////// ////// ////// ////// ////// //////
////// ////// ////// ////// ////// //////
183025 017037 007040 000037 001036 002039
005038 002025 354020 350014 002003 062006.
////// ////// ////// ////// ////// //////
////// ////// ////// ////// ////// //////
////// PPC002 190011 214005 187018 168026
194037 320022 355013 341012 351006 269004.
////// ////// ////// ////// ////// //////
////// ////// ////// ////// ////// //////
021011 331038 344026 334037 332044 307025
336030 345023 327013 328010 307008 015021.
332022 ////// ////// ////// ////// //////
////// ////// ////// ////// ////// //////
201004 142007 185010 178014 173032 015022
020029 033026 045017 292011 351006 PPC001.
////// ////// ////// ////// ////// //////
////// ////// ////// ////// ////// //////
170027 162041 186038 201036 166041 161026
189035 203032 185032 177023 326004 PPC001.
////// ////// ////// ////// ////// //////
////// ////// ////// ////// ////// //////
130006 187003 178010 199020 230009 016020
357014 011020 353020 000023 ////// //////.
////// ////// ////// ////// ////// //////
////// ////// ////// ////// ////// //////
////// 323026 347030 351037 349045 342037
340031 339025 357019 317009 018009 354018.
////// ////// ////// ////// ////// //////
////// ////// ////// ////// ////// //////
127008 190016 334020 018025 319025 285019
320016 343019 342018 347024 326013 //////.
////// ////// ////// ////// ////// //////
////// ////// ////// ////// ////// //////
149007 294022 317032 002036 349027 355029
351020 320011 312011 324006 139005 358005.
////// ////// ////// ////// ////// //////
////// ////// ////// ////// ////// //////
127006 016034 356037 356031 ////// 348022
337036 354029 300019 358007 003008 269004=
054358 1208 099332 1217
056179 1314 090177 1306
061343 1016 098349 1614
065331 1402 115068 1511
049332 2144 075343 2001
057181 1127 077180 1116
050346 1421 075346 1227
054207 1012 092194 0852
030351 1451 043332 1451
054346 1238 087354 1335
055192 1332 088172 1332
046013 1249 062017 1248
039330 1244 073346 1238
053002 1242 095003 1236
041174 1203 054194 1454
044005 1350 072017 1253
035182 1448 049169 1401
056183 1231 068180 1135
049326 1140 074318 1139
038031 1059 047028 1042
050335 0929 101340 0926
044007 1050 064340 1041
039184 1433 050191 1432
046339 1256 086006 1248
044027 1425 054028 1419
056173 0949 072180 0931
033343 1311 041025 1806
045339 1258 081352 1312
036305 1308 051006 1122
041001 1349 067329 1051
040355 1450 067338 1459=
D=
K=
A=
S=
B=
??????
QP=
QTB
099 099 099 099 099 099 099 099 099 099 099 099 099 099 099 099 099 099 099 099 099 099 099 099 099 099 099 099
099 099 099 099 099 099 099 099 099 099 099 099 099 099 099 099 099 099 099 099 099 099 099 099 099 099 099 099
099 099 099 099 099 099 099 099 099 099 099 099 099 099 099 099 099 099 099 099 099 099 099 099 099 099 099 099
099 099 099 099 099 099 099 099 099 099 099 099 099 099 099 099 099 099 099 099 099 099 099 099 099 099 099 099
099 099 099 099 099 099 099 099 099 099 099 099 099 099 099 099 099 099 099 099 099 099 099 099 099 099 099 099
099 099 099 099 099 099 099 099 099 099 099 099 099 099 099 099 099 099 099 099 099 099 099 099 099 099 099 099
099 099 099 099 099 099 099 099 099 099 099 099 099 099 099 099 099 099 099 099 099 099 099 099 099 099 099 099
099 099 099 099 099 099 099 099 099 099 099 099 099 099 099 099 099 099 099 099 099 099 099 099 099 099 099 099
099 099 099 099 099 099 099 099 099 099 099 099 099 099 099 099 099 099 099 099 099 099 099 099 099 099 099 099
099 099 099 099 099 099 099 099 099 099 099 099 099 099 099 099 099 099 099 099 099 099 099 099 099 099 099 099
099 099 099 099 099 099 099 099 099 099 099 099 099 099 099 099 099 099 099 099 099 099 099 099 099 099 099 099
099 099 099 099 099 099 099 099 099 099 099 899 099 099 099 099 099 099 099 099 099 099 099 099 099 099 099 099
099 099 099 099 099 099 099 099 099 899 899 899 099 099 099 099 099 099 099 099 099 099 099 099 099 099 099 099
099 099 099 099 099 099 099 899 899 899 899 899 099 099 099 099 099 099 099 099 099 099 099 099 099 099 099 099
099 099 099 099 099 899 899 899 899 899 899 899 099 099 099 099 099 099 099 099 099 099 099 099 099 099 099 099
099 099 099 899 899 899 899 899 899 899 899 899 099 099 099 099 099 099 099 099 099 099 099 099 099 099 099 099
099 099 899 899 899 899 899 899 899 899 899 899 099 099 099 099 099 099 099 099 099 099 099 099 099 099 099 099
099 899 899 899 899 899 899 899 899 899 899 899 099 099 099 099 099 099 099 099 099 099 099 099 099 099 099 099
099 899 899 899 899 899 899 899 899 899 899 899 099 099 099 099 099 099 099 099 099 099 099 099 099 099 099 099
099 899 899 899 899 899 899 899 899 899 899 899 899 899 099 099 099 099 099 099 099 099 099 099 099 099 099 099
899 899 899 899 899 899 899 899 899 899 899 899 899 099 099 099 099 099 099 099 099 099 899 899 099 099 099 099
899 899 899 899 899 899 899 899 899 899 899 899 099 099 099 099 099 099 099 099 099 099 099 099 099 099 099 099
899 899 899 899 899 899 899 899 899 899 899 899 899 099 099 099 099 099 099 099 099 099 099 099 099 099 099 099
899 899 899 899 899 899 899 899 899 899 899 899 099 099 099 099 099 099 099 099 099 099 099 099 099 099 099 099
099 899 899 899 899 899 899 899 899 899 899 899 099 099 099 099 099 099 099 099 099 099 099 099 099 099 099 099
899 899 899 899 899 899 899 899 899 899 899 899 099 099 099 099 099 099 099 099 099 099 099 099 099 099 099 099
899 899 899 899 899 899 899 899 899 899 899 899 099 099 099 099 099 099 099 099 099 099 899 899 099 099 099 099
899 899 899 899 899 899 899 899 899 899 899 899 899 099 099 099 099 099 099 099 099 099 099 099 099 099 099 099
899 899 899 899 899 899 899 899 899 899 899 899 099 099 099 099 099 099 099 099 099 099 099 899 099 099 099 099
899 899 899 899 899 899 899 899 899 899 899 899 099 099 099 099 099 099 099 099 099 099 099 099 099 099 099 099
899 899 899 899 899 899 899 899 899 899 899 899 099 099 099 099 899 099 099 099 099 099 099 099 099 099 099 099=
QI=
QE=
QU=
QN=
QH=
QC=
QV=
QR6
099 099 099
899 099 899
899 099 899
099 899 899
899 099 899
099 099 099
899 099 899
099 099 099
099 099 099
099 099 099
899 099 899
899 099 899
899 099 899
899 099 899
899 899 899
899 099 899
899 899 899
899 099 899
899 099 899
899 099 099
899 899 899
899 099 899
899 899 899
899 099 899
899 899 899
899 899 899
899 899 899
899 899 899
899 899 899
899 099 899
899 899 899=
099 099 099 099 099 099 099 099 099 099 099 099 099 099 099 099 099 099 099 099 099 099 099 099
099 899 099 099 099 099 099 099 099 099 099 099 099 099 099 099 099 099 099 099 099 099 099 099
899 099 099 099 099 099 099 099 099 099 099 099 099 099 099 099 099 099 099 099 099 099 099 099
099 099 099 099 099 099 099 099 099 099 099 099 099 099 099 099 899 099 099 099 099 099 099 099
099 099 099 099 099 099 099 899 099 099 099 099 099 099 099 099 099 099 099 099 099 099 099 099
099 099 099 099 099 099 099 099 099 099 099 099 099 099 099 099 099 099 099 099 099 099 099 099
099 099 099 099 099 099 099 099 099 099 899 099 099 099 099 099 099 099 099 099 099 099 099 099
099 099 099 099 099 099 099 099 099 099 099 099 099 099 099 099 099 099 099 099 099 099 099 099
099 099 099 099 099 099 099 099 099 099 099 099 099 099 099 099 099 099 099 099 099 099 099 099
099 099 099 099 099 099 099 099 099 099 099 099 099 099 099 099 099 099 099 099 099 099 099 099
099 099 099 099 099 899 099 099 099 099 099 099 099 099 099 099 099 099 099 099 099 099 099 099
099 099 099 099 899 099 099 099 099 099 099 899 099 099 099 099 099 099 099 099 099 099 099 099
099 099 099 099 099 099 099 099 099 899 899 899 099 099 099 099 099 099 099 099 099 099 099 099
099 099 099 099 099 099 099 899 899 899 899 899 099 099 099 099 099 099 099 099 099 099 099 099
099 099 099 099 099 899 899 899 899 899 899 899 099 099 099 099 099 099 099 099 099 099 899 099
099 099 099 899 899 899 899 899 899 899 899 899 099 099 099 099 099 099 099 099 099 099 099 099
099 099 899 899 899 899 899 899 899 899 899 899 099 099 099 099 099 899 099 099 099 099 099 099
099 899 899 899 899 899 899 899 899 899 899 899 099 099 099 099 099 099 099 099 099 099 099 099
099 899 899 899 899 899 899 899 899 899 899 899 099 099 099 099 099 099 099 099 099 099 099 099
099 899 899 899 899 899 899 899 899 899 899 899 899 899 099 099 099 099 099 099 099 099 099 099
899 899 899 899 899 899 899 899 899 899 899 899 899 099 899 099 099 099 099 099 099 099 899 899
899 899 899 899 899 899 899 899 899 899 899 899 099 099 099 099 099 099 099 099 099 099 099 099
899 899 899 899 899 899 899 899 899 899 899 899 899 099 099 099 099 099 099 099 099 099 099 099
899 899 899 899 899 899 899 899 899 899 899 899 099 099 099 099 099 099 099 099 099 099 099 099
099 899 899 899 899 899 899 899 899 899 899 899 099 099 099 099 099 099 099 099 099 099 899 099
899 899 899 899 899 899 899 899 899 899 899 899 099 099 099 099 899 099 099 099 099 099 099 099
899 899 899 899 899 899 899 899 899 899 899 899 099 099 099 099 099 099 099 099 099 099 899 899
899 899 899 899 899 899 899 899 899 899 899 899 899 099 099 099 099 099 099 099 099 099 099 099
899 899 899 899 899 899 899 899 899 899 899 899 099 099 099 099 099 099 099 099 099 099 099 899
899 899 899 899 899 899 899 899 899 899 899 899 099 099 099 099 099 099 099 099 099 099 099 099
899 899 899 899 899 899 899 899 899 899 899 899 099 899 099 099 899 099 099 099 099 099 099 099=
099 899 099=
QW=
QL=
QZ=
QG=
QFN
099 099 099 099 099 099 099 099 099 099 099 099 099 099 099 099 099 099 099 099 099 099 099 099
099 099 099 099 099 099 099 099 099 099 099 099 099 099 099 099 099 099 099 099 099 099 099 099
099 099 099 099 099 099 099 099 099 099 099 099 099 099 099 099 099 099 099 099 099 099 099 099
099 099 099 099 099 099 099 099 099 099 099 099 099 099 099 099 099 099 099 099 099 099 099 099
099 099 099 099 099 099 099 099 099 099 099 099 099 099 099 099 099 099 099 099 099 099 099 099
099 099 099 099 099 099 099 099 099 099 099 099 099 099 099 099 099 099 099 099 099 099 099 099
099 099 099 099 099 099 099 099 099 099 099 099 099 099 099 099 099 099 099 099 099 099 099 099
099 099 099 099 099 099 099 099 099 099 099 099 099 099 099 099 099 099 099 099 099 099 099 099
099 099 099 099 099 099 099 099 099 099 099 099 099 099 099 099 099 099 099 099 099 099 099 099
099 099 099 099 099 099 099 099 099 099 099 099 099 099 099 099 099 099 099 099 099 099 099 099
099 099 099 099 099 099 099 099 099 099 099 099 099 099 099 099 099 099 099 099 099 099 099 099
099 099 099 099 099 099 099 099 099 099 099 899 099 099 099 099 099 099 099 099 099 099 099 099
099 099 099 099 099 099 099 099 099 899 899 899 099 099 099 099 099 099 099 099 099 099 099 099
099 099 099 099 099 099 099 899 899 899 899 899 099 099 099 099 099 099 099 099 099 099 099 099
099 099 099 099 099 899 899 899 899 899 899 899 099 099 099 099 099 099 099 099 099 099 099 099
099 099 099 899 899 899 899 899 899 899 899 899 099 099 099 099 099 099 099 099 099 099 099 099
099 099 899 899 899 899 899 899 899 899 899 899 099 099 099 099 099 099 099 099 099 099 099 099
099 899 899 899 899 899 899 899 899 899 899 899 099 099 099 099 099 099 099 099 099 099 099 099
099 899 899 899 899 899 899 899 899 899 899 899 099 099 099 099 099 099 099 099 099 099 099 099
099 899 899 899 899 899 899 899 899 899 899 899 899 899 099 099 099 099 099 099 099 099 099 099
899 899 899 899 899 899 899 899 899 899 899 899 899 099 099 099 099 099 099 099 099 099 899 899
899 899 899 899 899 899 899 899 899 899 899 899 099 099 099 099 099 099 099 099 099 099 099 099
899 899 899 899 899 899 899 899 899 899 899 899 899 099 099 099 099 099 099 099 099 099 099 099
899 899 899 899 899 899 899 899 899 899 899 899 099 099 099 099 099 099 099 099 099 099 099 099
099 899 899 899 899 899 899 899 899 899 899 899 099 099 099 099 099 099 099 099 099 099 099 099
899 899 899 899 899 899 899 899 899 899 899 899 099 099 099 099 099 099 099 099 099 099 099 099
899 899 899 899 899 899 899 899 899 899 899 899 099 099 099 099 099 099 099 099 099 099 899 899
899 899 899 899 899 899 899 899 899 899 899 899 899 099 099 099 099 099 099 099 099 099 099 099
899 899 899 899 899 899 899 899 899 899 899 899 099 099 099 099 099 099 099 099 099 099 099 899
899 899 899 899 899 899 899 899 899 899 899 899 099 099 099 099 099 099 099 099 099 099 099 099
899 899 899 899 899 899 899 899 899 899 899 899 099 099 099 099 899 099 099 099 099 099 099 099=
099 099 099 099 099 099 099 099 099 099 099 099 099 099 099 099 099 099 099 099 099 099 099 099
099 099 099 099 099 099 099 099 099 099 099 099 099 099 099 099 099 099 099 099 099 099 099 099
099 099 099 099 099 099 099 099 099 099 099 099 099 099 099 099 099 099 099 099 099 099 099 099
099 099 099 099 099 099 099 099 099 099 099 099 099 099 099 099 099 099 099 099 099 099 099 099
099 099 099 099 099 099 099 099 099 099 099 099 099 099 099 099 099 099 099 099 099 099 099 099
099 099 099 099 099 099 099 099 099 099 099 099 099 099 099 099 099 099 099 099 099 099 099 099
099 099 099 099 099 099 099 099 099 099 099 099 099 099 099 099 099 099 099 099 099 099 099 099
099 099 099 099 099 099 099 099 099 099 099 099 099 099 099 099 099 099 099 099 099 099 099 099
099 099 099 099 099 099 099 099 099 099 099 099 099 099 099 099 099 099 099 099 099 099 099 099
099 099 099 099 099 099 099 099 099 099 099 099 099 099 099 099 099 099 099 099 099 099 099 099
099 099 099 099 099 099 099 099 099 099 099 099 099 099 099 099 099 099 099 099 099 099 099 099
099 099 099 099 099 099 099 099 099 099 099 899 099 099 099 099 099 099 099 099 099 099 099 099
099 099 099 099 099 099 099 099 099 899 899 899 099 099 099 099 099 099 099 099 099 099 099 099
099 099 099 099 099 099 099 899 899 899 899 899 099 099 099 099 099 099 099 099 099 099 099 099
099 099 099 099 099 899 899 899 899 899 899 899 099 099 099 099 099 099 099 099 099 099 099 099
099 099 099 899 899 899 899 899 899 899 899 899 099 099 099 099 099 099 099 099 099 099 099 099
099 099 899 899 899 899 899 899 899 899 899 899 099 099 099 099 099 099 099 099 099 099 099 099
099 899 899 899 899 899 899 899 899 899 899 899 099 099 099 099 099 099 099 099 099 099 099 099
099 899 899 899 899 899 899 899 899 899 899 899 099 099 099 099 099 099 099 099 099 099 099 099
099 899 899 899 899 899 899 899 899 899 899 899 899 899 099 099 099 099 099 099 099 099 099 099
899 899 899 899 899 899 899 899 899 899 899 899 899 099 099 099 099 099 099 099 099 099 899 899
899 899 899 899 899 899 899 899 899 899 899 899 099 099 099 099 099 099 099 099 099 099 099 099
899 899 899 899 899 899 899 899 899 899 899 899 899 099 099 099 099 099 099 099 099 099 099 099
899 899 899 899 899 899 899 899 899 899 899 899 099 099 099 099 099 099 099 099 099 099 099 099
099 899 899 899 899 899 899 899 899 899 899 899 099 099 099 099 099 099 099 099 099 099 099 099
899 899 899 899 899 899 899 899 899 899 899 899 099 099 099 099 099 099 099 099 099 099 099 099
899 899 899 899 899 899 899 899 899 899 899 899 099 099 099 099 099 099 099 099 099 099 899 899
899 899 899 899 899 899 899 899 899 899 899 899 899 099 099 099 099 099 099 099 099 099 099 099
899 899 899 899 899 899 899 899 899 899 899 899 099 099 099 099 099 099 099 099 099 099 099 899
899 899 899 899 899 899 899 899 899 899 899 899 099 099 099 099 099 099 099 099 099 099 099 099
899 899 899 899 899 899 899 899 899 899 899 899 099 099 099 099 899 099 099 099 099 099 099 099=
099 099 099 099
099 099 099 099
099 099 099 099
099 099 099 099
099 099 099 099
099 099 099 099
099 099 099 099
099 099 099 099
099 099 099 099
099 099 099 099
099 099 099 099
099 099 099 099
099 099 099 099
099 099 099 099
099 099 099 099
099 099 099 099
099 099 099 099
099 099 099 099
099 099 099 099
099 099 099 099
099 099 099 099
099 099 099 099
099 099 099 099
099 099 099 099
099 099 099 099
099 099 099 099
099 099 099 099
099 099 099 099
099 099 099 099
099 099 099 099
099 099 099 099=
QD=
QK=
QA=
QS=
QB=
=
******
YF
O2185
河南省
栾川县气象局
栾川县栾川乡西河李家村
乡村
张跃武
常文丽
常文丽
常文丽
王国安
常文丽
20090111=
JY
8888=
GK
01/本月各气象要素缺测数据较多故不做月统计。
05/=
BZ
BB/12-31/由于采集器内的太阳能储电池故障使12日-20日21时-08时数据部分缺测，21日-31日的21时-08时数据全部缺测。
00/334400/1112900
10/334400/1112900
10/24/24小时连续观测
11/不守班=
######
