O2180 3414N 11120E 006380 006390 105 000 S15 91999999919999199999 0 2009 06
P=
TB
0173 0162 0156 0169 0163 0155 0146 0141 0141 0138 0147 0163
0189 0215 0231 0246 0253 0277 0285 0282 0290 0274 0232 0218 0296 1631 0134 0529.
0195 0191 0194 0197 0190 0177 0178 0171 0159 0160 0176 0192
0206 0230 0269 0285 0304 0313 0307 0308 0305 0304 0266 0207 0314 1741 0156 0511.
0178 0161 0156 0156 0173 0164 0161 0154 0151 0149 0174 0193
0217 0242 0276 0307 0320 0328 0335 0336 0324 0295 0283 0246 0343 1548 0144 0547.
0226 0209 0211 0203 0186 0165 0168 0153 0145 0144 0166 0193
0211 0239 0271 0287 0306 0312 0306 0302 0311 0299 0261 0223 0320 1406 0136 0519.
0188 0169 0157 0182 0178 0178 0173 0179 0165 0175 0185 0205
0225 0255 0279 0309 0335 0350 0346 0355 0354 0341 0280 0234 0363 1617 0157 2300.
0223 0225 0216 0201 0199 0192 0185 0192 0195 0198 0225 0240
0248 0253 0259 0261 0263 0265 0265 0273 0280 0270 0237 0216 0281 1655 0182 0324.
0203 0197 0195 0191 0188 0185 0183 0182 0181 0179 0178 0175
0174 0173 0174 0177 0178 0180 0188 0189 0197 0194 0194 0186 0216 2001 0171 0949.
0185 0185 0177 0175 0173 0167 0169 0170 0170 0171 0174 0175
0176 0179 0190 0204 0198 0213 0222 0228 0241 0232 0218 0195 0241 1700 0167 0128.
0179 0171 0164 0161 0165 0166 0166 0167 0165 0163 0174 0196
0218 0243 0239 0240 0246 0263 0256 0252 0245 0241 0235 0209 0268 1426 0157 0016.
0189 0182 0180 0187 0188 0172 0171 0157 0155 0152 0179 0200
0220 0248 0261 0270 0274 0279 0279 0280 0272 0279 0230 0204 0287 1337 0147 0522.
0177 0171 0163 0174 0180 0169 0157 0163 0160 0161 0183 0192
0215 0234 0240 0251 0253 0260 0263 0264 0261 0249 0231 0207 0266 1337 0146 0317.
0202 0197 0193 0190 0182 0170 0172 0175 0168 0157 0181 0200
0219 0250 0280 0301 0305 0318 0321 0326 0322 0281 0266 0234 0328 1532 0153 0541.
0225 0191 0179 0161 0156 0145 0156 0161 0162 0161 0185 0207
0230 0256 0277 0285 0301 0317 0319 0323 0319 0310 0282 0247 0328 1614 0145 0152.
0231 0233 0218 0201 0188 0185 0188 0173 0164 0165 0188 0222
0247 0258 0282 0296 0311 0309 0335 0321 0320 0308 0292 0272 0340 1505 0159 0552.
0275 0215 0202 0202 0197 0187 0181 0177 0178 0180 0195 0212
0228 0244 0266 0279 0309 0292 0294 0294 0296 0287 0278 0267 0309 1300 0175 0346.
0242 0228 0220 0215 0209 0207 0212 0200 0197 0195 0207 0234
0254 0275 0285 0294 0291 0296 0313 0317 0313 0302 0286 0255 0323 1512 0191 0528.
0228 0220 0222 0214 0215 0209 0202 0198 0199 0200 0202 0212
0201 0201 0195 0193 0195 0197 0196 0194 0193 0192 0194 0194 0253 2001 0191 1719.
0194 0195 0195 0194 0193 0194 0195 0195 0195 0196 0196 0197
0198 0201 0197 0196 0199 0201 0202 0204 0201 0200 0199 0199 0204 1432 0193 2051.
0198 0199 0199 0199 0199 0198 0199 0200 0202 0203 0207 0207
0217 0228 0234 0224 0225 0227 0225 0220 0213 0204 0196 0193 0242 1045 0191 1935.
0193 0189 0188 0181 0181 0179 0180 0178 0173 0171 0186 0201
0223 0247 0264 0265 0282 0287 0293 0293 0294 0293 0249 0215 0301 1516 0168 0518.
0192 0180 0179 0182 0177 0179 0180 0182 0174 0172 0183 0206
0223 0238 0262 0283 0295 0304 0312 0318 0313 0306 0274 0255 0319 1636 0169 0529.
0224 0217 0217 0217 0214 0213 0205 0203 0187 0191 0217 0252
0262 0265 0276 0277 0285 0291 0294 0292 0293 0286 0256 0211 0298 1441 0183 0541.
0194 0187 0173 0173 0173 0183 0178 0186 0180 0181 0188 0187
0197 0217 0242 0251 0279 0280 0305 0317 0296 0294 0275 0241 0319 1550 0162 0045.
0230 0228 0216 0219 0211 0213 0206 0191 0185 0188 0203 0219
0245 0268 0292 0313 0337 0362 0367 0367 0372 0344 0298 0266 0388 1709 0181 0426.
0231 0213 0205 0195 0199 0208 0214 0210 0202 0206 0221 0241
0264 0286 0317 0334 0340 0355 0362 0368 0361 0333 0305 0293 0374 1529 0193 0024.
0281 0245 0251 0247 0254 0262 0252 0239 0231 0221 0236 0256
0275 0291 0301 0319 0328 0335 0345 0352 0339 0335 0307 0278 0358 1714 0220 0601.
0273 0266 0263 0266 0264 0268 0263 0257 0250 0242 0239 0256
0263 0284 0286 0286 0271 0276 0279 0274 0275 0274 0268 0264 0290 1107 0236 0645.
0248 0244 0243 0241 0244 0227 0222 0221 0211 0213 0227 0228
0230 0212 0225 0224 0207 0202 0197 0193 0193 0191 0191 0186 0264 2001 0186 1955.
0185 0187 0184 0180 0179 0175 0170 0165 0163 0160 0174 0187
0200 0214 0240 0237 0254 0253 0261 0255 0254 0250 0236 0222 0261 1455 0154 0545.
0219 0215 0213 0220 0215 0206 0204 0195 0188 0186 0206 0222
0236 0267 0289 0307 0329 0329 0331 0335 0334 0327 0284 0241 0340 1622 0184 0519=
I=
E=
U=
N=
H=
C=
V=
R6
0000 0000 0000
0000 0000 0000
0000 0000 0000
0000 0000 0000
0000 0000 0000
0000 0000 0000
0000 0000 0000
0157 0001 0158
0000 0000 0000
0000 0000 0000
0000 0000 0000
0000 0000 0000
0000 0000 0000
0000 0000 0000
0000 0000 0000
0000 0000 0000
0307 0612 0919
0012 0008 0020
0134 0026 0160
0000 0000 0000
0000 0000 0000
0000 0000 0000
0000 0000 0000
0000 0000 0000
0000 0000 0000
0000 0000 0000
0000 0000 0000
0000 0067 0067
0000 0000 0000
0000 0000 0000=
0000 0000 0000 0000 0000 0000 0000 0000 0000 0000 0000 0000
0000 0000 0000 0000 0000 0000 0000 0000 0000 0000 0000 0000.
0000 0000 0000 0000 0000 0000 0000 0000 0000 0000 0000 0000
0000 0000 0000 0000 0000 0000 0000 0000 0000 0000 0000 0000.
0000 0000 0000 0000 0000 0000 0000 0000 0000 0000 0000 0000
0000 0000 0000 0000 0000 0000 0000 0000 0000 0000 0000 0000.
0000 0000 0000 0000 0000 0000 0000 0000 0000 0000 0000 0000
0000 0000 0000 0000 0000 0000 0000 0000 0000 0000 0000 0000.
0000 0000 0000 0000 0000 0000 0000 0000 0000 0000 0000 0000
0000 0000 0000 0000 0000 0000 0000 0000 0000 0000 0000 0000.
0000 0000 0000 0000 0000 0000 0000 0000 0000 0000 0000 0000
0000 0000 0000 0000 0000 0000 0000 0000 0000 0000 0000 0000.
0000 0000 0000 0000 0000 0000 0000 0000 0000 0000 0000 0000
0000 0000 0000 0000 0000 0000 0000 0000 0000 0000 0000 0000.
0006 0018 0031 0030 0029 0014 0003 0013 0011 0002 0000 0000
0000 0001 0000 0000 0000 0000 0000 0000 0000 0000 0000 0000.
0000 0000 0000 0000 0000 0000 0000 0000 0000 0000 0000 0000
0000 0000 0000 0000 0000 0000 0000 0000 0000 0000 0000 0000.
0000 0000 0000 0000 0000 0000 0000 0000 0000 0000 0000 0000
0000 0000 0000 0000 0000 0000 0000 0000 0000 0000 0000 0000.
0000 0000 0000 0000 0000 0000 0000 0000 0000 0000 0000 0000
0000 0000 0000 0000 0000 0000 0000 0000 0000 0000 0000 0000.
0000 0000 0000 0000 0000 0000 0000 0000 0000 0000 0000 0000
0000 0000 0000 0000 0000 0000 0000 0000 0000 0000 0000 0000.
0000 0000 0000 0000 0000 0000 0000 0000 0000 0000 0000 0000
0000 0000 0000 0000 0000 0000 0000 0000 0000 0000 0000 0000.
0000 0000 0000 0000 0000 0000 0000 0000 0000 0000 0000 0000
0000 0000 0000 0000 0000 0000 0000 0000 0000 0000 0000 0000.
0000 0000 0000 0000 0000 0000 0000 0000 0000 0000 0000 0000
0000 0000 0000 0000 0000 0000 0000 0000 0000 0000 0000 0000.
0000 0000 0000 0000 0000 0000 0000 0000 0000 0000 0000 0000
0000 0000 0000 0000 0000 0000 0000 0000 0000 0000 0000 0000.
0000 0000 0000 0000 0000 0001 0010 0113 0165 0016 0001 0001
0007 0011 0038 0098 0031 0037 0075 0120 0069 0092 0018 0016.
0007 0001 0000 0000 0000 0000 0000 0001 0000 0001 0001 0001
0001 0001 0001 0002 0001 0000 0000 0000 0000 0001 0000 0001.
0000 0000 0000 0000 0001 0032 0036 0002 0008 0028 0002 0025
0019 0001 0000 0006 0000 0000 0000 0000 0000 0000 0000 0000.
0000 0000 0000 0000 0000 0000 0000 0000 0000 0000 0000 0000
0000 0000 0000 0000 0000 0000 0000 0000 0000 0000 0000 0000.
0000 0000 0000 0000 0000 0000 0000 0000 0000 0000 0000 0000
0000 0000 0000 0000 0000 0000 0000 0000 0000 0000 0000 0000.
0000 0000 0000 0000 0000 0000 0000 0000 0000 0000 0000 0000
0000 0000 0000 0000 0000 0000 0000 0000 0000 0000 0000 0000.
0000 0000 0000 0000 0000 0000 0000 0000 0000 0000 0000 0000
0000 0000 0000 0000 0000 0000 0000 0000 0000 0000 0000 0000.
0000 0000 0000 0000 0000 0000 0000 0000 0000 0000 0000 0000
0000 0000 0000 0000 0000 0000 0000 0000 0000 0000 0000 0000.
0000 0000 0000 0000 0000 0000 0000 0000 0000 0000 0000 0000
0000 0000 0000 0000 0000 0000 0000 0000 0000 0000 0000 0000.
0000 0000 0000 0000 0000 0000 0000 0000 0000 0000 0000 0000
0000 0000 0000 0000 0000 0000 0000 0000 0000 0000 0000 0000.
0000 0000 0000 0000 0000 0000 0000 0000 0000 0000 0000 0000
0000 0000 0000 0000 0000 0000 0000 0000 0000 0000 0000 0000.
0000 0000 0000 0000 0000 0000 0000 0000 0000 0000 0000 0000
0000 0033 0002 0001 0005 0007 0004 0008 0006 0000 0000 0001.
0000 0000 0000 0000 0000 0000 0000 0000 0000 0000 0000 0000
0000 0000 0000 0000 0000 0000 0000 0000 0000 0000 0000 0000.
0000 0000 0000 0000 0000 0000 0000 0000 0000 0000 0000 0000
0000 0000 0000 0000 0000 0000 0000 0000 0000 0000 0000 0000=
0000 ////////// 00000=
W=
L=
Z=
G=
FN
022003 PPC002 316006 239009 268014 230011
237012 230015 287013 281017 281021 293023
274016 292020 302029 267047 286024 289036
269022 276017 274018 294013 318006 291006.
107003 011005 190008 292009 317004 223008
256016 256009 290022 275013 284032 284022
282024 288026 264010 293023 258022 276024
264020 293022 267018 268010 075010 093004.
137006 224004 271010 285024 282018 275016
255017 287025 247031 279021 294015 287024
278023 266034 261027 250039 287044 245043
300040 254038 243036 189012 359012 127010.
271004 343006 091019 043008 088008 093009
079018 PPC001 079005 PPC002 318009 264021
278027 271019 261013 279017 066013 255014
161014 275020 307018 293022 096005 116012.
PPC002 306008 278006 255016 255009 270004
260014 306030 270013 ////// 303009 286018
////// ////// 284031 287023 288013 290008
294022 251014 358010 090005 015007 081005.
141005 082024 242005 259006 345003 314004
154005 015007 152006 265007 280009 273021
301028 293044 301031 034016 116015 155019
113013 110013 143012 091012 111023 108041.
108019 099031 092022 094019 114012 111015
109017 107014 100012 112008 098017 074025
092019 095016 117015 098015 099016 090014
165010 144008 167004 054006 081009 262005.
130006 202007 085011 053010 102013 111013
098015 081009 117008 051009 043009 079011
123026 111018 090015 051011 104015 085018
044019 097015 031009 064009 149007 098009.
116008 168003 121004 278004 264014 292018
281019 234013 307012 273011 273018 268028
279021 302030 282027 310053 290051 279038
278034 257032 281022 257011 291015 332009.
164005 147004 263012 236022 278011 270006
275011 290009 295011 250006 290016 295025
273016 285020 293047 281046 304042 288039
346052 287027 326031 007009 116007 PPC000.
131008 183005 317007 321011 221004 266005
298011 273018 261018 278025 273031 294032
291037 282025 265022 274037 282031 302030
296024 291018 289014 185010 259005 PPC001.
326007 273007 257012 271014 264013 292021
288023 297040 299026 267015 238022 281034
287035 306023 289019 273029 291030 289031
295029 289034 264026 075034 021006 100014.
116016 027004 123010 PPC000 059008 272012
253030 PPC001 247006 252019 274022 279026
288035 279019 126015 061023 104022 097021
083028 101022 094025 105012 070006 218009.
PPC001 094017 064005 PPC002 164003 103004
062009 086006 028003 057005 290014 210016
004007 275014 315016 118024 111019 107024
030008 077018 110028 106019 092009 079010.
089033 013020 PPC002 318009 081012 214005
113008 227007 PPC002 070008 106005 123013
161018 083011 104017 148014 106020 097034
096030 098035 118024 082022 116010 078011.
129008 150008 PPC001 081006 PPC000 186004
096014 PPC002 120008 118006 209005 112016
115009 132017 160012 103019 112023 096021
160023 211020 164022 190013 146010 090007.
134014 064006 090008 307005 133006 295008
170003 261006 290011 085011 292010 281018
257013 284012 281016 303008 ////// 271007
315015 055009 106007 053007 330008 168004.
PPC000 087009 137008 121009 104011 348003
PPC001 094012 084012 088008 088017 100013
096015 078016 100017 118012 083023 084010
092013 086011 060010 ////// 081014 084009.
102008 095010 157006 338007 281013 289010
134004 241012 237020 247010 276012 269020
215008 292016 265029 283018 293031 279023
288023 253027 273025 277021 253019 268039.
223017 286013 231009 277010 281012 280013
263017 284011 262007 261014 323006 301015
268021 243012 233027 097008 235022 184012
250009 234018 224013 244010 135013 PPC002.
117006 262006 301014 256018 245018 244010
287010 318011 231023 263022 297026 296026
266022 290035 269021 261024 286029 296029
285028 273021 278025 317034 259010 287013.
206004 243004 053003 282008 183008 269008
254012 220007 267011 299011 277014 261020
299013 339015 329032 310032 293033 263037
282037 278048 282027 262022 180009 119003.
171005 PPC002 PPC002 113005 264010 297020
230009 281036 276024 283017 296029 279028
286031 284025 284034 300035 269024 291047
290041 280027 283023 280017 283013 314011.
279007 263004 338012 251013 265017 010009
284018 245016 281035 293019 280034 279038
286031 285032 294030 305030 287024 215011
329010 247013 283008 099009 084011 098004.
161004 PPC002 129004 289005 295013 293014
275010 262019 293011 294016 268016 268016
287024 287032 250027 271028 294024 313029
326021 188011 208014 181014 200021 231012.
250022 308011 316006 288012 278023 283035
289029 290017 278024 262013 290020 290022
296022 267042 295028 325013 307029 292031
271038 321017 003008 106015 087006 092006.
264008 204003 270013 283024 248028 271029
289027 286019 292021 274032 271011 282026
293030 274027 283021 273025 289029 282020
288012 274014 259015 265014 241013 307011.
174005 243011 241003 287009 295012 300016
286019 291007 268004 315010 268011 263019
294011 248014 249014 291030 209011 277010
283016 279018 294027 271040 292031 281023.
264029 270036 267030 286033 279036 287031
254026 287022 297025 290017 270025 297025
297048 293027 311030 308027 294014 300013
273013 300014 277017 276017 239010 PPC002.
265016 286018 268015 281017 231030 269019
245015 242014 212023 259017 266024 282035
278027 267026 282030 283022 256023 295040
290036 293027 316020 283018 233005 219006=
PPC001 PPC002 280005 245009 267012 234009
239014 231019 279015 271018 280023 296023
281018 293020 302035 270043 285031 285031
282026 271018 271017 287016 310006 261004.
PPC002 PPC002 200007 207007 292007 233012
260012 191006 279022 280016 289028 292018
289026 295027 275015 291024 237020 239022
260019 293023 265018 262009 072009 077005.
PPC002 252003 286009 282023 276018 275011
254016 285027 246029 278022 284012 284023
280024 272031 271027 264040 272039 266039
285033 235034 244038 218017 359012 127007.
216005 046009 094018 071009 093009 060005
082013 201003 090006 PPC002 309009 272016
283026 277019 283013 278014 060017 278012
157012 280020 309021 294021 134005 108009.
288004 286005 260006 261016 253009 196006
251016 311029 279019 ////// 268013 287016
////// ////// 282028 280027 265013 302011
295022 266016 333011 PPC002 047010 PPC002.
124005 079008 346005 278006 PPC002 307008
242005 019005 112010 170008 141007 273016
295026 288040 282030 019010 086013 152019
105012 105013 151015 100014 113022 103036.
105024 098024 098018 089015 117015 109016
108015 099011 096012 108015 099017 087019
097015 096018 101018 108015 100016 097012
159008 146008 167003 354008 080007 265004.
128003 167005 090012 073012 100016 102012
098012 091008 118008 070010 070008 078010
126025 116018 098017 086019 099013 077016
060017 075015 048011 053010 131008 101006.
118006 210005 PPC002 PPC002 267014 288015
281019 268018 300012 271013 269022 269022
279017 299030 291036 300045 284043 263037
284035 265032 281022 272014 289016 309008.
216006 078003 271012 239019 278011 285008
280009 282009 295013 251005 281015 292026
275015 277021 293035 285046 298038 287037
319038 308029 306021 018009 112004 359004.
134005 138004 308005 317008 199005 270007
288011 278017 274018 277027 269028 289032
293033 289028 265022 285037 280032 302029
289021 289017 283013 197007 257009 231004.
PPC002 271008 268011 267014 254013 284019
285022 299036 299026 270014 253025 283031
288040 296023 276020 281031 295030 281027
280031 294024 281033 055033 037007 107020.
118016 329004 119009 PPC002 077004 241008
255027 PPC002 265004 249015 267020 283023
286030 267020 114014 085021 115025 089024
076022 105021 102022 087012 090004 203005.
PPC002 092016 044006 PPC001 168003 106006
074008 082005 107003 117004 296012 222015
016012 279009 308022 103020 118017 130021
025012 084021 104023 100019 103010 088013.
091031 004012 114004 296010 088011 324005
082007 295004 101003 090006 099004 112014
147015 086012 103011 078014 102021 104035
092032 095035 099022 083021 108011 080010.
PPC002 148003 PPC002 100007 PPC001 210006
093011 331005 131006 114007 233003 117015
127010 119022 142010 119024 104023 098018
154021 216021 168019 199013 211012 086006.
124008 087007 101009 263003 099004 176006
170009 267005 348009 090013 276007 277015
273016 274015 283013 312009 ////// 280006
307013 061008 119005 065006 339008 140004.
PPC000 086008 113007 097010 109010 046006
103004 106013 087013 061009 087016 107014
109018 088017 097014 088011 089022 079013
091015 081012 063011 ////// 083008 092007.
104009 098007 106004 009007 274011 287010
124003 238010 241015 275009 273014 261020
226006 287017 264025 264018 282028 281014
288022 263019 275018 276022 259024 256034.
229019 267012 263012 280009 294013 295012
269014 286013 280008 275011 309004 290016
270020 265015 235020 304012 245012 163012
250011 229013 249013 231009 137011 084004.
142006 278006 298012 270018 245014 240007
285009 311011 229018 267025 291028 288025
284027 283030 273023 279019 277031 279030
272027 269022 277021 309024 252010 300006.
170003 191003 PPC002 302008 245007 278010
267012 265008 250008 308007 272011 257019
276015 312019 321031 307032 286033 260035
287041 288044 285028 276023 212009 114004.
130003 147004 215003 027004 269013 291023
223008 276033 277025 282014 292033 275022
282032 284026 279029 294031 271021 290037
288039 283027 289026 276019 283014 312007.
267006 293005 312007 253011 266014 346009
292018 244018 284032 283020 274029 285034
284027 288032 288032 301033 281025 214014
330009 254016 279009 096011 080011 056003.
058004 345003 103003 289005 297012 292015
275011 257018 284014 280013 267017 275023
284022 292030 259032 262032 299027 305028
303015 200010 226019 206020 192016 228011.
249021 301010 304010 289012 274016 278035
290029 289019 279017 268013 282017 287022
294023 270034 286026 306017 296027 296035
278032 312019 351007 111014 103007 107006.
272011 161003 275013 283019 255020 271021
288031 275022 287022 271028 273014 276023
293028 279026 282021 268022 283028 294023
282019 275016 266015 273016 237015 299010.
PPC002 242007 PPC002 284011 308015 301018
290021 300007 268008 312011 270012 267020
280012 225019 261010 277023 237014 292012
288019 277018 301025 275035 287033 283026.
272027 271032 272025 278030 282033 282034
254030 285020 296025 285016 276023 289024
287032 294030 304026 302024 291018 302013
276012 295012 276017 259013 245011 233006.
266015 278014 266015 291018 231025 277019
255016 239015 217022 268017 262020 271025
278034 267035 285030 286022 278018 291034
290036 290026 297020 287018 187004 261007=
043270 1200 059267 1159
032291 0705 045287 0704
050265 1520 082219 1621
036294 1711 051315 1726
039265 1003 046277 1003
057292 1037 085301 1028
044092 2014 069062 2011
025126 0900 039084 1427
048293 1120 078287 1116
051292 1151 077298 1146
046273 1142 058267 1138
044017 1752 071295 0823
036106 2036 053290 0737
027111 1619 043110 1711
053084 2110 079042 2105
029173 1544 043158 1541
030291 0839 043295 0832
023088 1301 047079 1339
052304 1224 091290 1216
035260 2001 039277 2019
037290 1234 048278 1237
047271 1336 075281 1511
048284 1336 069287 1335
038281 0512 054270 0512
038275 1049 050281 1041
042301 1349 059273 0158
036274 1241 056284 1300
039277 1807 056267 1827
042281 0043 064270 0038
044272 0950 061267 0822=
D=
K=
A=
S=
B=
??????
******
YF
O2180
河南省
豫洛宁下峪
洛宁县下峪乡烟站
丘陵；地面；村镇
王林香
刘彩杰
刘彩杰
刘彩杰
王国安
刘彩杰
20090708=
JY
8888=
GK
01/本月平均温度22.8℃，月总降水量132.4mm。
02/本月主要降水过程出现在8日、17-19日、28日。
05/=
BZ
BB/05-18/5日9-10时气温缺测。5日6时、9-10时、17日13时、18日18时二分钟、十分钟风向、风速缺测。
BB/05/09时温度用正点前9分钟值代替。10时温度用正点后1分钟值代替。
BB/05-18/5日6时、17日13时、18日18时内插求得。
00/341300/1111900
10/341300/1111900
10/24/24小时连续观测
11/不守班=
######
