O2189 3354N 11148E 007390 007390 105 000 S15 91999999919999199999 0 2012 06
P=
TB
0157 0152 0148 0145 0142 0139 0138 0137 0136 0136 0140 0147
0164 0182 0209 0235 0255 0250 0235 0251 0248 0232 0193 0153 0257 1305 0135 0533.
0128 0114 0105 0098 0094 0090 0085 0078 0074 0074 0090 0142
0201 0240 0263 0272 0279 0280 0281 0268 0255 0242 0216 0185 0286 1439 0073 0553.
0162 0148 0135 0129 0128 0122 0118 0116 0115 0117 0132 0155
0183 0207 0218 0241 0247 0260 0270 0269 0257 0246 0219 0178 0270 1459 0114 0526.
0160 0150 0140 0133 0125 0119 0115 0110 0108 0106 0123 0156
0204 0244 0256 0267 0285 0291 0292 0291 0280 0272 0236 0210 0294 1514 0105 0549.
0194 0184 0178 0170 0165 0161 0157 0153 0151 0148 0160 0190
0217 0251 0261 0263 0263 0245 0247 0230 0238 0238 0216 0193 0268 1049 0147 0552.
0182 0177 0174 0171 0171 0171 0171 0169 0168 0167 0168 0170
0176 0190 0214 0229 0234 0241 0241 0251 0243 0237 0214 0185 0251 1600 0167 0522.
0171 0170 0170 0168 0169 0164 0157 0155 0144 0139 0152 0175
0220 0246 0258 0268 0277 0294 0296 0307 0304 0281 0226 0191 0308 1605 0138 0554.
0169 0156 0147 0143 0139 0134 0132 0127 0121 0121 0131 0190
0262 0291 0301 0319 0319 0318 0316 0315 0294 0273 0241 0209 0329 1330 0119 0527.
0187 0169 0159 0151 0143 0135 0136 0132 0131 0137 0150 0202
0256 0297 0308 0323 0331 0334 0340 0335 0317 0279 0239 0216 0345 1423 0130 0444.
0192 0178 0167 0159 0151 0142 0138 0135 0131 0131 0147 0202
0253 0285 0304 0324 0336 0343 0331 0262 0208 0223 0218 0187 0348 1443 0130 0530.
0182 0174 0172 0169 0166 0170 0175 0168 0156 0145 0154 0194
0233 0253 0273 0283 0295 0306 0308 0301 0297 0270 0219 0179 0309 1503 0144 0605.
0152 0134 0118 0110 0099 0093 0089 0083 0077 0078 0094 0175
0251 0301 0310 0327 0331 0333 0334 0344 0338 0308 0234 0192 0344 1557 0074 0540.
0165 0146 0133 0121 0112 0106 0103 0097 0093 0093 0117 0201
0270 0335 0346 0361 0358 0359 0358 0355 0349 0332 0296 0248 0366 1325 0090 0536.
0250 0264 0242 0211 0195 0178 0169 0162 0159 0156 0176 0230
0269 0279 0282 0291 0297 0304 0302 0311 0301 0284 0243 0185 0313 1610 0155 0538.
0154 0137 0129 0118 0109 0102 0094 0089 0084 0083 0095 0176
0241 0265 0272 0281 0288 0307 0307 0309 0305 0292 0244 0195 0315 1616 0081 0527.
0168 0150 0141 0135 0127 0120 0114 0108 0102 0102 0119 0180
0239 0275 0299 0309 0301 0317 0322 0319 0309 0293 0281 0250 0322 1457 0100 0541.
0204 0182 0170 0162 0157 0149 0144 0141 0138 0141 0156 0181
0235 0279 0299 0309 0317 0313 0313 0318 0310 0295 0268 0233 0325 1240 0138 0447.
0204 0182 0167 0157 0146 0138 0130 0125 0117 0117 0128 0197
0258 0300 0311 0322 0331 0339 0343 0329 0309 0300 0280 0221 0348 1444 0115 0525.
0195 0181 0174 0159 0159 0148 0139 0135 0142 0144 0156 0210
0252 0274 0285 0295 0312 0317 0239 0243 0277 0255 0239 0219 0319 1420 0134 0357.
0205 0196 0191 0189 0183 0176 0163 0162 0157 0156 0175 0218
0252 0268 0276 0272 0292 0285 0284 0300 0295 0292 0253 0214 0303 1629 0154 0527.
0194 0173 0157 0144 0136 0132 0139 0133 0132 0129 0138 0182
0237 0272 0304 0318 0321 0333 0336 0343 0334 0318 0264 0223 0343 1600 0129 0546.
0193 0177 0166 0155 0147 0142 0137 0135 0132 0135 0157 0177
0248 0298 0323 0329 0342 0335 0321 0303 0282 0262 0245 0230 0348 1308 0131 0515.
0212 0198 0185 0175 0169 0162 0158 0155 0153 0149 0165 0209
0266 0302 0317 0334 0321 0222 0199 0202 0211 0217 0221 0214 0340 1207 0149 0559.
0205 0193 0186 0180 0177 0172 0168 0164 0161 0160 0172 0199
0231 0269 0296 0301 0302 0247 0200 0200 0201 0204 0201 0198 0309 1244 0159 0540.
0196 0191 0184 0183 0180 0178 0176 0173 0171 0171 0183 0193
0205 0212 0219 0243 0248 0236 0220 0202 0202 0201 0199 0195 0250 1324 0170 0449.
0193 0193 0193 0193 0193 0192 0191 0191 0191 0191 0191 0189
0190 0197 0211 0226 0240 0246 0241 0247 0238 0217 0213 0209 0251 1345 0188 0811.
0206 0204 0203 0204 0207 0207 0205 0201 0200 0199 0199 0202
0212 0220 0233 0233 0228 0239 0240 0235 0219 0211 0206 0202 0246 1414 0199 0535.
0194 0187 0184 0184 0183 0183 0183 0182 0182 0181 0182 0182
0184 0187 0189 0193 0198 0200 0202 0198 0200 0200 0198 0196 0202 1458 0181 0558.
0195 0194 0194 0194 0194 0193 0193 0193 0191 0192 0196 0204
0213 0235 0250 0252 0246 0229 0222 0217 0215 0212 0212 0209 0256 1216 0191 0500.
0206 0203 0201 0200 0199 0199 0198 0195 0193 0191 0193 0196
0204 0214 0226 0242 0242 0256 0243 0232 0228 0211 0205 0194 0258 1402 0191 0600=
I=
E=
U=
N=
H=
C=
V=
R6
0000 0000 0000
0000 0000 0000
0000 0000 0000
0000 0000 0000
0000 0000 0000
0016 0000 0016
0000 0000 0000
0000 0000 0000
0000 0000 0000
0000 0008 0008
0000 0000 0000
0000 0000 0000
0000 0000 0000
0000 0000 0000
0000 0000 0000
0000 0000 0000
0000 0000 0000
0000 0000 0000
0000 0000 0000
0000 0000 0000
0000 0000 0000
0000 0000 0000
0000 0207 0207
0000 0432 0432
0001 0240 0241
0044 0004 0048
0062 0000 0062
0029 0015 0044
0008 0056 0064
0070 0014 0084=
0000 0000 0000 0000 0000 0000 0000 0000 0000 0000 0000 0000
0000 0000 0000 0000 0000 0000 0000 0000 0000 0000 0000 0000.
0000 0000 0000 0000 0000 0000 0000 0000 0000 0000 0000 0000
0000 0000 0000 0000 0000 0000 0000 0000 0000 0000 0000 0000.
0000 0000 0000 0000 0000 0000 0000 0000 0000 0000 0000 0000
0000 0000 0000 0000 0000 0000 0000 0000 0000 0000 0000 0000.
0000 0000 0000 0000 0000 0000 0000 0000 0000 0000 0000 0000
0000 0000 0000 0000 0000 0000 0000 0000 0000 0000 0000 0000.
0000 0000 0000 0000 0000 0000 0000 0000 0000 0000 0000 0000
0000 0000 0000 0000 0000 0000 0000 0000 0000 0000 0000 0000.
0000 0000 0000 0000 0000 0010 0002 0001 0000 0000 0000 0003
0000 0000 0000 0000 0000 0000 0000 0000 0000 0000 0000 0000.
0000 0000 0000 0000 0000 0000 0000 0000 0000 0000 0000 0000
0000 0000 0000 0000 0000 0000 0000 0000 0000 0000 0000 0000.
0000 0000 0000 0000 0000 0000 0000 0000 0000 0000 0000 0000
0000 0000 0000 0000 0000 0000 0000 0000 0000 0000 0000 0000.
0000 0000 0000 0000 0000 0000 0000 0000 0000 0000 0000 0000
0000 0000 0000 0000 0000 0000 0000 0000 0000 0000 0000 0000.
0000 0000 0000 0000 0000 0000 0000 0000 0000 0000 0000 0000
0000 0000 0000 0000 0000 0000 0000 0000 0008 0000 0000 0000.
0000 0000 0000 0000 0000 0000 0000 0000 0000 0000 0000 0000
0000 0000 0000 0000 0000 0000 0000 0000 0000 0000 0000 0000.
0000 0000 0000 0000 0000 0000 0000 0000 0000 0000 0000 0000
0000 0000 0000 0000 0000 0000 0000 0000 0000 0000 0000 0000.
0000 0000 0000 0000 0000 0000 0000 0000 0000 0000 0000 0000
0000 0000 0000 0000 0000 0000 0000 0000 0000 0000 0000 0000.
0000 0000 0000 0000 0000 0000 0000 0000 0000 0000 0000 0000
0000 0000 0000 0000 0000 0000 0000 0000 0000 0000 0000 0000.
0000 0000 0000 0000 0000 0000 0000 0000 0000 0000 0000 0000
0000 0000 0000 0000 0000 0000 0000 0000 0000 0000 0000 0000.
0000 0000 0000 0000 0000 0000 0000 0000 0000 0000 0000 0000
0000 0000 0000 0000 0000 0000 0000 0000 0000 0000 0000 0000.
0000 0000 0000 0000 0000 0000 0000 0000 0000 0000 0000 0000
0000 0000 0000 0000 0000 0000 0000 0000 0000 0000 0000 0000.
0000 0000 0000 0000 0000 0000 0000 0000 0000 0000 0000 0000
0000 0000 0000 0000 0000 0000 0000 0000 0000 0000 0000 0000.
0000 0000 0000 0000 0000 0000 0000 0000 0000 0000 0000 0000
0000 0000 0000 0000 0000 0000 0000 0000 0000 0000 0000 0000.
0000 0000 0000 0000 0000 0000 0000 0000 0000 0000 0000 0000
0000 0000 0000 0000 0000 0000 0000 0000 0000 0000 0000 0000.
0000 0000 0000 0000 0000 0000 0000 0000 0000 0000 0000 0000
0000 0000 0000 0000 0000 0000 0000 0000 0000 0000 0000 0000.
0000 0000 0000 0000 0000 0000 0000 0000 0000 0000 0000 0000
0000 0000 0000 0000 0000 0000 0000 0000 0000 0000 0000 0000.
0000 0000 0000 0000 0000 0000 0000 0000 0000 0000 0000 0000
0000 0000 0000 0000 0000 0017 0190 0000 0000 0000 0000 0000.
0000 0000 0000 0000 0000 0000 0000 0000 0000 0000 0000 0000
0000 0000 0000 0000 0000 0000 0424 0000 0005 0003 0000 0000.
0000 0000 0000 0000 0000 0000 0001 0000 0000 0000 0000 0000
0000 0000 0001 0000 0000 0000 0002 0036 0011 0001 0015 0174.
0015 0008 0003 0002 0014 0000 0001 0000 0000 0001 0000 0000
0000 0000 0000 0000 0000 0000 0000 0000 0000 0004 0000 0000.
0000 0000 0004 0000 0012 0033 0013 0000 0000 0000 0000 0000
0000 0000 0000 0000 0000 0000 0000 0000 0000 0000 0000 0000.
0000 0001 0003 0001 0000 0008 0007 0004 0002 0000 0002 0001
0001 0002 0000 0001 0000 0000 0000 0000 0001 0000 0009 0001.
0001 0001 0003 0002 0000 0000 0001 0000 0000 0000 0000 0000
0000 0000 0000 0000 0000 0000 0013 0004 0009 0018 0006 0006.
0006 0001 0001 0000 0005 0005 0007 0005 0023 0008 0001 0008
0004 0000 0000 0000 0000 0000 0000 0001 0001 0004 0003 0001=
0000 ////////// 00000=
W=
L=
Z=
G=
FN
198007 PPC000 175008 200007 PPC000 181004
PPC000 PPC002 186004 176004 190011 305003
355015 003012 147009 296011 356033 207007
159029 157039 163020 185019 194014 PPC002.
248003 176006 182005 178007 162005 161006
181006 195007 183006 122005 062005 032008
042012 007012 026018 302013 132027 148046
141034 169036 155038 175011 175010 187010.
PPC002 174008 153006 214006 176006 169007
PPC000 PPC001 PPC002 189006 PPC001 355006
007018 042008 041014 145022 109008 123015
013023 348010 155018 177008 178008 197010.
212008 216010 PPC001 193006 224010 210007
219005 PPC001 176009 169008 PPC002 PPC000
035014 344010 313022 350035 014027 340023
013029 018031 015016 178029 198009 164005.
169008 192007 196007 171007 PPC000 182008
187005 PPC000 204005 208006 PPC001 125007
004012 016018 024023 126011 042007 208009
191014 353012 208009 173004 154005 237007.
160007 219006 PPC000 185005 357007 106007
230008 PPC000 PPC002 162013 302006 165006
027005 118013 088007 306013 070008 044010
337012 291007 349011 309006 233012 221005.
PPC001 PPC002 216010 168008 202008 190010
190007 248008 217007 167007 135003 038003
218008 101007 044011 052015 325018 338027
121013 020012 019020 329014 164008 218007.
199008 212006 201010 187003 166009 206007
196011 PPC000 192007 204007 121006 025007
103004 276010 052009 355034 006028 082008
032032 019033 342027 230010 185009 198009.
216005 182007 PPC000 172008 PPC000 159006
155007 196008 178008 174007 PPC000 005006
032017 037018 312013 348024 191020 008033
020023 342023 355011 174003 206006 175012.
183009 194005 180008 212004 PPC001 165008
180008 175010 PPC000 PPC000 PPC000 PPC000
009016 002030 008015 016029 286011 308022
032018 036040 030018 226013 270005 PPC001.
183009 159006 180006 180007 181004 181005
166007 187008 201009 227007 PPC001 PPC000
044010 018016 011018 008017 000030 021033
022042 002014 016047 357016 171007 PPC001.
216004 196010 168008 171003 168009 177006
174008 175005 179011 137007 142006 PPC000
024011 017035 353023 047013 125013 331019
038020 018031 023039 247009 179009 203005.
211009 201007 167007 200010 184007 190009
189008 150010 161010 170007 153010 PPC001
005017 148021 198012 123028 160036 157052
181037 154061 201033 153024 154023 192020.
171025 162021 111006 173012 196009 165004
179008 178012 163007 193004 PPC002 121006
022023 020025 044012 006016 111013 010048
017028 037012 359045 353009 002005 186007.
224010 185005 231009 044004 205005 169009
179007 PPC000 160006 182005 PPC000 030006
020022 354014 003009 146014 153012 011016
345021 039018 346026 076006 241008 188010.
PPC000 201005 197007 181007 165008 193007
173009 177010 198010 173009 157008 PPC000
009013 359008 352023 018015 308016 183017
175032 354012 190025 161015 183025 207010.
PPC001 180010 213009 158011 207006 183008
181007 187007 172010 141007 168006 148008
030011 138028 149025 148012 172024 180017
147019 181014 196020 183014 178023 182019.
171007 179008 196008 186009 018005 213008
169011 173011 185008 191009 030004 098005
116007 035009 359018 164030 318026 186021
320021 158032 164035 163018 203012 178007.
176008 PPC001 191009 200010 170004 193008
176009 205005 198006 170009 PPC000 056005
007015 318015 356033 007022 345032 272015
169035 162027 156016 163013 190009 189010.
170009 PPC000 199008 225006 PPC000 186007
222004 197005 PPC002 PPC000 101007 PPC001
337008 003029 359023 003032 187009 021050
358034 160028 102017 359012 183007 189007.
259003 179008 171006 218004 193010 159005
196009 160012 174007 171007 064005 084005
013013 010013 196029 115017 124013 176042
159008 289013 184028 172024 231008 160009.
202009 183010 165006 185015 197007 PPC000
159007 171009 186009 152008 130007 152011
077004 359019 008027 342032 294017 003037
030012 219014 074005 185010 217009 192007.
191008 179009 193005 176008 169007 174004
154008 197010 179010 PPC000 125005 018012
016018 346021 027029 339014 169035 340017
195016 189009 000029 140009 197012 010009.
133003 PPC000 029005 PPC000 169007 026005
227009 291005 066003 172005 PPC002 100003
018014 014015 339021 318011 148020 047050
170011 272009 291006 330006 183009 202006.
245006 227007 PPC001 327007 PPC000 198008
PPC001 198007 176005 PPC002 106006 031005
022014 011013 003013 355023 013030 330030
062017 324018 020010 009014 049005 002010.
001010 PPC001 359008 027003 360009 345007
355011 001011 015011 348009 014011 002012
351022 357020 354011 017013 003025 005033
356022 357021 348026 052008 231007 212009.
263007 204004 181006 PPC000 345005 018008
359010 352020 026014 351025 011018 356016
002021 358025 081013 052015 003025 335043
357031 019012 332010 349010 034010 011009.
007012 018016 353012 011012 353021 012014
018013 010017 000014 358022 359013 351020
349016 002010 005015 005016 005007 353016
271006 008016 005011 340015 028006 344010.
PPC001 015005 PPC000 000005 007005 PPC000
PPC000 PPC000 253003 172008 144006 012008
027004 158007 358028 007020 011015 002020
354011 016005 360013 304008 202006 204006.
181007 PPC000 PPC000 PPC000 PPC000 PPC000
PPC000 PPC000 203005 205005 173009 161007
PPC000 051005 011010 317007 124011 023006
201006 152015 243008 156012 180009 189013=
204007 PPC001 174008 188007 PPC002 208003
167003 PPC002 103003 185004 193010 257004
313014 354011 150009 296013 334026 200008
165024 167032 170023 183021 195015 226005.
223005 200006 182006 177007 171007 168007
194006 186006 265003 117004 094006 037006
037011 001012 028016 231022 129028 152045
155038 170039 160038 180012 173008 182010.
204004 174008 175006 211007 189007 177007
PPC002 PPC002 189005 194006 PPC002 266005
019019 087008 029012 139018 145011 037017
014018 339014 160020 177009 194009 198010.
206008 202009 210003 200004 204008 198007
203007 PPC002 174009 165008 PPC002 PPC000
036012 019010 324021 329031 122025 336018
051025 100022 331016 177021 211009 192003.
180008 192007 240004 175005 PPC000 179009
199005 PPC001 197006 217007 PPC001 103006
328013 017017 002025 149016 030008 212008
174015 244011 221007 208006 177006 212007.
192007 214005 PPC001 200003 052006 141006
182007 PPC000 230004 164014 310007 166006
013005 096010 094007 270010 058009 059009
310016 302007 354011 317004 219011 189003.
173003 181003 210009 176006 197010 190009
195006 226007 207008 158007 136006 PPC002
188008 095009 114011 343017 317020 070026
124016 014014 025022 300013 182008 207008.
194007 204006 197010 186005 163008 210006
201010 PPC001 196007 192007 089005 033007
082006 313010 359009 044032 358028 084014
028031 023028 315024 220009 186008 199008.
208006 194007 PPC001 182008 PPC002 168007
162007 193008 180007 177007 PPC002 044006
023020 042015 309013 333022 183020 015029
000021 321026 017013 252004 199007 184011.
181007 191006 186008 201006 179003 173009
179007 177009 PPC000 PPC000 PPC000 PPC000
012016 003028 011015 003021 003017 315023
034022 027050 091015 207012 233005 PPC001.
188009 181006 184006 184004 183005 174006
171007 193007 197008 218006 PPC001 PPC001
049011 008016 009019 027018 039025 352035
021041 056023 032046 350013 184008 PPC002.
217004 191009 175008 172003 182008 180007
176008 170007 176010 156007 145005 PPC000
026011 016031 298026 063014 086023 023034
028034 023027 053026 230007 187008 205004.
199009 200007 165008 196008 179007 194008
188008 160010 169009 177006 155010 PPC001
004017 141018 096023 148022 141032 162047
173040 163054 181036 170027 168022 189017.
174022 167019 059008 179012 183010 174006
179008 182012 162006 183006 150003 119005
019026 011024 020024 035023 220015 019039
027033 157011 239039 007017 350008 189008.
209009 184005 209011 202005 185006 173009
175007 PPC001 171007 182006 PPC001 026004
018021 021014 351014 114014 181016 027018
313020 045022 307023 078011 234007 193008.
PPC001 199006 192008 185007 169007 186007
168009 189010 198009 172009 160007 PPC000
010014 074012 022021 337020 313016 151017
164034 296021 174026 171012 179026 198011.
169004 175010 194007 169010 204007 180008
181008 178008 174010 155006 154005 140007
058011 141028 108023 146016 166027 204017
163020 165021 186021 168018 171018 176019.
173006 180008 192008 189009 029003 204008
168008 184011 186008 189009 044003 085004
080009 049012 021015 175029 305025 136023
026017 201026 167033 164018 195012 190007.
184009 PPC002 181009 189010 184006 187008
176009 189006 180003 173009 PPC001 046004
012015 336020 021032 335025 312023 277018
161028 162024 157016 163014 183010 185009.
171009 PPC001 196005 200007 PPC001 179007
198004 202003 PPC002 PPC001 111008 PPC002
305010 348026 336025 003029 260011 013042
189025 167025 067021 346013 202007 193007.
226003 186008 171007 192005 181010 165007
195008 169009 178008 178007 080005 108005
014014 016013 173028 139020 142020 169038
088016 162020 179027 173024 183007 175009.
192009 177009 170006 181009 192008 PPC001
167007 182009 179010 155008 131006 153010
105004 313017 016024 353034 328023 353033
028013 209015 137006 184009 214009 200007.
187005 173008 202006 183008 175007 172004
161008 197009 199009 PPC000 130003 017012
016018 356023 022033 333018 172032 338020
199014 196010 064025 145008 199012 021010.
168005 PPC002 018006 PPC002 157007 001005
249007 150005 256005 176006 055003 056004
021013 018014 358018 285016 146019 034057
190012 279010 242007 179007 188008 211007.
245006 214006 024005 299006 PPC000 224006
PPC000 214006 156005 PPC002 070004 028003
021014 014011 315011 005020 039033 314027
030018 338018 008013 338015 007008 101010.
025012 112003 009008 014006 027011 018006
274009 018012 345010 025010 014012 352014
345018 000020 299013 349014 334026 347032
076019 050017 354027 023010 224007 225008.
233008 187006 184004 PPC001 281006 339008
342009 359018 018014 343025 017018 308018
351023 327024 040014 028016 035026 319038
008030 019016 170015 320009 332012 011008.
357017 023018 094015 042013 327021 003014
011013 021018 067014 345021 002014 328018
327015 351012 016018 354014 012009 298016
282006 356016 358012 323014 025006 338009.
PPC001 011003 PPC000 PPC002 017004 PPC000
PPC000 PPC000 263003 170009 138006 017008
050005 098006 014022 340021 037015 330019
356011 019004 341012 304008 150004 204005.
164005 PPC000 PPC000 PPC000 PPC000 PPC000
PPC000 PPC000 188005 198005 170011 165007
PPC002 053008 319009 004008 131012 037006
150007 157015 252005 142010 148008 193014=
041176 1429 070268 1319
051174 1419 082178 1418
033158 1221 067340 1331
039053 1343 060345 1207
030305 1055 049353 1053
023345 1449 033004 1449
040038 1403 071011 1403
061020 1241 112015 1235
036060 1337 091184 1320
060022 1606 122015 1605
052037 1646 093024 1646
059014 1336 125004 1353
055166 1544 102187 1535
057019 1420 094020 1418
043328 1528 100342 1504
036157 1459 077133 1134
043156 1637 083153 1612
039317 1256 063353 1139
046351 1312 086351 1336
046339 1432 098337 1359
040151 1640 076167 1050
039322 1253 076359 1253
043042 1317 085150 1414
070021 1354 148020 1353
043015 1253 062339 1351
039349 1321 060009 1651
042339 1422 072344 1020
025008 1048 041359 2035
025303 1355 037356 1352
025151 1217 052155 1217=
D=
K=
A=
S=
B=
??????
******
YF
O2189
河南省
豫栾川酒店村
栾川县合峪镇酒店村
山地；乡村；地面
空缺
计算机
计算机
计算机
计算机
计算机
20120716=
JY
8888=
GK
01/
05/=
BZ
00/335357/1114821
10/24/逐时观测
10/24/24时连续观测
11/不守班=
######
