O2190 3435N 11152E 004500 004500 105 000 S15 91999999919999199999 0 2010 04
P=
TB
0105 0100 0100 0096 0094 0096 0095 0095 0091 0083 0083 0089
0103 0114 0129 0138 0145 0148 0147 0143 0136 0127 0112 0101 0156 1346 0081 0615.
0091 0088 0090 0086 0076 0061 0060 0055 0048 0052 0060 0074
0105 0139 0155 0168 0185 0196 0193 0194 0191 0175 0159 0130 0200 1406 0045 0515.
0124 0102 0095 0092 0085 0079 0072 0066 0060 0058 0067 0097
0116 0131 0131 0139 0165 0179 0193 0188 0195 0181 0161 0146 0199 1652 0051 0622.
0135 0123 0099 0093 0089 0080 0083 0082 0094 0092 0095 0133
0136 0179 0207 0235 0251 0262 0267 0269 0262 0254 0204 0187 0277 1720 0075 0137.
0176 0142 0144 0133 0131 0141 0128 0120 0137 0116 0137 0164
0208 0229 0257 0267 0273 0274 0264 0248 0232 0228 0208 0210 0283 1416 0101 0528.
0186 0193 0187 0189 0193 0177 0170 0154 0123 0098 0086 0083
0086 0095 0104 0114 0121 0133 0144 0137 0140 0129 0119 0112 0211 2025 0082 0759.
0103 0094 0089 0082 0076 0062 0061 0063 0059 0062 0068 0077
0093 0112 0135 0137 0144 0155 0156 0154 0149 0140 0130 0121 0160 1430 0051 0519.
0110 0108 0105 0093 0089 0093 0087 0096 0088 0077 0088 0113
0131 0160 0185 0195 0207 0215 0229 0221 0213 0192 0171 0158 0232 1439 0061 0604.
//// //// 0105 0100 0096 0083 0091 0086 0078 0070 0090 0118
0137 0161 0186 0198 0209 0212 0217 0205 0196 0187 0176 0157 0225 1458 0069 0602.
0150 0124 0130 0137 0141 0133 0140 0139 0130 0137 0116 0108
0111 0113 0110 0111 0111 0108 0110 0116 0109 0107 0100 0096 0157 2001 0096 1952.
0093 0091 0090 0089 0087 0087 0083 0083 0081 0080 0080 0077
0077 0072 0070 0073 0075 0077 0076 0077 0077 0076 0075 0074 0096 2001 0069 1053.
0074 0074 0073 0074 0069 0060 0056 0056 0059 0062 0064 0071
0081 0073 0065 0067 0079 0080 0072 0070 0068 0067 0063 0054 0082 0854 0054 2000.
0053 0048 0045 0038 0032 0024 0021 0023 0016 0024 0017 0026
0058 0065 0075 0082 0090 0088 0089 0088 0083 0074 0069 0065 0098 1237 0012 0725.
0059 0057 0052 0052 0047 0046 0041 0012 0001 0000 0001 0002
0005 0013 0021 0030 0039 0058 0051 0053 0055 0051 0045 0038 0065 2001 -001 0611.
0032 0027 0028 0021 0017 0022 0019 0017 0015 0019 0020 0032
0048 0077 0103 0123 0143 0160 0165 0172 0184 0169 0134 0111 0187 1616 0010 0331.
0091 0083 0069 0064 0058 0050 0050 0044 0046 0044 0055 0088
0108 0139 0166 0200 0212 0239 0235 0231 0212 0199 0174 0157 0243 1416 0039 0333.
0149 0141 0130 0123 0116 0114 0113 0113 0111 0109 0108 0110
0121 0132 0138 0154 0150 0159 0172 0174 0168 0162 0154 0146 0176 1511 0107 0625.
0144 0140 0138 0128 0126 0128 0126 0124 0123 0113 0118 0130
0146 0167 0186 0197 0210 0214 0218 0218 0213 0200 0183 0168 0223 1454 0113 0558.
0157 0149 0142 0136 0135 0132 0113 0110 0114 0108 0123 0149
0153 0172 0190 0204 0214 0216 0209 0204 0179 0168 0159 0158 0220 1413 0105 0418.
0149 0152 0148 0148 0144 0144 0137 0137 0134 0133 0131 0129
0128 0125 0120 0121 0120 0114 0112 0108 0104 0101 0099 0098 0158 2001 0098 1910.
0097 0098 0098 0100 0100 0097 0095 0092 0089 0088 0089 0088
0086 0084 0086 0087 0086 0085 0089 0087 0090 0090 0086 0085 0100 2337 0083 0921.
0086 0083 0083 0079 0071 0072 0080 0084 0094 0100 0102 0127
0147 0161 0167 0172 0178 0181 0181 0184 0166 0136 0125 0121 0193 1535 0065 0236.
0092 0125 0118 0108 0105 0098 0095 0066 0068 0071 0091 0120
0134 0149 0161 0179 0189 0196 0203 0203 0192 0180 0157 0144 0208 1442 0062 0536.
0129 0123 0116 //// //// //// //// 0087 0074 0079 0101 0119
0129 0145 0157 0172 0188 0206 0207 0209 0199 0184 0167 0160 0213 1531 0072 0507.
0148 0147 0142 0125 0126 0119 0119 0118 0120 0119 0119 0125
0127 0133 0131 0127 0129 0138 0143 0133 0132 0133 0127 0120 0160 2001 0117 0403.
0115 0110 0113 0115 0108 0096 0089 0089 0079 0074 0084 0109
0135 0148 0173 0210 0208 0203 0184 0188 0184 0164 0148 0130 0213 1321 0073 0544.
0110 0118 0116 0112 0111 0100 0097 0093 0095 0100 0113 0121
0146 0180 0193 0207 0213 0240 0256 0262 0255 0227 0202 0209 0265 1521 0091 0408.
0197 0183 0182 0167 0157 0138 0123 0115 0110 0108 0112 0131
0142 0149 0154 0169 0174 0180 0185 0186 0184 0175 0153 0150 0208 2001 0103 0612.
0136 0126 0127 0123 0122 0102 0098 0093 0077 0085 0116 0129
0156 0191 0214 0235 0241 0260 0256 0265 0259 0244 0214 0197 0270 1538 0067 0548.
0194 0156 0152 0139 0139 0128 0117 0118 0117 0116 0129 0158
0164 0181 0203 0213 0237 0248 0261 0265 0255 0251 0217 0200 0268 1618 0106 0619=
I=
E=
U=
N=
H=
C=
V=
R6
0002 0000 0002
0000 0000 0000
0000 0000 0000
0000 0000 0000
0000 0000 0000
0000 0000 0000
0000 0000 0000
0000 0000 0000
//// 0000 ////
0003 0002 0005
0000 0000 0000
0002 0000 0002
0000 0000 0000
0002 0119 0121
0000 0000 0000
0000 0000 0000
0000 0000 0000
0000 0000 0000
0000 0000 0000
0033 0228 0261
0154 0034 0188
0001 0000 0001
0000 0000 0000
//// 0000 ////
0001 0034 0035
0000 0000 0000
0000 0000 0000
0000 0000 0000
0000 0000 0000
0000 0000 0000=
0000 0000 0002 0000 0000 0000 0000 0000 0000 0000 0000 0000
0000 0000 0000 0000 0000 0000 0000 0000 0000 0000 0000 0000.
0000 0000 0000 0000 0000 0000 0000 0000 0000 0000 0000 0000
0000 0000 0000 0000 0000 0000 0000 0000 0000 0000 0000 0000.
0000 0000 0000 0000 0000 0000 0000 0000 0000 0000 0000 0000
0000 0000 0000 0000 0000 0000 0000 0000 0000 0000 0000 0000.
0000 0000 0000 0000 0000 0000 0000 0000 0000 0000 0000 0000
0000 0000 0000 0000 0000 0000 0000 0000 0000 0000 0000 0000.
0000 0000 0000 0000 0000 0000 0000 0000 0000 0000 0000 0000
0000 0000 0000 0000 0000 0000 0000 0000 0000 0000 0000 0000.
0000 0000 0000 0000 0000 0000 0000 0000 0000 0000 0000 0000
0000 0000 0000 0000 0000 0000 0000 0000 0000 0000 0000 0000.
0000 0000 0000 0000 0000 0000 0000 0000 0000 0000 0000 0000
0000 0000 0000 0000 0000 0000 0000 0000 0000 0000 0000 0000.
0000 0000 0000 0000 0000 0000 0000 0000 0000 0000 0000 0000
0000 0000 0000 0000 0000 0000 0000 0000 0000 0000 0000 0000.
0000 //// 0000 0000 0000 0000 0000 0000 0000 0000 0000 0000
0000 0000 0000 0000 0000 0000 0000 0000 0000 0000 0000 0000.
0000 0000 0000 0000 0000 0000 0000 0000 0000 0000 0000 0003
0001 0001 0000 0000 0000 0000 0000 0000 0000 0000 0000 0000.
0000 0000 0000 0000 0000 0000 0000 0000 0000 0000 0000 0000
0000 0000 0000 0000 0000 0000 0000 0000 0000 0000 0000 0000.
0000 0000 0000 0000 0000 0000 0001 0000 0000 0001 0000 0000
0000 0000 0000 0000 0000 0000 0000 0000 0000 0000 0000 0000.
0000 0000 0000 0000 0000 0000 0000 0000 0000 0000 0000 0000
0000 0000 0000 0000 0000 0000 0000 0000 0000 0000 0000 0000.
0000 0000 0000 0000 0000 0000 0000 0002 0000 0000 0000 0000
0000 0000 0023 0048 0026 0022 0000 0000 0000 0000 0000 0000.
0000 0000 0000 0000 0000 0000 0000 0000 0000 0000 0000 0000
0000 0000 0000 0000 0000 0000 0000 0000 0000 0000 0000 0000.
0000 0000 0000 0000 0000 0000 0000 0000 0000 0000 0000 0000
0000 0000 0000 0000 0000 0000 0000 0000 0000 0000 0000 0000.
0000 0000 0000 0000 0000 0000 0000 0000 0000 0000 0000 0000
0000 0000 0000 0000 0000 0000 0000 0000 0000 0000 0000 0000.
0000 0000 0000 0000 0000 0000 0000 0000 0000 0000 0000 0000
0000 0000 0000 0000 0000 0000 0000 0000 0000 0000 0000 0000.
0000 0000 0000 0000 0000 0000 0000 0000 0000 0000 0000 0000
0000 0000 0000 0000 0000 0000 0000 0000 0000 0000 0000 0000.
0001 0002 0000 0001 0000 0000 0000 0001 0001 0005 0011 0011
0002 0009 0038 0003 0011 0028 0016 0022 0011 0017 0032 0039.
0029 0007 0010 0002 0012 0034 0016 0004 0002 0008 0010 0020
0024 0010 0000 0000 0000 0000 0000 0000 0000 0000 0000 0000.
0001 0000 0000 0000 0000 0000 0000 0000 0000 0000 0000 0000
0000 0000 0000 0000 0000 0000 0000 0000 0000 0000 0000 0000.
0000 0000 0000 0000 0000 0000 0000 0000 0000 0000 0000 0000
0000 0000 0000 0000 0000 0000 0000 0000 0000 0000 0000 0000.
0000 0000 0000 0000 //// //// //// 0000 0000 0000 0000 0000
0000 0000 0000 0000 0000 0000 0000 0000 0000 0000 0000 0000.
0000 0000 0000 0000 0000 0000 0000 0000 0000 0000 0000 0001
0024 0000 0000 0008 0002 0000 0000 0000 0000 0000 0000 0000.
0000 0000 0000 0000 0000 0000 0000 0000 0000 0000 0000 0000
0000 0000 0000 0000 0000 0000 0000 0000 0000 0000 0000 0000.
0000 0000 0000 0000 0000 0000 0000 0000 0000 0000 0000 0000
0000 0000 0000 0000 0000 0000 0000 0000 0000 0000 0000 0000.
0000 0000 0000 0000 0000 0000 0000 0000 0000 0000 0000 0000
0000 0000 0000 0000 0000 0000 0000 0000 0000 0000 0000 0000.
0000 0000 0000 0000 0000 0000 0000 0000 0000 0000 0000 0000
0000 0000 0000 0000 0000 0000 0000 0000 0000 0000 0000 0000.
0000 0000 0000 0000 0000 0000 0000 0000 0000 0000 0000 0000
0000 0000 0000 0000 0000 0000 0000 0000 0000 0000 0000 0000=
0000 ////////// 00000=
W=
L=
Z=
G=
FN
328042 317048 321047 306024 306019 314058
314039 317035 309021 313032 306033 299027
321026 299033 288033 317042 310060 315063
306054 316047 299041 301033 305014 310014.
324016 309027 318032 308027 303010 288014
297012 257017 232005 321018 076006 249013
208019 208008 200022 216015 286020 322031
340038 319021 339015 019007 138012 121018.
129013 022014 008017 016015 005012 011011
084015 029012 016012 047012 055016 075021
107031 088018 058021 093049 084043 090058
082036 075053 070032 070038 067040 063031.
067026 076014 358015 007014 026015 355009
343013 338014 322013 325009 280015 293022
202023 260018 232018 308028 323029 311047
312030 299024 330016 253004 129019 119023.
080013 013014 349010 353013 346010 175008
296008 275006 275010 236018 304019 313032
337014 225013 315033 323027 330025 327024
312038 335042 342031 321029 338035 332057.
032018 349031 322023 340023 332044 329011
332039 346031 084048 081049 093048 086051
109033 102033 101041 091020 082029 114029
086023 132016 133015 093027 091028 081022.
088028 078022 070020 066016 068016 060015
055009 086015 059009 113008 128010 096017
087038 117029 128022 126029 039020 135025
117026 150019 124019 088026 093020 083018.
065014 093010 099008 357017 324011 238014
259025 218010 310019 346011 264013 256016
196023 164018 127018 126024 103032 106028
118018 128032 098025 114031 119020 116020.
////// ////// 036016 031008 012011 030013
095018 033010 019010 342016 036005 225006
052005 126012 232008 053019 104010 111017
067035 089044 091039 092038 094037 119018.
081022 027017 044011 046011 057011 002011
226007 167005 007009 071021 103063 088038
107022 113027 111017 122022 085024 090039
087058 099029 097048 080034 072036 086031.
102038 093042 090034 076024 079027 068022
118030 077025 075022 074028 081033 087033
103025 068014 087022 104022 089018 121021
098019 090011 103019 090023 103022 105016.
090028 094026 069018 076017 117018 085010
050008 342010 300011 239013 269019 300028
305062 313069 312067 309070 319059 320043
315050 314050 313066 315063 321049 312072.
318063 318048 289015 243017 309028 196011
311021 310034 305024 324024 333011 255017
001010 104009 096019 173015 159009 044010
085016 147015 160017 134014 114020 117030.
094029 096026 119022 144019 090028 108022
347008 018011 PPC000 PPC000 PPC000 PPC000
101026 088023 116032 093026 054018 038022
112015 084008 131013 163012 132015 101011.
108004 073008 254008 PPC001 330007 320008
123006 189004 272005 252006 199007 233008
190013 135008 188016 201020 236029 198023
234020 253009 333026 331028 118016 103016.
067014 026023 016017 012015 067014 031016
066012 353012 000010 005009 350005 PPC002
035003 141012 202015 163019 154015 112019
122021 125023 138030 108025 096035 082031.
086045 077031 066015 073017 057018 075018
074014 093016 078018 088029 062011 077027
095019 095021 150013 134019 155032 112027
098035 093022 098037 101034 099021 086019.
076014 059011 115008 354010 001006 292007
320015 313010 348010 215017 329009 239010
266011 221011 188015 161014 184012 135011
157018 111018 114023 107028 102028 094033.
081016 081018 082016 091013 PPC001 120011
348009 035009 118017 028006 303019 118008
211015 139014 087018 059017 083032 092031
076035 090037 ////// 107054 086037 080027.
063020 070037 086040 071017 075028 084019
086026 105034 121024 092026 091033 085039
105030 087020 077049 089044 096044 086039
082047 087058 096057 101056 091060 095057.
092065 087050 097053 097036 080018 060019
082039 097048 097040 113014 064022 096029
093044 095040 108042 124024 135018 236014
252014 ////// 193014 295008 264008 213005.
020007 261005 159003 281008 257006 292006
263013 249011 284016 300028 289019 273020
294021 301028 302037 311035 306043 302045
306035 306036 301047 321053 311023 312016.
354019 318030 312024 299015 280009 304019
304019 205015 239014 270012 358010 279015
103023 ////// 113027 234020 242026 249022
244029 248032 216032 144020 123016 093018.
064014 068020 071021 ////// ////// //////
////// 064014 030011 044008 102009 096009
065022 290022 115024 113025 106024 261036
255045 260050 270045 270047 079026 080028.
076014 122026 110018 071013 070022 047020
061022 061020 059016 087019 056009 030009
105008 PPC000 309014 262015 309039 324067
308048 313049 291031 278017 291014 299017.
304010 297011 302016 318028 311024 313033
285017 268015 312018 314024 238006 277015
262026 257034 250031 305050 292082 318125
265075 316066 317086 325055 295023 304018.
317021 294018 286010 301014 305025 305017
301027 299017 295014 312015 271010 198018
230021 244031 275023 211025 280021 303028
304044 306040 312066 357024 341020 323022.
348031 342038 355097 345060 325052 313040
324045 330042 319038 308035 316031 323039
312045 320063 319082 323058 329075 315057
321079 316062 319034 325029 330028 326021.
329010 214017 294012 301010 277006 PPC002
298010 053005 292016 299014 209011 317010
233015 225013 261011 330013 322017 209021
203012 313013 288016 300016 320022 328017.
315018 069023 072025 087013 172009 286007
319009 329005 291009 300008 278006 270010
153011 229011 049010 162012 176013 180028
153017 159009 173018 207013 107017 130009=
327039 319047 320042 309027 303021 317055
316041 318040 308022 312033 309031 305026
313031 301030 298033 312046 307061 315056
313063 313051 307045 304032 300015 311014.
320017 311027 318030 308025 305009 292012
293011 271017 PPC002 319017 033006 253015
218015 213011 186018 219017 265022 322029
333038 311025 333016 012008 137009 131016.
128013 024013 008018 013015 007014 359010
082013 035010 019011 042012 058015 079025
098030 077020 068026 088040 083045 092052
084046 080056 073040 067037 064029 062029.
064023 069017 000016 020016 026013 358010
343013 336016 324013 309011 293012 302024
201016 257019 248020 300020 309022 310028
298028 301026 324015 273006 121020 122021.
094013 009015 351011 358011 350011 143007
299009 317008 279007 232017 300017 314029
334022 216009 319035 335019 339025 328038
337043 335038 342033 321027 340033 333059.
030015 350031 324021 329022 331040 329009
335037 346032 086056 082052 087036 087045
097040 114035 108033 087025 088034 122025
082028 123017 139016 094026 092023 081019.
086032 075019 069017 064016 067015 056015
062010 083013 059008 098010 123010 094015
089030 110023 139020 126020 069022 132021
134017 148022 129021 094027 095021 090019.
071010 087007 100007 002014 331013 243014
260022 230012 310018 280012 263011 245014
192020 159019 075015 107021 092022 101020
123022 122031 114025 115039 119021 110021.
////// ////// 032013 028011 015011 032013
095013 049009 010010 349013 030005 214004
107007 156010 324008 020013 094012 119019
075034 095038 092040 093032 094031 117020.
086022 032015 041016 047010 045010 007010
208006 167005 015008 065019 100066 092044
095015 113024 117019 119032 090033 087039
085054 104043 096045 089040 069033 089042.
103043 092042 090035 072027 071023 071021
107039 076026 062028 077034 077030 089038
096028 069018 081026 095021 088018 113019
111016 095009 108019 098021 101025 103018.
087029 091021 066015 067015 108021 093011
053006 359008 310010 264011 271014 286026
312060 314076 313069 314068 318061 320047
314049 313066 312057 315055 317049 314075.
319060 314040 291020 254015 310027 212012
308021 310034 306023 322025 350010 245013
006009 123012 096015 160013 200010 017008
069013 149013 147018 132014 115019 120027.
099025 095026 119023 135016 095024 113026
039010 017012 PPC002 PPC000 PPC000 PPC000
102021 095024 108024 107020 071022 042021
115017 112014 141012 150010 139011 094011.
107003 071008 PPC002 PPC001 334007 311009
289005 300007 268003 263003 210004 233008
191015 195009 193015 201017 271027 202020
222024 245013 320027 329017 127017 112016.
059015 026017 009017 000014 055012 027015
072012 345011 005007 002009 001005 019004
076005 161010 188012 154013 174017 117019
132021 126026 136031 111024 095036 083031.
088040 079032 071018 074019 063019 074018
070016 093017 081019 093025 071019 089026
085021 094024 141015 138020 153024 131020
087026 085026 096035 098033 095018 084016.
079012 066010 107007 351010 359007 276008
319014 317009 344013 201016 314008 242010
277011 221015 180014 145014 168010 121015
139013 127015 117023 105034 098028 098028.
082018 081019 079016 081010 078003 121011
354009 026009 117014 018006 307017 111008
188014 136014 092020 048021 078024 086034
086036 084034 ////// 099047 093038 077024.
065020 073035 089042 073022 080028 074020
082022 104035 109023 084024 091030 087035
109029 084027 082046 092046 098045 086042
082046 082049 090045 095055 091063 087054.
090073 087057 094042 100044 082025 063015
081031 094043 095038 113016 071021 088027
099037 089047 115026 125021 134018 235015
241012 ////// 199011 249010 253010 238004.
012006 PPC001 145004 272005 216007 295006
273012 242013 266017 297021 277019 271019
282017 302033 304045 312041 303035 301040
310040 310042 301049 324055 315017 304016.
352017 314031 309024 291011 297011 305019
296021 204012 238012 266014 338006 307014
101024 ////// 115025 204023 258030 245023
241019 253029 217034 138025 127018 090019.
078016 069018 069020 ////// ////// //////
////// 069011 028012 042007 119005 094013
087022 128024 107022 111025 108031 265034
258043 257055 270047 277046 075030 081028.
074016 115019 113018 063013 073019 044017
057020 059019 064017 087018 061010 041008
095007 PPC001 302010 266012 308041 324055
311049 308042 300032 284019 285015 299015.
306012 285010 303015 321028 307023 316025
294018 279016 311019 314026 255008 280013
264034 252037 243035 307056 296082 318102
280078 307052 320071 327052 294027 305015.
323017 295017 274010 305016 310027 303017
308020 303018 299014 311015 274011 195016
235019 235025 262023 255019 264021 304028
302044 306046 313058 349032 339016 323023.
349039 344030 355090 341059 324058 318040
322044 329045 318035 312038 314029 317047
316060 317067 317079 321064 324065 315067
319070 319056 318040 326035 330027 326023.
329012 200020 288011 301012 296006 PPC001
295009 PPC002 284016 298014 208008 295012
222016 222018 267014 278018 319019 231015
220018 309016 292021 299019 314018 327018.
316021 067022 064024 078014 155007 291007
333010 328005 286006 305005 226006 285007
177012 071008 078008 181014 173009 161018
155017 169013 167019 198013 122013 126010=
069327 2001 108309 1236
039335 1501 060338 1452
058083 1559 079084 1556
037319 1352 057307 1248
061335 1940 075343 1938
070092 0716 111101 0521
037089 2029 058090 2055
044101 1648 058121 1824
043100 1613 057082 1802
069093 0656 095084 0651
048097 2040 069096 2032
077311 0958 115318 1519
074315 2001 096318 2053
032096 0139 060101 1208
039329 1633 067315 1631
040097 1824 059118 1612
041090 2025 065104 1531
036096 1755 048110 1802
055090 1634 079104 1817
071095 1913 096093 1903
076089 2058 114087 2006
071340 1719 100329 1719
037215 1644 059242 1706
064262 1630 085270 1648
070320 1412 103312 1403
110317 1404 161287 1317
062309 1653 094309 1649
091355 2302 129298 1047
027319 1315 049318 1138
024059 2259 041197 1427=
D=
K=
A=
S=
B=
??????
******
YF
O2190
河南省
豫宜阳高村
宜阳县高村乡烟站
丘陵；城镇；地面
空缺
计算机
计算机
计算机
计算机
计算机
20100506=
JY
8888=
GK
01/
05/=
BZ
BB/19/17时温度用正点前1分钟值代替。
BB/21/16时温度用正点前1分钟值代替。
BB/23/10时温度用正点前8分钟值代替。
00/343459/1115147
10/24/逐时观测
10/24/24时连续观测
11/不守班=
######
