O2189 3354N 11148E 007390 007390 105 000 S15 91999999919999199999 0 2012 05
P=
TB
0148 0149 0146 0145 0143 0142 0141 0140 0141 0140 0142 0142
0146 0147 0162 0170 0172 0172 0183 0184 0182 0162 0154 0147 0187 1513 0140 0358.
0142 0131 0118 0110 0105 0106 0098 0104 0102 0099 0109 0127
0165 0182 0204 0209 0213 0226 0224 0233 0227 0216 0187 0166 0239 1435 0097 0250.
0156 0149 0147 0144 0140 0135 0134 0131 0123 0113 0120 0151
0177 0198 0209 0221 0224 0238 0235 0240 0232 0212 0184 0157 0243 1424 0111 0615.
0147 0141 0130 0120 0113 0107 0100 0094 0090 0089 0099 0140
0184 0221 0231 0251 0255 0260 0267 0269 0269 0230 0188 0158 0276 1520 0089 0518.
0137 0123 0115 0111 0106 0100 0096 0090 0086 0082 0092 0141
0192 0254 0275 0288 0299 0307 0303 0305 0293 0247 0203 0171 0307 1357 0081 0552.
0153 0142 0133 0128 0122 0115 0109 0106 0100 0096 0106 0148
0200 0252 0277 0299 0302 0307 0306 0303 0290 0252 0215 0177 0312 1350 0095 0543.
0162 0164 0168 0175 0184 0166 0153 0152 0157 0160 0162 0169
0179 0189 0194 0186 0188 0201 0209 0209 0212 0212 0183 0165 0214 1648 0149 0336.
0153 0148 0141 0133 0133 0128 0123 0119 0117 0111 0121 0158
0198 0244 0253 0260 0262 0272 0276 0279 0272 0250 0211 0180 0281 1620 0111 0555.
0167 0157 0151 0149 0146 0144 0139 0150 0155 0157 0164 0179
0192 0211 0218 0223 0233 0246 0247 0250 0243 0232 0205 0178 0251 1431 0139 0300.
0161 0146 0138 0132 0126 0120 0114 0115 0113 0110 0114 0148
0192 0231 0253 0278 0281 0285 0275 0268 0261 0249 0226 0191 0286 1306 0107 0536.
0171 0160 0151 0144 0138 0133 0128 0122 0118 0118 0129 0163
0205 0229 0247 0254 0242 0233 0228 0220 0214 0208 0201 0191 0257 1212 0116 0543.
0188 0186 0182 0180 0177 0175 0173 0168 0166 0161 0158 0151
0145 0152 0162 0165 0164 0151 0149 0143 0136 0135 0128 0099 0191 2001 0099 2000.
0085 0075 0067 0060 0054 0048 0045 0040 0036 0035 0045 0094
0139 0181 0197 0203 0214 0204 0203 0193 0182 0159 0146 0135 0217 1235 0034 0543.
0129 0127 0123 0121 0120 0114 0110 0107 0104 0102 0108 0133
0158 0192 0209 0223 0240 0237 0248 0251 0244 0207 0164 0121 0252 1525 0102 0551.
0100 0090 0085 0081 0078 0077 0067 0062 0054 0056 0072 0117
0175 0225 0240 0249 0253 0266 0266 0259 0260 0224 0163 0126 0270 1339 0053 0524.
0102 0089 0082 0074 0072 0071 0066 0065 0067 0067 0082 0145
0202 0232 0267 0280 0287 0287 0283 0281 0277 0250 0190 0149 0292 1313 0065 0249.
0128 0115 0100 0083 0070 0061 0054 0048 0042 0041 0052 0125
0194 0236 0264 0275 0280 0287 0294 0286 0280 0230 0210 0164 0299 1528 0041 0549.
0146 0135 0121 0116 0125 0129 0130 0131 0131 0129 0146 0187
0208 0215 0216 0220 0233 0238 0256 0251 0240 0228 0199 0159 0257 1544 0115 2343.
0134 0121 0113 0107 0101 0097 0106 0099 0092 0087 0099 0154
0202 0240 0255 0267 0275 0283 0293 0299 0280 0260 0217 0179 0300 1604 0087 0600.
0159 0145 0135 0127 0122 0116 0113 0106 0100 0098 0113 0150
0203 0235 0255 0257 0271 0274 0274 0269 0264 0245 0223 0206 0281 1424 0097 0546.
0198 0192 0168 0143 0126 0129 0126 0126 0120 0114 0119 0173
0170 0179 0188 0199 0205 0208 0213 0211 0207 0201 0193 0174 0217 1429 0113 0548.
0166 0154 0150 0147 0145 0143 0145 0143 0141 0141 0146 0155
0165 0171 0178 0179 0173 0171 0156 0156 0156 0159 0157 0148 0179 1056 0140 0449.
0146 0142 0139 0136 0132 0128 0123 0126 0129 0127 0130 0144
0161 0178 0185 0196 0204 0218 0219 0213 0209 0195 0186 0176 0224 1510 0122 0251.
0166 0161 0156 0153 0149 0147 0145 0146 0157 0156 0152 0148
0146 0167 0170 0173 0174 0164 0175 0167 0169 0165 0154 0144 0177 1247 0144 0308.
0136 0131 0124 0115 0106 0102 0098 0095 0095 0096 0107 0123
0138 0170 0198 0219 0226 0235 0241 0241 0241 0227 0205 0175 0247 1453 0093 0518.
0160 0155 0146 0141 0131 0119 0112 0105 0097 0095 0109 0153
0201 0240 0257 0268 0280 0293 0294 0280 0272 0252 0215 0181 0300 1526 0094 0551.
0161 0146 0135 0130 0127 0124 0124 0125 0131 0141 0152 0160
0173 0193 0216 0225 0249 0268 0280 0296 0286 0270 0237 0198 0297 1602 0121 0326.
0169 0153 0136 0124 0116 0112 0106 0099 0095 0093 0109 0148
0195 0221 0254 0261 0270 0269 0269 0261 0251 0240 0215 0189 0275 1411 0091 0544.
0182 0175 0172 0169 0166 0164 0161 0159 0160 0155 0137 0137
0141 0150 0158 0160 0177 0198 0207 0222 0230 0207 0174 0150 0236 1633 0135 0733.
0135 0124 0115 0107 0101 0095 0090 0084 0080 0080 0091 0140
0191 0242 0248 0256 0263 0268 0276 0275 0277 0250 0206 0182 0281 1445 0078 0526.
0174 0168 0167 0161 0156 0149 0141 0136 0133 0130 0143 0165
0184 0200 0208 0210 0214 0218 0212 0211 0208 0204 0186 0168 0218 1358 0129 0547=
I=
E=
U=
N=
H=
C=
V=
R6
0028 0008 0036
0000 0000 0000
0000 0000 0000
0000 0000 0000
0000 0000 0000
0000 0000 0000
0018 0000 0018
0001 0000 0001
0000 0000 0000
0000 0000 0000
0000 0000 0000
0088 0010 0098
0001 0002 0003
0003 0000 0003
0000 0000 0000
0000 0000 0000
0000 0000 0000
0000 0000 0000
0000 0000 0000
0000 0000 0000
0000 0000 0000
0006 0028 0034
0000 0000 0000
0000 0008 0008
0000 0000 0000
0000 0000 0000
0000 0000 0000
0000 0001 0001
0071 0012 0083
0000 0000 0000
0000 0000 0000=
0000 0000 0000 0000 0004 0001 0003 0000 0002 0002 0011 0005
0006 0002 0000 0000 0000 0000 0000 0000 0000 0000 0000 0000.
0000 0000 0000 0000 0000 0000 0000 0000 0000 0000 0000 0000
0000 0000 0000 0000 0000 0000 0000 0000 0000 0000 0000 0000.
0000 0000 0000 0000 0000 0000 0000 0000 0000 0000 0000 0000
0000 0000 0000 0000 0000 0000 0000 0000 0000 0000 0000 0000.
0000 0000 0000 0000 0000 0000 0000 0000 0000 0000 0000 0000
0000 0000 0000 0000 0000 0000 0000 0000 0000 0000 0000 0000.
0000 0000 0000 0000 0000 0000 0000 0000 0000 0000 0000 0000
0000 0000 0000 0000 0000 0000 0000 0000 0000 0000 0000 0000.
0000 0000 0000 0000 0000 0000 0000 0000 0000 0000 0000 0000
0000 0000 0000 0000 0000 0000 0000 0000 0000 0000 0000 0000.
0000 0000 0000 0000 0000 0000 0000 0000 0000 0010 0008 0000
0000 0000 0000 0000 0000 0000 0000 0000 0000 0000 0000 0000.
0000 0000 0000 0000 0000 0000 0000 0000 0000 0001 0000 0000
0000 0000 0000 0000 0000 0000 0000 0000 0000 0000 0000 0000.
0000 0000 0000 0000 0000 0000 0000 0000 0000 0000 0000 0000
0000 0000 0000 0000 0000 0000 0000 0000 0000 0000 0000 0000.
0000 0000 0000 0000 0000 0000 0000 0000 0000 0000 0000 0000
0000 0000 0000 0000 0000 0000 0000 0000 0000 0000 0000 0000.
0000 0000 0000 0000 0000 0000 0000 0000 0000 0000 0000 0000
0000 0000 0000 0000 0000 0000 0000 0000 0000 0000 0000 0000.
0000 0000 0001 0001 0009 0022 0032 0005 0006 0004 0003 0005
0002 0003 0001 0000 0000 0000 0001 0000 0002 0000 0000 0001.
0000 0000 0000 0000 0000 0001 0000 0000 0000 0000 0000 0000
0000 0000 0000 0000 0000 0000 0000 0000 0000 0000 0002 0000.
0000 0000 0000 0000 0002 0000 0000 0000 0000 0000 0001 0000
0000 0000 0000 0000 0000 0000 0000 0000 0000 0000 0000 0000.
0000 0000 0000 0000 0000 0000 0000 0000 0000 0000 0000 0000
0000 0000 0000 0000 0000 0000 0000 0000 0000 0000 0000 0000.
0000 0000 0000 0000 0000 0000 0000 0000 0000 0000 0000 0000
0000 0000 0000 0000 0000 0000 0000 0000 0000 0000 0000 0000.
0000 0000 0000 0000 0000 0000 0000 0000 0000 0000 0000 0000
0000 0000 0000 0000 0000 0000 0000 0000 0000 0000 0000 0000.
0000 0000 0000 0000 0000 0000 0000 0000 0000 0000 0000 0000
0000 0000 0000 0000 0000 0000 0000 0000 0000 0000 0000 0000.
0000 0000 0000 0000 0000 0000 0000 0000 0000 0000 0000 0000
0000 0000 0000 0000 0000 0000 0000 0000 0000 0000 0000 0000.
0000 0000 0000 0000 0000 0000 0000 0000 0000 0000 0000 0000
0000 0000 0000 0000 0000 0000 0000 0000 0000 0000 0000 0000.
0000 0000 0000 0000 0000 0000 0000 0000 0000 0000 0000 0000
0000 0000 0000 0000 0000 0000 0000 0000 0000 0000 0000 0000.
0000 0000 0000 0000 0000 0000 0000 0000 0000 0001 0004 0001
0001 0001 0000 0000 0000 0001 0010 0006 0008 0001 0000 0000.
0000 0000 0000 0000 0000 0000 0000 0000 0000 0000 0000 0000
0000 0000 0000 0000 0000 0000 0000 0000 0000 0000 0000 0000.
0000 0000 0000 0000 0000 0000 0000 0000 0000 0000 0000 0000
0000 0000 0000 0002 0000 0005 0001 0000 0000 0000 0000 0000.
0000 0000 0000 0000 0000 0000 0000 0000 0000 0000 0000 0000
0000 0000 0000 0000 0000 0000 0000 0000 0000 0000 0000 0000.
0000 0000 0000 0000 0000 0000 0000 0000 0000 0000 0000 0000
0000 0000 0000 0000 0000 0000 0000 0000 0000 0000 0000 0000.
0000 0000 0000 0000 0000 0000 0000 0000 0000 0000 0000 0000
0000 0000 0000 0000 0000 0000 0000 0000 0000 0000 0000 0000.
0000 0000 0000 0000 0000 0000 0000 0000 0000 0000 0000 0000
0000 0000 0000 0000 0000 0000 0000 0000 0000 0000 0000 0001.
0000 0000 0000 0000 0000 0001 0003 0007 0013 0014 0021 0012
0003 0008 0001 0000 0000 0000 0000 0000 0000 0000 0000 0000.
0000 0000 0000 0000 0000 0000 0000 0000 0000 0000 0000 0000
0000 0000 0000 0000 0000 0000 0000 0000 0000 0000 0000 0000.
0000 0000 0000 0000 0000 0000 0000 0000 0000 0000 0000 0000
0000 0000 0000 0000 0000 0000 0000 0000 0000 0000 0000 0000=
0000 ////////// 00000=
W=
L=
Z=
G=
FN
359011 358013 356017 015009 012013 358012
358017 329009 004022 014011 358012 016024
334029 004024 346019 355041 340020 045009
331018 013023 103008 221010 282004 247005.
213005 219006 PPC000 028003 196007 232006
144008 168007 281004 PPC000 PPC002 338005
040010 330013 002035 339033 002023 334027
012015 023010 353006 007008 206008 239006.
PPC000 175006 221009 PPC000 PPC000 247006
194005 123004 187007 203008 123008 131006
001015 004021 003026 170026 351029 161016
351025 350015 349027 224010 PPC002 200007.
196006 161005 196008 227005 179006 190010
201005 PPC000 PPC000 090004 PPC001 PPC001
045011 003008 003024 356023 011038 336021
012019 216011 312008 222012 202010 203009.
199009 183009 172009 183010 183005 180008
180008 177007 167008 171006 PPC001 PPC000
023009 127014 330011 183019 178027 011039
350021 346029 360019 258004 207008 207007.
225006 173007 208009 191008 187008 187007
173007 183008 170009 127005 171006 067005
039012 131012 169013 072008 211031 152029
172032 160034 183034 201014 167013 186008.
175009 203004 PPC000 186009 179008 188009
166006 196007 PPC000 184013 350011 PPC001
350009 002018 013012 PPC000 356016 343007
359012 166015 224006 PPC000 231009 217006.
184010 210007 197008 191007 126004 163012
153005 184009 152007 170008 136006 PPC001
013020 050011 172035 354020 321021 359021
023027 352020 339025 340021 204011 159007.
186005 200009 177008 193004 205008 186010
160005 160004 173004 PPC000 PPC000 021014
025008 356021 352026 360029 354019 356040
049033 332021 031013 315009 225014 175008.
353006 PPC000 169008 003006 204005 PPC000
181007 217009 159011 035008 054004 028004
006013 025017 315013 115023 181038 168021
173035 149039 178027 184020 187013 179012.
174009 181006 184010 173005 PPC001 200010
157008 PPC000 169006 171010 167009 020007
008011 357022 338013 336021 001035 352027
359020 343019 303007 003011 027004 PPC002.
355017 335008 335007 011009 359006 PPC001
259008 204008 136008 230009 191012 192016
252010 142010 169017 317011 068014 107010
197012 244010 345005 350008 257011 212010.
199011 219007 183010 211007 PPC000 236009
PPC000 004003 PPC000 214008 PPC001 087004
024007 007019 347029 341018 007018 355023
356018 343008 305005 208017 159022 180021.
193017 182017 215008 210008 181005 216011
158012 PPC000 180013 175012 205006 136010
163005 078010 352013 017017 345021 317029
001035 019037 021028 309003 172005 202010.
202008 197009 189008 184009 171007 168008
185006 179009 187006 159006 PPC001 119005
034004 040026 019035 031029 171021 031033
011029 016036 003022 005007 226005 PPC000.
PPC000 157004 157003 168009 181009 171008
175010 183006 PPC002 171007 141005 098006
004025 010032 003036 010034 008063 030033
023037 019042 024051 326012 155008 237005.
PPC000 187008 198010 198010 187010 PPC000
175007 PPC000 PPC000 160007 094003 115008
037010 063011 336016 175025 141013 141024
324013 157016 134016 206012 PPC000 203007.
177009 182008 188009 171008 176009 182005
151004 175006 198006 180009 PPC002 024005
347007 009016 035006 358013 072005 115003
004017 316005 177030 157027 209009 208008.
PPC001 194009 181007 183009 197007 235007
171007 151009 205008 PPC000 PPC000 108005
015021 023021 007024 353018 005024 004017
028023 276010 150027 184016 PPC000 183010.
184009 PPC000 194006 190006 202006 176006
061003 182008 181007 172010 053003 035008
PPC002 178031 183035 161042 177052 165049
195037 169035 150036 180032 189030 172016.
160020 178017 163020 259009 162010 040006
PPC000 169010 PPC000 PPC001 PPC000 352009
355032 355029 358029 356038 056021 357027
011020 024031 016022 087009 354006 132009.
PPC001 198008 211007 181006 PPC000 215006
186005 195007 PPC000 215008 295004 PPC002
345004 341007 355019 359016 355027 016015
169010 132008 PPC000 PPC001 261007 233008.
PPC000 325007 PPC001 PPC000 119004 210006
PPC001 PPC001 157013 166018 182014 341007
045005 012009 074008 332007 320009 349022
357009 356018 003014 203012 009013 184008.
004009 180009 PPC000 PPC000 PPC000 PPC000
225005 281005 347018 PPC001 PPC001 PPC000
169009 109008 169011 020011 149008 328004
216008 160010 119007 PPC000 207009 166011.
187004 188006 193007 203008 190006 139004
176004 150008 175009 186006 PPC002 159012
000005 222013 030013 027019 144013 176015
156018 241005 011013 173009 234008 PPC001.
186006 178010 178010 PPC000 PPC002 211005
209009 193008 172008 206006 PPC001 015010
037013 149012 343019 125009 358020 115012
030013 149031 174028 199008 199010 189011.
186008 PPC000 234008 155006 183007 PPC001
142013 325004 167020 006013 159012 163010
152008 130017 015006 027008 237015 162022
191016 038021 341018 175023 185008 192010.
219004 170009 214008 169009 198010 186011
185009 200008 PPC000 214008 349003 057004
004021 017021 175039 157037 172050 167076
159036 156026 176021 165023 133014 183007.
028010 247005 215006 338005 196008 198007
194008 065007 PPC001 216007 164014 147005
136006 178008 163005 103003 081012 013017
042016 292011 349017 359003 189011 PPC000.
199011 189006 201007 166005 119004 158006
187007 187004 186006 136006 PPC000 214005
039014 250007 326026 351031 352027 001026
350034 005030 038018 343014 PPC001 PPC002.
020006 PPC001 PPC000 PPC001 PPC002 189004
173008 PPC000 200005 175006 178006 003017
356025 358020 159015 347010 349021 175020
184019 131007 252006 343003 198004 PPC000=
004010 335013 343017 029009 023011 307013
359015 319010 008019 021012 028014 035024
348028 027024 306020 002038 315024 052010
311020 343021 053011 235010 234005 241005.
210006 217006 PPC001 154005 198007 191005
158008 173006 314004 PPC002 PPC002 356004
034010 333016 016034 003029 022017 253025
048018 104011 041007 040010 193006 239008.
PPC001 185006 204009 PPC000 PPC000 226006
190005 147006 187006 193008 151008 110005
353015 063021 010024 172027 341028 096014
332023 283016 325026 217010 PPC002 205008.
198006 158006 192009 202006 154003 193010
178005 PPC001 PPC001 128004 PPC001 PPC001
039009 116008 359027 067022 359034 280021
016022 265014 334009 205011 210008 198007.
200009 183009 179008 182010 186005 177008
180009 188007 170007 174007 PPC001 PPC001
027010 126014 007012 183018 177019 353034
305027 335024 344018 224003 202009 202008.
207007 177008 206008 197008 186008 183006
173007 185008 176008 126005 163006 062004
035013 106010 179012 224015 144029 163032
179032 161038 184032 208015 172014 190008.
185008 PPC002 PPC001 187010 170008 186009
180007 187006 PPC001 176012 012006 220003
320009 338021 016011 PPC001 011018 355008
013012 170012 204007 315003 220009 207007.
185009 206006 198007 193006 102003 175009
136005 170007 145007 168008 129005 109003
008019 054012 146033 006018 348022 060021
354022 318023 333020 304017 201009 178007.
197006 206008 178007 PPC002 195009 196009
168006 PPC002 197003 PPC000 PPC001 017015
027010 348020 014025 341033 298020 307031
052026 342021 354015 317010 225013 178009.
115007 PPC001 183008 347006 181007 105003
178008 212008 183010 016007 063004 041003
019012 028015 331014 118021 185031 173020
181032 158036 177029 183021 187014 176013.
175010 177006 196009 177006 226005 203010
167008 PPC001 161006 159009 174009 037006
044013 333022 345012 333021 022033 345027
011017 334017 023010 041012 008006 176005.
091015 327008 291006 015009 015007 271003
299008 216008 147008 225009 182011 191013
234010 148010 171016 271010 090016 130010
184012 202013 049007 342007 232011 213010.
192009 220007 199008 205006 PPC000 229008
PPC001 283003 PPC000 212007 PPC000 094004
021007 001018 005026 331020 004019 345023
005019 004008 188006 201013 170019 169018.
188016 173017 186008 202009 169004 213011
180011 PPC000 172012 183009 184008 140010
151006 087010 317016 025018 244019 318027
093030 054026 022029 263005 194005 200009.
195008 201008 182008 182009 172007 179009
195006 181009 186007 153006 128004 117005
040003 033023 037032 025030 158021 027040
301029 024042 043021 323008 196006 PPC001.
PPC000 169005 186004 163008 181009 178009
182009 159007 188005 163006 123004 089006
017024 015030 038030 024037 016059 029040
017041 009046 008041 309013 166007 214006.
PPC002 190009 198009 196010 186009 PPC001
177007 PPC000 PPC000 169006 078003 122008
035010 062010 290017 168020 156014 153026
037011 056013 150016 195013 PPC000 192007.
179010 181009 181009 175009 179007 185006
163005 181007 198006 179007 185004 041005
292008 011016 047008 001013 185006 074005
327016 312007 169031 157026 205010 191008.
168003 189009 205006 173009 192008 217008
129006 162006 203008 PPC000 PPC001 110005
017020 030020 305022 339020 340027 338019
055018 209011 155023 187017 PPC001 192008.
181008 PPC002 183007 184007 191006 172005
174004 169007 158006 111007 101005 054006
035005 173024 172037 165043 170047 146037
186039 168033 159032 170033 183028 171018.
168024 167019 168021 211009 167011 086006
PPC000 170009 PPC001 PPC002 PPC001 333011
047031 043028 302035 005036 042020 038025
345024 323030 349021 056011 004009 149009.
204004 199008 212006 183004 144003 208006
186005 189007 PPC002 242009 319004 PPC002
339003 286007 324017 323016 013024 028015
192008 125008 111003 PPC002 266007 226008.
PPC000 334006 158003 PPC001 161004 205007
PPC001 PPC002 159013 164017 176014 117006
035004 355010 055010 335008 353010 344021
331014 253019 010012 215011 016011 180008.
125006 169009 PPC000 PPC000 PPC000 PPC000
261005 265005 286020 113004 332006 PPC001
175007 121008 151010 033011 165009 322005
224008 172010 141006 012003 201010 185009.
PPC002 189007 191007 191007 172006 112003
195005 163008 170009 187005 197003 154012
001006 192011 102013 039017 156015 181013
197014 207006 335012 129008 218007 181003.
190007 164006 183009 PPC000 212003 199006
197007 188008 167007 186006 073003 020009
039013 143011 008018 126010 359025 122013
212012 148028 157024 189012 195011 189010.
181009 PPC001 216007 162007 180007 193003
157011 166005 180019 053015 225011 112009
160010 139017 014009 003009 192013 149027
197017 024020 305016 177025 187008 191010.
201006 176009 208008 169009 197009 191010
180009 151005 PPC000 204008 336004 097006
009019 008020 199030 152039 163043 171067
159039 169026 172022 166021 139015 194008.
025006 230005 222006 012006 210007 181005
174007 109006 PPC001 181007 168015 122004
155006 175009 101003 057004 076010 022019
025014 269012 296016 268005 196012 261003.
207010 197006 193006 101004 121004 172007
182007 PPC002 176006 141006 PPC001 129003
027015 324007 319027 343031 317022 337030
033028 323027 011014 305013 343004 PPC001.
076004 PPC001 PPC002 PPC002 345003 195004
183008 PPC001 185006 175006 186006 334015
352023 325017 134015 141012 333020 173018
182015 135009 299006 320005 219005 PPC001=
040333 1223 078012 1311
040323 1113 060020 1344
035342 1305 061353 1258
040002 1125 059353 1345
043324 1421 075058 1532
052179 1447 091188 1505
025010 0956 033350 0956
039160 1103 066353 1512
041349 1150 064359 1142
040169 1728 072170 1505
039030 1250 057003 1250
022075 1311 043048 1311
030303 1416 045350 1407
044038 1634 082018 1533
056037 1609 093052 1146
069022 1302 103012 1303
037333 1534 067004 1532
037157 1711 057158 1710
037158 1650 073189 1648
056177 1142 091182 1419
046328 1056 077359 1104
032011 1427 050356 1419
028313 1513 042020 1506
025298 0457 043299 0509
027171 1533 039178 1530
034153 1608 059175 1608
034270 1616 049178 1418
067171 1400 105184 1400
023170 0614 039356 1402
039327 1349 070356 1102
030022 0938 051172 1424=
D=
K=
A=
S=
B=
??????
******
YF
O2189
河南省
豫栾川酒店村
栾川县合峪镇酒店村
山地；乡村；地面
空缺
计算机
计算机
计算机
计算机
计算机
20120613=
JY
8888=
GK
01/
05/=
BZ
00/335357/1114821
10/24/逐时观测
10/24/24时连续观测
11/不守班=
######
