O2180 3413N 11119E 006380 006390 105 105 S15 91999999919999199999 1 2008 06
P=
TB
0249 0245 0238 0230 0221 0207 0197 0187 0170 0162 0170 0217
0248 0284 0298 0317 0326 0331 0326 0338 0308 0292 0276 0252 0340 1601 0157 0510.
//// //// //// //// //// //// //// //// //// //// //// ////
//// 0244 0258 0282 0308 0320 0300 0293 0298 0288 0261 //// 0321 1345 0079 2259.
//// //// //// //// //// //// //// //// //// //// //// ////
//// //// //// //// //// 0251 0255 0259 0292 0284 //// //// 0293 1658 0071 1121.
//// //// //// //// //// //// //// //// //// //// //// ////
0170 0206 0235 0251 0279 0280 0292 0298 0290 0274 //// //// 0302 1553 0143 1901.
//// //// //// //// //// //// //// //// //// //// //// ////
//// 0234 0253 0271 0284 0293 0294 0288 0285 0282 //// //// 0305 1427 0234 1001.
//// //// //// //// //// //// //// //// //// //// //// ////
0213 0245 0266 0282 0269 0281 //// //// 0158 0146 0133 0120 0286 1213 0075 0806.
0139 0157 0154 0149 0148 0146 0138 0134 0138 //// //// 0177
0190 0201 0215 0231 0237 0236 0249 0259 0262 0251 0232 0217 0269 1633 0054 2059.
0185 0149 0112 0123 0133 0124 0128 0130 0129 0153 0173 0181
0211 0225 0245 0261 0271 0277 0308 0280 0263 0251 0259 0229 0311 1458 0112 2301.
0212 0179 0184 0181 0177 0175 0174 0167 0162 0154 0197 0232
0237 0285 0295 0306 0306 0314 0321 0321 0319 0311 0292 0260 0325 1643 0096 2325.
0243 0244 0228 0213 0192 0193 0188 0131 0126 0162 0197 0211
0237 0271 0288 0298 0290 0295 0296 0258 0256 0252 0244 0235 0303 1221 0108 0601.
0229 0225 0217 0210 0160 0158 0152 0153 0143 0137 0165 0194
0220 0244 0262 0273 0278 0278 0248 0208 0192 0195 0193 0185 0291 1324 0125 0118.
0177 0174 0170 0171 0164 0164 0165 0164 0160 0166 0176 0194
0223 0248 0254 0285 0296 0296 0297 0280 0277 0255 0225 0209 0304 1351 0158 0447.
0200 0193 0195 0187 0189 0171 0164 0160 0156 //// //// ////
0220 0246 0262 0270 0274 0272 0252 0231 0256 0250 0238 0215 0287 1240 0156 0457.
0201 0190 0184 0172 0171 0163 0160 0159 0170 0175 0188 0202
0223 0230 0237 0238 0247 0254 0260 0258 0258 0250 0237 0233 0271 1432 0157 0330.
0222 0212 0205 0195 0191 0190 0184 0183 0183 0188 0191 0193
0195 0206 0220 0227 0227 0220 0220 0216 0210 0208 0204 0194 0233 2001 0181 0351.
0186 0181 0169 0167 0165 0166 0165 0163 0162 0162 0162 0164
0167 0170 0176 0185 0198 0186 0179 0175 0169 0166 0164 0164 0201 1255 0162 0438.
0163 0155 0150 0151 0150 0149 0149 0147 0146 0144 0147 0148
0154 0160 0151 0172 0203 0212 0222 0229 0226 0215 0206 0165 0235 1548 0132 1901.
0124 0132 0115 0112 0106 0093 0091 0096 0096 0105 0123 0146
0171 0194 0211 0215 0220 0255 0263 0255 0247 0236 0225 0213 0267 1424 0061 2017.
0209 0206 0203 0203 0204 0202 0204 0199 0194 0192 0198 0206
0218 0228 0249 0273 0290 0294 0283 0283 0271 0268 0259 0235 0308 1353 0188 0610.
0229 0224 0223 0222 0214 0209 0200 0200 0199 0197 0209 0220
0234 0239 0250 0268 0287 0305 0306 0305 0300 0300 0287 0253 0318 1533 0197 0510.
0228 0217 0205 0195 0197 0201 0192 0190 0192 0195 0208 0222
0233 0249 0269 0291 0295 0291 0306 0304 0296 0286 0274 0260 0307 1448 0189 0352.
0254 0243 0233 0228 0225 0226 0223 0221 0212 0213 0220 0236
0239 0242 0244 0253 0239 0197 0197 0196 0199 0198 0200 0193 0260 2001 0193 1409.
0179 0180 0178 0180 0177 0177 0182 0179 0176 0166 0187 0214
0241 0256 0269 0294 0306 0325 0334 0339 0336 0336 0297 0243 0346 1540 0164 0557.
0201 //// //// //// //// //// //// //// 0122 0137 0184 0192
0228 0242 0272 0293 0315 0322 0322 0318 0310 0314 0284 0253 0331 1345 0077 2157.
//// //// 0158 0117 0127 0128 0164 0168 0165 0162 0190 0212
0252 0276 0308 0315 0334 0348 0358 0352 0346 0335 0282 0259 0364 1446 0081 2240.
0271 0233 0194 0205 0202 0199 0183 0169 0160 0159 0170 0202
0223 0221 0239 0275 0281 0304 0301 0303 0293 0287 0276 0256 0310 1429 0080 2118.
0238 0233 0221 0212 0197 0207 0199 0147 0131 0165 0187 0222
0245 0265 0287 0273 0294 0290 0281 0247 0253 0258 0250 0236 0310 1354 0054 0507.
0195 0192 0193 0155 0116 0112 0108 //// //// //// 0149 0210
0250 0276 0301 0324 0333 0349 //// //// //// 0323 0324 0290 0351 1355 0085 2322.
0257 //// //// //// 0105 //// //// //// //// //// 0146 0180
0254 0276 0304 0322 0320 0328 0337 0337 0292 0293 0286 0226 0344 1534 0061 0201.
0202 0178 0187 0195 0191 0194 0188 0184 0178 0175 0204 0233
0239 0249 0263 0252 0260 0258 0264 0260 0250 0245 0198 0199 0269 1057 0071 2037=
I=
E=
U=
N=
H=
C=
V=
R6
0000 0000 0000
0000 0000 0000
0044 0000 0044
0000 0000 0000
0000 0000 0000
0002 0003 0005
0012 0001 0013
0000 0000 0000
0000 0000 0000
0000 //// ////
0011 0033 0044
0000 0000 0000
//// 0005 0005
0000 0001 0001
0000 0000 0000
0066 0008 0074
0017 0000 0017
0000 0000 0000
0000 0000 0000
//// 0000 ////
0000 0000 0000
0000 0092 0092
0004 0000 0004
0000 0000 0000
0000 0000 0000
0000 0000 0000
0000 0000 0000
0000 0000 0000
0000 0002 0002
0014 0062 0076=
0000 0000 0000 0000 0000 0000 0000 0000 0000 0000 0000 0000
0000 0000 0000 0000 0000 0000 0000 0000 0000 0000 0000 0000.
0000 0000 0000 0000 0000 0000 0000 0000 0000 0000 0000 0000
0000 0000 0000 0000 0000 0000 0000 0000 0000 0000 0000 0000.
0039 0000 0000 0003 0001 0000 0001 0000 0000 0000 0000 0000
0000 0000 0000 0000 0000 0000 0000 0000 0000 0000 0000 0000.
0000 0000 0000 0000 0000 0000 0000 0000 0000 0000 0000 0000
0000 0000 0000 0000 0000 0000 0000 0000 0000 0000 0000 0000.
0000 0000 0000 0000 0000 0000 0000 0000 0000 0000 0000 0000
0000 0000 0000 0000 0000 0000 0000 0000 0000 0000 0000 0000.
0000 0000 0000 0000 //// 0000 0002 0000 0000 0000 0000 0000
0000 0000 0000 0000 0000 0000 0000 0000 0003 0000 0000 0000.
0000 0003 0001 0000 0000 0001 0003 0002 0002 //// //// 0000
0001 0000 0000 0000 0000 0000 0000 0000 0000 0000 0000 0000.
0000 0000 0000 0000 0000 0000 0000 0000 0000 0000 0000 0000
0000 0000 0000 0000 0000 0000 0000 0000 0000 0000 0000 0000.
0000 0000 0000 0000 0000 0000 0000 0000 0000 0000 0000 0000
0000 0000 0000 0000 0000 0000 0000 0000 0000 0000 0000 0000.
0000 0000 0000 0000 0000 0000 0000 0000 0000 0000 0000 0000
0000 0000 0000 0000 0000 0000 0000 0000 0000 0000 //// 0000.
0000 0000 0000 0000 0010 0000 0001 0000 0000 0000 0000 0000
0000 0000 0000 0000 0000 0000 0000 0000 0029 0004 0000 0000.
0000 0000 0000 0000 0000 0000 0000 0000 0000 0000 0000 0000
0000 0000 0000 0000 0000 0000 0000 0000 0000 0000 0000 0000.
0000 0000 0000 0000 0000 0000 0000 0000 0000 //// //// ////
0000 0000 0000 0000 0000 0000 0000 0005 0000 0000 0000 0000.
0000 0000 0000 0000 0000 0000 0000 0000 0000 0000 0000 0000
0000 0000 0001 0000 0000 //// 0000 //// //// 0000 0000 0000.
0000 0000 0000 0000 0000 0000 0000 0000 0000 0000 0000 0000
0000 0000 0000 0000 0000 0000 0000 0000 0000 0000 0000 0000.
0000 0000 0004 0004 0004 0012 0014 0018 0007 0002 0001 0000
0000 0000 0000 0001 0000 0000 0000 0001 0004 0001 0001 0000.
0001 0011 0004 0000 0000 0000 0000 0000 0001 0000 0000 0000
0000 0000 0000 0000 0000 0000 0000 0000 0000 0000 0000 0000.
0000 0000 0000 0000 0000 0000 0000 0000 0000 0000 0000 0000
0000 0000 0000 0000 0000 0000 0000 0000 0000 0000 0000 0000.
0000 0000 0000 0000 0000 0000 0000 0000 0000 0000 0000 0000
0000 0000 0000 0000 0000 0000 0000 0000 0000 0000 0000 0000.
0000 0000 //// 0000 0000 0000 0000 0000 0000 0000 0000 0000
0000 0000 0000 0000 0000 0000 0000 0000 0000 0000 0000 0000.
0000 0000 0000 0000 0000 0000 0000 0000 0000 0000 0000 0000
0000 0000 0000 0000 0000 0000 0000 0000 0000 0000 0000 0000.
0000 0000 0000 0000 0000 0000 0000 0000 0000 0000 0000 0000
0000 0000 0002 0000 0000 0069 0016 0001 0001 0003 0000 0000.
0000 0001 0002 0000 0000 0001 0000 0000 0000 0000 0000 0000
0000 0000 0000 0000 0000 0000 0000 0000 0000 0000 0000 0000.
0000 0000 0000 0000 0000 0000 0000 0000 0000 0000 0000 0000
0000 0000 0000 0000 0000 0000 0000 0000 0000 0000 0000 0000.
0000 0000 0000 0000 0000 0000 0000 0000 0000 0000 0000 0000
0000 0000 0000 0000 0000 0000 0000 0000 0000 0000 0000 0000.
0000 0000 0000 0000 0000 0000 0000 0000 0000 0000 0000 0000
0000 0000 0000 0000 0000 0000 0000 0000 0000 0000 0000 0000.
0000 0000 0000 0000 0000 0000 0000 0000 0000 0000 0000 0000
0000 0000 0000 0000 0000 0000 0000 0000 0000 0000 0000 0000.
0000 0000 0000 0000 0000 0000 0000 0000 0000 0000 0000 0000
0000 0000 0000 0000 0000 0000 0000 0000 0000 0000 0000 0000.
0000 0000 0000 0000 0000 0000 0000 0000 0000 0000 0000 0000
0000 0000 0000 0000 0000 0000 0000 0000 0000 0000 0000 0002.
0013 0001 0000 0000 0000 0000 0000 0000 //// 0000 0000 0000
0000 0000 0000 0000 0000 0000 0000 0000 0000 0000 0033 0029=
0008 29/05/2008 00000=
W=
L=
Z=
G=
FN
268038 287032 295028 303028 293028 273016
257020 284021 243016 214015 282016 272032
315018 268025 278022 314028 058036 100029
358054 324015 013032 051022 074007 060013.
084023 082012 086012 PPC001 101006 058004
PPC000 269007 174004 PPC000 272005 286016
317007 229017 115010 328018 303024 153010
101030 091033 098022 048019 320007 010015.
130033 102015 115037 081030 314009 112008
262005 179005 316007 269012 269024 285030
275021 303025 305049 327043 006048 290031
292044 323034 298044 314029 348024 005009.
089019 105022 093008 206007 064007 117008
117006 183004 PPC002 178005 310010 255015
175010 131014 177014 103024 103026 186027
068016 126030 117021 096030 105017 082019.
062009 094012 139005 140004 097012 086010
098026 079012 037004 095015 290003 216006
276050 245043 267039 316038 265026 284030
054024 133016 078015 065012 119011 105008.
308016 222005 110005 087019 ////// 206003
140012 025012 083008 074011 116013 131013
303012 208009 318024 268020 268034 054020
349026 255011 203028 216012 295010 002007.
212018 199008 244007 281011 324013 325011
273008 117006 262017 ////// ////// 254032
269029 282034 298027 278026 264023 251029
245027 265023 267035 275022 279022 269010.
296005 281006 300008 289012 260012 284013
263020 282020 244020 285021 273021 282030
293028 286029 274033 311022 295032 278019
258020 274038 291019 285023 259018 310011.
264011 262005 260004 258012 269004 233008
268010 254015 254018 074004 293014 245019
311015 181016 093013 108025 054028 037011
125034 120030 091019 060016 197007 246025.
291011 324017 312019 258016 289015 240027
265009 260020 281018 285008 298012 274011
300019 242003 111021 062032 093022 129019
225022 267026 280049 264062 ////// 254049.
266026 279026 291032 061012 077012 104015
170006 301010 311006 186009 299009 300013
270015 309005 122007 082014 128021 099018
064025 273036 115018 238019 281028 275008.
263017 228013 309005 245012 269016 257011
258013 297013 282013 285017 269021 301015
315007 231011 261016 221009 106016 104022
091016 124013 133014 174051 282027 268013.
248012 273012 251017 297013 278013 231005
PPC001 073007 045005 ////// ////// //////
317012 144010 343009 137014 074021 080025
216059 252028 068006 077018 104012 048009.
033007 084015 081008 230006 084008 200003
162004 287010 275006 239005 277008 PPC001
085014 078014 108021 112030 100023 //////
101040 ////// 100014 101012 092007 102012.
105012 082014 054007 097007 068015 088017
087008 095010 090011 105019 092016 101022
104018 123028 123026 076017 125029 102036
102029 076024 102017 094012 076011 084006.
PPC000 PPC002 PPC001 287005 124006 PPC002
PPC002 PPC002 074016 107010 116009 106011
082012 087017 033012 090022 073018 101018
096012 075008 113009 093013 112007 144006.
122009 117012 107013 113009 120008 PPC000
096010 092013 PPC002 114015 053009 119010
148013 115016 097018 101025 097030 112033
092030 057027 088027 106030 098023 073015.
105011 104013 248010 084009 088019 061010
158005 103011 339005 104011 213004 125014
100017 355012 101016 253029 252025 254029
290024 272034 246034 254050 274030 270030.
287036 281031 267031 268028 273035 266042
287030 290025 297021 294018 188016 298015
261011 283020 349015 244006 115020 104030
099037 052029 126015 077013 222006 246024.
266026 267017 ////// 282031 310009 250015
PPC001 142008 321009 129009 282008 304010
288018 286032 293030 279035 246015 286023
264023 303033 278026 246014 358009 132016.
077005 098006 102008 307008 311008 242004
269006 286006 273015 303014 275016 309016
285028 289011 278019 296012 278017 274012
290011 161009 132008 230012 088013 091012.
102017 090014 080008 091010 090009 089015
080010 165006 101006 PPC001 299009 209004
309014 275013 260008 256011 286033 247025
264032 085021 249019 292032 251029 274022.
222018 233011 214018 255017 246019 260018
253025 256024 256018 291022 264017 278020
240020 238022 254032 272034 264036 314021
352031 079022 043024 016022 066008 113008.
103004 163004 248004 313007 301008 167004
287017 279011 272019 258016 269031 267025
282032 288031 284023 290018 264021 285029
232032 206026 259020 288008 086013 087015.
171005 PPC002 PPC002 314008 265019 242016
250020 132011 186003 284016 282031 258020
267019 288036 276039 294048 289053 292049
259035 296055 269048 280038 266026 240022.
310013 314003 290006 308010 298011 099024
188010 111007 092006 133006 117008 136012
196010 255011 280012 282013 326012 123014
105012 087011 121022 136011 090012 106007.
090007 284007 268006 340006 215007 099012
274005 098009 088012 326003 282007 321008
318010 343009 337006 086027 094018 111032
087037 091022 147008 333020 281021 287018.
289029 322024 252023 273023 310025 298012
223009 142006 158004 133009 280012 283018
236011 116010 242014 271022 279022 001020
110034 121032 230012 266047 245017 137013.
PPC000 056006 078013 335008 115010 137005
120011 086013 071010 223004 073008 237009
331010 319017 105026 083021 119035 098028
033020 086020 060019 120015 138031 302037.
323008 293043 293013 293026 299016 279019
257020 270020 083003 035007 165004 096010
053018 063021 067022 091025 136021 125025
118022 081017 093034 121015 278041 192011=
270027 290034 298029 295025 290024 274020
256022 279017 234016 242016 279019 274027
297021 255026 295031 304029 048028 076022
337044 331024 004034 042024 067007 057013.
080023 081016 081015 110004 125004 075005
PPC002 229003 140005 PPC002 335003 285014
303008 256011 162013 301021 261017 245010
105032 100029 100023 069015 238004 007013.
161032 118012 117031 120020 248006 120008
259005 PPC002 302005 275009 267021 284034
272022 266028 324041 325046 353042 324039
300057 333040 306034 313031 350015 023015.
092016 101022 091008 153008 008005 114007
139007 229003 097004 207003 310009 271009
090010 114013 103014 097020 140025 141033
075017 109021 098019 099027 100015 079018.
075015 084017 134004 143005 096009 099012
101023 091005 009004 093013 302006 242006
277040 258042 278038 294036 275033 300023
084021 108016 083021 095014 111009 117006.
307013 142005 132006 091019 ////// 160007
134008 024011 090010 094011 100011 126014
267013 331007 297023 260024 272032 052016
343033 273012 207026 197017 297013 003010.
225020 215007 259009 281010 301013 315012
279007 138005 277015 ////// ////// 264025
269031 284029 288025 277026 264027 255030
268030 266025 265026 276024 276027 276010.
287005 287003 297006 285012 260011 285015
269018 283020 245020 283019 272022 277034
289030 289029 276030 299022 291026 284021
289015 273036 289025 281024 266016 305010.
265011 270005 245005 264011 343005 242008
269011 256014 260018 009004 294013 258018
297017 178014 111016 108029 047019 085015
120027 105025 096025 065017 170011 246028.
288012 325016 316012 268017 291017 242024
275009 258020 279016 283007 295010 276011
296013 284008 113019 070022 112024 124019
215015 276029 271046 267055 ////// 261051.
270029 282029 291025 066014 082011 101014
223007 293014 290003 285006 295010 300012
291014 241010 100012 034013 102018 092022
064023 269043 121022 240014 277022 271006.
271017 235012 291006 237013 271016 256011
260011 293009 279016 279015 268018 283018
298008 267009 281010 143010 104017 110027
099018 112018 122013 177041 284036 280020.
258013 278014 261017 289010 287017 194007
293006 096004 093007 ////// ////// //////
311007 193011 027012 152012 097029 088027
211054 230030 333009 085019 102011 056010.
067009 084011 100007 253006 105007 231005
158004 294007 274004 PPC002 274009 010005
059011 092016 075018 099030 087021 //////
097031 ////// 092013 105013 099009 099015.
097011 086014 056007 123004 074016 086012
086005 100010 099012 098018 095018 105019
096019 120022 117028 077021 116024 102030
098030 097025 104017 101018 098009 083005.
PPC002 047003 155005 291004 130005 128004
101007 118007 084014 105011 087009 091011
086014 090016 064014 086020 070015 098015
088017 098009 107011 109012 110006 142005.
119008 103013 107014 111008 110007 142005
101009 104011 125004 117012 094006 125009
121012 112017 101023 106028 096032 096032
106035 063028 084028 105026 091020 082017.
100014 096012 307009 081010 086018 069010
149005 091012 067006 099014 179004 126012
104014 354011 091014 264024 245023 257024
276022 270032 254031 249048 277030 265035.
281033 277043 272030 274031 264034 266037
282033 289030 296021 308014 193017 290018
272018 280021 321012 107010 153016 122021
100029 065024 106016 095015 161008 247028.
259024 279016 ////// 277023 299009 249013
198003 137011 324009 158007 280007 285013
279017 284034 284031 272033 252018 287017
270026 291035 273029 244016 335012 132008.
055003 100005 122006 295003 320007 283005
277005 278004 278013 296012 279015 302014
280028 293013 289020 289010 272015 302024
256015 150012 115006 220012 082012 091013.
099016 092015 078010 083011 098008 087013
082009 118004 116006 150003 292008 204004
310012 285013 293008 256011 306035 251026
264028 095019 253019 280026 266031 274021.
222017 289010 239016 241019 240014 266016
250028 252020 263018 285017 254018 265021
232024 250021 255029 250031 264031 336023
337027 087022 010027 011017 068008 103009.
103005 PPC001 190004 321006 298008 183005
286017 265011 277019 265017 274027 270026
277026 288029 293025 287019 272023 286028
246031 223021 255018 263008 083012 090013.
142005 119003 PPC001 308005 267017 247015
250018 121009 PPC001 288013 283027 282015
284013 283034 288042 293055 283042 282045
263037 292042 277046 279036 257028 239025.
303014 317006 343003 283006 305009 097027
143010 115006 092007 103008 110008 123010
196007 270013 289010 270009 308012 146009
097012 076011 121019 109013 091011 106009.
109009 283008 287006 337007 246006 101013
244005 056003 097007 PPC001 293006 311008
297010 316011 247008 098024 074022 113033
089030 098025 174009 309016 290022 290017.
288026 314022 244021 265031 306026 270015
249010 200011 273008 147009 287011 285018
248012 115012 271014 273021 318022 040015
095029 108026 161017 271040 226019 123009.
095006 065004 077015 235007 092008 047008
099011 098011 067008 176005 083008 249008
324013 285014 114028 111015 120034 077025
053022 079023 044024 104013 134019 302037.
323008 295040 287017 294030 286017 277019
248022 268017 106005 090004 143006 096010
073017 073020 065022 102022 110017 108019
118019 099021 097027 104016 294033 147006=
044299 2227 086304 1457
046112 1439 079107 1436
074303 2021 134292 2014
033141 1400 065084 2122
050268 0908 083264 0900
033343 1500 070352 1441
034268 1041 059245 1245
036276 1553 056277 0750
036261 1929 073104 1214
055267 1800 099278 1937
053299 1539 092301 1531
048277 1815 092160 1758
054211 1500 144172 1434
033108 1426 071082 1459
033104 1422 055076 1429
020086 1200 050087 1318
041124 1455 070112 1439
049248 1757 082248 1751
047273 2221 083267 2219
035291 1600 064318 1600
032282 1352 049278 1344
035306 1300 087307 1316
040245 1244 073292 1349
038283 0932 056287 0927
057294 1203 095295 1315
031102 0130 056093 0127
035114 1355 071118 1400
052288 1746 089298 1741
051322 1950 082323 1942
040294 2100 070287 1858=
D=
K=
A=
S=
B=
??????
QP=
QTB
099 099 099 099 099 099 099 099 099 099 099 099 099 099 099 099 099 099 099 099 099 099 099 099 099 099 099 099
899 899 899 899 899 899 899 899 899 899 899 899 899 099 099 099 099 099 099 099 099 099 099 899 099 099 099 099
899 899 899 899 899 899 899 899 899 899 899 899 899 899 899 899 899 099 099 099 099 099 899 899 099 099 099 099
899 899 899 899 899 899 899 899 899 899 899 899 099 099 099 099 099 099 099 099 099 099 899 899 099 099 099 099
899 899 899 899 899 899 899 899 899 899 899 899 899 099 099 099 099 099 099 099 099 099 899 899 099 099 099 099
899 899 899 899 899 899 899 899 899 899 899 899 099 099 099 099 099 099 899 899 099 099 099 099 099 099 099 099
099 099 099 099 099 099 099 099 099 899 899 099 099 099 099 099 099 099 099 099 099 099 099 099 099 099 099 099
099 099 099 099 099 099 099 099 099 099 099 099 099 099 099 099 099 099 099 099 099 099 099 099 099 099 099 099
099 099 099 099 099 099 099 099 099 099 099 099 099 099 099 099 099 099 099 099 099 099 099 099 099 099 099 099
099 099 099 099 099 099 099 099 099 099 099 099 099 099 099 099 099 099 099 099 099 099 099 099 099 099 099 099
099 099 099 099 099 099 099 099 099 099 099 099 099 099 099 099 099 099 099 099 099 099 099 099 099 099 099 099
099 099 099 099 099 099 099 099 099 099 099 099 099 099 099 099 099 099 099 099 099 099 099 099 099 099 099 099
099 099 099 099 099 099 099 099 099 899 899 899 099 099 099 099 099 099 099 099 099 099 099 099 099 099 099 099
099 099 099 099 099 099 099 099 099 099 099 099 099 099 099 099 099 099 099 099 099 099 099 099 099 099 099 099
099 099 099 099 099 099 099 099 099 099 099 099 099 099 099 099 099 099 099 099 099 099 099 099 099 099 099 099
099 099 099 099 099 099 099 099 099 099 099 099 099 099 099 099 099 099 099 099 099 099 099 099 099 099 099 099
099 099 099 099 099 099 099 099 099 099 099 099 099 099 099 099 099 099 099 099 099 099 099 099 099 099 099 099
099 099 099 099 099 099 099 099 099 099 099 099 099 099 099 099 099 099 099 099 099 099 099 099 099 099 099 099
099 099 099 099 099 099 099 099 099 099 099 099 099 099 099 099 099 099 099 099 099 099 099 099 099 099 099 099
099 099 099 099 099 099 099 099 099 099 099 099 099 099 099 099 099 099 099 099 099 099 099 099 099 099 099 099
099 099 099 099 099 099 099 099 099 099 099 099 099 099 099 099 099 099 099 099 099 099 099 099 099 099 099 099
099 099 099 099 099 099 099 099 099 099 099 099 099 099 099 099 099 099 099 099 099 099 099 099 099 099 099 099
099 099 099 099 099 099 099 099 099 099 099 099 099 099 099 099 099 099 099 099 099 099 099 099 099 099 099 099
099 899 899 899 899 899 899 899 099 099 099 099 099 099 099 099 099 099 099 099 099 099 099 099 099 099 099 099
899 899 099 099 099 099 099 099 099 099 099 099 099 099 099 099 099 099 099 099 099 099 099 099 099 099 099 099
099 099 099 099 099 099 099 099 099 099 099 099 099 099 099 099 099 099 099 099 099 099 099 099 099 099 099 099
099 099 099 099 099 099 099 099 099 099 099 099 099 099 099 099 099 099 099 099 099 099 099 099 099 099 099 099
099 099 099 099 099 099 099 899 899 899 099 099 099 099 099 099 099 099 899 899 899 099 099 099 099 099 099 099
099 899 899 899 099 899 899 899 899 899 099 099 099 099 099 099 099 099 099 099 099 099 099 099 099 099 099 099
099 099 099 099 099 099 099 099 099 099 099 099 099 099 099 099 099 099 099 099 099 099 099 099 099 099 099 099=
QI=
QE=
QU=
QN=
QH=
QC=
QV=
QR6
099 099 099
099 099 099
099 099 099
099 099 099
099 099 099
099 099 099
099 099 099
099 099 099
099 099 099
099 899 899
099 099 099
099 099 099
899 099 099
099 099 099
099 099 099
099 099 099
099 099 099
099 099 099
099 099 099
899 099 899
099 099 099
099 099 099
099 099 099
099 099 099
099 099 099
099 099 099
099 099 099
099 099 099
099 099 099
099 099 099=
099 099 099 099 099 099 099 099 099 099 099 099 099 099 099 099 099 099 099 099 099 099 099 099
099 099 099 099 099 099 099 099 099 099 099 099 099 099 099 099 099 099 099 099 099 099 099 099
099 099 099 099 099 099 099 099 099 099 099 099 099 099 099 099 099 099 099 099 099 099 099 099
099 099 099 099 099 099 099 099 099 099 099 099 099 099 099 099 099 099 099 099 099 099 099 099
099 099 099 099 099 099 099 099 099 099 099 099 099 099 099 099 099 099 099 099 099 099 099 099
099 099 099 099 899 099 099 099 099 099 099 099 099 099 099 099 099 099 099 099 099 099 099 099
099 099 099 099 099 099 099 099 099 899 899 099 099 099 099 099 099 099 099 099 099 099 099 099
099 099 099 099 099 099 099 099 099 099 099 099 099 099 099 099 099 099 099 099 099 099 099 099
099 099 099 099 099 099 099 099 099 099 099 099 099 099 099 099 099 099 099 099 099 099 099 099
099 099 099 099 099 099 099 099 099 099 099 099 099 099 099 099 099 099 099 099 099 099 899 099
099 099 099 099 099 099 099 099 099 099 099 099 099 099 099 099 099 099 099 099 099 099 099 099
099 099 099 099 099 099 099 099 099 099 099 099 099 099 099 099 099 099 099 099 099 099 099 099
099 099 099 099 099 099 099 099 099 899 899 899 099 099 099 099 099 099 099 099 099 099 099 099
099 099 099 099 099 099 099 099 099 099 099 099 099 099 099 099 099 899 099 899 899 099 099 099
099 099 099 099 099 099 099 099 099 099 099 099 099 099 099 099 099 099 099 099 099 099 099 099
099 099 099 099 099 099 099 099 099 099 099 099 099 099 099 099 099 099 099 099 099 099 099 099
099 099 099 099 099 099 099 099 099 099 099 099 099 099 099 099 099 099 099 099 099 099 099 099
099 099 099 099 099 099 099 099 099 099 099 099 099 099 099 099 099 099 099 099 099 099 099 099
099 099 099 099 099 099 099 099 099 099 099 099 099 099 099 099 099 099 099 099 099 099 099 099
099 099 899 099 099 099 099 099 099 099 099 099 099 099 099 099 099 099 099 099 099 099 099 099
099 099 099 099 099 099 099 099 099 099 099 099 099 099 099 099 099 099 099 099 099 099 099 099
099 099 099 099 099 099 099 099 099 099 099 099 099 099 099 099 099 099 099 099 099 099 099 099
099 099 099 099 099 099 099 099 099 099 099 099 099 099 099 099 099 099 099 099 099 099 099 099
099 099 099 099 099 099 099 099 099 099 099 099 099 099 099 099 099 099 099 099 099 099 099 099
099 099 099 099 099 099 099 099 099 099 099 099 099 099 099 099 099 099 099 099 099 099 099 099
099 099 099 099 099 099 099 099 099 099 099 099 099 099 099 099 099 099 099 099 099 099 099 099
099 099 099 099 099 099 099 099 099 099 099 099 099 099 099 099 099 099 099 099 099 099 099 099
099 099 099 099 099 099 099 099 099 099 099 099 099 099 099 099 099 099 099 099 099 099 099 099
099 099 099 099 099 099 099 099 099 099 099 099 099 099 099 099 099 099 099 099 099 099 099 099
099 099 099 099 099 099 099 099 899 099 099 099 099 099 099 099 099 099 099 099 099 099 099 099=
099 099 099=
QW=
QL=
QZ=
QG=
QFN
099 099 099 099 099 099 099 099 099 099 099 099 099 099 099 099 099 099 099 099 099 099 099 099
099 099 099 099 099 099 099 099 099 099 099 099 099 099 099 099 099 099 099 099 099 099 099 099
099 099 099 099 099 099 099 099 099 099 099 099 099 099 099 099 099 099 099 099 099 099 099 099
099 099 099 099 099 099 099 099 099 099 099 099 099 099 099 099 099 099 099 099 099 099 099 099
099 099 099 099 099 099 099 099 099 099 099 099 099 099 099 099 099 099 099 099 099 099 099 099
099 099 099 099 899 099 099 099 099 099 099 099 099 099 099 099 099 099 099 099 099 099 099 099
099 099 099 099 099 099 099 099 099 899 899 099 099 099 099 099 099 099 099 099 099 099 099 099
099 099 099 099 099 099 099 099 099 099 099 099 099 099 099 099 099 099 099 099 099 099 099 099
099 099 099 099 099 099 099 099 099 099 099 099 099 099 099 099 099 099 099 099 099 099 099 099
099 099 099 099 099 099 099 099 099 099 099 099 099 099 099 099 099 099 099 099 099 099 899 099
099 099 099 099 099 099 099 099 099 099 099 099 099 099 099 099 099 099 099 099 099 099 099 099
099 099 099 099 099 099 099 099 099 099 099 099 099 099 099 099 099 099 099 099 099 099 099 099
099 099 099 099 099 099 099 099 099 899 899 899 099 099 099 099 099 099 099 099 099 099 099 099
099 099 099 099 099 099 099 099 099 099 099 099 099 099 099 099 099 899 099 899 099 099 099 099
099 099 099 099 099 099 099 099 099 099 099 099 099 099 099 099 099 099 099 099 099 099 099 099
099 099 099 099 099 099 099 099 099 099 099 099 099 099 099 099 099 099 099 099 099 099 099 099
099 099 099 099 099 099 099 099 099 099 099 099 099 099 099 099 099 099 099 099 099 099 099 099
099 099 099 099 099 099 099 099 099 099 099 099 099 099 099 099 099 099 099 099 099 099 099 099
099 099 099 099 099 099 099 099 099 099 099 099 099 099 099 099 099 099 099 099 099 099 099 099
099 099 899 099 099 099 099 099 099 099 099 099 099 099 099 099 099 099 099 099 099 099 099 099
099 099 099 099 099 099 099 099 099 099 099 099 099 099 099 099 099 099 099 099 099 099 099 099
099 099 099 099 099 099 099 099 099 099 099 099 099 099 099 099 099 099 099 099 099 099 099 099
099 099 099 099 099 099 099 099 099 099 099 099 099 099 099 099 099 099 099 099 099 099 099 099
099 099 099 099 099 099 099 099 099 099 099 099 099 099 099 099 099 099 099 099 099 099 099 099
099 099 099 099 099 099 099 099 099 099 099 099 099 099 099 099 099 099 099 099 099 099 099 099
099 099 099 099 099 099 099 099 099 099 099 099 099 099 099 099 099 099 099 099 099 099 099 099
099 099 099 099 099 099 099 099 099 099 099 099 099 099 099 099 099 099 099 099 099 099 099 099
099 099 099 099 099 099 099 099 099 099 099 099 099 099 099 099 099 099 099 099 099 099 099 099
099 099 099 099 099 099 099 099 099 099 099 099 099 099 099 099 099 099 099 099 099 099 099 099
099 099 099 099 099 099 099 099 099 099 099 099 099 099 099 099 099 099 099 099 099 099 099 099=
099 099 099 099 099 099 099 099 099 099 099 099 099 099 099 099 099 099 099 099 099 099 099 099
099 099 099 099 099 099 099 099 099 099 099 099 099 099 099 099 099 099 099 099 099 099 099 099
099 099 099 099 099 099 099 099 099 099 099 099 099 099 099 099 099 099 099 099 099 099 099 099
099 099 099 099 099 099 099 099 099 099 099 099 099 099 099 099 099 099 099 099 099 099 099 099
099 099 099 099 099 099 099 099 099 099 099 099 099 099 099 099 099 099 099 099 099 099 099 099
099 099 099 099 899 099 099 099 099 099 099 099 099 099 099 099 099 099 099 099 099 099 099 099
099 099 099 099 099 099 099 099 099 899 899 099 099 099 099 099 099 099 099 099 099 099 099 099
099 099 099 099 099 099 099 099 099 099 099 099 099 099 099 099 099 099 099 099 099 099 099 099
099 099 099 099 099 099 099 099 099 099 099 099 099 099 099 099 099 099 099 099 099 099 099 099
099 099 099 099 099 099 099 099 099 099 099 099 099 099 099 099 099 099 099 099 099 099 899 099
099 099 099 099 099 099 099 099 099 099 099 099 099 099 099 099 099 099 099 099 099 099 099 099
099 099 099 099 099 099 099 099 099 099 099 099 099 099 099 099 099 099 099 099 099 099 099 099
099 099 099 099 099 099 099 099 099 899 899 899 099 099 099 099 099 099 099 099 099 099 099 099
099 099 099 099 099 099 099 099 099 099 099 099 099 099 099 099 099 899 099 899 099 099 099 099
099 099 099 099 099 099 099 099 099 099 099 099 099 099 099 099 099 099 099 099 099 099 099 099
099 099 099 099 099 099 099 099 099 099 099 099 099 099 099 099 099 099 099 099 099 099 099 099
099 099 099 099 099 099 099 099 099 099 099 099 099 099 099 099 099 099 099 099 099 099 099 099
099 099 099 099 099 099 099 099 099 099 099 099 099 099 099 099 099 099 099 099 099 099 099 099
099 099 099 099 099 099 099 099 099 099 099 099 099 099 099 099 099 099 099 099 099 099 099 099
099 099 899 099 099 099 099 099 099 099 099 099 099 099 099 099 099 099 099 099 099 099 099 099
099 099 099 099 099 099 099 099 099 099 099 099 099 099 099 099 099 099 099 099 099 099 099 099
099 099 099 099 099 099 099 099 099 099 099 099 099 099 099 099 099 099 099 099 099 099 099 099
099 099 099 099 099 099 099 099 099 099 099 099 099 099 099 099 099 099 099 099 099 099 099 099
099 099 099 099 099 099 099 099 099 099 099 099 099 099 099 099 099 099 099 099 099 099 099 099
099 099 099 099 099 099 099 099 099 099 099 099 099 099 099 099 099 099 099 099 099 099 099 099
099 099 099 099 099 099 099 099 099 099 099 099 099 099 099 099 099 099 099 099 099 099 099 099
099 099 099 099 099 099 099 099 099 099 099 099 099 099 099 099 099 099 099 099 099 099 099 099
099 099 099 099 099 099 099 099 099 099 099 099 099 099 099 099 099 099 099 099 099 099 099 099
099 099 099 099 099 099 099 099 099 099 099 099 099 099 099 099 099 099 099 099 099 099 099 099
099 099 099 099 099 099 099 099 099 099 099 099 099 099 099 099 099 099 099 099 099 099 099 099=
099 099 099 099
099 099 099 099
099 099 099 099
099 099 099 099
099 099 099 099
099 099 099 099
099 099 099 099
099 099 099 099
099 099 099 099
099 099 099 099
099 099 099 099
099 099 099 099
099 099 099 099
099 099 099 099
099 099 099 099
099 099 099 099
099 099 099 099
099 099 099 099
099 099 099 099
099 099 099 099
099 099 099 099
099 099 099 099
099 099 099 099
099 099 099 099
099 099 099 099
099 099 099 099
099 099 099 099
099 099 099 099
099 099 099 099
099 099 099 099=
QD=
QK=
QA=
QS=
QB=
=
******
YF
O2180
河南省
豫洛宁下峪
洛宁县下峪乡烟站
丘陵、地面、村镇
王林香
刘彩杰
刘彩杰
刘彩杰
王国安
刘彩杰
20081025=
JY
8888=
GK
01/本月最高气温36.4℃，出现日期为25日。最低气温5.4℃，出现两次日期分别为7日与27日。月总降水量37.7mm。
02/本月主要降水过程出现在3日、6日-7日、11日、13日- 14日、16日-17日、22日-23日、29日-30日。
05/=
BZ
BB/01-30/本月气温缺测较多，故本月不做月统计、不做月平均。
BB/06-30/6日19时、7时21时、8日24时、10日19时、14日14时、16时、20日23时、25日24时、5时、26日22时、28日2时、30日21时气温有误，内插求得。
BB/04-08/4日、5日、8日最低气温有误，从其它正常时段中挑取。
BB/04-22/4日、6日、10日、13日、16日、20日、22日最大风速有误，从其它正常时段十分钟风向风速中挑取。
BB/03-30/3日15时、8日22时、9日24时、10日6时、13日15时、17日20时、25日23时、26日1时、27日17时、28日24时、30日7时气温相邻两时次较大，内插求得。
00/341300/1111900
10/341300/1111900
10/24/24小时连续观测
11/不守班=
######
