O2190 3434N 11151E 004500 004500 105 105 S15 91999999919999199999 1 2008 04
P=
TB
0100 0101 0093 0092 0091 0087 0086 0085 0084 0085 0088 0091
0093 0098 0124 0131 0152 0157 0161 0158 0159 0152 0136 0124 0168 1516 0081 0420.
0116 0109 0110 0107 0100 0092 0093 0097 0092 0086 0088 0107
0133 0148 0157 0168 0181 0179 0183 0185 0183 0171 0145 0139 0193 1427 0084 0610.
0138 0100 0098 0101 0099 0088 0067 0071 0076 0078 0070 0086
0106 0136 0146 0161 0174 0181 0184 0191 0185 0179 0166 0154 0193 1523 0064 0308.
0146 0119 0115 0117 0110 0102 0098 0090 0092 0094 0093 0106
0118 0128 0149 0178 0184 0184 0181 0182 0183 0171 0154 0142 0190 1350 0087 0413.
0119 0110 0097 0095 0089 0085 0088 0091 0081 0084 0083 0100
0127 0147 0167 0188 0190 0203 0217 0216 0215 0202 0186 0173 0222 1549 0081 0449.
0160 0127 0130 0114 0111 0110 0109 0113 0116 0110 0105 0134
0167 0197 0234 0257 0278 0287 0297 0302 0294 0272 0240 0227 0306 1426 0090 0625.
0210 0175 0173 0175 0167 0159 0152 0145 0149 0150 0149 0150
0158 0167 0185 0205 0223 0234 0234 0229 0218 0210 0202 0197 0242 1456 0142 0409.
0192 0191 0190 0188 0185 0174 0161 0157 0150 0147 0150 0146
0144 0143 0144 0142 0144 0138 0136 0127 0120 0114 0108 0107 0197 2002 0107 1909.
0109 0107 0107 0107 0106 0101 0100 0098 0099 0093 0094 0114
0139 0162 0185 0199 0202 0217 0215 0212 0203 0194 0176 0162 0222 1525 0088 0635.
0147 0138 0131 0121 0115 0107 0106 0098 0092 0097 0099 0113
0128 0135 0147 0155 0164 0174 0170 0164 0148 0127 0123 0122 0178 1331 0092 0455.
0122 0122 0121 0121 0121 0120 0119 0118 0115 0106 0111 0117
0122 0123 0126 0130 0137 0138 0135 0136 0133 0116 0105 0094 0140 1352 0094 1959.
0086 0083 0082 0079 0072 0068 0068 0068 0070 0070 0071 0073
0073 0075 0077 0080 0086 0089 0101 0106 0112 0111 0107 0104 0112 1548 0068 0159.
0104 0108 0106 0103 0105 0103 0102 0093 0094 0101 0100 0123
0134 0161 0181 0205 0210 0223 0221 0226 0221 0211 0183 0170 0232 1512 0092 0402.
0159 0136 0116 0112 0103 0100 0106 0101 0099 0103 0113 0128
0139 0157 0158 0166 0173 0179 0184 0182 0178 0176 0170 0149 0196 1449 0094 0445.
0141 0125 0110 0105 0106 0101 0093 0094 0094 0088 0104 0133
0139 0172 0195 0186 0195 0204 0218 0218 0210 0195 0174 0166 0223 1553 0088 0525.
0144 0147 0134 0122 0112 0111 0110 0108 0107 0101 0107 0133
0151 0174 0197 0213 0228 0235 0248 0246 0241 0228 0202 0185 0249 1446 0100 0553.
0174 0161 0138 0130 0129 0116 0117 0115 0111 0094 0108 0140
0166 0188 0205 0231 0239 0251 0246 0241 0226 0217 0200 0189 0257 1342 0093 0607.
0182 0175 0169 0166 0162 0157 0154 0144 0142 0144 0134 0136
0149 0156 0165 0176 0177 0166 0159 0152 0151 0148 0140 0128 0189 2002 0128 1946.
0128 0129 0127 0124 0122 0120 0121 0122 0122 0122 0121 0120
0116 0113 0111 0113 0108 0114 //// //// 0119 0117 0119 0113 0130 2150 0107 1302.
0110 0111 0111 0110 0108 0107 0107 0106 0106 0106 0107 0112
0118 0136 0156 0146 0158 0171 0173 0186 0169 0161 0154 0148 0186 1501 0105 0617.
0143 0130 0121 0131 0139 0128 0141 0144 //// //// //// 0136
0134 0140 0153 0154 0162 0162 0155 0144 0134 0125 0114 0099 0169 1253 0099 1958.
0090 0090 0089 0090 0094 0093 0096 0093 0089 0088 0091 0108
0117 0119 0132 0146 0159 0160 0168 0169 0168 0157 0140 0125 0174 1508 0084 0541.
0127 0122 0120 0121 0111 0109 0108 0102 0093 0082 0098 0121
0140 0152 0165 0174 0178 0188 0189 0185 0187 0177 0155 0142 0193 1636 0080 0608.
0133 0121 0108 0108 0099 0101 0089 0086 0078 0062 0090 0120
0143 0174 0196 0209 0212 0221 0228 0233 0231 0223 0199 0179 0238 1617 0054 0525.
0156 0153 0142 0135 0147 0143 0130 0130 0127 0112 0144 0162
0200 0230 0240 0252 0259 0267 0271 0271 0268 0254 0229 0199 0274 1442 0109 0552.
0187 0169 0141 0134 0125 0123 0105 0100 0098 0091 0107 0132
0150 0162 0188 0211 0223 0238 0237 0240 0232 0223 0209 0180 0247 1529 0090 0559.
0194 0183 0178 0173 0185 0171 0176 0177 0169 0154 0177 0195
0198 0208 0222 0227 0242 0250 0251 0250 0229 0203 0175 0157 0254 1402 0149 0513.
0143 0132 0127 0113 0103 0100 0108 0110 0100 0099 0117 0140
0156 0179 0209 0232 0258 0278 0291 0296 0282 0262 0241 0223 0298 1532 0096 0551.
0187 0181 0171 0172 0162 0161 0153 0152 0148 0145 0150 0179
0208 0223 0239 0259 0274 0288 0287 0279 0272 0258 0244 0229 0292 1417 0138 0630.
0215 0205 0199 0191 0197 0191 0179 0177 0177 0178 0188 0206
0231 0261 0276 0292 0297 0305 0309 0308 0304 0289 0268 0253 0313 1509 0172 0338=
I=
E=
U=
N=
H=
C=
V=
R6
0000 0000 0000
0000 0000 0000
0000 0000 0000
0000 0000 0000
0000 0000 0000
0000 0000 0000
0000 0000 0000
0044 0024 0068
0001 0000 0001
//// 0023 0023
0000 0001 0001
0083 0001 0084
0000 0000 0000
0000 0000 0000
0000 0000 0000
0000 0000 0000
0000 0000 0000
0003 0040 0043
0161 0110 0271
0028 0000 0028
//// 0000 ////
0006 0001 0007
0000 0000 0000
0000 0000 0000
0000 0000 0000
0000 0000 0000
0000 0000 0000
0000 0000 0000
0000 0000 0000
0000 0000 0000=
0000 0000 0000 0000 0000 0000 0000 0000 0000 0000 0000 0000
0000 0000 0000 0000 0000 0000 0000 0000 0000 0000 0000 0000.
0000 0000 0000 0000 0000 0000 0000 0000 0000 0000 0000 0000
0000 0000 0000 0000 0000 0000 0000 0000 0000 0000 0000 0000.
0000 0000 0000 0000 0000 0000 0000 0000 0000 0000 0000 0000
0000 0000 0000 0000 0000 0000 0000 0000 0000 0000 0000 0000.
0000 0000 0000 0000 0000 0000 0000 0000 0000 0000 0000 0000
0000 0000 0000 0000 0000 0000 0000 0000 0000 0000 0000 0000.
0000 0000 0000 0000 0000 0000 0000 0000 0000 0000 0000 0000
0000 0000 0000 0000 0000 0000 0000 0000 0000 0000 0000 0000.
0000 0000 0000 0000 0000 0000 0000 0000 0000 0000 0000 0000
0000 0000 0000 0000 0000 0000 0000 0000 0000 0000 0000 0000.
0000 0000 0000 0000 0000 0000 0000 0000 0000 0000 0000 0000
0000 0000 0000 0000 0000 0000 0000 0000 0000 0000 0000 0000.
0000 0000 0000 0000 0000 0000 0015 0016 0013 0000 0000 0000
0000 0000 0000 0000 0000 0000 0000 0000 0000 0009 0006 0009.
0001 0000 0000 0000 0000 0000 0000 0000 0000 0000 0000 0000
0000 0000 0000 0000 0000 0000 0000 0000 0000 0000 0000 0000.
0000 0000 0000 0000 0000 0000 //// 0000 0000 0000 0000 0000
0000 0000 0000 0000 0000 0000 0000 0000 0002 0017 0003 0001.
0000 0000 0000 0000 0000 0000 0000 0000 0000 0000 0000 0000
0000 0000 0000 0000 0000 0000 0000 0000 0000 0000 0000 0001.
0007 0032 0032 0006 0003 0002 0001 0000 0000 0000 0000 0000
0000 0000 0000 0000 0000 0000 0000 0000 0000 0000 0001 0000.
0000 0000 0000 0000 0000 0000 0000 0000 0000 0000 0000 0000
0000 0000 0000 0000 0000 0000 0000 0000 0000 0000 0000 0000.
0000 0000 0000 0000 0000 0000 0000 0000 0000 0000 0000 0000
0000 0000 0000 0000 0000 0000 0000 0000 0000 0000 0000 0000.
0000 0000 0000 0000 0000 0000 0000 0000 0000 0000 0000 0000
0000 0000 0000 0000 0000 0000 0000 0000 0000 0000 0000 0000.
0000 0000 0000 0000 0000 0000 0000 0000 0000 0000 0000 0000
0000 0000 0000 0000 0000 0000 0000 0000 0000 0000 0000 0000.
0000 0000 0000 0000 0000 0000 0000 0000 0000 0000 0000 0000
0000 0000 0000 0000 0000 0000 0000 0000 0000 0000 0000 0000.
0000 0000 0000 0000 0000 0000 0000 0001 0000 0000 0001 0001
0000 0000 0000 0000 0000 0000 0000 0000 0000 0000 0002 0038.
0032 0038 0010 0002 0012 0046 0012 0002 0004 0002 0001 0000
0000 0003 0007 0011 0022 0025 //// //// 0014 0009 0010 0009.
0002 0000 0004 0004 0003 0003 0006 0003 0002 0001 0000 0000
0000 0000 0000 0000 0000 0000 0000 0000 0000 0000 0000 0000.
0000 0000 0000 0000 0000 0000 0000 0000 //// //// //// 0000
0000 0000 0000 0000 0000 0000 0000 0000 0000 0000 0000 0000.
0005 0001 0000 0000 0000 0000 0000 0000 0000 0000 0000 0000
0001 0000 0000 0000 0000 0000 0000 0000 0000 0000 0000 0000.
0000 0000 0000 0000 0000 0000 0000 0000 0000 0000 0000 0000
0000 0000 0000 0000 0000 0000 0000 0000 0000 0000 0000 0000.
0000 0000 0000 0000 0000 0000 0000 0000 0000 0000 0000 0000
0000 0000 0000 0000 0000 0000 0000 0000 0000 0000 0000 0000.
0000 0000 0000 0000 0000 0000 0000 0000 0000 0000 0000 0000
0000 0000 0000 0000 0000 0000 0000 0000 0000 0000 0000 0000.
0000 0000 0000 0000 0000 0000 0000 0000 0000 0000 0000 0000
0000 0000 0000 0000 0000 0000 0000 0000 0000 0000 0000 0000.
0000 0000 0000 0000 0000 0000 0000 0000 0000 0000 0000 0000
0000 0000 0000 0000 0000 0000 0000 0000 0000 0000 0000 0000.
0000 0000 0000 0000 0000 0000 0000 0000 0000 0000 0000 0000
0000 0000 0000 0000 0000 0000 0000 0000 0000 0000 0000 0000.
0000 0000 0000 0000 0000 0000 0000 0000 0000 0000 0000 0000
0000 0000 0000 0000 0000 0000 0000 0000 0000 0000 0000 0000.
0000 0000 0000 0000 0000 0000 0000 0000 0000 0000 0000 0000
0000 0000 0000 0000 0000 0000 0000 0000 0000 0000 0000 0000=
0000 30/03/2008 00000=
W=
L=
Z=
G=
FN
108019 086012 033012 046014 046011 014009
351010 033008 306012 313014 313021 306027
305047 306047 301045 290044 302065 314063
307057 314057 312056 296037 306025 255010.
236012 252011 311040 307043 308023 267023
305030 319032 313040 309042 311046 308031
306022 317048 312045 304040 305057 304047
313050 298054 309041 303036 318019 314027.
312026 328019 211011 255015 301009 020003
032010 033009 PPC002 230008 025008 168007
PPC002 091012 130011 107018 121019 077023
079027 098038 088032 105033 091030 081020.
070010 031018 316011 316012 326012 005010
035006 329006 324008 246008 256015 283005
257011 201014 038004 059008 003010 119019
078024 132026 101019 135016 114011 095013.
088012 042014 016015 357014 004011 020013
015014 056003 002010 092005 057012 023009
083026 092042 121030 132030 080018 126015
144024 115030 126015 107022 107024 089035.
087025 029015 081009 024009 011009 353009
306018 305013 309016 PPC002 281008 297009
240011 238016 230013 206009 330021 210010
346022 074015 132024 136029 127015 101017.
086009 050014 050022 094026 066019 068018
089018 079025 066021 100022 097026 060028
109029 083042 095045 083050 098053 100052
107061 128038 111058 122056 114055 098041.
117046 108037 092045 090044 078047 091031
020029 052033 082048 055023 075039 084053
064022 096012 048011 089025 051013 125012
087015 071011 061015 077015 063013 098011.
179008 088005 053006 090017 053018 047014
090012 089019 058014 063008 318010 301013
302011 214020 188016 132024 149020 132024
120026 127019 121028 105044 086037 079041.
083033 085048 087040 072018 053016 065013
090027 053014 082011 087023 037005 088029
055023 096023 103030 099030 102052 131020
131017 084024 136019 136019 084011 038007.
068007 066007 064007 043011 037008 031012
017010 163010 136008 344011 085008 057019
095026 125020 088027 106019 112029 092036
096036 125023 116031 055024 081043 081046.
056027 039037 064030 074033 090030 058014
046013 050020 049017 086020 064014 055017
084018 063014 077009 025004 235013 248014
247019 212015 263015 233018 263012 290010.
307016 310023 307020 302014 307028 309018
303018 275010 303012 306019 297011 294011
247016 213017 259021 251019 234008 134019
095012 102018 149012 138018 131011 127020.
106013 076012 019015 005010 000010 352008
356009 338008 337007 015009 180007 340006
222012 076012 147014 196014 162015 148014
139025 344012 300014 247008 175012 126006.
199014 102010 096008 007006 334009 PPC000
292010 336006 216008 277010 317005 334004
247013 280011 166012 163019 110015 157017
134024 124028 124021 133014 129012 092021.
045009 064007 037013 024010 358010 020013
113003 301010 307011 329008 204009 351008
170011 194013 179013 348006 074021 125021
132021 131023 139017 120017 112015 104011.
091031 118012 032015 013013 272007 010009
019006 059010 110006 029009 018003 359009
095020 099033 083048 131019 131044 116042
110046 113049 114034 113029 124038 115035.
108039 090050 102031 087051 094048 092045
096041 109044 095033 078032 080040 082032
078063 082050 088049 080050 080051 078051
074034 076055 079040 074032 079052 080049.
096039 071026 070034 073049 063028 065030
077036 078062 081051 084040 087058 068034
073026 085043 072036 067028 076041 060026
////// ////// 063007 335004 081016 096024.
085036 093019 034007 079027 083029 090021
091006 289004 278006 256010 269008 275008
258012 268013 310022 237019 308033 322035
329044 316038 300026 309035 305029 303028.
303020 313015 353010 311026 320018 312004
317010 321023 ////// ////// ////// 318054
307047 318045 320044 310032 313077 312065
305057 304051 316079 304076 312055 305049.
300031 301035 301028 297047 309037 297038
295043 299037 298031 304039 303055 310059
317068 317099 311080 297051 317069 306077
302060 301067 311055 314067 306030 312023.
314025 314025 313028 308038 298021 310028
315035 315033 319026 299025 317032 290020
315044 315043 307047 306062 316053 322041
309048 335053 311025 315040 316022 309022.
191011 310012 298017 178007 298007 243015
264015 229005 222005 221008 PPC001 290006
247012 199011 210018 310069 310058 317053
302050 304046 306051 296023 258014 292014.
302016 201011 294013 310012 290013 273017
295015 295016 314017 324017 302009 187020
159012 324049 313052 309045 295050 312083
305075 302038 310029 307022 299015 335018.
352009 078037 063023 056020 055022 061018
055010 054013 PPC001 345009 029003 070013
126015 117028 122025 108017 115028 078027
115032 106024 094020 112011 145012 002010.
306008 264007 307014 320021 297017 320016
187014 269014 194011 344009 270013 034025
084034 122027 105030 059042 086025 120016
092038 095025 089060 088058 082042 068035.
059030 050018 078018 040013 039010 033008
153009 199006 282005 304007 310004 282006
099014 060008 179014 125010 271008 158018
117031 125014 125024 125020 120022 079008.
359013 012014 359011 034016 011010 357009
051005 333005 PPC001 094009 014007 137011
105010 175013 156019 192021 161025 146027
157025 124026 121017 108019 073017 017014.
284030 291030 307019 200023 239018 303017
210007 285010 299015 305017 296017 259013
263023 274020 275025 276032 323043 325042
325033 316035 309026 320017 310018 341014=
113016 080012 027011 037013 056009 020008
350010 016008 306012 313014 309018 309032
305041 305043 303052 298046 306056 308053
311072 312066 312060 297041 308025 256010.
228010 252009 310040 307040 302023 274021
304029 319029 313037 310040 309045 308031
303023 320050 310051 303036 308049 302050
315059 307053 312044 307033 312017 309025.
312027 332017 202013 256014 294010 051005
030010 033009 PPC002 226007 039009 141009
170007 114009 132012 091018 120023 078026
078024 088029 091034 104032 091030 078018.
069013 036017 324010 314014 327010 358009
023004 321007 332008 247009 255015 275007
230012 201013 337003 175007 013012 094012
080025 135018 117018 136014 117012 096009.
080010 044013 019013 001014 000010 021012
014011 050003 002010 050005 045010 018012
074022 086037 104031 131026 110022 126023
133023 119024 125022 109020 109024 089034.
087024 024014 070011 023010 012010 352010
309017 300011 309016 277005 269009 296012
245012 237013 226011 223015 308012 247010
342025 064017 137025 133022 120017 102018.
102010 043014 053019 068023 060020 065018
077019 081026 070018 095025 106023 073026
093031 087036 096045 085055 107049 099058
106052 128047 110065 116051 116052 107036.
116029 106033 092043 090038 083046 100026
027029 065029 077045 052025 071032 084056
076028 092012 049012 091024 076017 109014
074017 072013 064018 076019 059010 090009.
205008 063006 028005 062012 055014 028014
084015 088013 073014 048007 319006 308012
301011 226019 190021 128021 150020 131024
120015 136019 135023 102038 087038 075033.
080037 083043 088042 075019 063018 065014
087031 063013 072009 090021 071007 087030
070024 090025 102026 104028 099039 133019
117017 087018 142019 137020 085012 039007.
062008 061007 051010 047008 052008 033009
015010 147007 142008 349009 075008 061014
094021 113018 095019 102025 114021 095031
096037 117027 118027 064027 080036 074041.
074029 034028 070032 070033 089034 061016
053012 056017 064020 085017 064018 061012
083018 064013 063009 024007 253007 246010
254015 215017 248015 238017 263014 298011.
304016 310026 306019 302016 308023 304019
302020 273014 295009 302015 298010 295011
241013 209018 232016 203013 244011 101015
114022 127016 131017 135017 136011 116019.
106014 067012 019015 004011 001009 341008
348007 343010 327005 016008 187008 332003
202010 083013 161012 190012 161013 162014
173018 003009 302012 248007 176007 113004.
192006 102008 110006 347004 327008 PPC000
285008 337006 226005 279010 265008 268005
225014 324008 167014 155015 127016 146018
126022 126027 124021 138016 132012 094015.
046012 065009 047012 025011 006011 013012
108003 294008 301011 330009 208005 313008
189010 182011 188010 055013 140011 124021
144020 137021 144016 117016 116013 102012.
091032 112012 029015 017015 302010 013011
025006 068006 092006 032009 020003 348008
096019 102036 089055 121038 114038 118043
108049 113054 121037 118030 117034 114033.
105039 090043 100043 086048 095047 091042
097044 101044 094036 079040 080031 075029
083054 083046 089048 078051 086050 075042
071042 081062 074042 071038 083048 079046.
092042 070029 074035 072038 064030 065033
073031 081052 084047 081047 082056 072039
077032 080044 076049 071026 078038 063023
////// ////// 053008 304005 075014 098022.
084037 094019 042008 081023 084033 084020
054003 301004 274007 258010 236008 278007
257012 268012 298018 232018 306035 316039
321042 309037 299026 308027 308030 302023.
306024 314013 353008 312024 317020 293007
313013 321025 ////// ////// ////// 318054
312049 316043 318043 310036 310068 309062
306056 307064 313060 308068 307056 306045.
300035 301036 298032 297039 301035 299031
301043 296031 297035 304039 308054 305058
313072 315093 311075 302067 312071 303073
312063 299055 310050 313059 304030 308025.
315029 311026 308029 307037 299020 305029
314034 314032 320026 299022 315031 295020
316044 310045 309049 312053 322054 313049
311046 328051 306032 310031 313022 310024.
200010 310012 296014 192006 294007 235014
257012 221006 213006 234005 258005 292008
246010 225015 212019 310066 311063 315057
305044 296038 307047 296023 273012 290012.
295015 247010 298013 313011 289013 291015
293015 290016 312017 324015 301009 188016
183011 320049 313057 308051 304050 310062
313069 306043 309040 305019 300017 335016.
345011 083043 057022 063019 056019 062018
046011 050012 046007 351008 020006 093013
118014 099022 122021 109025 115027 084027
117023 088027 098019 119013 134011 009011.
297008 277008 305012 316021 301016 317016
193012 259011 194012 334008 287020 043024
077035 114028 099029 073039 085033 082021
087027 109023 088054 085045 077036 071037.
062027 055022 073017 052013 042010 031008
142006 214006 291006 302007 303005 298003
131010 211009 183013 124011 224012 136016
118021 136015 125023 123022 121022 082014.
008013 012016 006011 032014 014009 357009
046006 341008 146004 096005 019007 153011
136009 140011 156018 177015 175024 151021
150021 122023 143015 108028 075019 048014.
275029 280028 303021 190025 237018 304019
210004 279009 295015 305018 299027 260012
268022 273024 273024 274022 318046 323041
316033 318036 314023 321018 315016 337015=
078311 1550 126315 1455
072308 1319 122340 1317
036088 1651 064065 1632
126268 0523 050135 1524
043090 1017 072132 1354
040091 2015 063096 2010
427086 0950 135096 1522
328095 0207 096098 0751
160070 2026 074073 1759
050087 2220 077087 2159
047086 1927 075076 1741
053077 2017 080082 2009
145123 1659 052101 1607
022182 1504 041183 1458
110217 0503 057118 1443
031096 1718 061096 1619
173115 2203 102115 1508
066083 1612 112076 1541
062084 0834 101101 0826
045305 1338 076301 1331
084312 1713 150307 1813
094315 1001 162304 1301
073310 1236 117318 1230
071317 1235 122292 1412
078314 1406 149343 1442
044080 2202 086084 2143
131206 0618 085090 0928
040073 2014 088087 2013
030105 1757 056141 1538
055312 1252 100318 1246=
D=
K=
A=
S=
B=
??????
QP=
QTB
099 099 099 099 099 099 099 099 099 099 099 099 099 099 099 099 099 099 099 099 099 099 099 099 099 099 099 099
099 099 099 099 099 099 099 099 099 099 099 099 099 099 099 099 099 099 099 099 099 099 099 099 099 099 099 099
099 099 099 099 099 099 099 099 099 099 099 099 099 099 099 099 099 099 099 099 099 099 099 099 099 099 099 099
099 099 099 099 099 099 099 099 099 099 099 099 099 099 099 099 099 099 099 099 099 099 099 099 099 099 099 099
099 099 099 099 099 099 099 099 099 099 099 099 099 099 099 099 099 099 099 099 099 099 099 099 099 099 099 099
099 099 099 099 099 099 099 099 099 099 099 099 099 099 099 099 099 099 099 099 099 099 099 099 099 099 099 099
099 099 099 099 099 099 099 099 099 099 099 099 099 099 099 099 099 099 099 099 099 099 099 099 099 099 099 099
099 099 099 099 099 099 099 099 099 099 099 099 099 099 099 099 099 099 099 099 099 099 099 099 099 099 099 099
099 099 099 099 099 099 099 099 099 099 099 099 099 099 099 099 099 099 099 099 099 099 099 099 099 099 099 099
099 099 099 099 099 099 099 099 099 099 099 099 099 099 099 099 099 099 099 099 099 099 099 099 099 099 099 099
099 099 099 099 099 099 099 099 099 099 099 099 099 099 099 099 099 099 099 099 099 099 099 099 099 099 099 099
099 099 099 099 099 099 099 099 099 099 099 099 099 099 099 099 099 099 099 099 099 099 099 099 099 099 099 099
099 099 099 099 099 099 099 099 099 099 099 099 099 099 099 099 099 099 099 099 099 099 099 099 099 099 099 099
099 099 099 099 099 099 099 099 099 099 099 099 099 099 099 099 099 099 099 099 099 099 099 099 099 099 099 099
099 099 099 099 099 099 099 099 099 099 099 099 099 099 099 099 099 099 099 099 099 099 099 099 099 099 099 099
099 099 099 099 099 099 099 099 099 099 099 099 099 099 099 099 099 099 099 099 099 099 099 099 099 099 099 099
099 099 099 099 099 099 099 099 099 099 099 099 099 099 099 099 099 099 099 099 099 099 099 099 099 099 099 099
099 099 099 099 099 099 099 099 099 099 099 099 099 099 099 099 099 099 099 099 099 099 099 099 099 099 099 099
099 099 099 099 099 099 099 099 099 099 099 099 099 099 099 099 099 099 899 899 099 099 099 099 099 099 099 099
099 099 099 099 099 099 099 099 099 099 099 099 099 099 099 099 099 099 099 099 099 099 099 099 099 099 099 099
099 099 099 099 099 099 099 099 899 899 899 099 099 099 099 099 099 099 099 099 099 099 099 099 099 099 099 099
099 099 099 099 099 099 099 099 099 099 099 099 099 099 099 099 099 099 099 099 099 099 099 099 099 099 099 099
099 099 099 099 099 099 099 099 099 099 099 099 099 099 099 099 099 099 099 099 099 099 099 099 099 099 099 099
099 099 099 099 099 099 099 099 099 099 099 099 099 099 099 099 099 099 099 099 099 099 099 099 099 099 099 099
099 099 099 099 099 099 099 099 099 099 099 099 099 099 099 099 099 099 099 099 099 099 099 099 099 099 099 099
099 099 099 099 099 099 099 099 099 099 099 099 099 099 099 099 099 099 099 099 099 099 099 099 099 099 099 099
099 099 099 099 099 099 099 099 099 099 099 099 099 099 099 099 099 099 099 099 099 099 099 099 099 099 099 099
099 099 099 099 099 099 099 099 099 099 099 099 099 099 099 099 099 099 099 099 099 099 099 099 099 099 099 099
099 099 099 099 099 099 099 099 099 099 099 099 099 099 099 099 099 099 099 099 099 099 099 099 099 099 099 099
099 099 099 099 099 099 099 099 099 099 099 099 099 099 099 099 099 099 099 099 099 099 099 099 099 099 099 099=
QI=
QE=
QU=
QN=
QH=
QC=
QV=
QR6
099 099 099
099 099 099
099 099 099
099 099 099
099 099 099
099 099 099
099 099 099
099 099 099
099 099 099
899 099 099
099 099 099
099 099 099
099 099 099
099 099 099
099 099 099
099 099 099
099 099 099
099 099 099
099 099 099
099 099 099
899 099 899
099 099 099
099 099 099
099 099 099
099 099 099
099 099 099
099 099 099
099 099 099
099 099 099
099 099 099=
099 099 099 099 099 099 099 099 099 099 099 099 099 099 099 099 099 099 099 099 099 099 099 099
099 099 099 099 099 099 099 099 099 099 099 099 099 099 099 099 099 099 099 099 099 099 099 099
099 099 099 099 099 099 099 099 099 099 099 099 099 099 099 099 099 099 099 099 099 099 099 099
099 099 099 099 099 099 099 099 099 099 099 099 099 099 099 099 099 099 099 099 099 099 099 099
099 099 099 099 099 099 099 099 099 099 099 099 099 099 099 099 099 099 099 099 099 099 099 099
099 099 099 099 099 099 099 099 099 099 099 099 099 099 099 099 099 099 099 099 099 099 099 099
099 099 099 099 099 099 099 099 099 099 099 099 099 099 099 099 099 099 099 099 099 099 099 099
099 099 099 099 099 099 099 099 099 099 099 099 099 099 099 099 099 099 099 099 099 099 099 099
099 099 099 099 099 099 099 099 099 099 099 099 099 099 099 099 099 099 099 099 099 099 099 099
099 099 099 099 099 099 899 099 099 099 099 099 099 099 099 099 099 099 099 099 099 099 099 099
099 099 099 099 099 099 099 099 099 099 099 099 099 099 099 099 099 099 099 099 099 099 099 099
099 099 099 099 099 099 099 099 099 099 099 099 099 099 099 099 099 099 099 099 099 099 099 099
099 099 099 099 099 099 099 099 099 099 099 099 099 099 099 099 099 099 099 099 099 099 099 099
099 099 099 099 099 099 099 099 099 099 099 099 099 099 099 099 099 099 099 099 099 099 099 099
099 099 099 099 099 099 099 099 099 099 099 099 099 099 099 099 099 099 099 099 099 099 099 099
099 099 099 099 099 099 099 099 099 099 099 099 099 099 099 099 099 099 099 099 099 099 099 099
099 099 099 099 099 099 099 099 099 099 099 099 099 099 099 099 099 099 099 099 099 099 099 099
099 099 099 099 099 099 099 099 099 099 099 099 099 099 099 099 099 099 099 099 099 099 099 099
099 099 099 099 099 099 099 099 099 099 099 099 099 099 099 099 099 099 899 899 099 099 099 099
099 099 099 099 099 099 099 099 099 099 099 099 099 099 099 099 099 099 099 099 099 099 099 099
099 099 099 099 099 099 099 099 899 899 899 099 099 099 099 099 099 099 099 099 099 099 099 099
099 099 099 099 099 099 099 099 099 099 099 099 099 099 099 099 099 099 099 099 099 099 099 099
099 099 099 099 099 099 099 099 099 099 099 099 099 099 099 099 099 099 099 099 099 099 099 099
099 099 099 099 099 099 099 099 099 099 099 099 099 099 099 099 099 099 099 099 099 099 099 099
099 099 099 099 099 099 099 099 099 099 099 099 099 099 099 099 099 099 099 099 099 099 099 099
099 099 099 099 099 099 099 099 099 099 099 099 099 099 099 099 099 099 099 099 099 099 099 099
099 099 099 099 099 099 099 099 099 099 099 099 099 099 099 099 099 099 099 099 099 099 099 099
099 099 099 099 099 099 099 099 099 099 099 099 099 099 099 099 099 099 099 099 099 099 099 099
099 099 099 099 099 099 099 099 099 099 099 099 099 099 099 099 099 099 099 099 099 099 099 099
099 099 099 099 099 099 099 099 099 099 099 099 099 099 099 099 099 099 099 099 099 099 099 099=
099 099 099=
QW=
QL=
QZ=
QG=
QFN
099 099 099 099 099 099 099 099 099 099 099 099 099 099 099 099 099 099 099 099 099 099 099 099
099 099 099 099 099 099 099 099 099 099 099 099 099 099 099 099 099 099 099 099 099 099 099 099
099 099 099 099 099 099 099 099 099 099 099 099 099 099 099 099 099 099 099 099 099 099 099 099
099 099 099 099 099 099 099 099 099 099 099 099 099 099 099 099 099 099 099 099 099 099 099 099
099 099 099 099 099 099 099 099 099 099 099 099 099 099 099 099 099 099 099 099 099 099 099 099
099 099 099 099 099 099 099 099 099 099 099 099 099 099 099 099 099 099 099 099 099 099 099 099
099 099 099 099 099 099 099 099 099 099 099 099 099 099 099 099 099 099 099 099 099 099 099 099
099 099 099 099 099 099 099 099 099 099 099 099 099 099 099 099 099 099 099 099 099 099 099 099
099 099 099 099 099 099 099 099 099 099 099 099 099 099 099 099 099 099 099 099 099 099 099 099
099 099 099 099 099 099 099 099 099 099 099 099 099 099 099 099 099 099 099 099 099 099 099 099
099 099 099 099 099 099 099 099 099 099 099 099 099 099 099 099 099 099 099 099 099 099 099 099
099 099 099 099 099 099 099 099 099 099 099 099 099 099 099 099 099 099 099 099 099 099 099 099
099 099 099 099 099 099 099 099 099 099 099 099 099 099 099 099 099 099 099 099 099 099 099 099
099 099 099 099 099 099 099 099 099 099 099 099 099 099 099 099 099 099 099 099 099 099 099 099
099 099 099 099 099 099 099 099 099 099 099 099 099 099 099 099 099 099 099 099 099 099 099 099
099 099 099 099 099 099 099 099 099 099 099 099 099 099 099 099 099 099 099 099 099 099 099 099
099 099 099 099 099 099 099 099 099 099 099 099 099 099 099 099 099 099 099 099 099 099 099 099
099 099 099 099 099 099 099 099 099 099 099 099 099 099 099 099 099 099 099 099 099 099 099 099
099 099 099 099 099 099 099 099 099 099 099 099 099 099 099 099 099 099 899 899 099 099 099 099
099 099 099 099 099 099 099 099 099 099 099 099 099 099 099 099 099 099 099 099 099 099 099 099
099 099 099 099 099 099 099 099 899 899 899 099 099 099 099 099 099 099 099 099 099 099 099 099
099 099 099 099 099 099 099 099 099 099 099 099 099 099 099 099 099 099 099 099 099 099 099 099
099 099 099 099 099 099 099 099 099 099 099 099 099 099 099 099 099 099 099 099 099 099 099 099
099 099 099 099 099 099 099 099 099 099 099 099 099 099 099 099 099 099 099 099 099 099 099 099
099 099 099 099 099 099 099 099 099 099 099 099 099 099 099 099 099 099 099 099 099 099 099 099
099 099 099 099 099 099 099 099 099 099 099 099 099 099 099 099 099 099 099 099 099 099 099 099
099 099 099 099 099 099 099 099 099 099 099 099 099 099 099 099 099 099 099 099 099 099 099 099
099 099 099 099 099 099 099 099 099 099 099 099 099 099 099 099 099 099 099 099 099 099 099 099
099 099 099 099 099 099 099 099 099 099 099 099 099 099 099 099 099 099 099 099 099 099 099 099
099 099 099 099 099 099 099 099 099 099 099 099 099 099 099 099 099 099 099 099 099 099 099 099=
099 099 099 099 099 099 099 099 099 099 099 099 099 099 099 099 099 099 099 099 099 099 099 099
099 099 099 099 099 099 099 099 099 099 099 099 099 099 099 099 099 099 099 099 099 099 099 099
099 099 099 099 099 099 099 099 099 099 099 099 099 099 099 099 099 099 099 099 099 099 099 099
099 099 099 099 099 099 099 099 099 099 099 099 099 099 099 099 099 099 099 099 099 099 099 099
099 099 099 099 099 099 099 099 099 099 099 099 099 099 099 099 099 099 099 099 099 099 099 099
099 099 099 099 099 099 099 099 099 099 099 099 099 099 099 099 099 099 099 099 099 099 099 099
099 099 099 099 099 099 099 099 099 099 099 099 099 099 099 099 099 099 099 099 099 099 099 099
099 099 099 099 099 099 099 099 099 099 099 099 099 099 099 099 099 099 099 099 099 099 099 099
099 099 099 099 099 099 099 099 099 099 099 099 099 099 099 099 099 099 099 099 099 099 099 099
099 099 099 099 099 099 099 099 099 099 099 099 099 099 099 099 099 099 099 099 099 099 099 099
099 099 099 099 099 099 099 099 099 099 099 099 099 099 099 099 099 099 099 099 099 099 099 099
099 099 099 099 099 099 099 099 099 099 099 099 099 099 099 099 099 099 099 099 099 099 099 099
099 099 099 099 099 099 099 099 099 099 099 099 099 099 099 099 099 099 099 099 099 099 099 099
099 099 099 099 099 099 099 099 099 099 099 099 099 099 099 099 099 099 099 099 099 099 099 099
099 099 099 099 099 099 099 099 099 099 099 099 099 099 099 099 099 099 099 099 099 099 099 099
099 099 099 099 099 099 099 099 099 099 099 099 099 099 099 099 099 099 099 099 099 099 099 099
099 099 099 099 099 099 099 099 099 099 099 099 099 099 099 099 099 099 099 099 099 099 099 099
099 099 099 099 099 099 099 099 099 099 099 099 099 099 099 099 099 099 099 099 099 099 099 099
099 099 099 099 099 099 099 099 099 099 099 099 099 099 099 099 099 099 899 899 099 099 099 099
099 099 099 099 099 099 099 099 099 099 099 099 099 099 099 099 099 099 099 099 099 099 099 099
099 099 099 099 099 099 099 099 899 899 899 099 099 099 099 099 099 099 099 099 099 099 099 099
099 099 099 099 099 099 099 099 099 099 099 099 099 099 099 099 099 099 099 099 099 099 099 099
099 099 099 099 099 099 099 099 099 099 099 099 099 099 099 099 099 099 099 099 099 099 099 099
099 099 099 099 099 099 099 099 099 099 099 099 099 099 099 099 099 099 099 099 099 099 099 099
099 099 099 099 099 099 099 099 099 099 099 099 099 099 099 099 099 099 099 099 099 099 099 099
099 099 099 099 099 099 099 099 099 099 099 099 099 099 099 099 099 099 099 099 099 099 099 099
099 099 099 099 099 099 099 099 099 099 099 099 099 099 099 099 099 099 099 099 099 099 099 099
099 099 099 099 099 099 099 099 099 099 099 099 099 099 099 099 099 099 099 099 099 099 099 099
099 099 099 099 099 099 099 099 099 099 099 099 099 099 099 099 099 099 099 099 099 099 099 099
099 099 099 099 099 099 099 099 099 099 099 099 099 099 099 099 099 099 099 099 099 099 099 099=
099 099 099 099
099 099 099 099
099 099 099 099
099 099 099 099
099 099 099 099
099 099 099 099
099 099 099 099
099 099 099 099
099 099 099 099
099 099 099 099
099 099 099 099
099 099 099 099
099 099 099 099
099 099 099 099
099 099 099 099
099 099 099 099
099 099 099 099
099 099 099 099
099 099 099 099
099 099 099 099
099 099 099 099
099 099 099 099
099 099 099 099
099 099 099 099
099 099 099 099
099 099 099 099
099 099 099 099
099 099 099 099
099 099 099 099
099 099 099 099=
QD=
QK=
QA=
QS=
QB=
=
******
YF
O2190
河南省洛阳市
豫宜阳高村
宜阳县高村乡烟站
丘陵
田明
梁胜利
梁胜利
梁胜利
王国安
梁胜利
20081126=
JY
8888=
GK
01/本月本站平均温度15.2℃，总降水量52.6毫米。
02/本月主要降水过程出现在8-12日、18-22日。
05/=
BZ
BB/19/15时、16时正点数据缺测,降水日合计按缺测处理。
BB/21/5时到7时正点数据缺测,降水日合计按缺测处理。
BB/08/更正气温日最高极值出现时间为20时02分。
BB/18/更正气温日最高极值出现时间为20时02分。
BB/20/更正气温日最高极值出现时间为15时01分。
00/343400/1115100
10/343400/1115100
10/24/24小时连续观测
11/不守班=
######
