O2190 3434N 11151E 004500 004500 105 000 S15 91999999919999199999 1 2008 10
P=
TB
0167 0166 0161 0156 0145 0143 0142 0143 0137 0128 0137 0153
0175 0199 0212 0224 0243 0243 0240 0236 0220 0200 0179 0171 0249 1337 0127 0559.
0174 0165 0158 0155 0153 0153 0147 0140 0138 0146 0139 0171
0173 0191 0208 0223 0230 0234 0230 0227 0221 0200 0183 0167 0240 1338 0132 0616.
0163 0157 0156 0154 0150 0147 0142 0142 0142 0135 0140 0164
0173 0199 0221 0238 0245 0247 0241 0231 0219 0205 0199 0194 0249 1420 0128 0521.
0191 0183 0187 0177 0176 0179 0176 0175 0173 0169 0166 0165
0172 0183 0202 0218 0226 0240 0239 0237 0222 0200 0184 0172 0244 1447 0162 0617.
0166 0169 0166 0166 0159 0157 0153 0149 0161 0150 0147 0163
0172 0184 0191 0199 0210 0211 0215 0213 0201 0184 0160 0155 0216 1541 0146 0635.
0126 0120 0120 0113 0107 0097 0089 0086 0086 0090 0096 0101
0107 0114 0124 0136 0151 //// //// 0172 //// //// 0139 0132 0177 1459 0082 0349.
0125 0119 0116 0113 0112 0110 0110 0110 0112 0110 0108 ////
//// //// //// 0156 0153 0142 0139 0135 0130 0126 0124 0125 0156 1200 0105 0112.
0125 0122 0121 0121 0120 0121 0121 0119 0117 0117 0118 0126
0143 0160 0173 0188 0194 0207 0206 0203 0187 0165 0155 0142 0208 1328 0116 0551.
0141 0135 0132 0125 0122 0124 0130 0133 0136 0137 0137 0139
0144 0160 0168 0182 0193 0197 0202 0194 0187 0178 0168 0167 0206 1450 0121 0013.
0158 0156 0156 0152 0144 0139 0137 0137 0135 0131 0135 0154
0164 0181 0188 0199 0196 0192 0193 0187 0178 0165 0158 0154 0201 1127 0129 0630.
0152 0150 0144 0142 0141 0136 0133 0138 0132 0127 0134 0139
0147 0153 0153 0157 0156 0165 0161 0157 0155 0150 0142 0128 0166 1405 0126 0543.
0118 0118 0118 0117 0110 0111 0109 0102 0096 0094 0090 0109
0125 0156 0191 0208 0207 0215 0218 0216 0205 0180 0163 0155 0228 1430 0086 0645.
0152 0152 0138 0129 0134 0126 0125 0123 0128 0122 0125 0149
0178 0205 0223 0241 0251 0263 0261 0260 0238 0210 0203 0200 0266 1423 0120 0409.
0170 0161 0166 0163 0153 0151 0139 0146 //// //// //// ////
//// //// //// //// //// //// //// //// //// //// //// //// 0200 2008 0134 0431.
//// //// //// //// //// //// //// //// //// //// //// ////
//// //// //// //// //// //// //// //// //// 0214 0205 0189 0228 1722 0189 1959.
0194 0187 0178 0181 0176 0169 0151 0168 0166 0159 0166 0164
0199 0219 0226 0240 0249 0251 0255 0249 0236 0206 0188 0176 0260 1435 0149 0309.
0172 0166 0157 0154 0154 0146 0141 0134 0135 0132 0121 0157
0160 0184 0207 0224 0232 0234 0236 0230 0217 0192 0181 0153 0237 1402 0119 0650.
0147 0143 0143 0154 0150 0157 0163 0164 0163 0160 0163 0169
0176 0193 0207 0212 0218 0222 0222 0220 0206 0193 0185 0175 0226 1505 0141 2207.
0171 0164 0159 0150 0143 0143 0143 0138 0137 0126 0123 0145
0182 0193 0193 0217 0222 0219 0214 0206 0198 0187 0183 0180 0225 1409 0116 0605.
0172 0151 0147 0142 0142 0144 0143 0142 0144 0147 0144 0147
0152 0161 0159 0157 0158 0158 0154 0151 0146 0142 0138 0135 0179 2001 0135 1916.
0136 0138 0138 0138 0139 0137 0135 0135 0136 0137 0137 0139
0143 0147 0150 0170 0176 0180 0183 0188 0179 0162 0147 0146 0189 1610 0134 0304.
0140 0136 0131 0135 0138 0140 0142 0143 0144 0142 0142 0147
0148 0149 0147 0126 0116 0115 0113 0105 0101 0102 0103 0097 0149 0906 0097 1957.
0092 0089 0083 0082 0082 0087 0086 0080 0070 0073 0072 0084
0109 0120 0128 0140 0143 0148 0147 0144 0132 0113 0100 0098 0151 1439 0067 0633.
0087 0084 0085 0085 0084 0082 0086 0088 0074 0072 0077 0094
0116 0120 0140 0154 0159 0164 0180 0175 0156 0130 0121 0106 0184 1508 0069 0544.
0096 0088 0084 0089 0081 0084 0085 0070 0086 0079 0092 0102
0122 0150 0154 0180 0180 0191 0180 0171 0158 0143 0132 0125 0192 1347 0058 0414.
0123 0118 0121 0116 0105 0098 0095 0112 0099 0079 0082 0103
0130 0159 0185 0188 0201 0204 0188 0189 0174 0157 0147 0144 0211 1312 0077 0552.
0130 0127 0126 0129 0123 0122 0113 0110 0117 0095 0086 0098
0122 0133 0168 0189 0190 0199 0200 0188 0176 0157 0149 0137 0209 1239 0083 0717.
0134 0130 0130 0121 0109 0099 0097 0097 0095 0096 0095 0100
0104 0108 0111 0112 0116 0123 0126 0130 0129 0120 0118 0115 0137 2001 0094 0455.
0115 0116 0114 0109 0115 0112 0107 0112 0109 0107 0109 0116
0133 0144 0185 0192 0207 0221 0218 0212 0178 0158 0137 0128 0223 1401 0103 0308.
0127 0120 0114 0113 0114 0113 0110 0110 0109 0107 0105 0102
0101 0101 0103 0106 0112 0121 0128 0126 0123 0121 0122 0124 0133 2023 0100 0944.
0127 0128 0132 0131 0124 0114 0118 0115 0114 0107 0103 0114
0140 0163 0181 0199 0208 0209 0213 0208 0180 0152 0124 0111 0217 1435 0101 0640=
I=
E=
U=
N=
H=
C=
V=
R6
//// //// ////
0000 0000 0000
0000 0000 0000
//// 0000 ////
0000 0000 0000
0000 //// ////
//// //// ////
0000 0000 0000
0000 0001 0001
0000 0000 0000
0000 0001 0001
0000 0000 0000
0000 0000 0000
//// //// ////
//// 0003 0003
0003 //// 0003
//// 0000 ////
0000 0000 0000
0000 0000 0000
0013 0000 0013
0000 0000 0000
0000 0001 0001
0000 0000 0000
0000 0000 0000
0000 //// ////
0000 0000 0000
0000 0007 0007
0002 0001 0003
0002 0006 0008
0004 0002 0006
0001 0001 0002=
0000 0000 0000 0000 0000 0000 0000 //// //// 0000 0000 0000
0000 0000 0000 0000 0000 0000 0000 //// 0000 0000 0000 0000.
0000 0000 0000 0000 0000 0000 0000 0000 0000 0000 0000 0000
0000 0000 0000 0000 0000 0000 0000 0000 0000 0000 0000 0000.
0000 0000 0000 0000 0000 0000 0000 0000 0000 0000 0000 0000
0000 0000 0000 0000 0000 0000 0000 0000 0000 0000 0000 0000.
0000 0000 0000 0000 //// 0000 0000 0000 0000 0000 0000 0000
0000 0000 0000 0000 0000 0000 0000 0000 0000 0000 0000 0000.
0000 0000 0000 0000 0000 0000 0000 0000 0000 0000 0000 0000
0000 0000 0000 0000 0000 0000 0000 0000 0000 0000 0000 0000.
0000 0000 0000 0000 0000 0000 0000 0000 0000 0000 0000 0000
0000 0000 //// //// //// //// //// //// //// //// //// ////.
//// //// //// 0000 //// //// 0000 //// //// //// //// ////
//// //// //// 0000 0000 0000 0000 0000 0000 0000 0000 0000.
0000 0000 0000 0000 0000 0000 0000 0000 0000 0000 0000 0000
0000 0000 0000 0000 0000 0000 0000 0000 0000 0000 0000 0000.
0000 0000 0000 0000 0000 0000 0000 0000 0000 0000 0000 0000
0000 0000 0000 0000 0000 0000 0000 0000 0000 0001 0000 0000.
0000 0000 0000 0000 0000 0000 0000 0000 0000 0000 0000 0000
0000 0000 0000 0000 0000 0000 0000 0000 0000 0000 0000 0000.
0000 0000 0000 0000 0000 0000 0000 0000 0000 0000 0000 0000
0000 0000 0000 0001 0000 0000 0000 0000 0000 0000 0000 0000.
0000 0000 0000 0000 0000 0000 0000 0000 0000 0000 0000 0000
0000 0000 0000 0000 0000 0000 0000 0000 0000 0000 0000 0000.
0000 0000 0000 0000 0000 0000 0000 0000 0000 0000 0000 0000
0000 0000 0000 0000 0000 0000 0000 0000 0000 0000 0000 0000.
0000 0000 0000 0000 0000 0000 0000 0000 //// //// //// ////
//// //// //// //// //// //// //// //// //// //// //// ////.
//// //// //// //// //// //// //// //// //// //// //// ////
//// //// //// //// //// //// //// //// //// 0000 0001 0002.
0001 0001 0000 0000 0000 0000 0001 0000 0000 0000 0000 0000
0000 0000 0000 0000 //// 0000 0000 0000 0000 0000 0000 0000.
0000 0000 0000 0000 0000 0000 0000 0000 0000 0000 0000 ////
0000 0000 0000 0000 0000 0000 0000 0000 0000 0000 0000 0000.
0000 0000 0000 0000 0000 0000 0000 0000 0000 0000 0000 0000
0000 0000 0000 0000 0000 0000 0000 0000 0000 0000 0000 0000.
0000 0000 0000 0000 0000 0000 0000 0000 0000 0000 0000 0000
0000 0000 0000 0000 0000 0000 0000 0000 0000 0000 0000 0000.
0000 0004 0000 0003 0003 0002 0000 0000 0000 0000 0000 0001
0000 0000 0000 0000 0000 0000 0000 0000 0000 0000 0000 0000.
0000 0000 0000 0000 0000 0000 0000 0000 0000 0000 0000 0000
0000 0000 0000 0000 0000 0000 0000 0000 0000 0000 0000 0000.
0000 0000 0000 0000 0000 0000 0000 0000 0000 0000 0000 0000
0000 0000 0000 0000 0001 0000 0000 0000 0000 0000 0000 0000.
0000 0000 0000 0000 0000 0000 0000 0000 0000 0000 0000 0000
0000 0000 0000 0000 0000 0000 0000 0000 0000 0000 0000 0000.
0000 0000 0000 0000 0000 0000 0000 0000 0000 0000 0000 0000
0000 0000 0000 0000 0000 0000 0000 0000 0000 0000 0000 0000.
0000 0000 0000 0000 0000 0000 0000 0000 0000 0000 0000 0000
0000 0000 0000 0000 //// 0000 0000 0000 0000 0000 0000 0000.
0000 0000 0000 0000 0000 0000 0000 0000 0000 0000 0000 0000
0000 0000 0000 0000 0000 0000 0000 0000 0000 0000 0000 0000.
0000 0000 0000 0000 0000 0000 0000 0000 0000 0000 0000 0000
0001 0000 0001 0001 0000 0001 0001 0000 0001 0000 0000 0001.
0000 0000 0000 0000 0000 0000 0000 0001 0000 0000 0000 0001
0000 0000 0000 0000 0000 0000 0001 0000 0000 0000 0000 0000.
0000 0001 0000 0000 0000 0000 0000 0000 0000 0000 0000 0001
0000 0000 0000 0000 0000 0001 0000 0002 0001 0001 0000 0001.
0000 0001 0000 0000 0001 0000 0000 0001 0000 0000 0001 0000
0000 0000 0001 0000 0000 0000 0000 0000 0000 0000 0001 0000.
0000 0000 0000 0000 0001 0000 0000 0000 0000 0000 0000 0000
0000 0001 0000 0000 0000 0000 0000 0000 0000 0000 0000 0000=
0000 24/09/2008 00000=
W=
L=
Z=
G=
FN
345012 353010 002009 194008 355007 343011
307006 272004 301005 PPC001 279007 327006
214010 123008 117016 132014 139021 086027
097021 112016 141011 079016 060010 013010.
062011 018009 015012 001012 059006 PPC002
350009 351012 PPC000 181008 357009 049006
200010 078010 094013 152016 132019 087015
117016 112023 126016 114011 082011 353011.
005012 012012 357010 356010 000008 344010
351009 323009 232006 249006 286010 299007
195011 PPC000 141008 152013 107025 132025
095036 106023 111019 114012 062011 105023.
090015 065007 081020 048008 024010 050018
033009 048022 099018 051010 012014 350007
182007 134014 086012 110015 093015 145021
099021 133012 099015 072010 040010 035013.
044015 068018 039018 124010 241007 306018
294014 311010 309055 312056 306037 295050
295073 306052 310073 308076 312059 314068
299057 308048 300035 308033 314017 298012.
039011 009011 339013 002012 002013 032009
033011 039008 137008 102007 087019 094031
096023 085024 077022 068028 085023 //////
////// 086035 ////// ////// 077020 //////.
054019 059018 ////// 075010 ////// 058011
////// 106009 080007 ////// 094012 //////
////// ////// ////// 096031 127020 237012
275007 283006 116007 078008 041011 PPC002.
051006 065006 050004 010008 314013 311005
PPC001 312009 312015 286009 280012 318019
303024 306026 300029 309026 312025 341017
268023 305021 309026 327019 331022 351008.
330017 PPC000 PPC000 347006 015010 028009
148007 025004 060007 149007 199008 103013
115020 040013 098012 265008 190007 165010
226007 311009 290009 310023 319035 305029.
308028 292023 306032 288023 265019 269020
220020 244013 293017 272006 299020 210007
281012 354008 102024 078025 077024 113020
080017 138010 130008 077005 347009 355008.
017008 019008 065006 358007 346008 357010
326006 072010 035007 024011 052013 062020
069019 074021 076014 063017 056020 064020
074016 047011 077008 178009 205005 009008.
349009 342009 308007 283009 299014 297013
301013 304008 307015 327011 297012 192010
193011 208015 276013 198007 133014 158018
199013 146011 160014 163006 085005 359010.
339009 PPC000 336016 260006 287014 276009
285014 247013 257013 291013 304021 320028
308017 310020 304015 283019 321054 308027
311038 341026 331025 322038 316034 312040.
271009 294012 307016 286008 276005 282014
286019 231013 ////// ////// ////// //////
////// ////// ////// ////// ////// //////
////// ////// ////// ////// ////// //////.
////// ////// ////// ////// ////// //////
////// ////// ////// ////// ////// //////
////// ////// ////// ////// ////// //////
////// ////// ////// 046012 030013 021017.
348008 314015 293009 149018 336009 207009
331009 152007 300013 351009 278006 346009
347008 060012 087010 034014 088019 084024
123010 093029 086022 077011 050016 020013.
045012 015010 356011 021015 018012 006008
077007 056007 222007 300011 PPC001 140006
194014 122013 104021 102029 080027 123025
106032 079032 083025 061016 070018 036015.
357014 000012 020012 224006 298011 312030
308024 311023 309037 304038 314037 281037
309038 300044 297029 295047 307049 291050
302043 309052 314041 295024 305022 289020.
303017 277022 296017 286015 288015 291013
293019 295014 295014 339009 243010 293010
336004 131010 153016 114019 098024 140018
113024 111020 090023 070010 087010 080009.
185020 265008 249009 319010 016011 173007
107009 085018 070012 099016 059006 069013
087019 085023 098019 085021 085035 058026
068024 078041 094020 080019 062019 064019.
057019 051006 085015 084009 115009 083012
091014 037005 319004 PPC002 256006 289007
274007 286011 248008 308010 304012 225006
243008 319011 197011 210007 015007 349009.
355008 014015 016009 358005 020008 009008
014010 346006 140007 035004 041007 087013
086007 072013 331009 323044 304056 291040
293037 316055 304044 304045 309048 299032.
295035 303046 304031 264020 299032 300035
294037 286028 287022 290037 296031 301037
301045 312075 310072 300059 301056 299046
311053 305037 314035 296023 298018 301025.
300028 302022 304021 305023 306021 312034
308032 304026 301016 302023 306032 305035
303030 311031 275019 292027 311039 186017
323034 318030 317029 298010 312016 200014.
281008 337011 276007 288011 300010 268012
302019 185009 302017 358008 302027 306017
282018 288010 305033 309041 314050 308034
316043 309041 296024 299017 303019 302023.
301028 297022 303021 303019 298018 291011
296014 303033 287018 289017 280011 302013
271014 282018 317034 321041 319044 315053
310029 300027 311029 305029 311039 303038.
297018 298023 287017 253017 277011 265018
307027 309033 305037 143010 123007 292008
154014 163017 219012 203015 121015 170015
150011 148010 120018 117013 066011 033012.
051011 349007 313008 PPC000 261012 256011
292012 295007 352006 284009 297004 239008
216012 196013 245014 189022 226014 268012
300009 269007 258011 300008 317014 309021.
307025 299024 311018 304019 323026 312024
298019 303029 287013 308016 316019 324027
300015 187008 295021 301028 332012 100004
012010 088009 093018 102012 063013 063020.
056029 054019 045020 072012 106011 081014
074018 108013 104017 055018 062012 079020
059021 070012 059023 045013 083013 087014
193010 203010 190019 249017 293019 288020.
310024 313023 321035 307013 321034 300025
289035 305032 302030 295024 302024 286019
286013 295016 321024 292024 337019 326030
325017 338017 035006 075013 022012 038013=
343010 350009 001009 199009 008006 343010
314003 290004 PPC002 344005 260007 302007
217008 136008 094014 122014 127018 089022
105022 116020 128015 079013 062010 023008.
062011 025010 007012 003011 036008 085005
005007 355011 067005 184004 355009 050006
189012 087009 091013 136014 116022 090019
104018 104022 113015 116011 078009 358010.
012012 012011 002009 352008 353008 346008
347008 323008 238005 266007 292008 279005
199010 PPC001 160008 117013 113019 110028
098032 101028 112023 114013 073013 094023.
088016 058008 086017 051009 010010 050018
029007 052021 083016 071007 032014 353008
186009 136013 083013 103017 130014 140013
119015 124013 116014 077009 048009 040011.
031015 065017 035014 132014 207009 307017
295013 308007 311052 311058 308043 293042
298065 308062 311077 311079 307054 307066
299056 306045 307037 311034 316017 289010.
051011 012010 338011 356012 002012 024009
042011 025010 166003 095007 086020 089025
093024 083022 079027 070027 084020 //////
////// 089030 ////// ////// 078023 //////.
059017 058018 ////// 076010 ////// 056011
////// 106007 100006 ////// 085014 //////
////// ////// ////// 097034 112018 224009
253009 257008 125008 081009 044012 044003.
065006 058004 PPC002 005007 311011 297003
273005 283009 305012 283008 283011 314018
305020 310024 305026 306031 302027 313018
279020 311022 314024 324019 324021 345012.
328014 PPC002 196005 338006 005007 039009
128006 018003 064006 143007 198007 105011
099017 033012 089013 229008 265011 308009
276009 313011 288009 311022 318030 306028.
309028 295023 304033 290024 267015 266019
238019 244015 295017 278009 300020 208005
255010 021006 083017 072021 086027 110022
101014 131014 129006 056005 348007 002007.
017008 015007 044009 005004 336007 005009
344007 074009 047008 025012 053014 061016
074017 073017 069018 053018 056019 064021
073016 038011 071007 200008 219004 010006.
353008 341008 303005 285010 299013 298013
302012 305008 298009 320008 293012 208006
211013 213015 293012 143008 156013 174014
168011 130012 163012 173007 102006 003009.
342009 282005 338013 236008 292016 277012
274013 272012 271013 293014 303017 320027
310017 295016 281016 292021 317045 306029
310033 335028 329024 321033 316032 310039.
255011 293009 307011 264009 269008 284013
285013 253011 ////// ////// ////// //////
////// ////// ////// ////// ////// //////
////// ////// ////// ////// ////// //////.
////// ////// ////// ////// ////// //////
////// ////// ////// ////// ////// //////
////// ////// ////// ////// ////// //////
////// ////// ////// 041012 029011 021015.
344007 329012 277008 145013 328012 192006
342009 113006 284008 348011 265005 333008
327009 056012 056012 046013 085014 087019
105019 093030 087022 078012 058015 027011.
051011 024009 003011 021013 017011 012009
087008 055004 223007 297009 PPC002 109004
188013 109014 103022 084024 092028 105034
102032 079036 089027 064016 068016 034015.
001015 015011 021012 202008 290009 310027
311026 307022 309034 303032 315040 291030
307036 302039 295039 296046 309049 301047
297041 306044 311042 304023 305027 292018.
299019 277021 294017 288014 292016 289015
296017 298016 298015 332011 230010 290011
274003 154009 167014 113019 111018 120030
116021 115022 091024 068011 086015 072010.
186010 267010 240007 310008 016009 243004
114007 084016 061011 092017 084004 068011
088014 088024 097021 085021 085034 067029
067023 077034 090022 081020 063018 064018.
055020 068010 077013 082007 105003 088011
091014 035005 331003 279003 272007 276008
284008 286010 284008 309010 291012 245010
222011 309010 206008 210004 011007 002008.
350007 015012 010009 000004 015008 011007
010009 351005 137007 046003 042009 086012
062009 070015 337010 314046 310060 288037
295038 309049 304049 303052 306043 295034.
291031 301042 305035 275021 299031 298031
301034 284027 283020 292035 295028 298037
300041 308065 307072 302053 303059 296047
310057 307039 308032 298023 298018 306028.
306028 302021 303022 304020 304024 316030
309034 307027 297017 303021 307031 309034
309035 304028 299025 291030 312037 210025
298022 315031 315028 298010 314016 194011.
275007 335011 271005 280010 300011 255012
304020 206005 295016 351011 301025 307021
285017 245008 310033 305037 313039 308037
312044 309036 294029 299017 302019 302024.
302026 299022 304019 304020 297017 282013
287014 302032 288017 282017 287014 297013
273015 287020 320042 321037 320042 314045
310032 300036 309032 305026 309036 306037.
299016 298022 287017 253016 276013 252019
302025 307030 306036 142012 126007 296008
155009 163014 205012 225015 135012 159012
156013 138012 116016 113009 068012 034010.
046011 356008 313008 PPC002 253012 264010
292011 322008 005007 287003 294003 250005
212011 191016 251009 182024 233014 289012
294010 255011 240011 309009 311015 314018.
306020 304025 308018 303019 315027 310024
301023 307031 290016 286015 318020 318022
304015 190009 289017 315027 314013 026014
007013 067008 101016 110011 060010 060018.
058028 055018 051020 072012 102014 080015
077017 099015 101017 055014 060013 075018
061019 076015 054018 055012 077016 093014
172009 208010 199017 251013 295019 290016.
306018 313020 320031 312016 320035 307026
294035 301031 300029 290022 300027 293017
278012 306022 317025 291023 329026 326021
326014 324015 038006 078013 027011 034013=
027110 1443 049070 1228
026096 1530 045104 1306
041087 1527 055093 1551
026080 0435 039096 0430
091310 1121 132315 1236
035092 1532 047096 1524
053095 1023 081093 1017
033318 1634 054329 1248
039309 1916 057298 1914
039303 2322 063295 2343
025086 0831 036073 0923
020218 1340 029160 1228
051319 1305 073329 1235
039313 2002 052307 2005
017048 1918 026056 1913
032092 1559 045104 1511
041103 1322 061107 1317
057308 1307 095315 1343
033109 1358 049076 1447
036080 1323 052076 1314
026058 2029 039022 2038
070308 1254 108273 1526
076303 1053 110309 1316
041312 1304 068287 1221
047313 1337 078301 1259
048316 1328 076301 1534
039306 0414 053304 2002
025176 1158 034166 1150
032306 0350 050278 2143
029064 2029 047048 2049
044316 0023 064290 2341=
D=
K=
A=
S=
B=
??????
QP=
QTB
099 099 099 099 099 099 099 099 099 099 099 099 099 099 099 099 099 099 099 099 099 099 099 099 099 099 099 099
099 099 099 099 099 099 099 099 099 099 099 099 099 099 099 099 099 099 099 099 099 099 099 099 099 099 099 099
099 099 099 099 099 099 099 099 099 099 099 099 099 099 099 099 099 099 099 099 099 099 099 099 099 099 099 099
099 099 099 099 099 099 099 099 099 099 099 099 099 099 099 099 099 099 099 099 099 099 099 099 099 099 099 099
099 099 099 099 099 099 099 099 099 099 099 099 099 099 099 099 099 099 099 099 099 099 099 099 099 099 099 099
099 099 099 099 099 099 099 099 099 099 099 099 099 099 099 099 099 899 899 099 899 899 099 099 099 099 099 099
099 099 099 099 099 099 099 099 099 099 099 899 899 899 899 099 099 099 099 099 099 099 099 099 099 099 099 099
099 099 099 099 099 099 099 099 099 099 099 099 099 099 099 099 099 099 099 099 099 099 099 099 099 099 099 099
099 099 099 099 099 099 099 099 099 099 099 099 099 099 099 099 099 099 099 099 099 099 099 099 099 099 099 099
099 099 099 099 099 099 099 099 099 099 099 099 099 099 099 099 099 099 099 099 099 099 099 099 099 099 099 099
099 099 099 099 099 099 099 099 099 099 099 099 099 099 099 099 099 099 099 099 099 099 099 099 099 099 099 099
099 099 099 099 099 099 099 099 099 099 099 099 099 099 099 099 099 099 099 099 099 099 099 099 099 099 099 099
099 099 099 099 099 099 099 099 099 099 099 099 099 099 099 099 099 099 099 099 099 099 099 099 099 099 099 099
099 099 099 099 099 099 099 099 899 899 899 899 899 899 899 899 899 899 899 899 899 899 899 899 099 099 099 099
899 899 899 899 899 899 899 899 899 899 899 899 899 899 899 899 899 899 899 899 899 099 099 099 099 099 099 099
099 099 099 099 099 099 099 099 099 099 099 099 099 099 099 099 099 099 099 099 099 099 099 099 099 099 099 099
099 099 099 099 099 099 099 099 099 099 099 099 099 099 099 099 099 099 099 099 099 099 099 099 099 099 099 099
099 099 099 099 099 099 099 099 099 099 099 099 099 099 099 099 099 099 099 099 099 099 099 099 099 099 099 099
099 099 099 099 099 099 099 099 099 099 099 099 099 099 099 099 099 099 099 099 099 099 099 099 099 099 099 099
099 099 099 099 099 099 099 099 099 099 099 099 099 099 099 099 099 099 099 099 099 099 099 099 099 099 099 099
099 099 099 099 099 099 099 099 099 099 099 099 099 099 099 099 099 099 099 099 099 099 099 099 099 099 099 099
099 099 099 099 099 099 099 099 099 099 099 099 099 099 099 099 099 099 099 099 099 099 099 099 099 099 099 099
099 099 099 099 099 099 099 099 099 099 099 099 099 099 099 099 099 099 099 099 099 099 099 099 099 099 099 099
099 099 099 099 099 099 099 099 099 099 099 099 099 099 099 099 099 099 099 099 099 099 099 099 099 099 099 099
099 099 099 099 099 099 099 099 099 099 099 099 099 099 099 099 099 099 099 099 099 099 099 099 099 099 099 099
099 099 099 099 099 099 099 099 099 099 099 099 099 099 099 099 099 099 099 099 099 099 099 099 099 099 099 099
099 099 099 099 099 099 099 099 099 099 099 099 099 099 099 099 099 099 099 099 099 099 099 099 099 099 099 099
099 099 099 099 099 099 099 099 099 099 099 099 099 099 099 099 099 099 099 099 099 099 099 099 099 099 099 099
099 099 099 099 099 099 099 099 099 099 099 099 099 099 099 099 099 099 099 099 099 099 099 099 099 099 099 099
099 099 099 099 099 099 099 099 099 099 099 099 099 099 099 099 099 099 099 099 099 099 099 099 099 099 099 099
099 099 099 099 099 099 099 099 099 099 099 099 099 099 099 099 099 099 099 099 099 099 099 099 099 099 099 099=
QI=
QE=
QU=
QN=
QH=
QC=
QV=
QR6
899 899 899
099 099 099
099 099 099
899 099 899
099 099 099
099 899 899
899 899 899
099 099 099
099 099 099
099 099 099
099 099 099
099 099 099
099 099 099
899 899 899
899 099 099
099 899 099
899 099 899
099 099 099
099 099 099
099 099 099
099 099 099
099 099 099
099 099 099
099 099 099
099 899 899
099 099 099
099 099 099
099 099 099
099 099 099
099 099 099
099 099 099=
099 099 099 099 099 099 099 899 899 099 099 099 099 099 099 099 099 099 099 899 099 099 099 099
099 099 099 099 099 099 099 099 099 099 099 099 099 099 099 099 099 099 099 099 099 099 099 099
099 099 099 099 099 099 099 099 099 099 099 099 099 099 099 099 099 099 099 099 099 099 099 099
099 099 099 099 899 099 099 099 099 099 099 099 099 099 099 099 099 099 099 099 099 099 099 099
099 099 099 099 099 099 099 099 099 099 099 099 099 099 099 099 099 099 099 099 099 099 099 099
099 099 099 099 099 099 099 099 099 099 099 099 099 099 899 899 899 899 899 899 899 899 899 899
899 899 899 099 899 899 099 899 899 899 899 899 899 899 899 099 099 099 099 099 099 099 099 099
099 099 099 099 099 099 099 099 099 099 099 099 099 099 099 099 099 099 099 099 099 099 099 099
099 099 099 099 099 099 099 099 099 099 099 099 099 099 099 099 099 099 099 099 099 099 099 099
099 099 099 099 099 099 099 099 099 099 099 099 099 099 099 099 099 099 099 099 099 099 099 099
099 099 099 099 099 099 099 099 099 099 099 099 099 099 099 099 099 099 099 099 099 099 099 099
099 099 099 099 099 099 099 099 099 099 099 099 099 099 099 099 099 099 099 099 099 099 099 099
099 099 099 099 099 099 099 099 099 099 099 099 099 099 099 099 099 099 099 099 099 099 099 099
099 099 099 099 099 099 099 099 899 899 899 899 899 899 899 899 899 899 899 899 899 899 899 899
899 899 899 899 899 899 899 899 899 899 899 899 899 899 899 899 899 899 899 899 899 099 099 099
099 099 099 099 099 099 099 099 099 099 099 099 099 099 099 099 899 099 099 099 099 099 099 099
099 099 099 099 099 099 099 099 099 099 099 899 099 099 099 099 099 099 099 099 099 099 099 099
099 099 099 099 099 099 099 099 099 099 099 099 099 099 099 099 099 099 099 099 099 099 099 099
099 099 099 099 099 099 099 099 099 099 099 099 099 099 099 099 099 099 099 099 099 099 099 099
099 099 099 099 099 099 099 099 099 099 099 099 099 099 099 099 099 099 099 099 099 099 099 099
099 099 099 099 099 099 099 099 099 099 099 099 099 099 099 099 099 099 099 099 099 099 099 099
099 099 099 099 099 099 099 099 099 099 099 099 099 099 099 099 099 099 099 099 099 099 099 099
099 099 099 099 099 099 099 099 099 099 099 099 099 099 099 099 099 099 099 099 099 099 099 099
099 099 099 099 099 099 099 099 099 099 099 099 099 099 099 099 099 099 099 099 099 099 099 099
099 099 099 099 099 099 099 099 099 099 099 099 099 099 099 099 899 099 099 099 099 099 099 099
099 099 099 099 099 099 099 099 099 099 099 099 099 099 099 099 099 099 099 099 099 099 099 099
099 099 099 099 099 099 099 099 099 099 099 099 099 099 099 099 099 099 099 099 099 099 099 099
099 099 099 099 099 099 099 099 099 099 099 099 099 099 099 099 099 099 099 099 099 099 099 099
099 099 099 099 099 099 099 099 099 099 099 099 099 099 099 099 099 099 099 099 099 099 099 099
099 099 099 099 099 099 099 099 099 099 099 099 099 099 099 099 099 099 099 099 099 099 099 099
099 099 099 099 099 099 099 099 099 099 099 099 099 099 099 099 099 099 099 099 099 099 099 099=
099 099 099=
QW=
QL=
QZ=
QG=
QFN
099 099 099 099 099 099 099 099 099 099 099 099 099 099 099 099 099 099 099 099 099 099 099 099
099 099 099 099 099 099 099 099 099 099 099 099 099 099 099 099 099 099 099 099 099 099 099 099
099 099 099 099 099 099 099 099 099 099 099 099 099 099 099 099 099 099 099 099 099 099 099 099
099 099 099 099 099 099 099 099 099 099 099 099 099 099 099 099 099 099 099 099 099 099 099 099
099 099 099 099 099 099 099 099 099 099 099 099 099 099 099 099 099 099 099 099 099 099 099 099
099 099 099 099 099 099 099 099 099 099 099 099 099 099 099 099 099 899 899 099 899 899 099 899
099 099 899 099 899 099 899 099 099 899 099 899 899 899 899 099 099 099 099 099 099 099 099 099
099 099 099 099 099 099 099 099 099 099 099 099 099 099 099 099 099 099 099 099 099 099 099 099
099 099 099 099 099 099 099 099 099 099 099 099 099 099 099 099 099 099 099 099 099 099 099 099
099 099 099 099 099 099 099 099 099 099 099 099 099 099 099 099 099 099 099 099 099 099 099 099
099 099 099 099 099 099 099 099 099 099 099 099 099 099 099 099 099 099 099 099 099 099 099 099
099 099 099 099 099 099 099 099 099 099 099 099 099 099 099 099 099 099 099 099 099 099 099 099
099 099 099 099 099 099 099 099 099 099 099 099 099 099 099 099 099 099 099 099 099 099 099 099
099 099 099 099 099 099 099 099 899 899 899 899 899 899 899 899 899 899 899 899 899 899 899 899
899 899 899 899 899 899 899 899 899 899 899 899 899 899 899 899 899 899 899 899 899 099 099 099
099 099 099 099 099 099 099 099 099 099 099 099 099 099 099 099 099 099 099 099 099 099 099 099
099 099 099 099 099 099 099 099 099 099 099 099 099 099 099 099 099 099 099 099 099 099 099 099
099 099 099 099 099 099 099 099 099 099 099 099 099 099 099 099 099 099 099 099 099 099 099 099
099 099 099 099 099 099 099 099 099 099 099 099 099 099 099 099 099 099 099 099 099 099 099 099
099 099 099 099 099 099 099 099 099 099 099 099 099 099 099 099 099 099 099 099 099 099 099 099
099 099 099 099 099 099 099 099 099 099 099 099 099 099 099 099 099 099 099 099 099 099 099 099
099 099 099 099 099 099 099 099 099 099 099 099 099 099 099 099 099 099 099 099 099 099 099 099
099 099 099 099 099 099 099 099 099 099 099 099 099 099 099 099 099 099 099 099 099 099 099 099
099 099 099 099 099 099 099 099 099 099 099 099 099 099 099 099 099 099 099 099 099 099 099 099
099 099 099 099 099 099 099 099 099 099 099 099 099 099 099 099 099 099 099 099 099 099 099 099
099 099 099 099 099 099 099 099 099 099 099 099 099 099 099 099 099 099 099 099 099 099 099 099
099 099 099 099 099 099 099 099 099 099 099 099 099 099 099 099 099 099 099 099 099 099 099 099
099 099 099 099 099 099 099 099 099 099 099 099 099 099 099 099 099 099 099 099 099 099 099 099
099 099 099 099 099 099 099 099 099 099 099 099 099 099 099 099 099 099 099 099 099 099 099 099
099 099 099 099 099 099 099 099 099 099 099 099 099 099 099 099 099 099 099 099 099 099 099 099
099 099 099 099 099 099 099 099 099 099 099 099 099 099 099 099 099 099 099 099 099 099 099 099=
099 099 099 099 099 099 099 099 099 099 099 099 099 099 099 099 099 099 099 099 099 099 099 099
099 099 099 099 099 099 099 099 099 099 099 099 099 099 099 099 099 099 099 099 099 099 099 099
099 099 099 099 099 099 099 099 099 099 099 099 099 099 099 099 099 099 099 099 099 099 099 099
099 099 099 099 099 099 099 099 099 099 099 099 099 099 099 099 099 099 099 099 099 099 099 099
099 099 099 099 099 099 099 099 099 099 099 099 099 099 099 099 099 099 099 099 099 099 099 099
099 099 099 099 099 099 099 099 099 099 099 099 099 099 099 099 099 899 899 099 899 899 099 899
099 099 899 099 899 099 899 099 099 899 099 899 899 899 899 099 099 099 099 099 099 099 099 099
099 099 099 099 099 099 099 099 099 099 099 099 099 099 099 099 099 099 099 099 099 099 099 099
099 099 099 099 099 099 099 099 099 099 099 099 099 099 099 099 099 099 099 099 099 099 099 099
099 099 099 099 099 099 099 099 099 099 099 099 099 099 099 099 099 099 099 099 099 099 099 099
099 099 099 099 099 099 099 099 099 099 099 099 099 099 099 099 099 099 099 099 099 099 099 099
099 099 099 099 099 099 099 099 099 099 099 099 099 099 099 099 099 099 099 099 099 099 099 099
099 099 099 099 099 099 099 099 099 099 099 099 099 099 099 099 099 099 099 099 099 099 099 099
099 099 099 099 099 099 099 099 899 899 899 899 899 899 899 899 899 899 899 899 899 899 899 899
899 899 899 899 899 899 899 899 899 899 899 899 899 899 899 899 899 899 899 899 899 099 099 099
099 099 099 099 099 099 099 099 099 099 099 099 099 099 099 099 099 099 099 099 099 099 099 099
099 099 099 099 099 099 099 099 099 099 099 099 099 099 099 099 099 099 099 099 099 099 099 099
099 099 099 099 099 099 099 099 099 099 099 099 099 099 099 099 099 099 099 099 099 099 099 099
099 099 099 099 099 099 099 099 099 099 099 099 099 099 099 099 099 099 099 099 099 099 099 099
099 099 099 099 099 099 099 099 099 099 099 099 099 099 099 099 099 099 099 099 099 099 099 099
099 099 099 099 099 099 099 099 099 099 099 099 099 099 099 099 099 099 099 099 099 099 099 099
099 099 099 099 099 099 099 099 099 099 099 099 099 099 099 099 099 099 099 099 099 099 099 099
099 099 099 099 099 099 099 099 099 099 099 099 099 099 099 099 099 099 099 099 099 099 099 099
099 099 099 099 099 099 099 099 099 099 099 099 099 099 099 099 099 099 099 099 099 099 099 099
099 099 099 099 099 099 099 099 099 099 099 099 099 099 099 099 099 099 099 099 099 099 099 099
099 099 099 099 099 099 099 099 099 099 099 099 099 099 099 099 099 099 099 099 099 099 099 099
099 099 099 099 099 099 099 099 099 099 099 099 099 099 099 099 099 099 099 099 099 099 099 099
099 099 099 099 099 099 099 099 099 099 099 099 099 099 099 099 099 099 099 099 099 099 099 099
099 099 099 099 099 099 099 099 099 099 099 099 099 099 099 099 099 099 099 099 099 099 099 099
099 099 099 099 099 099 099 099 099 099 099 099 099 099 099 099 099 099 099 099 099 099 099 099
099 099 099 099 099 099 099 099 099 099 099 099 099 099 099 099 099 099 099 099 099 099 099 099=
099 099 099 099
099 099 099 099
099 099 099 099
099 099 099 099
099 099 099 099
099 099 099 099
099 099 099 099
099 099 099 099
099 099 099 099
099 099 099 099
099 099 099 099
099 099 099 099
099 099 099 099
099 099 099 099
099 099 099 099
099 099 099 099
099 099 099 099
099 099 099 099
099 099 099 099
099 099 099 099
099 099 099 099
099 099 099 099
099 099 099 099
099 099 099 099
099 099 099 099
099 099 099 099
099 099 099 099
099 099 099 099
099 099 099 099
099 099 099 099
099 099 099 099=
QD=
QK=
QA=
QS=
QB=
=
******
YF
O2190
河南省洛阳市
豫宜阳高村
宜阳县高村乡烟站
丘陵
田明
梁胜利
梁胜利
梁胜利
王国安
梁胜利
20081127=
JY
8888=
GK
01/本月平均温度15.1℃,月总降雨量缺测。
05/=
BZ
BB/06/20时正点数据缺测,气温用前后两时次内插求得。
BB/07/23时、1时、3时和6时正点数据缺测,气温用前后两时次内插求得。
BB/06/14-15时、17-18时正点数据缺测。降水日合计按缺测处理。
BB/07/8-11时正点数据缺测。降水日合计按缺测处理。
BB/14/5-20时正点数据缺测。气温日合计平均按缺测处理，风速日平均按缺测处理，降水日合计按缺测处理。
BB/15/21-15时正点数据缺测。气温日合计平均按缺测处理，风速日平均按缺测处理，降水日合计按缺测处理。
00/343459/1115147
10/343459/1115147
10/24/24小时连续观测
11/不守班=
######
