O2182 3428N 11129E 007060 007060 105 000 S15 91999999919999199999 0 2012 06
P=
TB
0176 0174 0176 0169 0168 0168 0165 0164 0160 0160 0167 0181
0196 0215 0238 0256 0263 0265 0266 0277 0253 0256 0237 0205 0286 1605 0158 0544.
0199 0202 0194 0197 0186 0176 0159 0155 0142 0144 0177 0194
0225 0242 0257 0278 0283 0288 0293 0284 0268 0260 0248 0227 0303 1511 0138 0519.
0209 0201 0216 0207 0202 0198 0187 0176 0171 0170 0185 0201
0214 0232 0243 0254 0259 0266 0269 0268 0257 0254 0239 0218 0272 1455 0166 0541.
0214 0207 0194 0187 0181 0172 0166 0165 0170 0161 0190 0208
0226 0255 0268 0278 0289 0303 0291 0293 0289 0269 0261 0247 0307 1426 0159 0542.
0238 0231 0222 0216 0211 0206 0203 0197 0197 0195 0206 0224
0237 0248 0254 0270 0274 0260 0259 0248 0238 0240 0233 0224 0290 1251 0191 0604.
0218 0214 0197 0199 0199 0196 0195 0188 0187 0195 0197 0199
0208 0225 0229 0233 0243 0255 0246 0228 0241 0240 0234 0220 0262 1343 0186 0430.
0212 0207 0206 0214 0204 0203 0187 //// //// 0185 0195 0218
0235 0270 0280 0277 0290 0308 0305 0306 0306 0287 0267 0234 0315 1355 0178 0314.
0231 0219 0224 0237 0209 0191 0203 0203 0195 0197 0234 0276
0292 0307 0302 0281 0288 0276 0281 0292 0286 0278 0259 0244 0313 0956 0181 0220.
0229 0218 0215 0214 0213 0211 0209 0220 0214 0205 0228 0253
0267 0291 0313 0329 0344 0350 0359 0342 0339 0318 0299 0258 0363 1458 0201 0536.
0230 0239 0233 0241 0242 0239 0227 0218 0216 0224 0244 0264
0279 0309 0329 0353 0370 0361 0348 0338 0319 0312 0296 0262 0380 1336 0216 0500.
0237 0225 0213 0205 0205 0203 0194 0185 0169 0167 0201 0218
0240 0253 0287 0305 0311 0289 0303 0323 0311 0291 0256 0233 0330 1557 0155 0541.
0227 0237 0234 0237 0224 0225 0261 0260 0257 0247 0266 0290
0310 0319 0329 0350 0339 0345 0352 0354 0342 0326 0282 0259 0361 1456 0218 0112.
0257 0235 0231 0234 0231 0222 0238 0226 0218 0216 0252 0281
0318 0342 0368 0364 0386 0374 0400 0381 0378 0353 0311 0308 0401 1459 0207 0521.
0300 0298 0297 0291 0290 0286 0273 0261 0251 0245 0239 0242
0251 0270 0280 0298 0297 0307 0313 0306 0294 0284 0261 0231 0319 1453 0231 2000.
0220 0218 0208 0229 0208 0202 0188 0193 0187 0184 0229 0243
0249 0270 0277 0303 0309 0308 0314 0321 0311 0296 0264 0237 0328 1522 0180 0537.
0225 0220 0217 0216 0218 0209 0209 0199 0189 0181 0218 0236
0249 0270 0294 0299 0321 0327 0325 0327 0322 0310 0291 0270 0342 1431 0177 0555.
0254 0244 0228 0235 0246 0250 0238 0234 0230 0231 0253 0255
0280 0303 0310 0322 0332 0332 0330 0331 0323 0312 0295 0278 0341 1446 0221 2340.
0260 0240 0240 0255 0251 0224 0209 0203 0205 0204 0238 0261
0277 0300 0316 0343 0353 0346 0359 0345 0333 0326 0310 0275 0365 1422 0201 0410.
0265 0252 0252 0246 0246 0245 0242 0237 0233 0226 0240 0256
0264 0281 0297 0308 0320 0324 0327 0316 0309 0303 0273 0256 0337 1456 0225 0554.
0240 0224 0216 0208 0215 0207 0206 0202 0208 0211 0219 0243
0239 0245 0244 0256 0280 0297 0311 0308 0304 0299 0283 0260 0318 1514 0201 0356.
0258 0244 0231 0224 0223 0222 0217 0213 0205 0211 0222 0247
0280 0283 0302 0312 0334 0340 0346 0339 0335 0319 0302 0286 0362 1524 0199 0523.
0273 0264 0254 0243 0229 0226 0221 0229 0225 0215 0239 0268
0284 0285 0305 0331 0330 0340 0335 0320 0329 0323 0303 0271 0355 1411 0211 0545.
0254 0253 0248 0240 0234 0229 0228 0220 0224 0225 0253 0272
0288 0299 0316 0334 0341 0338 0334 0301 0320 0296 0280 0228 0357 1352 0214 0518.
0229 0233 0237 0220 0215 0210 0209 0199 0197 0199 0214 0231
0246 0271 0265 0279 0302 0307 0259 0240 0249 0252 0241 0224 0309 1333 0193 0513.
0215 0214 0209 0199 0203 0204 0203 0203 0204 0205 0212 0214
0210 0212 0212 0219 0215 0214 0211 0197 0193 0191 0187 0187 0224 2001 0186 1913.
0189 0189 0190 0190 0186 0187 0188 0188 0185 0179 0184 0189
0200 0219 0221 0233 0252 0258 0262 0252 0239 0235 0236 0231 0265 1451 0179 0537.
0229 0227 0223 0218 0213 0206 0200 0202 0203 0202 0205 0210
0211 0208 0219 0221 0235 0227 0224 0230 0225 0217 0207 0206 0247 1315 0199 0231.
0200 0189 0191 0186 0184 0184 0180 0180 0179 0180 0181 0182
0182 0184 0187 0196 0201 0196 0199 0199 0195 0193 0192 0192 0205 2001 0179 0319.
0192 0192 0192 0191 0191 0192 0192 0191 0191 0191 0192 0195
0197 0205 0216 0215 0230 0220 0219 0215 0213 0212 0213 0202 0230 1300 0190 0526.
0203 0197 0198 0198 0195 0196 0194 0197 0194 0194 0215 0237
0247 0259 0271 0280 0286 0303 0292 0288 0286 0270 0252 0237 0312 1438 0191 0526=
I=
E=
U=
N=
H=
C=
V=
R6
0000 0000 0000
0000 0000 0000
0000 0000 0000
0000 0000 0000
0000 0000 0000
0000 0000 0000
//// 0000 ////
0000 0000 0000
0000 0000 0000
0000 0000 0000
0000 0000 0000
0000 0000 0000
0000 0000 0000
0000 0000 0000
0000 0000 0000
0000 0000 0000
0000 0000 0000
0000 0000 0000
0000 0000 0000
0000 0000 0000
0000 0000 0000
0000 0000 0000
0000 0000 0000
0000 0015 0015
0000 0185 0185
0132 0000 0132
0008 0000 0008
0004 0021 0025
0008 0008 0016
0000 0000 0000=
0000 0000 0000 0000 0000 0000 0000 0000 0000 0000 0000 0000
0000 0000 0000 0000 0000 0000 0000 0000 0000 0000 0000 0000.
0000 0000 0000 0000 0000 0000 0000 0000 0000 0000 0000 0000
0000 0000 0000 0000 0000 0000 0000 0000 0000 0000 0000 0000.
0000 0000 0000 0000 0000 0000 0000 0000 0000 0000 0000 0000
0000 0000 0000 0000 0000 0000 0000 0000 0000 0000 0000 0000.
0000 0000 0000 0000 0000 0000 0000 0000 0000 0000 0000 0000
0000 0000 0000 0000 0000 0000 0000 0000 0000 0000 0000 0000.
0000 0000 0000 0000 0000 0000 0000 0000 0000 0000 0000 0000
0000 0000 0000 0000 0000 0000 0000 0000 0000 0000 0000 0000.
0000 0000 0000 0000 0000 0000 0000 0000 0000 0000 0000 0000
0000 0000 0000 0000 0000 0000 0000 0000 0000 0000 0000 0000.
0000 0000 0000 0000 0000 0000 0000 //// //// //// //// ////
0000 0000 0000 0000 0000 0000 0000 0000 0000 0000 0000 0000.
0000 0000 0000 0000 0000 0000 0000 0000 0000 0000 0000 0000
0000 0000 0000 0000 0000 0000 0000 0000 0000 0000 0000 0000.
0000 0000 0000 0000 0000 0000 0000 0000 0000 0000 0000 0000
0000 0000 0000 0000 0000 0000 0000 0000 0000 0000 0000 0000.
0000 0000 0000 0000 0000 0000 0000 0000 0000 0000 0000 0000
0000 0000 0000 0000 0000 0000 0000 0000 0000 0000 0000 0000.
0000 0000 0000 0000 0000 0000 0000 0000 0000 0000 0000 0000
0000 0000 0000 0000 0000 0000 0000 0000 0000 0000 0000 0000.
0000 0000 0000 0000 0000 0000 0000 0000 0000 0000 0000 0000
0000 0000 0000 0000 0000 0000 0000 0000 0000 0000 0000 0000.
0000 0000 0000 0000 0000 0000 0000 0000 0000 0000 0000 0000
0000 0000 0000 0000 0000 0000 0000 0000 0000 0000 0000 0000.
0000 0000 0000 0000 0000 0000 0000 0000 0000 0000 0000 0000
0000 0000 0000 0000 0000 0000 0000 0000 0000 0000 0000 0000.
0000 0000 0000 0000 0000 0000 0000 0000 0000 0000 0000 0000
0000 0000 0000 0000 0000 0000 0000 0000 0000 0000 0000 0000.
0000 0000 0000 0000 0000 0000 0000 0000 0000 0000 0000 0000
0000 0000 0000 0000 0000 0000 0000 0000 0000 0000 0000 0000.
0000 0000 0000 0000 0000 0000 0000 0000 0000 0000 0000 0000
0000 0000 0000 0000 0000 0000 0000 0000 0000 0000 0000 0000.
0000 0000 0000 0000 0000 0000 0000 0000 0000 0000 0000 0000
0000 0000 0000 0000 0000 0000 0000 0000 0000 0000 0000 0000.
0000 0000 0000 0000 0000 0000 0000 0000 0000 0000 0000 0000
0000 0000 0000 0000 0000 0000 0000 0000 0000 0000 0000 0000.
0000 0000 0000 0000 0000 0000 0000 0000 0000 0000 0000 0000
0000 0000 0000 0000 0000 0000 0000 0000 0000 0000 0000 0000.
0000 0000 0000 0000 0000 0000 0000 0000 0000 0000 0000 0000
0000 0000 0000 0000 0000 0000 0000 0000 0000 0000 0000 0000.
0000 0000 0000 0000 0000 0000 0000 0000 0000 0000 0000 0000
0000 0000 0000 0000 0000 0000 0000 0000 0000 0000 0000 0000.
0000 0000 0000 0000 0000 0000 0000 0000 0000 0000 0000 0000
0000 0000 0000 0000 0000 0000 0000 0000 0000 0000 0000 0000.
0000 0000 0000 0000 0000 0000 0000 0000 0000 0000 0000 0000
0000 0000 0000 0000 0000 0000 0003 0009 0003 0000 0000 0000.
0000 0000 0000 0000 0000 0000 0000 0000 0000 0000 0000 0000
0000 0005 0002 0001 0000 0000 0000 0059 0040 0074 0004 0000.
0000 0014 0002 0002 0002 0000 0000 0000 0005 0084 0023 0000
0000 0000 0000 0000 0000 0000 0000 0000 0000 0000 0000 0000.
0000 0000 0000 0000 0000 0002 0005 0001 0000 0000 0000 0000
0000 0000 0000 0000 0000 0000 0000 0000 0000 0000 0000 0000.
0000 0000 0000 0000 0000 0000 0000 0001 0000 0000 0000 0003
0001 0000 0000 0000 0000 0000 0000 0000 0000 0000 0001 0019.
0001 0000 0000 0000 0002 0001 0000 0001 0000 0002 0001 0000
0000 0000 0000 0000 0000 0000 0000 0000 0003 0005 0000 0000.
0000 0000 0000 0000 0000 0000 0000 0000 0000 0000 0000 0000
0000 0000 0000 0000 0000 0000 0000 0000 0000 0000 0000 0000=
0000 ////////// 00000=
W=
L=
Z=
G=
FN
308009 336008 357011 310006 320007 301010
294006 326007 283008 287009 288004 079004
PPC002 175015 132018 170029 153034 152032
109019 198006 214015 255010 212020 294010.
276006 232014 242013 272016 283011 026003
327006 335009 278011 004012 324003 214005
132015 179025 168012 134025 162015 136031
060018 096028 087041 046020 021012 036009.
299011 248007 216019 264015 258010 261021
260005 299011 293010 275010 PPC002 025004
101013 131015 097023 121027 108016 131029
150024 194028 138015 140012 081013 001010.
353009 324008 346007 327007 005013 005009
PPC001 006011 354012 298010 053003 102011
200013 172010 181015 030014 061020 056027
034013 026018 077026 081024 083017 346009.
005008 014010 010012 346006 316009 357009
337009 342005 357012 323008 354008 033010
067016 080006 120022 052012 044013 086022
074014 236009 317008 347013 341008 005010.
336007 PPC001 305012 320008 005007 309013
324006 227007 298012 251016 277008 300003
066008 144016 132019 183006 293021 266006
001014 294010 184010 249006 302011 329006.
358003 312011 307011 325013 296013 312012
PPC002 ////// ////// ////// ////// //////
276009 289024 272024 334037 260028 313039
339014 346020 333024 345010 289006 293013.
301013 173008 348020 335009 256013 124004
264008 352011 298005 262007 257005 312028
336020 329018 336023 347017 323017 338017
346015 332017 272019 323023 329013 298008.
302010 306018 289007 295011 311008 302008
334007 343009 182008 287010 346003 182009
204014 166030 106027 012019 285033 330016
340025 347036 329018 344018 340010 317012.
248008 295018 305011 301016 303012 258010
296008 274011 289014 279009 249006 142009
181009 179014 174024 356011 314029 321030
331040 343030 350029 326018 328028 041027.
025024 359017 356016 358013 354015 336011
350006 351014 298010 304016 259005 145013
106012 171021 003025 344018 303026 298033
297033 315025 259014 250011 278010 303010.
296020 301014 294010 278012 281009 306012
301032 304037 292034 283022 305022 301031
297023 345019 334028 278016 283035 267028
303028 324046 345022 301010 289013 307018.
300015 319011 319009 PPC000 089010 PPC002
343005 275011 295014 333006 290006 167012
209030 205031 248016 194064 258026 097016
252019 250017 262034 245023 281012 260018.
276018 264023 262026 269019 265023 262018
301014 078007 322024 320042 344020 359030
257012 323020 325041 276036 331025 007008
328039 317043 288032 291023 265007 317007.
222012 354007 289010 321014 099004 337009
339010 315011 314007 301010 PPC002 101017
149009 178025 152026 027018 285013 290048
279039 337021 332027 335018 292013 302012.
185004 316012 300014 309010 346017 000011
013019 354012 351011 349009 010003 045008
167006 140016 121018 109024 093045 036016
189021 138027 123031 129035 076019 015007.
338008 318008 294010 263016 271010 246023
254016 276015 280013 273012 229008 172012
163016 251023 179031 154027 207019 158028
181029 170023 089039 093036 065020 036012.
030004 290019 267012 262018 294012 326005
335007 282010 299009 296012 098005 110012
148015 187020 137031 197024 019012 098019
103018 133042 031006 061021 339006 319008.
322009 334007 360021 352017 346018 013021
000013 359012 348007 359011 002012 019016
092021 106022 009012 032012 048013 024021
076024 022017 057006 089009 241028 231013.
012007 315006 317007 356003 312007 301009
320004 210007 304007 284008 PPC001 115006
054009 228017 059010 173011 037013 086017
055021 039018 077030 095030 089011 358009.
351010 352010 303008 314012 347011 343010
306010 313012 319010 355011 002008 032010
082018 096012 167011 077017 177044 154044
170009 089023 102017 094038 057041 328008.
359010 005018 354018 360016 308009 320012
326011 313011 007014 339010 007010 054009
093013 145035 096025 128022 119018 150011
042014 108025 075021 124032 254009 295007.
326008 275009 279011 277009 285008 032004
292009 280007 338006 352009 PPC002 044007
010010 052014 052022 117042 100027 046020
083041 145030 210009 148015 107009 031028.
323010 284006 266007 133015 354009 336009
342007 302006 310010 356008 PPC001 005012
358015 112009 119025 107023 142024 125027
043004 267010 258016 084011 211018 070013.
011008 049023 039005 319003 351006 308003
PPC002 343007 354008 348008 352008 016010
032003 006014 014010 016013 039008 086027
048024 048007 022016 074039 353006 354013.
030005 012007 048009 030007 017017 002014
006015 018009 000013 328013 346015 334011
336011 043017 082019 023012 163017 068028
063023 056024 084020 018005 056016 038015.
027015 056023 046015 054026 039028 084028
357009 071019 082019 034019 046017 091015
056023 051018 081043 067050 047034 077053
079038 090032 082053 059029 088038 076046.
099026 036024 050013 021022 029016 042021
064024 064017 055018 049023 026011 042013
083023 062024 057020 090025 080032 052019
095020 090021 065012 037012 034014 047017.
014012 048011 043012 019009 052012 PPC001
009008 351003 PPC000 PPC000 PPC002 230006
139009 114007 115005 116011 353007 171007
138014 189010 187020 224006 326009 277006.
020004 252007 314012 290005 317008 307007
339006 280011 278007 292008 251005 168011
173014 076009 216013 129012 099013 181019
168017 182030 169025 210025 226022 264013=
315009 337007 357012 314004 320007 301010
297005 322007 280008 291008 291005 041003
284003 160015 140019 169027 152035 171032
134023 203008 209021 258012 209019 295010.
270008 237015 246013 256016 274012 056006
331005 335009 266009 360011 PPC002 204007
131017 170024 173017 156022 149021 137022
053023 093026 085045 047024 032016 010008.
299011 265007 221018 260014 252013 253017
264005 293009 291010 272009 314003 352003
103014 138014 120022 129025 114022 135030
149023 159023 141017 126013 080014 003009.
001009 332010 346006 323008 358013 004011
281005 005012 356012 304008 PPC002 113010
231010 153010 155016 048019 069021 062025
046019 053025 057020 076021 065013 005009.
354009 009012 009011 337007 322009 355010
345010 341005 001012 339008 350010 042009
059012 085007 094017 046013 048015 086019
079017 224011 349007 343011 347009 004009.
334006 301004 299011 320008 339006 312012
324007 204007 298011 260015 229010 276003
056007 151017 131023 141007 280018 267009
358014 288010 198011 279007 307008 337007.
340004 302011 307011 324012 305012 318011
352003 ////// ////// ////// ////// //////
282013 276020 275027 319032 280025 314034
335020 346021 337020 339013 288006 285012.
297013 227009 347021 336009 261012 048006
277009 354012 286007 282007 301005 321026
329022 317019 330024 350015 324018 345016
337016 343018 268015 316022 329012 295008.
306012 307018 292008 291011 312010 298010
321008 010007 230009 309008 349004 172010
187015 158029 112031 032015 294030 346019
330025 346033 335018 339015 335012 320013.
279009 294018 302013 298017 305012 276010
311007 286010 294013 290010 281006 142009
176009 178013 177023 008016 321026 317038
339038 342030 349027 325020 329029 029025.
028022 003019 359018 015012 354015 349012
352007 356012 303009 303016 272003 152013
120013 170022 311025 311023 303026 302035
299025 292018 278016 276014 278010 293010.
297019 300015 297011 279013 292010 303012
300034 299034 297033 288024 303022 304026
309022 348021 342028 280016 294035 277031
313032 327041 320023 284010 295015 306018.
304016 317011 311010 PPC002 093010 023003
328005 282011 294013 317008 302007 164011
209032 205033 230022 200059 251028 107020
253022 218029 256028 239027 283012 269018.
274017 252018 261022 273021 252026 258018
297012 062010 321025 323044 344022 001027
282019 308023 324033 281030 321024 325019
325034 315035 305036 300020 270007 297008.
190010 202005 307009 319015 066005 341009
336010 312012 314009 307010 290003 104017
131014 172027 152024 020024 016020 289043
297034 309021 311030 329019 292012 296010.
183005 314012 302014 312010 351015 353012
008017 001012 351011 351009 014004 062010
146009 147017 192017 120027 114037 092021
183022 132034 127030 123032 083018 019008.
346008 315008 296011 268014 268010 249019
262015 280013 271014 269013 214007 163013
161016 254024 195032 163032 209019 154034
177032 161023 095039 098038 069022 040013.
013007 290015 267011 259017 270014 332006
345008 287011 297008 293012 088005 119011
156018 173016 128025 276021 047013 146017
148015 132042 051011 076020 005007 304010.
311010 328008 000019 354015 347019 360018
359013 358013 359009 355012 006014 023014
087020 108022 043012 038013 068019 037021
066022 033016 052007 082009 246034 236016.
005006 314006 309008 310003 318008 314007
304004 203006 305008 298007 319004 140007
057009 208016 054009 138010 059014 061019
065019 045021 067025 100025 088012 001009.
008009 356009 304009 316011 348011 349012
313010 320011 314010 001013 007009 022009
052012 120017 186012 071018 207032 149030
229010 123024 107022 092033 053036 008011.
358011 358017 351018 357015 305010 315012
316012 308011 000013 333009 003012 055008
075013 142033 089022 101021 134023 124023
045018 099019 085024 118031 249012 301007.
313007 267009 281012 277009 295008 352006
292010 285009 329007 352010 011003 036007
008010 059015 079025 123035 103031 061026
090040 145035 192008 137018 105009 025024.
324011 290009 255009 118016 018011 349008
348008 294006 305010 353007 008003 027011
002018 058010 123026 091023 134027 123030
026005 268009 249017 141011 204019 045011.
002007 049019 057005 291003 343006 319003
059005 352007 354008 339007 360008 012011
031005 011013 008012 019012 059010 077023
037021 044008 046016 059027 010008 349014.
014008 348007 053010 018007 031019 360013
006014 014009 357011 331011 342014 338011
348010 056018 081022 044015 176017 063024
060024 056026 077020 023006 039013 021012.
033013 038016 053026 054024 050027 087027
014014 062019 072019 029019 038018 080021
068031 060021 071035 059043 066033 081047
074032 083035 083047 069036 088036 074039.
094029 059029 031013 034020 032020 046025
059025 050019 053018 051018 046015 048018
061019 056019 067022 087020 067025 056020
089019 088022 045013 045013 044013 051014.
021010 050013 035012 032010 042012 351004
004007 358004 PPC001 PPC000 109003 221006
146009 109009 054003 112011 000009 161008
143013 192013 185016 215007 339007 310004.
064005 266007 314010 306006 310008 303007
345006 235009 286007 285009 257003 169011
172017 081013 210017 117012 128018 186018
155020 196027 188024 207025 218022 261011=
038151 1259 068144 1224
047083 1658 086094 1658
032158 1313 056143 1332
041084 1619 077138 1340
024093 0840 047122 1324
032306 1538 071269 1537
037281 1044 074343 1159
036314 0836 072276 0836
042350 1510 076023 1559
046338 1516 098336 1448
048310 1352 098274 1438
051289 1438 103299 1501
064203 1118 107192 1112
050309 1222 107304 1437
043289 1400 094286 1451
041116 1323 071065 1259
050126 1354 086212 1025
050132 1604 082127 1625
050235 1828 095262 1828
041077 1735 079065 1719
048086 1806 086096 1806
041131 1356 067138 1424
075152 1530 136157 1527
037139 1308 068094 2340
038064 1621 105049 1620
043057 1533 089083 1533
057091 1813 114093 1810
044093 2106 092089 2106
021138 1434 031068 2136
037199 1741 068254 1821=
D=
K=
A=
S=
B=
??????
******
YF
O2182
河南省
豫洛宁马店
洛宁县马店乡吕村村人影基地
山地；乡村；地面
空缺
计算机
计算机
计算机
计算机
计算机
20120716=
JY
8888=
GK
01/
05/=
BZ
BB/07/06时气温用正点后10分钟值代替。07时气温用正点前10分钟值代替。08时气温用正点前10分钟值代替。日最低气温用03时14分数据代替。
00/342741/1112845
10/24/逐时观测
10/24/24时连续观测
11/不守班=
######
