O2196 3409N 11155E 004650 004650 105 000 S15 91999999919999199999 0 2011 02
P=
TB
-015 -023 -037 -047 -058 -067 -072 -084 -080 -085 -090 -085
-045 0017 0062 0079 0088 0084 0089 0088 0086 0050 0006 -017 0091 1444 -094 0617.
-035 -051 -063 -075 -086 -086 -092 -098 -095 -104 -101 -101
-041 0005 0052 0096 0127 0119 0120 0126 0119 0081 0029 0001 0132 1306 -105 0558.
-011 -020 -033 -035 -044 -050 -049 -061 -065 -054 -057 -047
-034 0003 0052 0091 0105 0112 0114 0103 0091 0068 0017 0001 0118 1439 -067 0510.
-018 -031 -038 -044 -048 -055 -055 -059 -054 -043 -040 -041
-018 0014 0052 0089 0134 0132 0134 0127 0115 0098 0056 0028 0142 1319 -062 0415.
0008 -012 -028 -036 -045 -049 -059 -059 -068 -074 -076 -070
-033 0007 0034 0085 0112 0114 0135 0107 0093 0058 0029 0012 0147 1449 -078 0636.
0000 -010 -020 -013 -011 -025 -022 -034 -024 -028 -026 -020
0007 0049 0086 0133 0142 0136 0130 0124 0116 0102 0087 0054 0144 1246 -034 0345.
0039 0033 0025 0018 0005 0003 -007 -005 0003 -001 -012 -017
0007 0035 0076 0092 0096 0108 0110 0109 0102 0091 0058 0050 0114 1533 -018 0716.
0041 0035 0030 0020 0017 0003 -003 -007 -014 -021 -026 -023
0012 0053 0090 0111 0116 0123 0121 0122 0109 0095 0086 0079 0124 1359 -028 0705.
0075 0069 0064 0058 0049 0045 0041 0037 0034 0028 0026 0024
0022 -003 -003 -009 -009 -009 -012 -019 -020 -022 -023 -023 0079 2001 -024 1837.
-025 -025 -027 -025 -030 -033 -038 -032 -030 -028 -026 -026
-017 -015 -004 0007 0027 0035 0045 0044 0042 0030 0011 -004 0048 1540 -041 0250.
-011 -020 -022 -028 -018 -014 -010 -009 -011 -011 -012 -014
-009 0010 0045 0071 0084 0075 0077 0079 0071 0055 0022 -002 0084 1259 -030 2349.
-011 -024 -031 -039 -040 -039 -020 -015 -013 -002 -001 -002
0000 0002 0009 0015 0033 0047 0036 0032 0030 0019 0008 0003 0056 1430 -045 0116.
-005 -021 -034 -039 -042 -048 -050 -058 -057 -053 -054 0016
0025 0035 0041 0051 0053 0055 0051 0043 0040 0030 0016 -009 0062 1154 -061 0414.
-027 -036 -030 -056 -067 -073 -081 -082 -071 -066 -064 -064
-060 -049 -038 -013 0008 0014 0021 0022 0016 0004 -009 -014 0024 1526 -087 0323.
-038 -046 -054 -065 -061 -054 -056 -061 -075 -081 -067 -053
-040 -033 -023 -025 -026 -031 -038 -035 -030 -034 -036 -037 -014 2001 -082 0603.
-037 -037 -036 -038 -038 -038 -037 -038 -037 -037 -036 -035
-018 0000 0016 0041 0052 0055 0056 0057 0052 0046 0031 0025 0063 1345 -039 0210.
0022 0020 0017 0015 0013 0013 0010 0006 0002 -011 -014 -020
0012 0066 0104 0104 0118 0111 0108 0105 0092 0077 0066 0060 0119 1309 -025 0722.
0056 0039 0022 0013 0009 0009 0007 0009 0000 -003 -007 -009
0008 0031 0040 0049 0057 0060 0059 0059 0056 0051 0041 0036 0063 1435 -009 0757.
0028 0019 0001 -007 -017 -024 -026 -028 -031 -032 -037 -030
-016 0015 0048 0067 0093 0093 0092 0088 0083 0072 0041 0023 0097 1316 -038 0708.
0014 0003 -009 -006 -010 -021 -023 -028 -032 -035 -044 -040
-016 0017 0050 0080 0085 0091 0088 0089 0089 0077 0051 0027 0093 1403 -045 0647.
0017 0000 -012 -020 -028 -029 -021 -013 -009 -004 -002 0001
0009 0018 0033 0047 0050 0057 0058 0060 0058 0052 0044 0043 0060 1537 -031 0151.
0040 0037 0034 0032 0031 0029 0028 0026 0026 0023 0022 0025
0037 0052 0074 0094 0105 0114 0119 0119 0115 0103 0073 0056 0122 1441 0021 0705.
0051 0037 0017 0006 -003 -008 -012 -022 -029 -029 -033 -023
0024 0080 0123 0157 0167 0170 0171 0172 0169 0146 0100 0076 0178 1530 -036 0710.
0057 0050 0033 0022 0017 0007 -001 -003 -010 -014 -015 -004
0034 0093 0136 0156 0160 0158 0161 0156 0149 0137 0121 0110 0165 1436 -018 0645.
0098 0089 0081 0080 0078 0079 0076 0072 0069 0072 0070 0068
0067 0064 0056 0047 0041 0040 0043 0046 0044 0043 0042 0040 0110 2001 0040 1358.
0035 0031 0029 0023 0018 0016 0010 0007 0003 -001 -001 -001
-001 0001 -001 -001 -001 0000 -001 -002 -002 -004 -004 -005 0040 2001 -005 1733.
-004 -004 -003 -002 -003 -001 -002 0000 0000 0000 0001 0002
0003 0006 0009 0010 0011 0013 0014 0012 0012 0013 0013 0011 0016 1422 -005 2001.
0009 0009 0009 0008 0008 0005 0002 0000 -002 -002 -002 0000
-003 -002 -001 0001 0004 0004 0000 0000 0000 -005 -007 -008 0011 2012 -008 1903=
I=
E=
U=
N=
H=
C=
V=
R6
,,,, ,,,, ,,,,
,,,, ,,,, ,,,,
,,,, ,,,, ,,,,
,,,, ,,,, ,,,,
,,,, ,,,, ,,,,
,,,, ,,,, ,,,,
,,,, ,,,, ,,,,
,,,, ,,,, ,,,,
,,,, ,,,, ,,,,
,,,, ,,,, ,,,,
,,,, ,,,, ,,,,
,,,, ,,,, ,,,,
,,,, ,,,, ,,,,
,,,, ,,,, ,,,,
,,,, ,,,, ,,,,
,,,, ,,,, ,,,,
,,,, ,,,, ,,,,
,,,, ,,,, ,,,,
,,,, ,,,, ,,,,
,,,, ,,,, ,,,,
,,,, ,,,, ,,,,
,,,, ,,,, ,,,,
,,,, ,,,, ,,,,
,,,, ,,,, ,,,,
,,,, ,,,, ,,,,
,,,, ,,,, ,,,,
,,,, ,,,, ,,,,
,,,, ,,,, ,,,,=
=
0000 ////////// 00000=
W=
L=
Z=
G=
FN
055012 078008 PPC002 174005 068012 089012
099011 047004 320011 306005 030011 311013
341008 184006 323023 322037 315030 340042
319037 313023 321016 PPC000 036007 057010.
125008 060010 PPC002 PPC000 081005 PPC001
PPC000 PPC001 025008 098005 171004 062003
313005 176006 167011 197009 112021 098023
117026 078024 094026 306011 307005 312007.
300005 068005 084009 039012 203007 054005
063007 335006 036009 PPC001 PPC002 146005
PPC000 327007 248004 140018 158015 066007
086027 054018 067020 328008 306007 PPC000.
091007 052006 089007 076004 017009 PPC001
PPC002 018007 076009 033006 002004 329014
286008 PPC001 229003 177015 308039 349031
288022 309031 323032 340016 048004 034014.
143009 094012 022013 098004 233009 109003
359007 087008 060005 023010 107004 315005
321007 144005 169005 182016 128020 175024
090034 078018 078008 PPC000 PPC000 341007.
051007 066004 044007 056011 146010 313003
351010 072008 003007 018009 336012 197006
111008 PPC002 296010 136005 093023 120034
083026 034036 070019 333020 PPC002 320006.
040009 333007 080006 110007 059008 PPC000
060009 067004 PPC001 064003 111007 054007
114006 132007 202009 091010 083014 018015
102027 097019 143013 131010 329009 233003.
088005 072014 PPC000 000006 114005 PPC001
031012 097009 042003 PPC002 083004 PPC000
PPC000 155006 160006 017013 354016 074020
044014 093028 037018 032021 343015 358019.
359022 007024 032022 031023 036018 011015
358016 338011 030014 025014 335020 299006
257009 025015 073011 115015 099011 089018
082015 084037 127012 160011 115017 119023.
PPC001 PPC002 PPC000 PPC001 068006 PPC002
PPC001 286006 321005 108007 201004 333005
PPC000 PPC002 010004 122004 219008 308006
102010 101025 111018 028013 086013 346005.
348003 PPC000 016006 PPC000 007003 325003
181005 PPC002 285015 285011 299012 310010
115010 146022 164016 142010 331013 313022
314018 093010 094019 108028 345008 072010.
290004 345009 071010 080012 004010 284008
348007 172008 PPC002 012013 078009 158009
017010 049016 002011 357006 336013 106011
075020 006024 065020 057015 018015 077005.
086016 PPC001 014010 087006 050005 307008
079005 089009 047006 125005 061004 305040
296047 300033 305033 342042 297058 273045
288022 311042 305032 000026 335010 164013.
139011 128005 152008 054012 PPC002 001010
030009 074006 200003 PPC002 013003 225008
002008 ////// 099011 114030 138033 344016
037028 013042 343016 073020 331012 323017.
326008 328009 PPC002 PPC002 305009 166005
073004 324006 PPC001 PPC000 PPC000 PPC000
251005 090011 146006 119021 116012 086009
260004 161006 PPC001 099012 045006 115012.
PPC001 PPC000 129010 086011 112011 136010
PPC002 326006 PPC002 323006 005005 PPC000
////// 147005 166007 146012 118021 113030
068015 127014 115012 107010 313013 PPC000.
PPC001 355007 329006 096005 011009 PPC000
064006 355006 PPC002 339006 045006 PPC002
PPC001 337008 162015 106037 127032 108037
095037 066013 049035 245019 355020 346022.
340011 044003 316003 298007 168004 015005
256003 350007 051007 341007 073007 PPC000
PPC000 154011 016008 358007 107012 103019
091027 091023 086011 092013 PPC002 101007.
091010 056008 PPC000 339008 049003 PPC000
041005 046007 090007 110005 332005 085003
PPC000 245009 171007 168008 253010 126036
025014 339020 015018 011007 PPC000 335004.
PPC000 336005 PPC000 091010 018008 PPC000
010009 042006 025009 PPC000 PPC000 PPC000
PPC000 PPC000 PPC000 159010 055020 075013
077022 041016 021019 344008 004008 304005.
PPC002 PPC000 081005 PPC000 077012 PPC000
098008 PPC000 020005 PPC001 PPC000 PPC000
PPC000 PPC000 177005 092005 162011 103013
103014 359004 PPC001 317009 PPC002 127003.
078011 075007 PPC002 PPC002 PPC000 PPC000
047005 PPC000 PPC000 PPC000 PPC000 PPC000
PPC000 PPC000 PPC000 139008 142019 166014
124015 087015 359008 141008 319008 PPC001.
048009 042008 049005 082008 068008 058004
334007 PPC001 018007 PPC001 055005 PPC001
290006 172011 138008 088019 134025 080033
035014 032017 076020 321009 067012 PPC001.
312006 053009 046007 PPC000 PPC001 076004
052005 035006 PPC000 PPC001 068008 102006
307006 167006 200010 035032 030024 095028
045026 095041 026028 032028 018022 318017.
313013 328025 336019 317009 006009 226005
011003 PPC000 201003 088016 066013 017014
050017 013013 359012 332017 019025 025017
308012 330011 340011 334013 007017 341012.
010017 354013 003016 337006 348010 058008
082020 100018 080018 086017 072010 093021
083023 132015 074020 101009 097008 105013
111015 PPC000 PPC000 PPC000 PPC000 PPC000.
PPC000 PPC000 PPC000 PPC000 PPC000 PPC000
PPC000 PPC000 PPC000 PPC000 PPC000 PPC000
PPC000 145010 141008 070005 134011 089012
105013 076014 340007 090006 122011 151007.
051008 121005 092014 032003 096011 134016
096011 083014 124013 090006 005010 165021
090007 PPC000 PPC000 PPC000 PPC002 PPC000
PPC000 239005 PPC000 PPC000 PPC000 PPC000=
054010 061008 PPC002 025005 065008 079012
059010 323005 340010 327004 054008 334009
298009 205007 021026 312036 303027 329034
321027 317025 324018 PPC002 037006 052011.
108007 057010 PPC002 PPC002 076003 079004
PPC000 PPC002 035008 128003 PPC002 052003
PPC002 209004 176012 195008 135022 093027
113026 080025 106026 319010 304005 343004.
011005 069004 078009 042011 164005 049007
053007 318006 042008 118006 PPC002 167004
PPC002 342007 234005 123012 160013 093011
089030 048024 059023 334007 306005 PPC000.
067008 051007 079008 052003 025009 021003
PPC002 025006 108007 024005 044004 006009
225008 PPC002 001004 176014 312032 335034
285025 305024 317022 332015 015007 033010.
193006 081010 045011 122005 346009 119003
338007 070006 056005 011009 092004 328005
359005 117005 185004 176016 143018 177021
091036 087023 076011 PPC001 PPC000 357007.
054007 039006 047005 027011 020011 343006
002010 047005 037008 043009 335012 178007
099006 027003 282008 090009 094025 099030
079024 028031 046025 334018 317008 347006.
022009 351007 080005 092006 065006 338003
065008 074006 PPC002 061003 062006 057005
133005 153007 217008 056009 103015 033014
096025 114020 142014 130010 338009 285006.
075007 085013 352003 013006 113007 091004
043011 098006 045005 133003 065005 PPC000
PPC000 151003 183007 054009 027018 064018
064022 088025 037020 020023 353017 347018.
004024 010021 022022 024027 036022 015018
353016 010013 017016 037016 336017 331007
327013 017014 064009 105017 096013 091018
090017 084035 125012 155014 120016 129019.
PPC001 151003 PPC002 PPC002 032005 PPC002
338003 280004 327005 107008 220004 314006
PPC000 PPC002 341005 096005 200009 281006
100012 106022 102018 061012 080012 018005.
020003 PPC000 024006 PPC002 010004 PPC002
198003 182003 279012 291012 294010 297007
190009 143020 171015 136014 300016 316028
311016 070010 096020 110027 334009 058010.
312004 348007 081009 077011 016008 299007
343007 198007 261003 019013 075008 149010
002009 047015 008010 340008 325012 131015
064022 030022 073019 060018 016016 086006.
086016 PPC001 021008 088006 044004 009006
040004 096006 028008 151007 331006 305034
301047 301032 313036 333036 308051 289044
297026 320041 314031 357026 336011 134010.
111009 051005 171008 067010 052004 015008
004008 071006 234004 303005 025004 212008
349008 ////// 100013 105027 126028 352020
033028 015032 046023 066021 337013 328016.
332008 328008 328005 297003 305008 168005
027003 311004 PPC001 PPC001 PPC001 PPC001
273005 067009 114009 105020 116012 080010
206004 189005 PPC002 091012 063006 110012.
PPC002 PPC001 116009 089011 106011 136008
PPC002 317005 PPC002 326007 348004 PPC000
////// 133005 165006 154012 130021 117028
082016 116019 110013 110010 322011 PPC002.
PPC002 035004 346006 134003 017006 PPC000
058007 001006 PPC002 355006 038007 030004
347003 252009 167012 101039 110031 109036
093031 065019 057032 046021 346021 341022.
339014 PPC002 320006 299006 179004 002005
200004 301007 038006 349006 060007 PPC001
PPC000 169010 036009 024011 096015 089019
089022 065018 056011 084010 026003 054006.
079007 072007 PPC001 332005 PPC002 PPC001
036006 044007 090005 111005 338004 052003
PPC000 206008 174006 199008 255009 121031
028017 030020 285014 031008 PPC001 323005.
PPC001 335005 PPC000 080008 025009 PPC002
020009 048005 031007 PPC000 PPC000 PPC000
PPC000 PPC000 PPC000 173010 074020 059016
071025 061017 028019 358011 347008 313004.
PPC002 PPC001 065005 PPC000 069011 PPC002
089008 PPC000 008005 132003 PPC001 PPC001
PPC000 PPC001 164003 122006 170010 094013
080013 035005 328003 314008 PPC002 149003.
075010 074006 026003 PPC002 PPC000 PPC000
014004 PPC000 PPC000 PPC000 PPC000 PPC000
PPC000 PPC000 PPC000 165008 139019 148017
118017 072014 021008 137008 324007 PPC002.
052007 048010 080005 087009 069007 078003
012006 PPC001 043005 069003 047004 PPC002
289005 177010 152009 072020 119029 076032
032020 037018 078021 330007 042008 PPC002.
319007 051008 056008 PPC001 PPC002 PPC002
055004 045006 PPC000 PPC002 066009 100007
291005 200006 211008 052027 038026 078035
030028 085039 017029 021025 358019 323021.
320017 334025 340020 313009 036008 049008
005004 PPC000 226003 086016 076014 004012
054015 005014 012013 345016 352023 010017
311014 336013 332011 337014 011016 351015.
358016 357015 002016 339009 337012 046009
085021 099018 075018 087016 035011 103021
083019 123015 083019 127008 082007 105013
107015 PPC000 PPC000 PPC000 PPC000 PPC000.
PPC000 PPC000 PPC000 PPC000 PPC000 PPC000
PPC000 PPC000 PPC000 PPC000 PPC000 PPC000
002004 146010 165006 352005 127010 095011
109010 081014 356006 085007 116010 149007.
046008 120004 087013 040006 104011 107016
094013 093013 132012 083006 352011 163017
081008 PPC000 PPC000 PPC000 PPC002 PPC002
PPC002 232004 PPC000 PPC000 PPC000 PPC000=
045333 1115 089293 1144
039111 1315 063066 1507
039093 1442 075017 1649
042329 1343 082343 1634
039082 1511 068049 1504
036017 1604 069023 1725
030117 1453 045135 1441
035079 1529 060085 1401
044088 1542 070014 2343
024096 1627 037121 1600
037319 1413 074316 1412
029143 1415 065075 1514
054315 1008 131318 1005
034110 1306 071359 1516
023117 1046 032097 1043
028117 1400 049116 1522
049107 1213 091111 1205
026339 2006 053028 2005
034119 1403 057123 1402
030104 1234 055020 1522
018082 1426 027052 1423
025141 1355 039148 1345
033126 1245 063066 1407
041023 1441 104042 1408
028332 2242 055333 2159
025084 0255 043011 2118
017092 1442 023086 1433
023140 0746 036151 0750=
D=
K=
A=
S=
B=
??????
******
YF
O2196
河南省
豫嵩县德亭
嵩县德亭镇德亭村
丘陵；乡村；地面
未上报
计算机
计算机
计算机
计算机
计算机
20110504=
JY
8888=
GK
01/
05/=
BZ
BB/02-28/由于河南省大气探测装备中心对区域自动站设备升级，造成本月正点与分钟数据不符，部分仪器最大风、极大风时间错误，所有数据基本不可用。因此，为了保证数据文件的完整性，仅对A文件进行了处理，未处理J文件。
BB/14/10时气温用前后正点数据内插求得。
BB/16/09时气温用前后正点数据内插求得。
00/340843/1115458
10/24/逐时观测
10/24/24时连续观测
11/不守班=
######
