O2180 3414N 11120E 006920 006920 105 000 S15 91999999919999199999 0 2010 09
P=
TB
0208 0197 0201 0203 0203 0197 0202 0199 0199 0198 0196 0207
0215 0246 0258 0255 0271 0272 0256 0250 0250 0245 0225 0213 0282 1317 0190 0642.
0207 0209 0204 0208 0201 0202 0200 0201 0198 0199 0188 0188
0187 0196 0201 0215 0218 0220 0225 0223 0223 0216 0209 0206 0228 1333 0183 0733.
0200 0198 0198 0194 0189 0184 0173 0173 0170 0158 0166 0195
0213 0227 0248 0282 0274 0273 0269 0269 0259 0238 0228 0218 0284 1201 0158 0600.
0201 0196 0201 0199 0201 0201 0195 0188 0186 0191 0195 0203
0212 0226 0226 0230 0230 0242 0243 0236 0236 0230 0218 0218 0251 1450 0185 0452.
0214 0212 0211 0210 0207 0206 0201 0198 0203 0197 0201 0206
0212 0216 0221 0221 0215 0208 0206 0205 0202 0199 0199 0198 0226 1108 0196 0547.
0198 0197 0196 0194 0193 0193 0191 0191 0191 0192 0192 0191
0187 0188 0191 0194 0196 0195 0187 0189 0185 0177 0178 0179 0199 2011 0177 1748.
0181 0182 0183 0180 0180 0180 0179 0180 0180 0181 0182 0185
0187 0192 0196 0196 0192 0196 0201 0200 0198 0196 0191 0190 0202 1435 0179 0127.
0185 0176 0172 0171 0163 0165 0165 0169 0171 0176 0180 0186
0187 0214 0219 0223 0225 0224 0212 0223 0202 0200 0192 0189 0230 1327 0163 0100.
0191 0189 0184 0183 0181 0180 0178 0177 0174 0171 0174 0178
0180 0186 0189 0189 0191 0198 0191 0186 0179 0173 0168 0166 0199 1346 0166 2000.
0164 0162 0163 0159 0152 0149 0152 0153 0147 0142 0150 0174
0185 0213 0233 0252 0265 0267 0278 0280 0257 0231 0200 0189 0285 1614 0135 0541.
0182 0176 0174 0169 0160 0154 0161 0170 0164 0160 0168 0186
0200 0238 0266 0279 0293 0302 0313 0298 0277 0253 0212 0188 0318 1417 0154 0147.
0176 0168 0162 0159 0156 0160 0157 0157 0156 0160 0163 0187
0212 0243 0260 0286 0294 0291 0286 0276 0273 0258 0236 0224 0306 1342 0153 0115.
0200 0192 0189 0182 0184 0176 0168 0164 0156 0150 0153 0185
0221 0248 0256 0263 0263 0271 0277 0277 0258 0232 0223 0202 0283 1412 0146 0616.
0195 0194 0178 0173 0168 0164 0162 0165 0157 0156 0165 0182
0192 0202 0207 0214 0223 0237 0242 0240 0235 0229 0221 0210 0247 1350 0154 0542.
0212 0206 0206 0203 0201 0195 0191 0198 0197 0197 0198 0205
0219 0221 0227 0252 0257 0261 0260 0254 0248 0235 0230 0226 0268 1455 0189 0248.
0221 0220 0216 0215 0214 0211 0208 0210 0207 0205 0209 0209
0210 0222 0242 0256 0270 0267 0268 0257 0243 0234 0228 0225 0275 1248 0205 0542.
0223 0221 0220 0219 0219 0218 0214 0207 0204 0202 0209 0224
0244 0253 0268 0280 0279 0295 0289 0285 0277 0264 0250 0249 0296 1350 0199 0437.
0242 0235 0233 0228 0225 0222 0212 0209 0206 0200 0201 0224
0246 0254 0281 0283 0283 0278 0265 0238 0226 0213 0201 0197 0295 1244 0197 0625.
0191 0186 0181 0178 0175 0171 0168 0164 0160 0159 0158 0159
0162 0160 0166 0171 0168 0171 0166 0162 0159 0159 0158 //// 0197 2001 0157 0638.
//// 0161 0160 0161 0160 0161 0159 0160 0160 0159 0160 0162
0164 0166 0171 0181 0191 0193 0198 0188 0186 0181 0179 0179 0199 1501 0158 2004.
0178 0179 0180 0179 0182 0183 0184 0183 0186 0187 0195 0209
0218 0218 0218 0215 0216 0214 0211 0210 0204 0194 0191 0194 0222 0925 0157 1951.
0154 0141 0139 0138 0135 0133 0134 0135 0137 0136 0135 0133
0135 0136 0138 0148 0154 0177 0181 0193 0202 0194 0174 0144 0206 1612 0132 0707.
0131 0126 0119 0117 0118 0127 0128 0123 0122 0120 0119 0121
0131 0140 0156 0169 0179 0198 0201 0197 0194 0186 0177 0167 0216 1347 0114 2246.
0157 0155 0156 0151 0152 0147 0145 0141 0138 0134 0132 0132
0129 0126 0125 0126 0116 0118 0108 0109 0100 0092 0090 0092 0159 2011 0087 1943.
0086 0080 0080 0080 0080 0081 0084 0085 0087 0088 0089 0093
0100 0116 0127 0137 0141 0136 0133 0136 0138 0139 0130 0127 0145 1112 0079 2138.
0123 0125 0116 0106 0110 0102 0103 0100 0107 0107 0104 0113
0122 0143 0155 0171 0190 0215 0218 0214 0213 0204 0183 0158 0228 1343 0096 0248.
0157 0153 0142 0136 0135 0130 0130 0129 0129 0132 0130 0133
0147 0172 0200 0215 0246 0249 0244 0239 0237 0223 0199 0170 0257 1215 0124 0515.
0168 0163 0158 0150 0141 0140 0140 0140 0139 0136 0134 0136
0148 0154 0148 0143 0140 0140 0139 0145 0140 0136 0125 0114 0168 2001 0107 1949.
0104 0097 0095 0092 0092 0093 0095 0098 0099 0102 0105 0109
0115 0121 0139 0144 0170 0190 0188 0196 0201 0192 0169 0142 0208 1550 0091 2308.
0137 0115 0110 0101 0095 0095 0099 0095 0102 0107 0102 0115
0128 0153 0175 0189 0206 0206 0212 0200 0191 0183 0170 0169 0217 1248 0092 0051=
I=
E=
U=
N=
H=
C=
V=
R6
0000 0000 0000
0020 0004 0024
0000 0000 0000
0000 0000 0000
0000 0072 0072
0009 0247 0256
0095 0018 0113
0000 0006 0006
0002 0088 0090
0000 0001 0001
0000 0000 0000
0000 0000 0000
0000 0000 0000
0000 0000 0000
0000 0000 0000
0000 0000 0000
0000 0000 0000
0000 0000 0000
0006 0001 0007
0000 0000 0000
0000 0000 0000
0036 0000 0036
0000 0000 0000
0001 0145 0146
0028 0007 0035
0000 0000 0000
0000 0000 0000
0000 0000 0000
0011 0000 0011
0000 0000 0000=
0000 0000 0000 0000 0000 0000 0000 0000 0000 0000 0000 0000
0000 0000 0000 0000 0000 0000 0000 0000 0000 0000 0000 0000.
0000 0000 0000 0000 0000 0000 0000 0000 0000 0000 0000 0020
0000 0000 0001 0003 0000 0000 0000 0000 0000 0000 0000 0000.
0000 0000 0000 0000 0000 0000 0000 0000 0000 0000 0000 0000
0000 0000 0000 0000 0000 0000 0000 0000 0000 0000 0000 0000.
0000 0000 0000 0000 0000 0000 0000 0000 0000 0000 0000 0000
0000 0000 0000 0000 0000 0000 0000 0000 0000 0000 0000 0000.
0000 0000 0000 0000 0000 0000 0000 0000 0000 0000 0000 0000
0000 0000 0000 0000 0000 0000 0020 0016 0015 0016 0004 0001.
0000 0001 0000 0000 0000 0000 0000 0000 0000 0000 0000 0008
0031 0024 0016 0019 0026 0019 0034 0023 0015 0003 0010 0027.
0014 0015 0005 0001 0006 0013 0004 0009 0012 0007 0004 0005
0002 0000 0001 0000 0009 0005 0001 0000 0000 0000 0000 0000.
0000 0000 0000 0000 0000 0000 0000 0000 0000 0000 0000 0000
0006 0000 0000 0000 0000 0000 0000 0000 0000 0000 0000 0000.
0000 0000 0000 0001 0000 0000 0001 0000 0000 0000 0000 0000
0000 0000 0000 0001 0009 0006 0014 0022 0024 0007 0003 0002.
0000 0000 0000 0000 0000 0000 0000 0000 0000 0000 0000 0000
0000 0000 0001 0000 0000 0000 0000 0000 0000 0000 0000 0000.
0000 0000 0000 0000 0000 0000 0000 0000 0000 0000 0000 0000
0000 0000 0000 0000 0000 0000 0000 0000 0000 0000 0000 0000.
0000 0000 0000 0000 0000 0000 0000 0000 0000 0000 0000 0000
0000 0000 0000 0000 0000 0000 0000 0000 0000 0000 0000 0000.
0000 0000 0000 0000 0000 0000 0000 0000 0000 0000 0000 0000
0000 0000 0000 0000 0000 0000 0000 0000 0000 0000 0000 0000.
0000 0000 0000 0000 0000 0000 0000 0000 0000 0000 0000 0000
0000 0000 0000 0000 0000 0000 0000 0000 0000 0000 0000 0000.
0000 0000 0000 0000 0000 0000 0000 0000 0000 0000 0000 0000
0000 0000 0000 0000 0000 0000 0000 0000 0000 0000 0000 0000.
0000 0000 0000 0000 0000 0000 0000 0000 0000 0000 0000 0000
0000 0000 0000 0000 0000 0000 0000 0000 0000 0000 0000 0000.
0000 0000 0000 0000 0000 0000 0000 0000 0000 0000 0000 0000
0000 0000 0000 0000 0000 0000 0000 0000 0000 0000 0000 0000.
0000 0000 0000 0000 0000 0000 0000 0000 0000 0000 0000 0000
0000 0000 0000 0000 0000 0000 0000 0000 0000 0000 0000 0000.
0001 0000 0001 0001 0001 0000 0001 0000 0001 0000 0000 0000
0000 0000 0000 0001 0000 0000 0000 0000 0000 0000 0000 0000.
0000 0000 0000 0000 0000 0000 0000 0000 0000 0000 0000 0000
0000 0000 0000 0000 0000 0000 0000 0000 0000 0000 0000 0000.
0000 0000 0000 0000 0000 0000 0000 0000 0000 0000 0000 0000
0000 0000 0000 0000 0000 0000 0000 0000 0000 0000 0000 0000.
0001 0001 0005 0001 0000 0000 0003 0003 0003 0012 0006 0001
0000 0000 0000 0000 0000 0000 0000 0000 0000 0000 0000 0000.
0000 0000 0000 0000 0000 0000 0000 0000 0000 0000 0000 0000
0000 0000 0000 0000 0000 0000 0000 0000 0000 0000 0000 0000.
0000 0000 0000 0000 0000 0000 0000 0000 0000 0000 0000 0001
0009 0015 0005 0012 0021 0011 0007 0014 0010 0018 0015 0008.
0011 0006 0003 0005 0001 0000 0001 0000 0000 0001 0000 0000
0000 0000 0000 0000 0002 0004 0000 0001 0000 0000 0000 0000.
0000 0000 0000 0000 0000 0000 0000 0000 0000 0000 0000 0000
0000 0000 0000 0000 0000 0000 0000 0000 0000 0000 0000 0000.
0000 0000 0000 0000 0000 0000 0000 0000 0000 0000 0000 0000
0000 0000 0000 0000 0000 0000 0000 0000 0000 0000 0000 0000.
0000 0000 0000 0000 0000 0000 0000 0000 0000 0000 0000 0000
0000 0000 0000 0000 0000 0000 0000 0000 0000 0000 0000 0000.
0001 0004 0003 0001 0001 0000 0000 0000 0001 0000 0000 0000
0000 0000 0000 0000 0000 0000 0000 0000 0000 0000 0000 0000.
0000 0000 0000 0000 0000 0000 0000 0000 0000 0000 0000 0000
0000 0000 0000 0000 0000 0000 0000 0000 0000 0000 0000 0000=
0000 ////////// 00000=
W=
L=
Z=
G=
FN
049008 099008 081005 116013 109007 065003
071009 PPC001 274008 PPC001 334012 084009
137010 162015 134020 062012 049010 114020
069016 239003 110015 051009 114009 213003.
149009 177005 081005 PPC001 286005 289006
306008 246007 PPC002 286011 108011 //////
152007 040005 039006 088012 075017 038012
099008 067010 059006 127010 062006 103011.
094006 058006 100012 075010 076009 089006
188003 050005 085012 090007 062006 170007
267010 215008 246013 198010 115016 130017
114021 060022 062010 103020 099018 081008.
PPC001 PPC000 258006 088009 075005 075007
043006 126008 359004 091015 097010 094008
109016 051017 057009 131027 069027 064019
070021 126015 064013 081010 PPC001 081013.
094021 125011 093009 030004 102006 117010
130008 094009 100013 085008 107009 110010
115013 087014 084017 113011 124010 106022
119013 091015 104021 091017 ////// 118008.
070005 106011 078010 067007 117007 086006
097008 109010 084006 136011 094016 094009
118017 061015 092015 098026 073017 086020
105025 092035 063025 110023 105016 102016.
068014 085017 078028 076007 109010 118006
113006 276007 090005 PPC002 PPC001 150005
087013 101013 104007 119011 PPC002 222009
212011 ////// 212010 215009 222010 009007.
PPC000 PPC001 PPC000 088003 152004 PPC000
066005 PPC000 293007 273007 PPC001 072006
265004 159003 065009 113019 104022 089026
084023 062015 061014 014012 113011 083013.
315007 039011 084004 098005 110010 //////
089006 129005 094006 165007 061007 PPC001
273010 357007 341009 300009 303007 239009
238014 132008 095007 263004 192004 272005.
228006 278010 265017 289009 275005 250011
240013 265015 330012 286013 253019 295022
287023 326018 256013 297015 259014 324013
309011 317012 267008 290010 303004 063006.
286007 350003 113005 030004 102003 205006
279012 298023 280021 276019 283019 268025
307029 258016 354007 233004 295016 304016
188020 175013 106018 087011 080010 120005.
PPC001 250005 196003 291008 281011 273009
268019 255017 260017 ////// 280012 256019
269021 306022 216026 094007 296008 058020
126019 116023 105022 104009 072013 070009.
061003 170010 PPC000 289010 PPC000 PPC002
PPC001 113005 PPC000 PPC000 152005 310005
199007 109013 138027 092022 055017 092020
115012 058015 116010 108004 087010 119007.
067004 081006 002003 PPC000 PPC000 135003
113010 097012 PPC000 PPC000 084011 130012
////// 089015 098011 139015 118024 139014
060014 133021 126014 104011 090007 107009.
099009 PPC000 061004 PPC002 083008 083005
026003 084015 040008 102011 095003 102006
083013 125022 116024 138020 063017 082020
115025 105032 071017 090022 113014 095012.
196003 020003 359003 PPC001 060005 105012
177005 035008 087010 113010 071014 127009
101016 045017 150015 139019 082020 114043
107028 071029 105027 103012 072023 112014.
113013 114011 155006 265006 208003 304008
093006 075006 PPC001 287004 255014 044004
168012 110020 108023 081017 107028 096030
078031 106037 078022 ////// PPC001 098010.
085012 169007 PPC000 PPC000 PPC000 102007
PPC000 ////// 074008 147006 PPC000 182005
109014 074013 115018 090027 084022 094031
102033 088028 ////// 084020 065020 123016.
112016 098016 076013 096019 057010 096022
078016 089017 107014 093016 094015 059012
100014 112019 ////// 079013 039008 072018
121026 089019 081013 091011 090014 //////.
////// 064010 065008 067010 116012 065010
113010 105012 077012 061008 081009 //////
106012 073009 122011 124020 107015 060018
136015 103020 098016 109005 078012 078009.
294004 073007 PPC001 269006 334008 PPC002
354008 260004 300008 268014 219013 299021
276027 297043 ////// ////// ////// //////
////// ////// ////// ////// ////// //////.
////// ////// ////// ////// ////// //////
////// ////// ////// ////// ////// //////
////// ////// ////// ////// ////// //////
////// ////// ////// ////// ////// //////.
////// ////// ////// ////// ////// //////
////// ////// ////// ////// ////// //////
////// ////// ////// ////// ////// //////
////// ////// ////// ////// ////// //////.
////// ////// ////// ////// ////// //////
////// ////// ////// ////// ////// //////
////// ////// ////// ////// ////// //////
////// ////// ////// ////// ////// //////.
////// ////// ////// ////// ////// //////
////// ////// ////// ////// ////// //////
////// ////// ////// ////// ////// //////
////// ////// ////// ////// ////// //////.
////// ////// ////// ////// ////// //////
////// ////// ////// ////// ////// //////
////// ////// ////// ////// ////// //////
////// ////// ////// ////// ////// //////.
////// ////// ////// ////// ////// //////
////// ////// ////// ////// ////// //////
////// ////// ////// ////// ////// //////
////// ////// ////// ////// ////// //////.
////// ////// ////// ////// ////// //////
////// ////// ////// ////// ////// //////
////// ////// ////// ////// ////// //////
////// ////// ////// ////// ////// //////.
////// ////// ////// ////// ////// //////
////// ////// ////// ////// ////// //////
////// ////// ////// ////// ////// //////
////// ////// ////// ////// ////// //////.
////// ////// ////// ////// ////// //////
////// ////// ////// ////// ////// //////
////// ////// ////// ////// ////// //////
////// ////// ////// ////// ////// //////=
075010 093007 076007 116012 089008 130004
075007 335003 282007 199004 331012 118007
127009 152015 138017 100014 052013 103018
069016 210005 111012 048009 109007 PPC002.
138005 176005 104003 152005 304004 287007
299009 275007 245004 294007 093011 //////
144008 115004 092008 084009 070016 048013
083009 059010 042006 128011 050005 104010.
101006 059006 103010 073009 083005 060004
187003 102004 086011 103006 093005 142007
260009 251008 234007 185010 073010 103018
101020 065019 062014 101016 102019 084010.
011005 108004 260005 081009 075008 094008
065008 089003 330004 098014 089008 087009
114014 050019 065014 120024 088023 072022
079020 111016 065014 087010 271003 094016.
094015 117011 104009 052007 109006 110008
136006 103008 089009 097008 114006 103009
113011 090016 102015 076015 122010 109021
112015 101016 104017 083017 ////// 115007.
088008 105012 097011 085008 111008 092005
104008 101008 097006 110013 090015 087012
110017 076018 093019 090024 078019 083018
097029 093032 078021 098024 102017 095012.
076012 090016 088019 082011 096010 126004
112006 305004 093006 PPC000 PPC002 PPC002
089010 099011 098008 112009 244004 225009
211009 ////// 190009 213009 230007 338007.
PPC001 PPC000 PPC000 093003 147005 PPC001
PPC002 PPC000 308005 302010 116003 082007
265005 245006 063012 115021 118025 076019
091026 075018 072012 030012 093009 100011.
093008 051011 105006 079007 116010 //////
098006 144005 053006 115005 055004 PPC001
278011 002007 306007 291008 313007 251009
239010 144008 096009 296004 189003 PPC002.
275007 279009 266015 306007 272006 256010
243011 267015 331013 288010 257014 283024
294022 306016 279016 282016 230010 290011
320013 325010 258009 302013 297005 091005.
350005 PPC002 112005 074004 157003 189004
282014 296023 283020 273021 285020 266022
307025 260016 316010 246009 318013 282016
202017 153015 111018 086010 070004 137004.
095005 PPC001 PPC001 287006 276011 274010
274017 258016 264013 ////// 285010 266017
283018 294022 256025 020010 315009 078019
125021 115027 105023 101010 074013 078008.
127004 111005 PPC000 287009 282004 PPC001
PPC002 138005 120004 PPC001 PPC001 279005
158008 121014 124022 110022 071022 107021
109013 061014 100012 075004 084010 091007.
PPC002 076006 284005 PPC002 PPC001 130004
116008 096011 PPC001 PPC002 088011 125009
////// 103011 073015 112016 119017 131019
095013 129016 113012 100009 089005 146005.
095007 PPC000 070004 PPC002 080008 088005
065004 086011 049008 087007 081005 099007
091013 107018 114022 125023 088023 097023
099021 096025 080018 088020 099016 094011.
178007 041005 PPC000 075005 062004 097009
140008 049006 097009 111010 075008 121012
094015 057012 131012 124023 100025 107033
092028 085028 097025 087018 087020 110013.
106010 120010 142005 271006 187004 275007
140004 071003 097004 313003 256013 261007
144012 110018 114019 090020 104032 100028
087028 100028 082021 ////// 069004 098010.
091011 148006 PPC000 PPC000 PPC002 087007
120004 ////// 095005 PPC001 081003 214004
111014 080014 121016 107026 081026 096026
104031 091029 ////// 092020 090024 112012.
110019 097015 089019 092017 076013 107016
084016 092018 099012 100017 093009 075014
098014 110015 ////// 092018 042019 070016
109024 096023 080017 105016 092015 //////.
////// 082009 067008 077009 105010 080009
110009 094011 070011 071007 098011 //////
092013 061010 127011 118017 093017 064016
121023 089016 102014 078010 060008 055007.
PPC002 095007 174005 271006 334006 169005
324008 253007 287006 270011 229013 298015
274026 308040 ////// ////// ////// //////
////// ////// ////// ////// ////// //////.
////// ////// ////// ////// ////// //////
////// ////// ////// ////// ////// //////
////// ////// ////// ////// ////// //////
////// ////// ////// ////// ////// //////.
////// ////// ////// ////// ////// //////
////// ////// ////// ////// ////// //////
////// ////// ////// ////// ////// //////
////// ////// ////// ////// ////// //////.
////// ////// ////// ////// ////// //////
////// ////// ////// ////// ////// //////
////// ////// ////// ////// ////// //////
////// ////// ////// ////// ////// //////.
////// ////// ////// ////// ////// //////
////// ////// ////// ////// ////// //////
////// ////// ////// ////// ////// //////
////// ////// ////// ////// ////// //////.
////// ////// ////// ////// ////// //////
////// ////// ////// ////// ////// //////
////// ////// ////// ////// ////// //////
////// ////// ////// ////// ////// //////.
////// ////// ////// ////// ////// //////
////// ////// ////// ////// ////// //////
////// ////// ////// ////// ////// //////
////// ////// ////// ////// ////// //////.
////// ////// ////// ////// ////// //////
////// ////// ////// ////// ////// //////
////// ////// ////// ////// ////// //////
////// ////// ////// ////// ////// //////.
////// ////// ////// ////// ////// //////
////// ////// ////// ////// ////// //////
////// ////// ////// ////// ////// //////
////// ////// ////// ////// ////// //////.
////// ////// ////// ////// ////// //////
////// ////// ////// ////// ////// //////
////// ////// ////// ////// ////// //////
////// ////// ////// ////// ////// //////=
023105 1338 034093 1329
020098 1233 026056 1430
027103 1539 045073 1511
030105 1141 046118 1144
021112 1357 038098 1745
039095 1547 073098 1412
024091 2305 039143 2300
030108 1424 045093 1527
014120 1649 025053 2044
029269 0739 042309 0828
027266 0711 038332 1330
032303 1023 056290 1013
025117 1241 038118 1208
022125 1346 039158 1144
032111 1439 049107 1320
036105 1403 055079 1419
034101 1341 054107 1517
036109 1323 053104 1318
027115 1053 042093 1414
024105 1438 039084 1542
045304 0956 077281 1031
034096 2011 054112 2027
020064 1335 036096 1412
029094 1541 042087 1525
029270 1236 042225 1249
038293 0947 050284 0815
028291 0939 042278 1011
037102 1207 055107 1143
037282 1342 055277 1505
044289 1146 068278 1144=
D=
K=
A=
S=
B=
??????
******
YF
O2180
河南省
豫洛宁下峪
洛宁县下峪乡烟站
山地；城镇；地面
空缺
计算机
计算机
计算机
计算机
计算机
20101029=
JY
8888=
GK
01/
05/=
BZ
BB/01-30/由于河南省大气探测装备中心对区域自动站设备升级，造成本月正点与分钟数据不符，所有数据基本不可用。因此，为了保证数据文件的完整性，仅对A文件进行了处理，未处理J文件。
BB/02/08时温度用前后正点数据内插求得。
BB/05/19时温度用前后正点数据内插求得。
BB/07/16时温度用前后正点数据内插求得。
BB/09/02时温度用前后正点数据内插求得。
BB/12/06时温度用前后正点数据内插求得。
BB/14/09时温度用前后正点数据内插求得。
BB/17/18时温度用前后正点数据内插求得。
BB/18/04时温度用前后正点数据内插求得。17时温度用前后正点数据内插求得。
BB/19/11时温度用前后正点数据内插求得。
BB/20/08时温度用前后正点数据内插求得。
00/341400/1111953
10/24/逐时观测
10/24/24时连续观测
11/不守班=
######
