O2199 3411N 11214E 004530 004530 105 000 S15 91999999919999199999 0 2012 05
P=
TB
0164 0163 0164 0162 0160 0161 0158 0159 0159 0159 0162 0164
0175 0189 0186 0196 0217 0219 0208 0205 0198 0196 0196 0192 0219 1400 0157 0301.
0186 0180 0172 0169 0166 0159 0153 0149 0146 0146 0158 0179
0199 0229 0240 0254 0249 0261 0253 0250 0244 0238 0229 0219 0264 1402 0146 0420.
0209 0200 0195 0192 0187 0183 0179 0174 0164 0159 0167 0193
0223 0238 0235 0251 0253 0262 0253 0255 0244 0241 0227 0214 0262 1400 0157 0630.
0207 0203 0202 0177 0163 0161 0159 0155 0149 0142 0155 0186
0218 0241 0263 0278 0289 0297 0288 0286 0280 0274 0256 0236 0301 1331 0138 0559.
0226 0214 0201 0192 0180 0173 0168 0160 0157 0152 0165 0198
0225 0259 0289 0312 0309 0320 0316 0311 0306 0298 0282 0260 0322 1355 0152 0600.
0248 0237 0224 0214 0204 0198 0187 0180 0173 0168 0177 0205
0231 0257 0279 0300 0311 0320 0326 0323 0320 0307 0294 0279 0333 1536 0167 0551.
0251 0240 0239 0235 0226 0223 0221 0209 0200 0205 0201 0201
0202 0216 0222 0214 0224 0231 0236 0236 0236 0232 0220 0215 0278 2001 0197 0438.
0212 0202 0195 0188 0184 0182 0178 0172 0169 0166 0181 0211
0237 0257 0269 0282 0290 0298 0291 0290 0283 0275 0263 0247 0298 1400 0165 0547.
0235 0225 0218 0212 0209 0203 0194 0191 0184 0179 0185 0203
0221 0240 0251 0256 0264 0270 0271 0271 0273 0267 0256 0247 0274 1523 0178 0610.
0236 0225 0221 0209 0196 0190 0182 0176 0170 0166 0179 0207
0233 0263 0286 0292 0292 0297 0297 0294 0289 0278 0265 0249 0300 1520 0166 0600.
0235 0226 0220 0215 0206 0199 0193 0187 0181 0175 0182 0190
0216 0246 0266 0275 0261 0248 0243 0240 0228 0220 0218 0208 0276 1157 0175 0600.
0201 0193 0191 0191 0190 0188 0188 0187 0189 0174 0169 0176
0182 0199 0203 0200 0202 0201 0204 0195 0183 0179 0171 0153 0208 2001 0153 2000.
0148 0138 0127 0122 0115 0110 0105 0100 0098 0097 0117 0153
0181 0201 0225 0227 0236 0229 0229 0222 0216 0209 0206 0201 0236 1259 0096 0536.
0197 0190 0191 0182 0166 0160 0159 0155 0151 0147 0155 0182
0199 0218 0239 0253 0268 0277 0267 0263 0261 0251 0232 0215 0280 1414 0146 0619.
0198 0185 0174 0163 0156 0154 0149 0143 0141 0138 0148 0169
0196 0238 0262 0274 0282 0286 0283 0276 0272 0266 0247 0221 0289 1420 0138 0553.
0212 0188 0173 0163 0167 0153 0147 0146 0142 0144 0158 0180
0192 0225 0270 0304 0311 0290 0301 0294 0293 0283 0265 0244 0314 1237 0142 0457.
0223 0207 0196 0181 0165 0157 0148 0141 0139 0133 0155 0182
0224 0252 0275 0309 0314 0319 0313 0301 0297 0292 0277 0258 0319 1400 0133 0600.
0246 0232 0218 0211 0218 0209 0211 0204 0206 0197 0198 0206
0231 0239 0248 0264 0274 0273 0276 0273 0272 0260 0252 0242 0280 1226 0196 0555.
0232 0217 0216 0201 0192 0186 0183 0177 0168 0165 0182 0205
0235 0259 0281 0282 0294 0302 0300 0299 0293 0282 0266 0250 0303 1405 0165 0600.
0237 0223 0217 0208 0204 0197 0186 0171 0165 0166 0182 0213
0239 0261 0276 0295 0303 0301 0293 0285 0272 0260 0244 0232 0308 1253 0165 0500.
0225 0216 0209 0203 0192 0185 0177 0169 0161 0160 0165 0185
0198 0206 0212 0218 0231 0234 0235 0233 0232 0224 0218 0212 0236 1358 0159 0551.
0208 0207 0205 0203 0198 0196 0194 0192 0187 0183 0179 0186
0195 0196 0195 0196 0191 0191 0186 0182 0188 0188 0183 0180 0212 2002 0179 0700.
0179 0177 0175 0173 0171 0168 0165 0160 0155 0152 0157 0169
0181 0202 0207 0221 0237 0243 0254 0248 0242 0233 0228 0221 0254 1500 0151 0538.
0214 0209 0204 0196 0190 0188 0194 0187 0182 0179 0179 0181
0184 0193 0196 0209 0216 0228 0244 0230 0221 0214 0205 0194 0244 1453 0178 0627.
0188 0185 0179 0170 0164 0161 0158 0153 0147 0146 0159 0174
0190 0208 0233 0246 0262 0268 0280 0267 0268 0262 0249 0238 0281 1503 0146 0555.
0227 0221 0216 0209 0198 0187 0179 0173 0169 0164 0178 0212
0238 0255 0285 0303 0316 0323 0320 0308 0306 0295 0279 0265 0323 1400 0164 0600.
0251 0241 0228 0225 0217 0209 0201 0199 0199 0198 0198 0201
0213 0235 0256 0274 0303 0311 0308 0306 0304 0295 0281 0260 0313 1337 0197 0654.
0243 0231 0220 0213 0205 0200 0189 0184 0175 0174 0179 0206
0229 0248 0271 0287 0293 0298 0298 0290 0283 0276 0272 0263 0304 1428 0173 0546.
0255 0245 0245 0238 0225 0218 0213 0190 0179 0179 0166 0160
0167 0175 //// //// //// //// 0222 0232 0235 0237 0231 0217 0263 2001 0160 0745.
0209 0204 0188 0184 0177 0167 0160 0154 0150 0150 0173 0209
0232 0260 0275 0280 0292 0297 0287 0285 0286 0279 0264 0251 0302 1339 0148 0530.
0239 0230 0219 0215 0210 0205 0201 0197 0197 0195 0195 0211
0226 0240 0243 0247 0245 0247 0245 0241 0239 0234 0231 0224 0251 2001 0193 0549=
I=
E=
U=
N=
H=
C=
V=
R6
0024 0000 0024
0000 0001 0001
0000 0000 0000
0000 0000 0000
0000 0000 0000
0000 0000 0000
0000 //// ////
0000 0000 0000
0000 0000 0000
0000 0000 0000
0000 0001 0001
0113 0001 0114
0000 0000 0000
0008 0000 0008
0000 0000 0000
0000 0000 0000
0000 0000 0000
0000 0000 0000
0000 0000 0000
0000 0000 0000
0000 0000 0000
0001 0009 0010
0000 0000 0000
0000 0000 0000
//// 0000 ////
0000 0000 0000
0000 0000 0000
0000 0000 0000
0062 0008 0070
0000 0000 0000
0000 0000 0000=
0001 0000 0000 0001 0002 0001 0004 0008 0005 0002 0000 0000
0000 0000 0000 0000 0000 0000 0000 0000 0000 0000 0000 0000.
0000 0000 0000 0000 0000 0000 0000 0000 0000 0000 0000 0000
0000 0001 0000 0000 0000 0000 0000 0000 0000 0000 0000 0000.
0000 0000 0000 0000 0000 0000 0000 0000 0000 0000 0000 0000
0000 0000 0000 0000 0000 0000 0000 0000 0000 0000 0000 0000.
0000 0000 0000 0000 0000 0000 0000 0000 0000 0000 0000 0000
0000 0000 0000 0000 0000 0000 0000 0000 0000 0000 0000 0000.
0000 0000 0000 0000 0000 0000 0000 0000 0000 0000 0000 0000
0000 0000 0000 0000 0000 0000 0000 0000 0000 0000 0000 0000.
0000 0000 0000 0000 0000 0000 0000 0000 0000 0000 0000 0000
0000 0000 0000 0000 0000 0000 0000 0000 0000 0000 0000 0000.
0000 0000 0000 0000 0000 0000 0000 0000 0000 0000 0000 0000
0000 0000 0000 0000 0000 0000 0000 0000 0000 0000 //// 0000.
0000 0000 0000 0000 0000 0000 0000 0000 0000 0000 0000 0000
0000 0000 0000 0000 0000 0000 0000 0000 0000 0000 0000 0000.
0000 0000 0000 0000 0000 0000 0000 0000 0000 0000 0000 0000
0000 0000 0000 0000 0000 0000 0000 0000 0000 0000 0000 0000.
0000 0000 0000 0000 0000 0000 0000 0000 0000 0000 0000 0000
0000 0000 0000 0000 0000 0000 0000 0000 0000 0000 0000 0000.
0000 0000 0000 0000 0000 0000 0000 0000 0000 0000 0000 0000
0000 0000 0000 0000 0000 0000 0000 0000 0000 0000 0000 0001.
0005 0029 0020 0002 0003 0025 0024 0005 0000 0000 0000 0000
0000 0000 0000 0000 0000 0000 0000 0000 0001 0000 0000 0000.
0000 0000 0000 0000 0000 0000 0000 0000 0000 0000 0000 0000
0000 0000 0000 0000 0000 0000 0000 0000 0000 0000 0000 0000.
0000 0000 0000 0004 0004 0000 0000 0000 0000 0000 0000 0000
0000 0000 0000 0000 0000 0000 0000 0000 0000 0000 0000 0000.
0000 0000 0000 0000 0000 0000 0000 0000 0000 0000 0000 0000
0000 0000 0000 0000 0000 0000 0000 0000 0000 0000 0000 0000.
0000 0000 0000 0000 0000 0000 0000 0000 0000 0000 0000 0000
0000 0000 0000 0000 0000 0000 0000 0000 0000 0000 0000 0000.
0000 0000 0000 0000 0000 0000 0000 0000 0000 0000 0000 0000
0000 0000 0000 0000 0000 0000 0000 0000 0000 0000 0000 0000.
0000 0000 0000 0000 0000 0000 0000 0000 0000 0000 0000 0000
0000 0000 0000 0000 0000 0000 0000 0000 0000 0000 0000 0000.
0000 0000 0000 0000 0000 0000 0000 0000 0000 0000 0000 0000
0000 0000 0000 0000 0000 0000 0000 0000 0000 0000 0000 0000.
0000 0000 0000 0000 0000 0000 0000 0000 0000 0000 0000 0000
0000 0000 0000 0000 0000 0000 0000 0000 0000 0000 0000 0000.
0000 0000 0000 0000 0000 0000 0000 0000 0000 0000 0000 0000
0000 0000 0000 0000 0000 0000 0000 0000 0000 0000 0000 0000.
0000 0000 0000 0000 0000 0000 0000 0000 0000 0000 0001 0000
0000 0001 0002 0001 0000 0000 0003 0001 0000 0001 0000 0000.
0000 0000 0000 0000 0000 0000 0000 0000 0000 0000 0000 0000
0000 0000 0000 0000 0000 0000 0000 0000 0000 0000 0000 0000.
0000 0000 0000 0000 0000 0000 0000 0000 0000 0000 0000 0000
0000 0000 0000 0000 0000 0000 0000 0000 0000 0000 0000 0000.
0000 0000 0000 0000 0000 //// 0000 0000 0000 0000 0000 0000
0000 0000 0000 0000 0000 0000 0000 0000 0000 0000 0000 0000.
0000 0000 0000 0000 0000 0000 0000 0000 0000 0000 0000 0000
0000 0000 0000 0000 0000 0000 0000 0000 0000 0000 0000 0000.
0000 0000 0000 0000 0000 0000 0000 0000 0000 0000 0000 0000
0000 0000 0000 0000 0000 0000 0000 0000 0000 0000 0000 0000.
0000 0000 0000 0000 0000 0000 0000 0000 0000 0000 0000 0000
0000 0000 0000 0000 0000 0000 0000 0000 0000 0000 0000 0000.
0000 0000 0000 0000 0000 0000 0000 0011 0018 0010 0011 0012
//// 0008 //// //// //// //// 0000 0000 0000 0000 0000 0000.
0000 0000 0000 0000 0000 0000 0000 0000 0000 0000 0000 0000
0000 0000 0000 0000 0000 0000 0000 0000 0000 0000 0000 0000.
0000 0000 0000 0000 0000 0000 0000 0000 0000 0000 0000 0000
0000 0000 0000 0000 0000 0000 0000 0000 0000 0000 0000 0000=
0000 ////////// 00000=
W=
L=
Z=
G=
FN
120011 118011 044009 120005 PPC000 PPC000
359011 017012 331009 045007 280005 023012
342010 224005 098021 201009 311018 294018
204006 239005 PPC000 PPC000 171006 PPC000.
PPC001 PPC000 217006 228006 213008 217005
PPC000 197005 PPC000 246003 271007 233009
313006 299008 280012 279010 258013 280008
134016 053010 143023 160020 163023 117011.
157015 147013 161013 114026 149012 108023
101015 215009 151006 113006 098014 112009
289008 177010 108027 126027 169029 142025
119034 130027 135030 156022 177020 140015.
148016 138012 151008 278005 PPC000 PPC000
PPC000 PPC000 311008 203004 PPC000 248007
289009 293010 199010 302009 282017 319014
096014 089010 359016 164015 150011 147015.
148014 164007 121004 173006 PPC001 148005
192003 194005 286004 205005 309004 262006
191007 285013 272012 178009 027013 111014
055022 026023 133020 123014 117017 106017.
121017 148012 135017 196010 167004 241008
PPC000 PPC000 PPC000 PPC000 266008 269008
270009 250011 325010 071013 120015 107029
112014 350016 215021 209016 167017 121017.
146018 116014 159010 PPC000 111007 106032
107027 289006 146010 237006 078014 PPC002
PPC002 299010 PPC000 344016 022032 011018
350021 339009 330011 335007 ////// 057008.
162005 PPC000 PPC000 PPC000 PPC000 PPC000
PPC000 PPC000 PPC000 167005 275005 PPC000
271008 295015 346024 312019 324024 349031
025009 169015 142020 154019 147019 149012.
151017 145018 115022 152016 102013 125005
170009 143014 099006 239007 PPC000 290014
238006 285011 128015 158022 121012 123026
125034 116031 158017 180023 170012 155012.
161013 166017 156014 PPC002 PPC000 PPC000
PPC000 PPC002 294004 206010 292009 290009
PPC000 189009 285012 310003 129024 113025
152029 125037 150024 151027 118029 147023.
132025 143028 136015 142018 151019 250010
129013 116026 117025 163014 194009 117012
125012 253012 291010 242011 023017 017024
015025 027019 020022 015027 322010 020014.
010019 011013 303009 328009 302010 234005
PPC000 PPC000 302013 278019 282020 216009
307014 327010 309011 348028 315020 328017
293009 305015 268008 280009 281012 277011.
301010 283007 214007 267006 346003 212007
251005 PPC000 222006 212006 250006 289013
279005 217007 314010 359018 326024 006021
264011 347008 330011 208015 193013 004017.
137006 251003 001018 154004 207008 247007
289014 316009 326010 180008 297016 263008
277012 266013 246008 263015 272015 319014
325042 319029 320024 320015 335011 334012.
166003 261007 221007 PPC000 213010 203010
173007 PPC000 224003 191008 271007 188007
227006 257010 308020 358041 337045 354034
324028 306027 024015 022022 009014 173005.
090016 PPC000 241006 266003 072009 PPC000
182004 151005 211007 273012 PPC000 213007
201007 279009 253010 290012 325023 308044
300054 308041 313043 317034 300021 149007.
PPC000 273010 109007 PPC000 314007 203005
PPC000 207008 197005 304003 206006 215008
280012 310014 194007 312012 328019 315017
014019 323016 066016 164012 107015 140016.
133019 154011 342004 PPC000 115014 171011
166007 131008 099012 PPC000 PPC000 PPC000
233007 185006 PPC000 PPC000 313015 334010
340015 338013 335015 020021 193014 194010.
177013 101015 198005 164008 357005 PPC000
106005 145008 130007 213008 PPC000 015007
258008 284009 280009 021023 089022 119022
128014 146024 119023 141026 119034 124027.
128024 140013 130017 126015 137012 128008
201008 223005 199007 202004 107020 264007
247007 246010 357017 176022 143037 148033
133038 154031 150033 165035 142030 151041.
135032 105014 175013 162015 110010 142023
141024 137020 168009 132025 109035 140020
116032 117034 150032 113036 108027 113024
123038 097024 144024 134022 177016 097017.
091018 114014 121015 090013 168009 079009
125006 303006 PPC000 PPC001 PPC000 327009
302009 PPC000 053013 017023 013022 359022
053011 032010 322008 236005 PPC000 PPC000.
PPC000 PPC000 206005 PPC000 PPC000 PPC000
PPC000 PPC000 205006 268004 193006 280009
234010 224008 252007 PPC000 PPC000 012018
323016 182015 112016 137016 144012 117016.
113021 061010 078010 174005 341007 050011
032025 057018 345003 PPC001 PPC000 220003
PPC000 PPC000 PPC000 315022 PPC000 263009
293007 295008 275009 290009 299007 275004.
PPC001 312009 PPC000 PPC000 PPC000 //////
PPC000 PPC000 327003 166005 288008 241007
239009 229010 307013 243012 339013 235012
260010 072013 325016 018011 137010 151011.
142016 109010 104021 146009 084018 206006
099009 PPC000 PPC000 PPC000 206007 259008
255008 258007 350010 329013 342019 307010
039023 003012 115017 142015 171026 140021.
141015 144018 149009 120013 156007 025004
PPC000 011005 344005 154004 108016 304007
280010 204008 255006 251010 200012 042017
129036 131015 121035 152017 131024 122023.
113016 125020 132026 122015 132022 141017
PPC000 081010 PPC000 PPC000 PPC000 195005
191009 239013 236011 120039 137037 116049
113035 152021 154019 162021 159028 173018.
144010 176013 091010 126011 232005 295005
270009 320016 310011 304011 216006 PPC000
////// PPC000 ////// ////// ////// //////
PPC000 189010 246007 204006 155007 111009.
022014 087021 116014 190004 101012 PPC000
PPC000 288008 PPC000 206005 PPC000 206008
325011 359017 351021 010030 002031 013027
124013 119015 086015 161012 146022 153024.
154013 143020 161019 146012 143016 142019
117018 101008 107012 101017 028006 103009
120020 098024 073017 138022 107015 125023
116024 153014 129026 152019 153014 166012=
149011 134009 054008 084005 PPC000 PPC001
352012 037013 008008 047008 316005 035012
293012 253006 103018 209008 300017 279015
224006 237005 PPC000 PPC000 158005 PPC000.
226003 PPC000 209006 218005 215007 223006
PPC000 195005 PPC001 221004 258007 233009
217008 265011 272014 285014 248011 251010
127015 088012 132021 157018 167025 125014.
158016 146015 154011 126022 144014 109021
102014 209008 161006 133006 100013 122009
287009 245010 110027 125021 140028 137024
132033 125031 144029 153021 173019 146016.
152014 146012 133009 245004 PPC002 PPC000
PPC000 PPC000 302008 197004 PPC000 226007
296007 280012 226010 247009 290019 311015
126014 147007 029014 144016 163013 144015.
122017 141006 142005 169006 PPC002 154004
189004 201006 214004 195005 263004 245008
194007 277011 274013 213010 048012 106016
057022 115017 133020 125013 118020 122018.
119019 134014 145018 196009 174005 199008
PPC000 PPC000 PPC000 PPC000 261006 249008
268009 246010 303011 341012 121016 132022
107020 252019 210023 208018 159016 133016.
135019 130012 157011 PPC000 129005 108028
112023 300008 153010 220006 076011 149006
219003 314009 PPC000 018016 356025 002017
329019 298010 327009 333007 ////// 086007.
148007 PPC000 PPC000 PPC000 PPC000 PPC000
PPC000 PPC000 331003 176005 329004 PPC000
270008 273014 271023 327020 297024 274028
295016 163014 142019 136020 146021 147016.
137016 145017 124024 141017 103014 114008
173011 144012 122007 233006 PPC000 289009
237007 300010 115020 155023 128016 114026
124030 121024 145018 177017 172013 147013.
133013 163015 144014 294004 PPC000 PPC000
PPC000 PPC001 273004 207010 271008 266008
PPC000 130008 276014 128009 114024 111028
156031 123037 156022 150024 118027 147022.
137027 138024 141015 136021 146020 154013
121014 111028 118023 171014 172009 159010
128010 259010 263010 231011 340019 350022
043026 036018 338024 004025 279012 046015.
349020 006014 351009 320010 306009 196005
PPC000 PPC000 304015 263014 269016 238012
282012 292010 304013 253023 312019 304018
293010 303015 265008 268007 283010 250007.
270007 280006 219007 231007 262004 206007
242006 PPC000 214007 212006 277007 277010
270007 203008 297011 292020 287024 008023
275014 274008 002010 219012 189013 064021.
152008 234003 264018 134004 221008 254008
293015 303009 301010 184008 291013 259008
256010 243011 245010 237011 253013 270020
283041 283034 265028 282018 295013 271012.
182003 250007 228007 PPC000 219009 206010
188007 PPC000 207004 200008 253005 184007
212006 253010 288019 284034 286041 220038
249029 299032 041017 341021 045015 175005.
090016 PPC000 226006 PPC002 076007 PPC000
PPC002 143004 207007 249009 PPC000 223007
203006 229008 255010 283012 275023 300044
300048 287039 292040 301033 296020 197006.
PPC001 302008 129008 PPC000 313006 203005
PPC000 204009 202004 332004 237007 207008
252010 301012 228008 282011 319021 312018
297019 282017 059017 156013 122017 125018.
130019 153010 291004 PPC000 120013 162009
171006 137007 092011 PPC000 PPC000 PPC000
242007 182006 PPC002 PPC000 311016 292011
304016 246012 264015 032018 184014 188014.
163010 096010 139007 169008 334005 PPC000
122005 140010 132008 207009 PPC000 333007
249009 268009 250010 001024 098019 131019
135022 131024 128025 147024 124034 129031.
133026 136017 131018 138016 124012 123009
186009 244005 195007 186003 109020 251009
255009 263013 344016 171024 140033 133033
143037 141039 144038 156034 149031 160035.
147030 127016 180013 160015 126015 133024
132025 138023 144012 137024 112029 133026
122033 128030 139037 107033 108027 109025
126029 120023 134027 115023 147016 104017.
100013 115016 116016 086011 137011 086010
102008 189006 PPC000 067003 PPC000 280010
294009 PPC000 038013 042020 044021 342018
064010 034011 299010 243005 PPC000 PPC000.
PPC000 PPC000 200006 PPC000 PPC000 PPC000
PPC000 PPC000 222005 209006 202006 274007
260009 233008 254007 PPC001 PPC000 019018
302013 164015 118015 147015 137012 115015.
117020 093009 073010 212003 316007 055010
044025 098015 258004 PPC002 PPC000 219003
PPC000 PPC000 PPC000 299018 PPC001 248010
251008 263008 267009 270009 285008 255004.
233003 281008 PPC000 PPC000 PPC000 //////
PPC000 PPC000 252005 176004 284006 231007
255009 243010 291011 227010 016012 259013
245011 086012 244013 016011 142011 149011.
143012 138010 111019 134013 100016 203006
104008 PPC001 PPC000 PPC000 209005 247008
235009 238009 353009 295011 253019 286012
352023 042013 092018 115018 175020 136019.
133014 136016 146010 111014 160008 023004
PPC001 340005 055005 145004 104013 299006
280007 213007 234008 241010 193012 102013
137029 133017 124027 154020 130025 132021.
127017 123022 123023 112015 124018 140016
PPC000 077012 PPC000 PPC000 PPC000 PPC002
214008 156013 251012 117036 130040 126040
128033 146025 143024 158023 156025 176017.
159011 177014 112011 149010 207005 275006
318008 314017 304011 297010 228005 PPC000
////// PPC000 ////// ////// ////// //////
PPC000 230010 231009 221006 162006 107006.
316014 101020 148011 184005 101010 PPC000
PPC000 272008 PPC000 210006 PPC000 244008
283011 317017 314017 312026 028028 057029
097017 126014 099018 143012 153021 148024.
158014 138018 162019 128014 140014 146018
127014 106009 106011 108017 340006 119011
131022 107023 076019 132021 123016 122020
132025 147016 125022 163019 153014 164014=
021297 1252 038069 1107
025130 1542 050108 1649
045120 1543 081122 1534
024304 1256 054044 1617
025064 1542 063072 1838
029112 2042 070105 2030
031346 1247 055114 2040
031009 1416 063340 1407
034092 1334 083103 1559
045129 1539 097108 1555
032111 0041 065137 2204
031276 1222 065312 1314
028338 1226 051041 1957
046288 1455 094303 1557
050263 1312 108008 1310
068308 1513 126318 1454
028295 1332 056027 1710
021003 1738 043094 2016
038123 1950 076104 1744
049125 1652 111103 1409
048122 1021 099156 0943
029042 1223 053027 1223
023131 1808 047086 1808
030047 0254 060021 0254
022286 1351 039111 1952
031070 1536 064088 1534
033129 1501 067125 1500
057120 1234 107125 1232
024169 2005 056188 2005
033305 1011 068352 1143
029124 0914 061145 1454=
D=
K=
A=
S=
B=
??????
******
YF
O2199
河南省
豫嵩县饭坡
洛阳市嵩县饭坡乡工业园区
丘陵；乡镇；地面
空缺
计算机
计算机
计算机
计算机
计算机
20120613=
JY
8888=
GK
01/
05/=
BZ
BB/01/日最低气温用03时01分数据代替。
BB/02/日最低气温用04时20分数据代替。日最高气温用14时02分数据代替。
BB/03/日最低气温用06时30分数据代替。
BB/05/日最低气温用06时00分数据代替。
BB/07/19时气温用正点前2分钟值代替。日最低气温用04时38分数据代替。
BB/08/日最高气温用14时00分数据代替。
BB/14/日最高气温用14时14分数据代替。
BB/15/日最低气温用05时53分数据代替。
BB/16/日最高气温用12时37分数据代替。
BB/17/日最低气温用06时00分数据代替。日最高气温用14时00分数据代替。
BB/18/日最高气温用12时26分数据代替。
BB/19/日最低气温用06时00分数据代替。日最高气温用14时05分数据代替。
BB/20/日最低气温用05时00分数据代替。
BB/21/日最高气温用13时58分数据代替。
BB/23/日最高气温用15时00分数据代替。
BB/24/日最高气温用14时53分数据代替。
BB/25/02时气温用正点前4分钟值代替。
BB/26/日最低气温用06时00分数据代替。日最高气温用14时00分数据代替。
BB/27/日最低气温用06时54分数据代替。
BB/29/09时气温用正点前8分钟值代替。
00/341039/1121330
10/24/逐时观测
10/24/24时连续观测
11/不守班=
######
