O2185 3357N 11123E 012540 012540 105 000 S15 91999999919999199999 0 2009 05
P=
TB
0138 0129 0120 0123 0121 0121 0135 0132 0128 0122 0118 0117
0116 0119 0126 0133 0153 0161 0163 0173 0168 0162 0133 0112 0176 1527 0111 1949.
0091 0082 0078 0078 0093 0088 0085 0078 0064 0058 0076 0108
0172 0184 0186 0204 0208 0209 0212 0206 0208 0198 0147 0125 0216 1605 0056 0541.
0106 0089 0078 0069 0067 0070 0070 0073 0074 0079 0088 0113
0149 0164 0184 0199 0203 0208 0212 0201 0204 0195 0176 0132 0220 1456 0064 0025.
0110 0096 0086 0080 0070 0067 0063 0059 0053 0064 0075 0138
0192 0201 0213 0213 0219 0213 0213 0216 0206 0187 0165 0153 0226 1243 0049 0538.
0135 0134 0130 0115 0106 0098 0096 0093 0091 0090 0107 0154
0172 0190 0210 0200 0217 0210 0206 0208 0204 0195 0180 0150 0224 1318 0085 0530.
0130 0114 0104 0094 0085 0079 0088 0084 0080 0074 0074 0096
0176 0194 0199 0209 0209 0215 0217 0201 0194 0184 0171 0153 0221 1502 0072 0625.
0128 0131 0118 0096 0087 0086 0077 0069 0073 0067 0120 0172
0190 0197 0206 0223 0222 0231 0236 0222 0206 0191 0183 0175 0239 1453 0062 0548.
0178 0174 0174 0171 0166 0153 0157 0165 0159 0166 0170 0181
0188 0206 0220 0217 0213 0207 0208 0213 0202 0194 0189 0188 0221 1432 0151 0254.
0187 0187 0185 0182 0171 0168 0164 0160 0159 0157 0160 0169
0193 0221 0221 0221 0226 0215 0227 0227 0207 0206 0201 0205 0234 1250 0156 0433.
0202 0189 0171 0152 0151 0148 0149 0142 0137 0145 0150 0159
0171 0157 0155 0156 0150 0145 0139 0140 0141 0133 0125 0122 0205 2001 0121 1945.
0121 0121 0122 0125 0123 0122 0122 0118 0122 0123 0128 0137
0139 0141 0149 0149 0157 0144 0145 0142 0136 0133 0133 0133 0158 1308 0118 0356.
0132 0132 0131 0128 0126 0127 0127 0127 0126 0126 0130 0140
0153 0172 0176 0191 0194 0193 0196 0198 0191 0183 0165 0147 0205 1641 0124 0441.
0146 0155 0151 0145 0143 0136 0134 0133 0133 0137 0141 0147
0153 0159 0163 0161 0160 0156 0160 0162 0144 0125 0124 0123 0167 1046 0121 1827.
0125 0127 0129 0128 0124 0123 0122 0121 0121 0116 0113 0113
0112 0106 0102 0098 0108 0106 0102 0103 0107 0107 0099 0099 0131 2256 0095 1129.
0098 0098 0097 0095 0096 0098 0098 0099 0098 0099 0101 0102
0105 0114 0119 0125 0130 0129 0133 0126 0119 0113 0112 0112 0136 1444 0095 2330.
0112 0108 0105 0102 0099 0106 0113 0113 0113 0114 0117 0123
0139 0150 0162 0171 0187 0187 0195 0200 0202 0193 0151 0134 0208 1635 0098 0036.
0150 0151 0144 0117 0106 0090 0077 0071 0074 0074 0100 0144
0156 0165 0181 0192 0204 0209 0209 0193 0190 0180 0160 0140 0215 1446 0065 0346.
0132 0125 0118 0113 0108 0105 0102 0099 0088 0089 0105 0128
0158 0177 0184 0189 0206 0193 0199 0203 0204 0195 0154 0125 0215 1625 0086 0511.
0108 0093 0082 0073 0062 0057 0051 0046 0043 0045 0073 0119
0154 0188 0193 0207 0206 0213 0219 0211 0202 0198 0180 0153 0223 1504 0042 0438.
0123 0107 0093 0081 0070 0062 0056 0049 0042 0043 0077 0133
0181 0207 0209 0219 0225 0231 0238 0220 0214 0204 0189 0153 0244 1440 0041 0502.
0131 0118 0107 0099 0092 0089 0096 0093 0089 0088 0091 0130
0205 0215 0231 0235 0249 0236 0234 0237 0226 0212 0198 0170 0255 1258 0087 0149.
0168 0166 0155 0155 0164 0158 0151 0143 0142 0134 0133 0129
0123 0128 0121 0120 0114 0112 0114 0109 0101 0099 0096 0092 0171 2006 0092 1943.
0088 0081 0075 0066 0052 0043 0035 0024 0021 0017 0026 0074
0143 0176 0187 0192 0199 0207 0209 0210 0202 0184 0147 0121 0219 1530 0015 0605.
0103 0087 0079 0070 0064 0062 0063 0061 0049 0051 0083 0122
0175 0179 0182 0193 0188 0179 0169 0176 0170 0157 0125 0116 0197 1136 0045 0514.
0110 0108 0106 0107 0105 0102 0100 0099 0100 0102 0112 0130
0154 0166 0161 0175 0172 0170 0145 0159 0157 0153 0143 0136 0184 1227 0099 0310.
0129 0125 0123 0122 0117 0113 0106 0105 0104 0106 0112 0121
0128 0132 0138 0135 0134 0142 0149 0147 0144 0141 0133 0129 0153 1455 0104 0437.
0125 0120 0127 0121 0127 0131 0122 0116 0115 0115 0115 0118
0120 0118 0122 0117 0115 0109 0113 0110 0113 0110 0110 0104 0131 0125 0104 2000.
0102 0102 0101 0100 0099 0098 0098 0098 0099 0099 0103 0109
0119 0120 0120 0124 0122 0119 0122 0121 0119 0123 0121 0105 0125 1157 0097 0240.
0102 0099 0089 0092 0092 0093 0093 0087 0082 0079 0092 0133
0159 0165 0159 0168 0172 0171 0176 0182 0179 0168 0141 0114 0186 1602 0078 0543.
0102 0096 0095 0093 0080 0076 0073 0070 0073 0075 0096 0131
0160 0186 0192 0207 0205 0206 0208 0210 0213 0198 0162 0127 0218 1417 0067 0251.
0108 0104 0099 0090 0082 0075 0071 0064 0050 0048 0089 0138
0183 0226 0230 0235 0238 0242 0237 0236 0240 0204 0170 0139 0245 1354 0045 0523=
I=
E=
U=
N=
H=
C=
V=
R6
0=
0=
0000 ////////// 00000=
W=
L=
Z=
G=
FN
268015 031017 317010 343012 ////// //////
329013 029015 024014 338015 352027 338031
346024 332033 ////// 348033 356048 310037
321030 007036 335026 311014 008007 357012.
266009 PPC000 PPC001 168008 242003 247007
PPC001 PPC002 PPC000 283008 051005 179012
001006 024027 040014 218016 009047 324024
337039 072016 348027 329013 322011 338013.
007010 304009 PPC002 215006 253004 249007
259006 344007 350009 109008 304008 166014
178031 209023 163033 167042 161032 137036
193041 209035 209037 224030 217030 321012.
335007 034005 PPC002 271007 126004 273009
PPC001 PPC001 271007 ////// 074007 129003
181015 164038 159029 215036 187046 195055
200027 218042 197022 212043 159035 186021.
295012 357020 259010 354013 PPC000 120006
////// 121003 009010 203005 PPC000 PPC001
238019 112015 170026 109014 142014 146026
112020 073020 127023 170029 140032 333007.
347018 029004 ////// 316004 244009 002005
336008 303008 337011 045010 PPC002 124007
139005 178047 239038 205051 166025 194049
177051 160036 193032 178039 151031 187016.
250008 183012 212012 239004 303006 349007
267006 PPC001 002013 320004 ////// 119006
103035 152059 172041 137043 165040 122041
160040 199044 168053 178034 185030 163024.
141020 131031 133029 167041 150028 176012
172020 147028 179022 211036 152035 183039
176046 203020 ////// ////// 162055 223029
164048 178041 ////// ////// 135015 201007.
173009 183011 116012 144013 282008 //////
344008 PPC001 ////// 272003 151009 060010
179017 179027 170020 056010 194008 021028
351011 023018 314018 341012 095008 196013.
142034 002016 281009 111009 032017 253007
039012 293014 PPC000 300008 347015 081010
014009 341017 352018 334015 323011 //////
328011 342009 025008 ////// 016016 142013.
125011 279009 195010 179014 182006 PPC001
286009 175004 PPC001 165008 026006 029005
148009 020010 015009 226007 345020 352010
325018 353021 347015 016007 336012 308016.
338018 ////// 298019 346017 015015 012012
342016 ////// 323011 349019 337009 018016
355027 038014 034022 113013 129029 112049
165035 125050 024021 109016 ////// 257010.
296011 232008 082004 298012 052008 337007
253009 067008 081014 ////// 175019 216005
168023 122030 173036 179037 158032 189015
164015 171021 151016 265015 326007 277008.
209010 199009 094014 191011 092012 //////
120007 164005 150003 205010 195022 //////
309010 034017 326027 231016 033007 345015
039021 064015 348009 021013 012021 015010.
003010 ////// 087013 257013 251007 269011
316005 236015 334009 296004 ////// PPC000
178008 290006 359014 ////// 033018 341021
351020 ////// 337017 316017 281010 322005.
344014 028014 ////// 284010 213008 055015
275009 301006 296009 331009 189010 174005
358026 005043 018037 010046 003025 314028
326039 347021 325025 355019 351020 001016.
000008 332016 330020 355021 001018 202013
265007 010010 010015 182014 PPC000 340021
032027 010022 294011 322016 337026 332010
093020 329031 338023 ////// ////// //////.
019011 089006 181006 173003 107008 //////
////// 321009 PPC000 253007 196006 094009
PPC001 006020 028029 310027 024013 339033
026029 244038 339014 320021 353016 334010.
358009 303008 276006 PPC001 PPC001 187005
PPC001 257010 250007 PPC000 054007 PPC002
182015 176030 171037 170027 179024 172022
079010 351025 353018 342012 187014 295006.
282007 286007 317007 178007 PPC000 268008
239006 PPC000 131006 PPC000 096006 084006
169012 218015 050014 029025 279019 037026
016021 166020 088018 106015 192018 259003.
PPC000 PPC000 086004 260007 240008 PPC001
145007 013010 199004 PPC002 172005 156005
178038 179049 216043 189040 252028 345023
327014 034031 032016 358016 263012 217009.
087006 161012 291010 237008 347024 333012
356044 336016 347013 331018 340022 321016
343008 008021 277009 288013 336021 347009
326010 258010 143016 PPC001 155007 283006.
352012 028016 003016 000018 344016 356015
332012 038007 017010 052011 083010 137008
270005 276024 155032 170013 031023 170026
107019 143011 110011 123011 329011 315011.
039007 300008 262008 259009 PPC000 279009
108006 248012 296009 308009 110008 194006
202010 ////// 136026 182018 180031 209030
199013 245011 215017 171026 178008 148007.
198008 ////// 170005 PPC001 031009 036012
255006 000007 PPC000 280004 340010 270006
220014 172017 151023 140023 096041 149030
067026 139034 120007 134022 111008 133012.
164004 080016 PPC002 146009 161015 080013
115009 112011 103006 143005 149009 049010
161018 127028 130025 171026 151039 166032
179050 135030 126034 154023 132011 159014.
151013 154010 140016 127011 140026 151034
128022 165026 116007 171010 071010 202024
185017 132019 152023 167021 148023 163008
197007 264012 PPC002 308007 003014 352019.
297010 329008 PPC000 281006 299006 PPC000
PPC001 PPC001 ////// PPC000 137005 247008
163012 047017 343012 003018 345023 323019
323014 030010 334014 291006 335010 205005.
343009 169010 273006 275009 225004 351007
118004 320007 066007 159006 074006 339006
022036 051017 321012 324007 306016 299016
358023 003007 341013 312008 ////// 011008.
040005 294005 063006 292009 PPC000 255006
////// 315009 ////// PPC000 PPC001 128008
185013 028023 039038 010026 316028 322041
////// 349034 342013 341019 002020 022011.
309010 320010 292006 316004 282008 278009
255006 273005 PPC000 PPC001 091004 PPC000
269004 324009 044010 115026 012030 024020
004033 344025 290023 342009 347015 003010=
304016 034010 328011 346010 ////// //////
327015 014014 016012 344018 350023 335023
347033 340029 ////// 349037 350040 333030
321030 354029 341027 328017 343006 003015.
274006 113004 206006 166009 229003 143004
PPC002 039006 PPC001 352007 035009 189011
143005 010022 356016 172015 043038 303022
310026 061019 329014 309012 327013 349016.
339010 294008 318004 241007 PPC002 244003
PPC001 292008 005006 032006 345009 190008
188034 201037 171031 174046 176019 150037
195039 200037 213027 220031 215027 333010.
336006 347005 345005 278005 091005 289005
233006 014005 268007 ////// 071005 106003
169017 164030 170034 207036 186043 196048
202039 213034 213025 209045 157036 194018.
279010 357019 242012 343013 293004 136006
////// 197006 017009 PPC001 103003 084005
215017 128016 158018 105024 121019 150022
114021 103019 138021 175029 139031 290007.
344013 007006 ////// 297005 224003 010006
346008 293009 335010 037009 014005 121005
173005 177031 209042 200047 167037 194050
188042 174039 173035 186036 137031 184017.
210005 194013 207016 237007 300006 356008
266005 028005 358009 136004 ////// 181010
126025 173050 191046 135039 162032 132041
194037 179052 170047 171038 175033 157023.
131019 134024 135034 169042 145022 203009
200016 159027 188020 207027 164036 180040
176051 213023 ////// ////// 162050 211031
169042 169040 ////// ////// 136014 178008.
187013 176016 128015 154016 240010 //////
317003 270004 ////// 256004 154004 047010
178014 175019 183024 052014 219010 024028
007018 022020 330020 342011 359007 167021.
142026 357012 323017 013016 356015 332007
011016 289012 139003 315008 358012 064011
065006 346016 355015 336014 332012 //////
353014 329009 348009 ////// 358014 129008.
143010 295008 230005 170014 162003 204004
275007 224009 020003 167008 026007 065004
139011 020011 013011 289007 016010 346012
327018 349024 337019 006006 324012 301014.
341015 ////// 328017 334013 346017 355014
347020 ////// 334011 341014 341013 358018
345030 014020 034031 092021 130029 113040
158032 146029 040030 101014 ////// 248010.
270009 157009 107005 298011 001007 325006
260007 089004 063012 ////// 179015 190011
166029 130031 155030 167038 169032 156019
175020 157033 152015 256012 289010 275007.
235011 182004 182009 172011 100013 //////
109003 149008 148006 219012 190019 //////
308008 028019 334019 244011 053014 352016
041018 052011 010010 013013 012020 015012.
357010 ////// 029010 274008 225005 268012
321006 232009 001005 030006 ////// 096003
173009 262004 010017 ////// 033017 351022
349017 ////// 337016 340018 283012 311005.
336012 012016 ////// 285009 228004 084007
301012 302009 290009 331010 190009 005007
358023 000037 356028 008037 355024 334026
345033 345025 344018 000018 353017 359023.
354008 334015 331023 354020 005019 197014
197007 338008 011017 174013 PPC002 004020
015027 003026 320011 336022 325014 239013
051020 332025 336023 ////// ////// //////.
030012 106005 216008 181006 085010 //////
////// 322007 PPC000 230006 196005 118007
PPC002 355019 020027 334032 020021 345029
353021 287022 305020 335018 354014 336013.
351012 317007 269007 PPC002 221003 247008
207005 252006 221006 PPC001 054006 134004
173012 177027 178032 162021 158017 159018
127017 336020 341016 332016 188014 276009.
291006 283007 298007 246008 166003 270006
261007 PPC001 116005 PPC002 069007 085003
182014 151016 349016 002022 245021 001021
354020 167018 094018 117019 153018 273007.
274003 018005 136003 193003 302006 066003
127003 322008 234006 123004 141005 138004
178038 180058 217030 185041 216039 335023
318017 030030 027018 017020 263010 231010.
125008 174008 245007 175006 336018 338020
348036 342025 338014 324014 341020 339017
345014 007019 308012 309016 330024 328016
325013 293010 131007 130006 159010 276004.
348011 018014 358016 356015 344014 353017
340012 017010 020011 045010 074007 145008
072007 311017 143034 118025 159022 173021
116023 086014 093022 110018 325010 320008.
022008 255006 266007 253006 071005 286005
131010 177008 197005 307009 099009 144006
197007 ////// 130025 191019 174028 202027
209012 217011 210018 170025 212007 151006.
189008 ////// 156007 198004 019009 029011
PPC001 340008 134004 245004 319008 252005
190018 157020 129024 145028 125036 152032
073032 115026 074012 110017 096014 128014.
143013 109018 147007 150009 153014 114017
113011 118012 119009 137007 130009 072011
160017 135029 139026 164026 151025 159031
183044 147026 139035 162021 139014 170012.
146013 162005 140017 127009 139019 157029
133018 170017 153009 173016 158012 180023
181021 152019 149019 164025 139016 140012
228009 268009 021006 327008 354012 354016.
300007 346007 PPC000 285005 293006 PPC001
022003 335003 ////// PPC002 PPC001 255007
159009 043017 349010 004015 352017 329016
334015 014008 353012 317009 332011 254006.
337007 158008 299004 311003 223003 355007
128003 350008 054008 148005 081004 249010
004036 027017 339014 322011 326021 329018
000019 349013 338012 314012 ////// 345006.
052004 313003 043005 262004 PPC001 243005
////// 277007 ////// 267004 PPC002 136004
183011 025018 030035 002016 310026 355043
////// 347022 333017 350023 359018 355012.
333008 332006 291007 315005 273007 286008
253007 279006 035003 078004 093006 PPC001
233005 354010 073017 090022 018028 047014
357024 342025 313020 321009 336012 008009=
046351 0851 087006 0848
041025 1304 060349 1300
049190 0931 077183 1153
057191 1317 079194 1300
033148 1903 057205 1311
060210 1310 091155 1026
057170 1556 083191 0957
056173 0856 077191 0801
038171 1031 045166 1025
031348 0925 041000 0919
026336 1331 046352 1326
047122 1433 073084 1431
038155 1158 070160 1557
026020 0929 038138 0514
030345 1511 045352 1506
040348 1007 063346 1024
038334 2227 063346 0831
036342 1343 060250 1537
037182 1116 047172 1140
027333 1207 043354 1424
062184 0945 083191 0943
037343 0302 059343 0258
036051 1136 055166 1054
032190 1342 044172 1228
040125 1443 065118 1630
044177 1455 067146 1522
032154 0203 054158 1107
022344 1345 037357 1344
037353 0859 050008 0857
043003 1356 061014 1355
031006 1548 043121 1122=
D=
K=
A=
S=
B=
??????
******
YF
O2185
河南省
豫栾川滑雪场
栾川县石庙乡杨树坪村伏牛山滑雪度假村
山地；乡村；地面
张跃武
张钰
张钰
张钰
王国安
张钰
20090611=
JY
8888=
GK
01/本月平均气温为13.7度，全月无降水.
02/降水栏全月无降水，原因不明，故全月降水按缺测处理.
05/=
BZ
BB/01/11时气温用内插法求得，定时风向、风速与十分钟风向、风速均缺测.1时-2时气温、定时风向、风速与十分钟风向、风速均缺测.01时温度用正点前1分钟值代替。02时温度用正点前1分钟值代替。
BB/04/6时气温用内插法求得，定时风向、风速与十分钟风向、风速均缺测.
BB/05/3时气温用内插法求得，定时风向、风速与十分钟风向、风速均缺测.
BB/06/23时气温用内插法求得，定时风向、风速与十分钟风向、风速均缺测.
BB/07/7时气温用内插法求得，定时风向、风速与十分钟风向、风速均缺测.
BB/08/11时-12时与17时-18时气温、定时风向、风速与十分钟风向、风速均缺测.11时温度用正点前4分钟值代替。17时温度用正点前1分钟值代替。18时温度用正点前1分钟值代替。12时温度用前后正点数据内插。
BB/09/2时与5时气温用内插法求得，定时风向、风速与十分钟风向、风速均缺测.
BB/10/14时与18时气温均用内插法求得，定时风向、风速与十分钟风向、风速均缺测.
BB/12/22时、4时、19时气温均用内插法求得，定时风向、风速与十分钟风向、风速均缺测.
BB/13/6时气温用内插法求得，定时风向、风速与十分钟风向、风速均缺测.
BB/14/2时与8时气温均用内插法求得，定时风向、风速与十分钟风向、风速均缺测.
BB/15/22时、7时、12时、16时气温均用内插法求得，定时风向、风速与十分钟风向、风速均缺测.
BB/16/23时气温用内插法求得，定时风向、风速与十分钟风向、风速均缺测.
BB/17/18时-20时气温、定时风向、风速与十分钟风向、风速均缺测.18时温度用正点前1分钟值代替。19时温度用正点前1分钟值代替。20时温度用正点前1分钟值代替。
BB/18/2时-3时气温、定时风向、风速与十分钟风向、风速均缺测.02时温度用正点前1分钟值代替。03时温度用正点前1分钟值代替。
BB/24/10时气温用内插法求得，定时风向、风速与十分钟风向、风速均缺测.
BB/25/22时气温用内插法求得，定时风向、风速与十分钟风向、风速均缺测.
BB/28/5时气温用内插法求得，定时风向、风速与十分钟风向、风速均缺测.
BB/29/19时气温用内插法求得，定时风向、风速与十分钟风向、风速均缺测.
BB/30/3时、5时、15时气温均用内插法求得，定时风向、风速与十分钟风向、风速均缺测.
00/335700/1112200
10/335700/1112200
10/24/24小时连续观测
11/不守班=
######
