O2194 3357N 11210E 005230 005230 105 000 S15 91999999919999199999 0 2012 04
P=
TB
0121 0103 0112 0112 0108 0102 0093 0083 0079 0072 0072 0082
0125 0183 0232 0245 0251 0237 0253 0250 0248 0228 0216 0182 0258 1250 0069 0654.
0197 0170 0149 0134 0122 0118 0118 0113 0112 0113 0110 0116
0128 0145 0150 0170 0183 0175 0169 0172 0182 0161 0158 0148 0200 2029 0110 0423.
0143 0124 0106 0134 0136 0133 0128 0092 0077 0065 0070 0080
0117 0162 0172 0185 0191 0196 0217 0218 0213 0190 0168 0136 0221 1540 0064 0601.
0125 0118 0107 0097 0092 0088 0083 0080 0081 0079 0083 0093
0101 0122 0159 0197 0219 0238 0229 0245 0238 0223 0200 0164 0252 1637 0078 0440.
0145 0128 0118 0113 0101 0092 0089 0080 0079 0072 0078 0092
0123 0195 0211 0225 0238 0247 0248 0254 0245 0223 0207 0177 0257 1530 0070 0616.
0163 0153 0144 0136 0124 0114 0108 0101 0087 0082 0087 0102
0137 0193 0216 0227 0236 0244 0246 0243 0234 0218 0203 0174 0249 1534 0080 0608.
0155 0137 0126 0125 0126 0129 0128 0122 0122 0117 0112 0121
0148 0188 0232 0254 0247 0243 0259 0260 0248 0235 0212 0182 0268 1539 0112 0700.
0164 0151 0143 0134 0126 0120 0117 0108 0105 0100 0101 0120
0153 0210 0243 0263 0271 0263 0254 0257 0246 0235 0219 0203 0273 1245 0099 0605.
0189 0192 0173 0156 0149 0146 0136 0129 0126 0122 0122 0135
0151 0185 0171 0157 0162 0157 0159 0154 0149 0147 0144 0140 0203 2001 0120 0636.
0138 0138 0134 0131 0128 0127 0119 0107 0099 0093 0092 0107
0131 0171 0188 0221 0236 0215 0233 0225 0217 0210 0195 0169 0240 1240 0090 0645.
0153 0142 0130 0123 0117 0115 0114 0111 0109 0104 0109 0122
0128 0140 0174 0197 0220 0226 0229 0217 0207 0198 0180 0167 0237 1452 0104 0600.
0155 0149 0139 0136 0127 0122 0129 0129 0119 0117 0117 0103
0102 0100 0097 0098 0099 0105 0109 0113 0118 0119 0112 0096 0167 2008 0096 1957.
0094 0089 0081 0073 0067 0061 0058 0052 0049 0045 0049 0075
0109 0146 0189 0216 0234 0241 0244 0244 0240 0216 0183 0154 0252 1552 0043 0549.
0146 0130 0118 0114 0102 0102 0094 0088 0088 0090 0093 0107
0147 0187 0207 0210 0215 0217 0214 0218 0220 0210 0190 0161 0226 1725 0084 0526.
0137 0125 0114 0104 0098 0091 0083 0082 0075 0077 0080 0097
0121 0163 0206 0217 0233 0250 0266 0276 0273 0245 0200 0165 0280 1541 0075 0500.
0142 0132 0127 0128 0118 0108 0102 0097 0091 0090 0092 0107
0144 0190 0199 0212 0214 0222 0217 0217 0211 0199 0187 0170 0224 1406 0089 0548.
0154 0144 0135 0128 0124 0119 0115 0111 0109 0105 0108 0118
0140 0174 0202 0209 0211 0208 0208 0200 0197 0193 0185 0178 0214 1221 0105 0556.
0170 0164 0157 0153 0147 0144 0141 0141 0140 0139 0139 0146
0164 0195 0213 0215 0226 0227 0238 0228 0227 0221 0197 0178 0240 1452 0138 0617.
0163 0152 0142 0133 0126 0120 0117 0113 0111 0105 0108 0124
0165 0211 0258 0273 0279 0272 0254 0233 0204 0187 0184 0172 0281 1245 0104 0548.
0166 0160 0151 0145 0141 0139 0136 0133 0135 0141 0139 0149
0164 0179 0193 0202 0211 0222 0213 0182 0160 0159 0155 0148 0226 1346 0132 0407.
0144 0135 0132 0125 0118 0110 0107 0101 0096 0094 0092 0102
0127 0163 0203 0236 0246 0238 0236 0236 0236 0220 0199 0180 0246 1258 0092 0640.
0166 0152 0143 0135 0131 0126 0116 0112 0111 0110 0108 0120
0134 0180 0220 0251 0275 0281 0289 0287 0278 0259 0244 0229 0292 1428 0108 0621.
0211 0186 0169 0165 0160 0148 0139 0133 0126 0122 0124 0148
0192 0251 0278 0286 0279 0266 0255 0249 0239 0235 0229 0207 0293 1142 0122 0600.
0193 0189 0187 0186 0184 0183 0182 0181 0180 0180 0180 0180
0183 0179 0187 0183 0182 0179 0169 0163 0163 0147 0138 0141 0207 2001 0137 1922.
0139 0161 0146 0179 0167 0162 0141 0158 0130 0129 0154 0160
0168 0175 0189 0193 0204 0218 0227 0228 0227 0211 0173 0141 0235 1551 0125 0515.
0124 0112 0099 0093 0083 0075 0072 0063 0064 0062 0067 0097
0150 0211 0252 0269 0284 0294 0280 0278 0276 0255 0231 0202 0297 1406 0062 0531.
0186 0170 0177 0167 0162 0153 0136 0137 0130 0125 0130 0154
0188 0231 0277 0304 0319 0330 0330 0327 0308 0285 0267 0227 0333 1417 0125 0558.
0212 0193 0179 0171 0168 0158 0155 0148 0138 0132 0128 0154
0193 0226 0248 0257 0269 0265 0265 0261 0258 0247 0227 0210 0274 1311 0128 0656.
0194 0178 0164 0154 0145 0141 0139 0135 0135 0140 0143 0149
0156 0164 0187 0211 0233 0235 0233 0240 0254 0238 0215 0196 0255 1705 0134 0349.
0177 0161 0153 0145 0138 0132 0127 0124 0124 0126 0132 0142
0158 0161 0170 0187 0182 0195 0196 0193 0180 0164 0159 0159 0198 1520 0122 0436=
I=
E=
U=
N=
H=
C=
V=
R6
0000 0000 0000
0000 0000 0000
0000 0000 0000
0000 0000 0000
0000 0000 0000
0000 0000 0000
0000 0000 0000
0000 0000 0000
0000 0000 0000
0000 0000 0000
0000 0000 0000
0005 0008 0013
0000 0000 0000
0000 0000 0000
0000 0000 0000
0000 0000 0000
0000 0000 0000
0000 0000 0000
0000 0000 0000
0000 0000 0000
0009 0000 0009
0000 0000 0000
0000 0001 0001
0157 0007 0164
0000 0000 0000
0000 0000 0000
0000 0000 0000
0000 0000 0000
0000 0000 0000
0000 0012 0012=
0000 0000 0000 0000 0000 0000 0000 0000 0000 0000 0000 0000
0000 0000 0000 0000 0000 0000 0000 0000 0000 0000 0000 0000.
0000 0000 0000 0000 0000 0000 0000 0000 0000 0000 0000 0000
0000 0000 0000 0000 0000 0000 0000 0000 0000 0000 0000 0000.
0000 0000 0000 0000 0000 0000 0000 0000 0000 0000 0000 0000
0000 0000 0000 0000 0000 0000 0000 0000 0000 0000 0000 0000.
0000 0000 0000 0000 0000 0000 0000 0000 0000 0000 0000 0000
0000 0000 0000 0000 0000 0000 0000 0000 0000 0000 0000 0000.
0000 0000 0000 0000 0000 0000 0000 0000 0000 0000 0000 0000
0000 0000 0000 0000 0000 0000 0000 0000 0000 0000 0000 0000.
0000 0000 0000 0000 0000 0000 0000 0000 0000 0000 0000 0000
0000 0000 0000 0000 0000 0000 0000 0000 0000 0000 0000 0000.
0000 0000 0000 0000 0000 0000 0000 0000 0000 0000 0000 0000
0000 0000 0000 0000 0000 0000 0000 0000 0000 0000 0000 0000.
0000 0000 0000 0000 0000 0000 0000 0000 0000 0000 0000 0000
0000 0000 0000 0000 0000 0000 0000 0000 0000 0000 0000 0000.
0000 0000 0000 0000 0000 0000 0000 0000 0000 0000 0000 0000
0000 0000 0000 0000 0000 0000 0000 0000 0000 0000 0000 0000.
0000 0000 0000 0000 0000 0000 0000 0000 0000 0000 0000 0000
0000 0000 0000 0000 0000 0000 0000 0000 0000 0000 0000 0000.
0000 0000 0000 0000 0000 0000 0000 0000 0000 0000 0000 0000
0000 0000 0000 0000 0000 0000 0000 0000 0000 0000 0000 0000.
0000 0000 0000 0000 0000 0000 0000 0000 0000 0000 0000 0005
0002 0004 0002 0000 0000 0000 0000 0000 0000 0000 0000 0000.
0000 0000 0000 0000 0000 0000 0000 0000 0000 0000 0000 0000
0000 0000 0000 0000 0000 0000 0000 0000 0000 0000 0000 0000.
0000 0000 0000 0000 0000 0000 0000 0000 0000 0000 0000 0000
0000 0000 0000 0000 0000 0000 0000 0000 0000 0000 0000 0000.
0000 0000 0000 0000 0000 0000 0000 0000 0000 0000 0000 0000
0000 0000 0000 0000 0000 0000 0000 0000 0000 0000 0000 0000.
0000 0000 0000 0000 0000 0000 0000 0000 0000 0000 0000 0000
0000 0000 0000 0000 0000 0000 0000 0000 0000 0000 0000 0000.
0000 0000 0000 0000 0000 0000 0000 0000 0000 0000 0000 0000
0000 0000 0000 0000 0000 0000 0000 0000 0000 0000 0000 0000.
0000 0000 0000 0000 0000 0000 0000 0000 0000 0000 0000 0000
0000 0000 0000 0000 0000 0000 0000 0000 0000 0000 0000 0000.
0000 0000 0000 0000 0000 0000 0000 0000 0000 0000 0000 0000
0000 0000 0000 0000 0000 0000 0000 0000 0000 0000 0000 0000.
0000 0000 0000 0000 0000 0000 0000 0000 0000 0000 0000 0000
0000 0000 0000 0000 0000 0000 0000 0000 0000 0000 0000 0000.
0000 0008 0000 0000 0000 0001 0000 0000 0000 0000 0000 0000
0000 0000 0000 0000 0000 0000 0000 0000 0000 0000 0000 0000.
0000 0000 0000 0000 0000 0000 0000 0000 0000 0000 0000 0000
0000 0000 0000 0000 0000 0000 0000 0000 0000 0000 0000 0000.
0000 0000 0000 0000 0000 0000 0000 0000 0000 0000 0000 0000
0000 0000 0000 0000 0000 0000 0000 0000 0000 0000 0000 0001.
0006 0000 0003 0005 0004 0009 0038 0072 0011 0000 0002 0007
0000 0000 0000 0000 0000 0000 0000 0002 0000 0003 0002 0000.
0000 0000 0000 0000 0000 0000 0000 0000 0000 0000 0000 0000
0000 0000 0000 0000 0000 0000 0000 0000 0000 0000 0000 0000.
0000 0000 0000 0000 0000 0000 0000 0000 0000 0000 0000 0000
0000 0000 0000 0000 0000 0000 0000 0000 0000 0000 0000 0000.
0000 0000 0000 0000 0000 0000 0000 0000 0000 0000 0000 0000
0000 0000 0000 0000 0000 0000 0000 0000 0000 0000 0000 0000.
0000 0000 0000 0000 0000 0000 0000 0000 0000 0000 0000 0000
0000 0000 0000 0000 0000 0000 0000 0000 0000 0000 0000 0000.
0000 0000 0000 0000 0000 0000 0000 0000 0000 0000 0000 0000
0000 0000 0000 0000 0000 0000 0000 0000 0000 0000 0000 0000.
0000 0000 0000 0000 0000 0000 0000 0000 0000 0000 0000 0000
0000 0000 0000 0000 0000 0000 0000 0000 0000 0007 0003 0002=
0000 ////////// 00000=
W=
L=
Z=
G=
FN
183019 204018 259028 271023 295065 274038
286040 297037 292044 296050 205029 187024
180012 204016 212030 012023 084041 025025
034051 019050 030032 051016 210030 195019.
214068 332022 014013 259006 051007 165005
005017 PPC000 078013 045028 045026 281010
033029 067014 024048 023032 047061 047055
221039 050034 040044 037050 117026 014054.
105019 028016 011024 050040 037078 036043
043025 152013 197024 177022 179022 192020
183027 045019 044045 017043 018032 011036
041029 047033 041033 024037 118009 339005.
293036 294037 290052 284044 221019 279022
264035 250031 202049 278021 205044 186050
199047 187054 187035 200012 263018 316032
028054 020030 035041 046021 064015 176028.
212031 186033 199031 240035 186033 201025
219036 201022 204040 184027 196037 201031
171027 193017 327029 044032 036046 004043
026040 174022 036025 023032 051009 015004.
190021 220022 289039 254029 243019 250018
257017 292034 186017 188024 205042 195035
189026 333023 048025 051059 021037 037046
011046 010056 027027 046036 057011 PPC001.
189010 165018 184029 185025 232017 245030
286038 251029 182029 266010 181019 190020
197024 185015 340008 195027 179020 278011
002032 037035 024035 020034 158012 190014.
281020 209010 272020 254017 257024 242034
225024 278014 187030 271018 204036 194041
206030 183011 016043 004030 296016 349020
064025 210040 189051 181051 168041 286024.
220023 194041 271027 289036 292013 335023
344019 339009 260017 252017 206007 261005
180014 186067 210043 212020 183048 258011
211041 216047 204045 193041 299015 263012.
260016 195010 PPC001 PPC000 227004 276012
226007 196014 229011 179019 165008 PPC002
171015 023008 027018 061017 061023 013045
359041 053049 054023 000023 028014 151005.
231006 182017 190019 196008 263024 195027
224018 197037 196027 201024 193040 207033
190013 196016 010022 022036 020034 219026
215034 200063 182036 147038 228037 249025.
267010 169015 285015 288016 327011 285006
086010 028061 018025 358017 010021 100014
040026 044034 046029 160005 268019 312020
251010 249016 022018 220013 198024 197032.
193036 191039 199024 183034 207023 194027
193039 197049 186042 192045 194048 194048
199046 209041 242021 323034 225032 042035
352030 004045 030023 021021 028005 286018.
285037 194022 188022 191019 188018 260025
197032 199036 208019 202033 205036 202029
196032 036003 046021 016020 034032 019017
041031 025027 029033 023020 248032 278022.
270030 277033 242034 269037 238025 271024
212033 189044 188017 183059 194054 190047
192037 199032 036012 031016 198011 184006
047017 030032 016029 028010 069008 163023.
181025 192027 194020 211042 253016 208015
229023 236020 227014 183029 199025 169012
183016 019043 014058 018059 023061 025057
023065 022065 016047 026044 055011 218007.
157010 183016 241008 292018 317013 157008
194010 281018 186014 263016 PPC002 192021
209007 163017 026016 026022 030028 026030
027028 046033 020021 022021 056015 028021.
149013 PPC002 168006 191011 179009 275007
185015 232009 190011 231010 257014 199018
201008 002022 001012 339007 066012 036039
304010 012038 023028 016015 195015 347008.
290035 295042 284031 278018 182028 200022
205034 235020 210030 209034 202030 186039
186047 192030 198013 030024 019049 020051
013044 226035 183022 227040 188037 205045.
192026 209025 199017 194026 198036 226016
222011 194010 008013 180028 162009 169014
192020 177017 008013 210011 193016 250030
012032 309046 321046 324033 316029 297026.
303035 317026 314021 266021 276024 200022
273026 294035 308036 304037 307030 284016
164011 006019 038019 019019 023042 020043
024045 037037 030033 019030 030023 077011.
093008 181018 226013 190013 192024 254020
187016 195013 271009 299021 325028 285004
010016 010017 025038 030029 040036 049038
225044 185050 252058 221040 172052 208028.
307023 348015 294019 300018 259031 252027
196008 258021 189023 177021 188017 187014
165015 188038 185015 214048 193068 221047
192060 187075 167047 190051 167035 174025.
248005 246004 046007 041009 048006 047012
035014 046011 308007 319004 048013 360033
066012 051038 044031 052030 059034 046026
035033 048034 041060 044009 320011 340022.
265022 043038 358015 011064 333023 038015
006021 037034 325020 359020 051024 033012
049048 009046 046025 017063 019041 320026
090018 010052 048048 041051 313015 242006.
188024 193026 222025 205035 203042 245027
205044 257022 207041 179042 214025 178040
198049 182042 190061 199029 195031 197036
243052 245062 308030 254024 192021 286035.
303052 296033 277027 237029 190075 192057
257025 183052 187048 193062 187061 192058
184066 187045 182023 305010 217027 218017
345019 232020 181047 259027 208053 086004.
312046 283026 292060 298049 301072 278049
290046 287028 192015 268023 178012 177015
020006 220010 039035 017048 025024 022052
016048 014039 309023 212038 213037 246016.
197021 269017 229013 036009 189018 235016
311019 281013 239013 306011 302007 326009
072017 018004 270006 117014 350016 012023
226023 240014 095006 060008 276022 315021.
288008 235028 289028 193015 213015 275009
189010 273017 189024 233013 304016 271010
077009 032009 064020 020032 022046 022048
030037 023030 038018 024029 046017 048006=
179019 195017 256028 264020 293060 269042
287041 272029 293042 296048 233032 192023
191012 245012 194028 022030 064043 033038
035048 022050 032029 087017 208030 185016.
202068 275022 016014 309008 043009 154006
012020 PPC001 080012 040025 047022 236010
038031 057019 027043 018029 061061 041052
249038 051040 042043 034052 104031 022055.
070026 019017 014019 052037 046063 042059
044040 160014 203018 194022 178025 191023
187023 020018 022035 031032 021049 022048
074023 071028 044037 023036 111009 058005.
280030 293039 291047 282042 245021 270029
262031 243028 204045 278022 200042 189047
195048 186053 184035 196010 264016 022023
027055 023032 034050 049021 073018 180021.
201027 188030 215026 232034 189032 202028
215038 195023 202041 193030 194037 199028
179027 286018 321028 034039 034039 310041
032045 129026 071035 022037 062012 302003.
193019 221022 281035 243026 243019 241018
256020 281031 187016 192022 205038 191034
188028 279018 026029 043056 023042 035044
032045 016055 036024 038035 056011 PPC002.
190010 165020 189027 188026 230018 249025
272033 231028 196028 250015 212021 188021
195027 183014 312009 190025 200017 320013
019028 041039 023033 034032 189009 184015.
260015 219011 271021 250018 257026 251029
235029 275017 196027 250020 200038 195043
205032 184011 017043 020029 267018 294025
049033 206042 201046 180046 182038 253020.
215026 223043 259030 288033 274014 304025
011017 339010 232015 245016 194008 254007
179013 193052 205045 241023 185054 242013
213044 211044 204049 199041 296015 267013.
256014 169007 139003 PPC001 245006 260010
230009 188016 210011 189018 170010 PPC002
172016 046009 023020 101031 056039 016047
028034 048054 048034 331027 034012 353007.
304006 191018 189024 191013 242021 192026
223023 197033 200027 203019 192034 202031
186014 188018 329018 021034 027034 218025
220039 201058 181043 168043 228037 248024.
270012 178016 277020 291020 007010 305004
071013 052059 019029 357021 018019 103012
040026 049030 065027 205007 260017 270017
215015 212016 016024 284016 201021 192030.
182033 187039 197026 181032 199031 193033
192035 194045 193040 193040 190045 190050
201048 205041 229025 321029 215034 313023
311026 356046 027030 019022 011004 281014.
281036 192018 186021 188019 191022 269028
200030 204030 208017 205035 205036 204031
196032 201007 043020 023020 021030 036021
032033 017026 025031 023019 246027 266021.
264028 272032 239034 263033 238026 250027
218029 191044 215019 186055 195052 192046
193037 200033 025012 026016 189010 143010
040019 039037 015033 032013 043008 169021.
181025 185030 199022 218042 228020 208016
232020 226019 232016 186027 190027 170015
180014 026040 017056 019055 021064 021060
023063 024063 017051 027046 052014 177007.
163010 184015 260012 283016 293012 205008
182009 278014 193014 266016 197003 186020
207008 170018 062015 034025 029030 026034
033027 037030 028018 020022 052016 031026.
125014 150005 168007 201011 177009 269006
180018 241014 197014 221014 257017 198017
203011 009022 006014 277010 061015 025037
322015 017033 020028 014014 200014 232007.
287033 290037 274031 269018 186024 199023
202038 212026 203032 204034 195034 185036
186048 187030 195012 038031 025046 025050
017051 239039 190028 233040 190037 196046.
195026 204025 203020 197027 196034 246017
202010 197010 070012 177027 171006 175013
188021 179018 357012 242008 220015 236028
012029 310041 314043 313036 308032 292030.
298035 283022 314020 262021 276022 195022
270026 285028 309038 300034 298029 288019
163013 078021 028023 048021 027038 029047
050043 042043 026032 019028 034022 079012.
128005 187014 248016 187013 194028 240020
185016 195013 268011 299022 317029 001004
013015 022016 021036 035030 042035 045036
214052 202047 244055 221043 179048 214027.
258019 345017 275014 291022 267029 239022
199012 232019 190024 175021 188020 172016
175014 198035 184014 224044 207055 209052
200062 198056 175050 189044 179037 191022.
217007 244003 042008 044008 056006 043012
030013 044010 340004 001007 050012 012029
075015 066033 042033 061026 049033 068031
041029 048027 052046 029012 354008 276020.
239017 035038 038016 024068 322029 033023
323017 038039 348021 297023 049033 058015
049036 016051 051027 029050 032043 338024
070022 038058 039047 039046 322015 235006.
196022 223026 221026 213034 205040 240030
202042 244026 202040 181044 209031 184040
198050 179039 188057 207030 204029 194039
240050 236054 298032 246023 209020 275029.
297051 294029 241030 219034 193074 189061
252028 187055 189055 196060 185061 195058
185062 185046 185025 040009 208028 210021
305021 242023 190048 259030 199050 114006.
304048 285026 290055 289048 301067 281051
287052 291034 202016 276027 193013 172018
325006 217009 032031 019048 027028 022048
017046 014042 325022 208034 200040 247014.
194020 271020 209014 224011 188017 219015
306024 282012 257012 293010 276008 326009
061016 047003 195006 096014 260018 022022
241019 232012 122008 049008 283023 293022.
269013 253025 278027 200015 208015 286009
176010 282019 197023 244012 285015 285009
059009 079009 054020 017031 022045 021049
029036 027030 039020 024029 046018 051008=
066025 1507 098052 1325
107030 1722 193032 1719
098037 0142 175024 0142
067030 1455 107035 1454
062025 1305 112018 1532
070027 1406 100049 1343
048193 0411 080039 1725
065176 1822 095173 1821
086191 1035 140204 1011
068037 1337 115018 1323
062204 1603 093197 1524
072017 0437 117018 0429
062199 0615 081164 0747
047201 0616 067206 0313
062022 1614 098049 1543
079025 1315 131015 1545
050021 1239 077021 1328
041014 1251 060049 1249
070017 1441 108029 1413
052313 1611 076333 1611
061038 1440 100054 1506
093186 1431 132201 1429
080193 1312 147159 1312
070035 1313 114060 1309
071031 2359 138049 1251
074193 1541 124184 1550
081189 0139 108182 0106
074305 0108 090307 0107
038006 1323 063015 1230
051024 1431 077027 1408=
D=
K=
A=
S=
B=
??????
******
YF
O2194
河南省
豫嵩县木植街
嵩县木植街乡广场内
山地；乡镇；地面
空缺
计算机
计算机
计算机
计算机
计算机
20120511=
JY
8888=
GK
01/
05/=
BZ
00/335717/1120953
10/24/逐时观测
10/24/24时连续观测
11/不守班=
######
