O2184 3415N 11128E 006672 006672 105 000 S15 91999999919999199999 0 2011 04
P=
TB
0000 0000 0000 0000 0000 0000 0000 0000 0000 0000 0000 0000
0000 0000 0000 0000 0000 0000 0000 0000 0000 0000 0000 0000 0213 1455 0000 2100.
0000 0082 0000 0048 0036 0028 0022 0017 0013 0011 0007 0003
0000 0004 0001 0000 0001 0002 0004 0000 0000 0000 0000 0000 0116 2001 -002 1202.
0000 0000 0000 0000 0000 0000 0000 0000 0000 0000 0000 0000
0000 0000 0000 0000 0000 0000 0000 0000 0000 0000 0000 0000 0097 1547 0000 2100.
0000 0000 0000 0000 0000 0000 0000 0000 0000 0000 0000 0000
0000 0000 0000 0000 0000 0000 0000 0000 0000 0000 0000 0000 0143 1513 0000 2100.
0000 0000 0000 0000 0000 0000 0000 0000 0000 0000 0000 0000
0000 0000 0000 0000 0000 0000 0000 0000 0000 0000 0000 0000 0084 0084 0000 2100.
0000 0000 0000 0000 0000 0000 0000 0000 0000 0000 0062 0000
0000 0000 0000 0000 0000 0000 0000 0000 0000 0000 0000 0000 0150 1620 0000 2100.
0000 0000 0000 0000 0000 0000 0000 0000 0000 0000 0000 0000
0000 0000 0000 0000 0000 0000 0000 0000 0000 0000 0000 0000 0162 1459 0000 2100.
0000 0000 0000 0000 0000 0000 0000 0000 0000 0000 0000 0000
0000 0000 0000 0000 0000 0000 0000 0000 0000 0000 0000 0000 0205 1425 0000 2100.
0000 0000 0000 0000 0000 0000 0000 0000 0000 0000 0000 0000
0000 0000 0000 0000 0000 0000 0000 0000 0000 0000 0000 0000 0250 1519 0000 2100.
0000 0000 0000 0000 0000 0000 0000 0000 0000 0000 0000 0000
0000 0000 0000 0000 0000 0000 0000 0000 0000 0000 0000 0000 0227 1107 0000 2100.
0000 0000 0000 0000 0000 0000 0000 0000 0000 0000 0000 0000
0000 0000 0000 0000 0000 0000 0000 0000 0000 0000 0000 0000 0169 1614 0000 2100.
0000 0000 0000 0000 0000 0000 0000 0000 0000 0000 0000 0000
0000 0000 0000 0000 0000 0000 0000 0000 0000 0000 0000 0000 0211 1450 0000 2100.
0000 0000 0000 0000 0000 0000 0000 0000 0000 0000 0000 0000
0000 0000 0000 0000 0000 0000 0000 0000 0000 0000 0000 0000 0277 1321 0000 2100.
0000 0000 0000 0000 0000 0000 0000 0000 0000 0000 0000 0000
0000 0000 0000 0000 0000 0000 0000 0000 0000 0000 0000 0000 0278 1449 0000 2100.
0000 0000 0000 0000 0000 0000 0000 0000 0000 0000 0000 0000
0000 0000 0000 0000 0000 0000 0000 0000 0000 0000 0000 0000 0286 1328 0000 2100.
0000 0000 0000 0000 0000 0000 0000 0000 0000 0000 0000 0000
0000 0000 0000 0000 0000 0000 0000 0000 0000 0000 0000 0000 0216 1454 0000 2100.
0000 0000 0000 0000 0000 0000 0000 0000 0000 0000 0000 0000
0000 0000 0000 0000 0000 0000 0000 0000 0000 0000 0000 0000 0263 0263 0000 2100.
0000 0000 0000 0000 0000 0000 0000 0000 0000 0000 0000 0000
0000 0000 0000 0000 0000 0000 0000 0000 0000 0000 0000 0000 0249 1541 0000 2100.
0000 0000 0000 0000 0000 0000 0000 0000 0000 0000 0000 0000
0000 0000 0000 0000 0000 0000 0000 0000 0000 0000 0000 0000 0217 0217 0000 2100.
0000 0000 0000 0000 0000 0000 0000 0000 0000 0000 0000 0000
0000 0000 0000 0000 0000 0000 0162 0142 0128 0124 0122 0000 0185 1119 0000 2100.
0000 0000 0000 0000 0000 0000 0000 0000 0000 0000 0000 0000
0000 0000 0000 0000 0000 0000 0000 0000 0000 0000 0000 0000 0228 1554 0000 2100.
0000 0000 0000 0000 0000 0000 0000 0000 0000 0000 0000 0000
0000 0000 0000 0000 0000 0000 0000 0000 0000 0000 0000 0000 0244 1510 0000 2100.
0000 0000 0000 0000 0000 0000 0000 0000 0000 0000 0000 0000
0000 0000 0000 0000 0000 0000 0000 0000 0000 0000 0000 0000 0267 1541 0000 2100.
0000 0000 0000 0000 0000 0000 0000 0000 0000 0000 0000 0000
0000 0000 0000 0000 0000 0000 0000 0000 0000 0000 0000 0000 0269 1721 0000 2100.
0000 0000 0000 0000 0000 0000 0000 0000 0000 0000 0000 0000
0000 0000 0000 0000 0000 0000 0000 0000 0000 0000 0000 0000 0327 1451 0000 2100.
0000 0000 0000 0000 0000 0000 0000 0000 0000 0000 0000 0000
0000 0000 0000 0000 0000 0000 0000 0000 0000 0000 0000 0000 0295 1412 0000 2100.
0000 0000 0000 0000 0000 0000 0000 0000 0000 0000 0000 0000
0000 0000 0000 0000 0000 0000 0000 0000 0000 0000 0000 0000 0250 1519 0000 2100.
0000 0000 0000 0000 0000 0000 0000 0000 0000 0000 0000 0000
0000 0000 0000 0000 0000 0000 0000 0000 0000 0000 0000 0000 0283 1444 0000 2100.
0000 0000 0000 0000 0000 0000 0000 0000 0000 0000 0000 0000
0000 0000 0000 0000 0000 0000 0000 0000 0000 0000 0000 0233 0362 0362 0000 2100.
0230 0000 0000 0000 0000 0000 0000 0000 0000 0000 0000 0000
0000 0000 0000 0000 0000 0000 0000 0000 0000 0000 0000 0000 0257 1426 0000 2200=
I=
E=
U=
N=
H=
C=
V=
R6
0000 0000 0000
0133 0024 0157
0000 0000 0000
0000 0000 0000
0000 0000 0000
0001 0000 0001
0000 0000 0000
0000 0000 0000
0000 0000 0000
0000 0000 0000
0000 0000 0000
0000 0000 0000
0000 0000 0000
0000 0000 0000
0000 0000 0000
0000 0000 0000
0000 0000 0000
0000 0000 0000
0000 0000 0000
0000 0042 0042
0000 0000 0000
0000 0000 0000
0000 0000 0000
0000 0000 0000
0000 0000 0000
0000 0000 0000
0000 0000 0000
0000 0000 0000
0000 0006 0006
0002 0000 0002=
0000 0000 0000 0000 0000 0000 0000 0000 0000 0000 0000 0000
0000 0000 0000 0000 0000 0000 0000 0000 0000 0000 0000 0000.
0000 0001 0000 0011 0020 0019 0017 0014 0016 0017 0007 0011
0004 0006 0004 0000 0007 0002 0001 0000 0000 0000 0000 0000.
0000 0000 0000 0000 0000 0000 0000 0000 0000 0000 0000 0000
0000 0000 0000 0000 0000 0000 0000 0000 0000 0000 0000 0000.
0000 0000 0000 0000 0000 0000 0000 0000 0000 0000 0000 0000
0000 0000 0000 0000 0000 0000 0000 0000 0000 0000 0000 0000.
0000 0000 0000 0000 0000 0000 0000 0000 0000 0000 0000 0000
0000 0000 0000 0000 0000 0000 0000 0000 0000 0000 0000 0000.
0000 0000 0000 0000 0000 0000 0000 0000 0000 0000 0001 0000
0000 0000 0000 0000 0000 0000 0000 0000 0000 0000 0000 0000.
0000 0000 0000 0000 0000 0000 0000 0000 0000 0000 0000 0000
0000 0000 0000 0000 0000 0000 0000 0000 0000 0000 0000 0000.
0000 0000 0000 0000 0000 0000 0000 0000 0000 0000 0000 0000
0000 0000 0000 0000 0000 0000 0000 0000 0000 0000 0000 0000.
0000 0000 0000 0000 0000 0000 0000 0000 0000 0000 0000 0000
0000 0000 0000 0000 0000 0000 0000 0000 0000 0000 0000 0000.
0000 0000 0000 0000 0000 0000 0000 0000 0000 0000 0000 0000
0000 0000 0000 0000 0000 0000 0000 0000 0000 0000 0000 0000.
0000 0000 0000 0000 0000 0000 0000 0000 0000 0000 0000 0000
0000 0000 0000 0000 0000 0000 0000 0000 0000 0000 0000 0000.
0000 0000 0000 0000 0000 0000 0000 0000 0000 0000 0000 0000
0000 0000 0000 0000 0000 0000 0000 0000 0000 0000 0000 0000.
0000 0000 0000 0000 0000 0000 0000 0000 0000 0000 0000 0000
0000 0000 0000 0000 0000 0000 0000 0000 0000 0000 0000 0000.
0000 0000 0000 0000 0000 0000 0000 0000 0000 0000 0000 0000
0000 0000 0000 0000 0000 0000 0000 0000 0000 0000 0000 0000.
0000 0000 0000 0000 0000 0000 0000 0000 0000 0000 0000 0000
0000 0000 0000 0000 0000 0000 0000 0000 0000 0000 0000 0000.
0000 0000 0000 0000 0000 0000 0000 0000 0000 0000 0000 0000
0000 0000 0000 0000 0000 0000 0000 0000 0000 0000 0000 0000.
0000 0000 0000 0000 0000 0000 0000 0000 0000 0000 0000 0000
0000 0000 0000 0000 0000 0000 0000 0000 0000 0000 0000 0000.
0000 0000 0000 0000 0000 0000 0000 0000 0000 0000 0000 0000
0000 0000 0000 0000 0000 0000 0000 0000 0000 0000 0000 0000.
0000 0000 0000 0000 0000 0000 0000 0000 0000 0000 0000 0000
0000 0000 0000 0000 0000 0000 0000 0000 0000 0000 0000 0000.
0000 0000 0000 0000 0000 0000 0000 0000 0000 0000 0000 0000
0000 0000 0000 0000 0000 0000 0003 0014 0021 0002 0002 0000.
0000 0000 0000 0000 0000 0000 0000 0000 0000 0000 0000 0000
0000 0000 0000 0000 0000 0000 0000 0000 0000 0000 0000 0000.
0000 0000 0000 0000 0000 0000 0000 0000 0000 0000 0000 0000
0000 0000 0000 0000 0000 0000 0000 0000 0000 0000 0000 0000.
0000 0000 0000 0000 0000 0000 0000 0000 0000 0000 0000 0000
0000 0000 0000 0000 0000 0000 0000 0000 0000 0000 0000 0000.
0000 0000 0000 0000 0000 0000 0000 0000 0000 0000 0000 0000
0000 0000 0000 0000 0000 0000 0000 0000 0000 0000 0000 0000.
0000 0000 0000 0000 0000 0000 0000 0000 0000 0000 0000 0000
0000 0000 0000 0000 0000 0000 0000 0000 0000 0000 0000 0000.
0000 0000 0000 0000 0000 0000 0000 0000 0000 0000 0000 0000
0000 0000 0000 0000 0000 0000 0000 0000 0000 0000 0000 0000.
0000 0000 0000 0000 0000 0000 0000 0000 0000 0000 0000 0000
0000 0000 0000 0000 0000 0000 0000 0000 0000 0000 0000 0000.
0000 0000 0000 0000 0000 0000 0000 0000 0000 0000 0000 0000
0000 0000 0000 0000 0000 0000 0000 0000 0000 0000 0000 0000.
0000 0000 0000 0000 0000 0000 0000 0000 0000 0000 0000 0000
0000 0000 0000 0000 0000 0000 0000 0000 0000 0000 0000 0006.
0002 0000 0000 0000 0000 0000 0000 0000 0000 0000 0000 0000
0000 0000 0000 0000 0000 0000 0000 0000 0000 0000 0000 0000=
0000 ////////// 00000=
W=
L=
Z=
G=
FN
302009 213005 089008 306007 303010 244008
264004 157019 294010 184027 277011 284019
276014 096029 122031 097025 099053 084046
069047 083051 093049 078065 089064 101052.
088069 096050 094042 095042 096045 096038
098045 086046 108043 089042 092045 109048
100050 089032 063029 063032 089040 120030
083032 104026 095026 091013 096018 111030.
096026 092031 114028 092020 105015 342021
305005 092011 064014 091008 089012 303017
258016 241008 069011 102030 118034 089045
109031 109026 111032 108044 113035 143018.
144003 191007 268007 271008 286016 293018
287015 300012 286007 296016 299017 281019
277011 355010 015009 078030 091056 106044
096062 102051 065048 053016 037017 276010.
290011 360012 128007 025008 341013 081012
074005 097026 112005 084027 113014 073015
071007 108010 091023 332011 298019 282019
293015 247012 288015 303014 293030 293033.
287030 294032 279019 336015 PPC002 271010
169026 341016 286021 298018 284040 285046
266048 277042 280046 271062 267051 268058
282038 275058 282033 280027 292018 253015.
228013 254017 273025 286023 293029 281023
280024 287028 288028 271030 287031 286050
296020 269036 328042 311049 271047 280032
288048 287032 282034 272034 297017 282023.
273020 271025 280024 278026 284021 271031
274021 286024 288031 288029 287031 282030
290034 290033 285018 253015 058023 080023
065023 112046 107035 112029 115024 171022.
183030 248010 288026 296028 295032 300041
297041 288036 294042 294053 282042 280045
274044 290046 293045 272049 227041 263042
291062 348032 101020 097018 160019 280009.
287019 286015 284021 295035 291044 292067
292060 293053 289058 294071 301073 297052
303044 280052 285033 343047 014041 007039
001042 059043 054040 083040 107014 057013.
163014 089069 118034 110015 152011 164017
134012 164010 276005 PPC000 047005 286005
076013 117006 053015 067017 106041 115048
096038 346008 296015 287018 283035 299027.
278025 297027 289018 299022 281022 282028
166015 316010 270010 263011 155014 264008
332013 103018 097032 082024 085035 098039
100045 096049 108038 092038 077019 142010.
345006 148013 274012 206011 289005 289029
288032 281024 305032 293038 293031 293038
294035 311013 301025 030014 040014 114041
096038 124043 114048 099034 072031 175004.
070026 087021 176010 168016 286012 170026
296014 260016 278034 265018 289022 280043
278045 288028 000023 067035 112060 113052
097044 089045 112048 089051 118027 090031.
122026 322007 174019 280010 284009 336013
278016 290017 268022 304024 248021 285024
287019 315033 109021 079029 096037 058030
132018 072027 040022 026009 068032 095051.
083055 084028 076019 093047 090052 105035
094026 130011 097005 155017 078014 085023
250006 036012 117041 106037 098037 100053
058030 075043 098050 075029 055015 108017.
123007 284008 205008 182020 289023 178026
284025 293038 310059 274032 300031 288043
289063 277056 341051 304048 307046 345061
353040 354062 313045 322037 324033 332019.
326028 293010 317013 088046 101015 103023
090022 092034 154012 217004 156005 324008
295019 268016 348015 327011 327019 307014
071020 062028 041019 074033 090021 174022.
096062 097051 117021 091015 159015 199009
166017 181020 306012 307012 308009 289013
336007 009012 326012 119031 116037 099044
126048 100043 107034 071028 073034 066010.
143010 348008 189012 056011 162025 157019
134010 203007 136015 132016 082012 120024
097014 117022 103020 114033 112036 148010
349008 043009 090007 215008 272009 111005.
101015 299010 157008 176012 274008 286015
271024 296035 292043 266052 266033 275056
275038 289047 273050 282044 283049 273044
284030 349028 338025 298032 306013 302013.
280012 280016 108045 092028 096024 122023
105022 089025 090026 090003 288014 272014
300028 276035 270029 329028 013033 326061
313056 328045 306046 306046 317024 303011.
303011 294014 289022 153026 343011 301011
293016 290021 299020 295036 301045 301045
312045 284056 279069 309064 294088 318056
300082 311075 290052 316034 323025 099102.
103043 080053 073023 095024 140015 166007
161015 171015 181016 282014 276009 290017
295021 295016 261012 288021 333021 311034
088041 080034 293015 267011 213023 294015.
090009 296022 296039 288049 301041 300027
293039 299048 283066 295049 296048 300062
295056 290050 284055 272050 263060 310060
331049 310074 301052 294027 293016 201017.
331006 289018 305032 281015 290013 184020
296016 324034 338056 264013 279013 300017
274037 285033 284058 316073 308055 323058
333053 333042 050015 291026 346019 329054.
319019 277016 322013 296022 319016 307015
300013 306026 241018 323009 314027 313024
353027 066019 020024 297028 300026 304017
284033 296033 297027 268033 290012 201015.
188028 281009 279011 302026 260012 305027
159022 220011 169029 148016 153007 263011
287040 288038 293021 314021 301022 325028
149018 084034 102055 107028 104026 202011.
176012 162006 152007 290006 310009 169020
218006 193010 184009 280014 294013 293015
294036 302051 294076 286085 283078 276065
281057 293046 315037 302024 327010 350023.
260012 300017 261014 218017 205017 283012
316027 290021 309026 311009 180009 283011
310019 294026 304059 297039 282064 314054
289066 291041 301070 311038 287020 276017=
303009 237007 075007 304008 293010 261008
253005 163019 295012 178024 273011 283019
278015 093025 119033 097025 095052 091052
073051 081052 083057 081065 086060 101053.
090066 098046 093044 095041 097043 094041
096045 089045 107040 090041 093045 105046
099052 092031 067032 064032 088039 105032
084032 107027 100024 092015 093019 109027.
093027 092030 112026 097020 107015 333021
300007 084010 070014 088011 095012 294015
272017 243008 036011 102030 118036 090037
102032 098031 105034 102042 113035 136018.
PPC001 192009 264007 275007 293015 294018
285015 293012 231009 291015 294019 280020
277012 284008 031011 091032 094050 107044
093055 090051 067050 052020 034016 286010.
284010 336011 110007 033008 016011 074012
060006 096026 090007 085025 117015 083014
063008 103012 095020 327011 299019 282019
289014 266009 288014 304013 291028 292034.
291032 292033 279018 331015 PPC001 275010
177022 340015 287022 293019 280038 281042
268046 279045 282050 273057 272053 278054
273041 276054 282035 278026 288019 257017.
230013 256017 277024 284024 292030 284024
283024 288027 289027 275028 292029 285046
297025 273036 318039 305042 274048 279036
282039 291030 282031 270036 294018 283023.
272021 268027 279023 280028 283023 269031
276021 284024 290028 288027 288034 281032
289034 289034 278023 272022 011023 096020
071024 116038 105036 117030 114027 171021.
182028 230010 289026 296028 292032 300042
298041 292034 292045 295053 286043 281045
276045 287048 292045 273046 238031 261045
289063 326030 079017 093019 155018 237010.
286019 284015 286020 298034 290052 292059
290060 292057 289062 293072 300067 297049
298044 281057 285038 328050 010045 021032
341042 051035 050040 085037 103014 062012.
170016 091069 115035 113016 146012 162018
142013 168009 285005 PPC001 011003 284007
089014 086012 003015 086026 108039 110041
103036 037009 285011 299022 287038 298028.
282027 296027 292019 297019 283025 281028
176012 301009 266011 248012 152013 272007
269016 088017 109035 104027 086035 106040
103046 104046 110040 093034 078020 150011.
307007 147013 254010 197011 261007 292026
287030 281025 302030 293040 294029 291038
289036 298013 298024 289015 052016 106044
105040 116043 115044 097035 071033 133004.
070024 085021 175011 168015 284011 169026
291013 257018 279035 265020 295023 283040
278043 286031 346021 063029 107057 105053
096050 093041 110051 090050 113033 091034.
121026 340006 172018 269012 295010 330012
289016 301017 268021 306021 260022 287023
287019 310032 093024 076033 100031 072037
123025 063025 040019 028009 069034 096051.
088051 081025 079021 093047 090049 104035
096028 131012 108007 153017 075015 086024
185007 037013 109041 098035 115036 095053
069038 074045 095051 074032 051015 100019.
128008 288009 241007 178018 290024 175025
266022 290041 305051 277033 286033 292044
289063 276055 300052 312060 308049 319057
319040 288059 321045 325034 320039 331025.
311030 307013 307011 087045 102015 103021
088021 094032 146013 233005 166007 342009
292016 287018 228014 321015 342019 312021
063022 058033 056025 079033 087022 175024.
131037 095054 118021 096014 153013 196010
168018 182020 303013 303012 311008 288013
301007 011016 333013 116033 117038 109044
116045 096045 113034 070026 071033 072014.
167008 295008 223009 063011 165022 156019
137009 225007 142015 135017 081013 117024
098016 121018 106020 110030 108034 143009
294009 013009 086007 200009 291008 PPC002.
103016 301009 179008 172013 260007 288015
274026 298032 289043 269048 265037 278050
270040 285047 275045 279046 284047 274042
281034 292030 324027 309035 302013 300013.
289012 278015 110051 100030 087026 117024
108022 090028 091026 083004 290013 271015
295028 276037 273031 309035 261040 314057
307059 313054 311049 310042 315025 296012.
301011 292014 277019 154028 303009 292011
284014 286017 295021 296033 301047 300043
309046 285048 283064 306073 294087 317060
298086 309074 294052 316037 323021 109085.
098045 085050 078023 092024 140014 155007
162016 174015 204014 287014 275011 289015
298022 301019 254015 286024 260017 298029
084041 084030 243013 272010 215024 287014.
101012 297025 296038 290051 306038 302028
295040 297052 285062 297054 296056 297057
294058 291061 286053 281050 265054 313064
315048 312067 299056 302030 302019 220014.
151008 292017 298025 282016 291012 182019
294016 321036 317054 265014 275013 299015
281030 288030 295055 316068 312063 315056
321050 317047 049019 291025 326017 309053.
321022 280016 325012 296021 314017 305016
299012 308024 258017 285010 318027 310022
291026 066018 350021 288024 312025 320025
283033 298035 299026 265032 290015 190015.
189027 265010 265010 298024 276014 304028
161019 189014 176026 149016 129007 275011
292043 288038 283021 315021 296021 330024
164021 086040 104054 106029 104026 194015.
178013 195006 153008 341003 286009 168017
070005 190011 165007 276013 295012 294013
295034 301046 294068 282091 283083 279061
277051 293043 315039 294023 317012 280022.
255013 288016 259015 212018 205016 285013
322029 314024 307023 294009 194009 289013
302021 290025 294053 300044 286058 301054
297067 293049 297059 312040 286019 279016=
082079 1743 112085 1737
071087 2105 090091 2104
042101 1415 064111 1550
068086 1521 094054 1517
046287 1928 064282 1927
064282 0943 092266 1206
054328 1046 092328 1045
045112 1605 061291 1240
065287 1458 108294 1459
078293 0555 113359 1139
072091 2153 086088 2129
054113 1618 078091 1549
055117 1410 073116 1404
066107 1332 091097 1455
069100 1937 104111 1935
059085 1409 086094 1406
079275 0932 136322 1253
045087 0000 070359 2009
061089 2155 086088 2154
039095 1311 048108 1234
057278 1147 095272 1146
074318 1556 139297 1537
104317 1517 165309 1509
098105 2011 121108 2009
081292 0957 126287 0945
095324 1333 147320 1345
052323 2011 107320 2010
054104 1700 081274 0855
106282 1144 183263 1142
076319 1455 131283 1243=
D=
K=
A=
S=
B=
??????
******
YF
O2184
河南省
豫洛宁兴华
洛宁县兴华乡瓦寨庙村
山地；乡村；地面
空缺
计算机
计算机
计算机
计算机
计算机
20120208=
JY
8888=
GK
01/
05/=
BZ
BB/01/日最低气温用21时00分数据代替。日最高气温用14时55分数据代替。
BB/02/日最高气温用20时01分数据代替。
BB/03/日最低气温用21时00分数据代替。日最高气温用15时47分数据代替。
BB/04/日最低气温用21时00分数据代替。日最高气温用15时13分数据代替。
BB/05/日最低气温用21时00分数据代替。
BB/06/日最低气温用21时00分数据代替。日最高气温用16时20分数据代替。
BB/07/日最低气温用21时00分数据代替。日最高气温用14时59分数据代替。
BB/08/日最低气温用21时00分数据代替。日最高气温用14时25分数据代替。
BB/09/日最低气温用21时00分数据代替。日最高气温用15时19分数据代替。
BB/10/日最低气温用21时00分数据代替。日最高气温用11时07分数据代替。
BB/11/日最低气温用21时00分数据代替。日最高气温用16时14分数据代替。
BB/12/日最低气温用21时00分数据代替。日最高气温用14时50分数据代替。
BB/13/日最低气温用21时00分数据代替。日最高气温用13时21分数据代替。
BB/14/日最低气温用21时00分数据代替。日最高气温用14时49分数据代替。
BB/15/日最低气温用21时00分数据代替。日最高气温用13时28分数据代替。
BB/16/日最低气温用21时00分数据代替。日最高气温用14时54分数据代替。
BB/17/日最低气温用21时00分数据代替。
BB/18/日最低气温用21时00分数据代替。日最高气温用15时41分数据代替。
BB/19/日最低气温用21时00分数据代替。
BB/20/日最低气温用21时00分数据代替。日最高气温用11时19分数据代替。
BB/21/日最低气温用21时00分数据代替。日最高气温用15时54分数据代替。
BB/22/日最低气温用21时00分数据代替。日最高气温用15时10分数据代替。
BB/23/日最低气温用21时00分数据代替。日最高气温用15时41分数据代替。
BB/24/日最低气温用21时00分数据代替。日最高气温用17时21分数据代替。
BB/25/日最低气温用21时00分数据代替。日最高气温用14时51分数据代替。
BB/26/日最低气温用21时00分数据代替。日最高气温用14时12分数据代替。
BB/27/日最低气温用21时00分数据代替。日最高气温用15时19分数据代替。
BB/28/日最低气温用21时00分数据代替。日最高气温用14时44分数据代替。
BB/29/日最低气温用21时00分数据代替。
BB/30/日最低气温用22时00分数据代替。日最高气温用14时26分数据代替。
00/341517/1112740
10/24/逐时观测
10/24/24时连续观测
11/不守班=
######
