O2196 3409N 11155E 004650 004650 105 000 S15 91999999919999199999 0 2012 05
P=
TB
0163 0159 0159 0159 0156 0156 0154 0155 0155 0154 0157 0165
0164 0170 0185 0188 0182 0190 0211 0214 0210 0204 0188 0178 0224 1453 0154 0214.
0170 0161 0153 0136 0130 0126 0120 0119 0117 0118 0131 0159
0186 0210 0229 0247 0253 0265 0254 0253 0244 0240 0228 0210 0265 1400 0115 0532.
0196 0187 0178 0175 0173 0162 0151 0144 0137 0137 0159 0187
0223 0247 0249 0247 0259 0273 0267 0260 0251 0239 0222 0201 0278 1341 0134 0531.
0172 0163 0143 0135 0126 0121 0116 0115 0109 0109 0134 0176
0210 0250 0267 0284 0289 0290 0297 0288 0280 0274 0241 0206 0316 1409 0107 0513.
0179 0164 0143 0134 0126 0116 0111 0106 0101 0099 0133 0186
0226 0265 0294 0318 0336 0326 0322 0318 0308 0296 0272 0227 0338 1259 0099 0536.
0206 0190 0176 0166 0158 0148 0142 0135 0130 0126 0150 0194
0220 0264 0296 0319 0329 0326 0326 0347 0326 0304 0274 0223 0352 1559 0125 0539.
0218 0206 0200 0186 0176 0185 0183 0174 0170 0179 0182 0193
0206 0219 0229 0218 0222 0225 0235 0235 0238 0234 0222 0196 0244 1628 0169 0431.
0182 0170 0164 0156 0153 0146 0144 0137 0135 0132 0156 0196
0230 0250 0262 0281 0290 0289 0296 0294 0286 0274 0258 0245 0299 1333 0129 0545.
0227 0202 0204 0182 0173 0169 0160 0157 0156 0155 0168 0195
0222 0237 0252 0260 0268 0270 0268 0272 0267 0265 0253 0221 0280 1419 0152 0448.
0205 0182 0168 0158 0153 0146 0141 0136 0133 0129 0151 0187
0229 0260 0285 0314 0306 0315 0315 0305 0300 0292 0271 0254 0324 1216 0128 0548.
0222 0211 0201 0185 0170 0161 0155 0149 0145 0147 0166 0182
0225 0244 0244 0256 0252 0249 0243 0239 0234 0227 0220 0201 0261 1157 0143 0517.
0193 0190 0192 0190 0188 0189 0188 0185 0184 0187 0195 0201
0198 0201 0216 0211 0205 0200 0212 0181 0176 0169 0164 0136 0220 1120 0136 2000.
0122 0110 0097 0092 0085 0075 0070 0065 0063 0063 0089 0140
0171 0208 0233 0225 0235 0231 0229 0221 0215 0210 0200 0190 0243 1215 0060 0537.
0188 0174 0167 0162 0146 0141 0135 0132 0129 0124 0133 0162
0201 0215 0233 0260 0268 0279 0272 0267 0258 0250 0223 0178 0285 1440 0123 0603.
0150 0136 0127 0117 0104 0101 0095 0089 0084 0085 0111 0151
0192 0244 0262 0269 0269 0286 0299 0287 0280 0268 0226 0182 0302 1548 0083 0501.
0140 0123 0108 0095 0092 0087 0085 0081 0087 0090 0118 0162
0192 0228 0267 0303 0306 0304 0309 0305 0290 0280 0256 0194 0322 1429 0080 0340.
0168 0144 0121 0112 0100 0092 0078 0070 0064 0066 0110 0174
0215 0256 0296 0305 0312 0313 0310 0305 0299 0289 0248 0203 0326 1237 0062 0539.
0179 0172 0167 0166 0166 0163 0163 0164 0161 0159 0183 0220
0222 0233 0240 0261 0270 0277 0281 0278 0276 0269 0254 0223 0290 1456 0157 0540.
0201 0213 0186 0163 0149 0144 0137 0126 0117 0117 0148 0187
0222 0258 0289 0299 0305 0307 0313 0309 0302 0288 0268 0249 0319 1511 0114 0509.
0220 0203 0178 0169 0154 0146 0142 0134 0128 0127 0162 0198
0227 0258 0286 0283 0304 0312 0313 0303 0307 0278 0252 0230 0327 1453 0124 0528.
0218 0199 0183 0172 0154 0142 0139 0134 0133 0154 0166 0175
0192 0200 0211 0221 0233 0240 0234 0234 0229 0223 0214 0207 0245 1411 0132 0335.
0203 0197 0194 0189 0183 0180 0175 0175 0173 0170 0172 0180
0183 0189 0194 0190 0186 0183 0181 0184 0183 0183 0179 0171 0207 2001 0169 0609.
0166 0161 0160 0154 0153 0146 0142 0137 0126 0126 0136 0153
0169 0199 0207 0220 0236 0255 0248 0247 0240 0233 0224 0211 0266 1407 0122 0523.
0207 0197 0184 0181 0180 0177 0175 0178 0184 0178 0176 0185
0191 0197 0197 0201 0203 0222 0218 0212 0204 0206 0198 0180 0229 1342 0173 0228.
0168 0160 0151 0138 0134 0124 0121 0119 0113 0116 0132 0155
0182 0198 0220 0259 0258 0277 0275 0276 0268 0260 0235 0208 0290 1335 0112 0457.
0200 0190 0177 0177 0152 0141 0129 0120 0116 0116 0148 0197
0239 0270 0280 0315 0313 0323 0314 0311 0310 0300 0284 0245 0339 1350 0113 0534.
0214 0199 0185 0188 0179 0168 0170 0171 0173 0173 0176 0190
0213 0235 0245 0276 0312 0323 0316 0316 0315 0299 0282 0249 0333 1535 0167 0212.
0224 0197 0179 0172 0156 0150 0145 0137 0135 0133 0162 0195
0221 0254 0268 0283 0301 0318 0303 0298 0284 0282 0268 0248 0325 1351 0130 0531.
0218 0209 0206 0199 0194 0190 0178 0170 0166 0156 0151 0156
0161 0165 0167 0172 0195 0216 0224 0255 0268 0249 0230 0193 0272 1657 0151 0653.
0170 0156 0146 0138 0130 0126 0121 0117 0111 0117 0153 0201
0235 0273 0270 0279 0289 0296 0299 0296 0290 0279 0266 0238 0315 1408 0110 0515.
0216 0202 0187 0184 0187 0179 0170 0164 0164 0160 0178 0206
0225 0229 0234 0242 0244 0245 0245 0239 0236 0237 0227 0208 0250 1050 0158 0551=
I=
E=
U=
N=
H=
C=
V=
R6
0023 0002 0025
0000 0000 0000
0000 0000 0000
0000 0000 0000
0000 0000 0000
0000 0000 0000
0000 0003 0003
0000 0000 0000
0000 0000 0000
0000 0000 0000
0000 0009 0009
0110 0001 0111
0000 0000 0000
0011 0000 0011
0000 0000 0000
0000 0000 0000
0000 0000 0000
0000 0000 0000
0000 0000 0000
0000 0000 0000
0000 0000 0000
0001 0012 0013
0000 0000 0000
0000 0000 0000
0000 0000 0000
0000 0000 0000
0000 0000 0000
0000 0000 0000
0057 0010 0067
0000 0000 0000
0000 0000 0000=
0000 0002 0001 0000 0005 0003 0003 //// //// //// 0009 0000
0001 0001 0000 0000 0000 0000 0000 0000 0000 0000 0000 0000.
0000 0000 0000 0000 0000 0000 0000 0000 0000 0000 0000 0000
0000 0000 0000 0000 0000 0000 0000 0000 0000 0000 0000 0000.
0000 0000 0000 0000 0000 0000 0000 0000 0000 0000 0000 0000
0000 0000 0000 0000 0000 0000 0000 0000 0000 0000 0000 0000.
0000 0000 0000 0000 0000 0000 0000 0000 0000 0000 0000 0000
0000 0000 0000 0000 0000 0000 0000 0000 0000 0000 0000 0000.
0000 0000 0000 0000 0000 0000 0000 0000 0000 0000 0000 0000
0000 0000 0000 0000 0000 0000 0000 0000 0000 0000 0000 0000.
0000 0000 0000 0000 0000 0000 0000 0000 0000 0000 0000 0000
0000 0000 0000 0000 0000 0000 0000 0000 0000 0000 0000 0000.
0000 0000 0000 0000 0000 0000 0000 0000 0000 0000 0000 0000
0000 0000 0000 0003 0000 0000 0000 0000 0000 0000 0000 0000.
0000 0000 0000 0000 0000 0000 0000 0000 0000 0000 0000 0000
0000 0000 0000 0000 0000 0000 0000 0000 0000 0000 0000 0000.
0000 0000 0000 0000 0000 0000 0000 0000 0000 0000 0000 0000
0000 0000 0000 0000 0000 0000 0000 0000 0000 0000 0000 0000.
0000 0000 0000 0000 0000 0000 0000 0000 0000 0000 0000 0000
0000 0000 0000 0000 0000 0000 0000 0000 0000 0000 0000 0000.
0000 0000 0000 0000 0000 0000 0000 0000 0000 0000 0000 0000
0000 0000 0000 0000 0000 0000 0000 0000 0000 0000 0000 0009.
0044 0036 0001 0000 0003 0015 0009 0000 0000 0001 0000 0001
0000 0000 0000 0000 0000 0000 0000 0000 0001 0000 0000 0000.
0000 0000 0000 0000 0000 0000 0000 0000 0000 0000 0000 0000
0000 0000 0000 0000 0000 0000 0000 0000 0000 0000 0000 0000.
0000 0000 0000 0004 0006 0001 0000 0000 0000 0000 0000 0000
0000 0000 0000 0000 0000 0000 0000 0000 0000 0000 0000 0000.
0000 0000 0000 0000 0000 0000 0000 0000 0000 0000 0000 0000
0000 0000 0000 0000 0000 0000 0000 0000 0000 0000 0000 0000.
0000 0000 0000 0000 0000 0000 0000 0000 0000 0000 0000 0000
0000 0000 0000 0000 0000 0000 0000 0000 0000 0000 0000 0000.
0000 0000 0000 0000 0000 0000 0000 0000 0000 0000 0000 0000
0000 0000 0000 0000 0000 0000 0000 0000 0000 0000 0000 0000.
0000 0000 0000 0000 0000 0000 0000 0000 0000 0000 0000 0000
0000 0000 0000 0000 0000 0000 0000 0000 0000 0000 0000 0000.
0000 0000 0000 0000 0000 0000 0000 0000 0000 0000 0000 0000
0000 0000 0000 0000 0000 0000 0000 0000 0000 0000 0000 0000.
0000 0000 0000 0000 0000 0000 0000 0000 0000 0000 0000 0000
0000 0000 0000 0000 0000 0000 0000 0000 0000 0000 0000 0000.
0000 0000 0000 0000 0000 0000 0000 0000 0000 0000 0000 0000
0000 0000 0000 0000 0000 0000 0000 0000 0000 0000 0000 0000.
0000 0000 0000 0000 0000 0000 0000 0000 0000 0000 0000 0001
0000 0003 0002 0000 0000 0000 0005 0000 0002 0000 0000 0000.
0000 0000 0000 0000 0000 0000 0000 0000 0000 0000 0000 0000
0000 0000 0000 0000 0000 0000 0000 0000 0000 0000 0000 0000.
0000 0000 0000 0000 0000 0000 0000 0000 0000 0000 0000 0000
0000 0000 0000 0000 0000 0000 0000 0000 0000 0000 0000 0000.
0000 0000 0000 0000 0000 0000 0000 0000 0000 0000 0000 0000
0000 0000 0000 0000 0000 0000 0000 0000 0000 0000 0000 0000.
0000 0000 0000 0000 0000 0000 0000 0000 0000 0000 0000 0000
0000 0000 0000 0000 0000 0000 0000 0000 0000 0000 0000 0000.
0000 0000 0000 0000 0000 0000 0000 0000 0000 0000 0000 0000
0000 0000 0000 0000 0000 0000 0000 0000 0000 0000 0000 0000.
0000 0000 0000 0000 0000 0000 0000 0000 0000 0000 0000 0000
0000 0000 0000 0000 0000 0000 0000 0000 0000 0000 0000 0000.
0000 0000 0000 0002 0000 0000 0005 0014 0016 0009 0007 0004
0005 0005 0000 0000 0000 0000 0000 0000 0000 0000 0000 0000.
0000 0000 0000 0000 0000 0000 0000 0000 0000 0000 0000 0000
0000 0000 0000 0000 0000 0000 0000 0000 0000 0000 0000 0000.
0000 0000 0000 0000 0000 0000 0000 0000 0000 0000 0000 0000
0000 0000 0000 0000 0000 0000 0000 0000 0000 0000 0000 0000=
0000 ////////// 00000=
W=
L=
Z=
G=
FN
085003 014011 PPC002 113009 070004 309008
PPC000 ////// ////// ////// 323006 356015
002009 003009 014008 350008 109009 296008
288008 353009 003008 352006 042005 342003.
075004 327010 PPC002 082004 322005 037004
PPC002 351005 PPC000 024005 PPC002 118005
136011 173006 132020 138024 090023 153022
100014 097017 139009 115012 318010 345011.
PPC002 329007 342009 352006 175008 PPC001
047003 233005 024006 PPC002 343005 020005
228008 281010 091028 103028 023013 098018
096020 072028 088037 081028 011021 322009.
086011 054008 028006 006007 064006 074007
065005 010008 017003 PPC000 062003 331004
067009 154014 156008 276010 146019 214011
086029 056011 068007 088017 021013 349007.
105004 028008 069010 034009 042007 067008
061011 052008 043011 064008 348005 009006
312007 135016 158028 163016 152017 065022
089031 129030 086036 005014 355008 093008.
320008 345011 079007 076008 PPC002 057004
032003 PPC000 035006 061008 PPC002 176008
171010 263009 132011 144010 350022 125023
111026 217027 214020 218018 213006 071013.
339014 354003 338006 338010 328008 341009
071006 104006 018006 205011 120004 302014
069006 355008 353005 258007 143013 182017
127016 140021 119013 147010 234003 098004.
PPC001 056010 054009 046006 055005 055010
PPC001 024006 042009 057004 327012 135006
147013 143023 165017 074024 110029 080026
104019 007020 095032 060018 030015 330017.
339011 330007 008010 051008 006005 072003
068007 063007 034004 132003 311004 PPC001
154005 107014 093019 306010 032012 011010
011023 004017 023023 072019 095011 324016.
002005 024005 133003 068005 056005 027006
026008 PPC002 003007 041006 326007 017004
211011 137015 359010 187008 353010 115019
100013 087016 095018 221016 216014 205014.
081013 299006 038013 054007 073009 050009
357006 085007 047005 121006 095008 241005
089004 351009 136020 351017 003015 021012
000018 061014 017020 003013 322012 300006.
331005 327011 PPC002 327007 PPC001 PPC000
200007 065005 354011 337014 326023 317022
145025 162018 241009 230010 274021 282022
219009 148018 235008 325011 168017 301014.
321011 328004 342005 059007 312013 PPC002
298006 024008 PPC001 PPC000 006004 116004
124011 228006 283009 080015 321008 102008
088019 133005 318005 188011 148023 085018.
014009 076009 135007 348012 297008 260005
306016 324012 326011 015006 328010 318009
212006 141019 165024 256011 085012 330021
308031 298029 339028 333022 271006 003011.
338010 070009 003008 050010 061012 063008
PPC002 046008 024007 004007 PPC001 200009
230006 205008 306037 318037 320049 330028
304021 317046 294029 331018 293012 319004.
006008 PPC002 030004 044005 035005 044009
114005 039008 045005 069006 323011 309004
268004 274008 190011 324022 325018 306024
306033 335041 301035 331021 302011 105011.
013006 352008 028013 069008 058008 075009
055007 PPC002 080008 039004 011006 164004
128009 111014 203006 002014 352022 086016
116030 060015 078022 037008 077006 093016.
074011 043007 101006 089011 PPC002 082005
085005 346005 087005 140005 049004 177004
067006 165007 268006 029008 191010 156015
184026 301010 344008 237011 196013 060008.
280014 241006 308021 335010 308009 041004
336009 098006 051009 PPC000 149008 326007
165008 192015 336012 042023 186017 065018
073029 318014 049015 040015 006019 316025.
324016 306019 070009 056003 041007 046006
294003 055007 PPC000 070006 128005 210006
011007 174022 257014 213014 146021 331018
092054 028034 285016 357012 010020 006018.
286015 333005 017006 340008 115004 060010
341010 026005 008005 021012 019018 349013
331009 325014 078021 080034 015020 046015
091036 081033 079030 085028 001020 334015.
333018 312003 349014 331015 PPC000 PPC001
087005 112005 355009 298004 319007 279007
174008 109008 173006 102014 092015 233010
154012 111005 159014 160015 163010 352005.
094005 111004 PPC000 341005 307008 PPC002
310009 PPC001 088007 348007 321011 312006
PPC002 018008 152007 127012 273006 282014
141018 135019 355016 085016 044009 013006.
336019 310009 077006 085005 069005 PPC002
102005 PPC000 118013 115008 008006 197005
250005 197011 157020 143015 138012 151031
194019 195012 208014 216008 159015 330006.
063006 016005 039007 031006 325008 PPC002
019004 032007 358004 114006 332009 303007
281009 197004 147019 104011 326010 048007
173018 097008 203012 084010 358005 087009.
338009 345008 031003 294011 020008 110007
035004 065006 019005 067009 346006 012005
003010 082013 184010 275014 287013 132020
146012 070015 211005 143023 141010 312022.
068006 020006 344009 345011 PPC002 064008
035007 354004 PPC001 025005 004009 167007
128009 182005 161022 135010 202013 261014
288018 195013 096008 097029 334010 283017.
333012 035003 014005 346003 048007 PPC001
038005 095007 217004 091004 042003 226006
120016 254011 326017 021023 167015 220009
234008 035013 061012 213009 188010 278012.
359005 308012 281005 318010 321015 245013
297013 334014 334009 330014 298013 PPC000
177006 181009 178017 128007 131008 137019
143023 215010 220007 133014 234003 321009.
118009 PPC000 300006 022006 076007 347003
PPC001 052005 058004 PPC001 322006 PPC001
103004 136016 077021 039022 098019 052010
072028 139016 098038 091021 345008 032017.
066004 130007 085015 055005 046003 056006
077003 091011 132006 100006 PPC001 349010
004014 329020 022012 088012 113010 114023
071012 042012 354015 001007 PPC002 325004=
059003 027011 010003 091006 048003 306008
PPC000 ////// ////// ////// 322006 014013
023009 020010 011010 017008 113013 316008
281012 349011 010008 344007 000005 343004.
298006 323013 314003 082004 016004 005005
PPC002 357005 PPC000 043005 PPC002 086004
153010 169006 135018 084017 073021 148025
116019 103015 120011 097013 328010 337010.
023005 342008 337008 343007 184009 008003
086004 003005 023006 089005 334003 065004
249007 243010 090024 090023 050016 094017
097024 075026 079034 075030 001020 321011.
078009 061009 053006 021007 058005 066007
063006 007008 357005 PPC001 070005 346004
067007 182012 311008 360012 157019 209013
076024 078015 085013 096017 040010 344008.
001005 031008 047008 047009 039007 054007
055010 041008 048010 053007 340005 005006
285007 304012 154024 161015 174014 069025
097029 117032 087029 035017 346010 064007.
281007 335009 080008 076007 024004 034005
035006 PPC001 042007 058008 348003 147007
160011 264009 139011 158012 002017 137024
102026 203021 214020 210016 209007 045011.
336012 349005 337006 339009 348006 345008
043005 103008 008007 170011 070005 297014
039005 349006 042004 240007 160013 165018
166012 153019 139013 146011 228003 010004.
350003 054009 042009 049007 054006 064008
070004 037005 053009 015003 327009 109006
145013 134023 160017 045022 111027 081022
098021 006019 077025 064016 029016 332015.
338016 001005 357009 057007 027006 048005
071007 060007 044005 PPC002 322005 140003
156005 114015 124016 314010 008013 007012
006022 022017 016024 069020 086012 339012.
308005 357004 114006 064006 055005 047006
030008 088004 012008 055007 346007 030005
176011 124014 009009 214009 063013 168015
120019 069018 118016 223019 232017 217015.
079011 353005 050010 045008 065009 054009
009008 068006 059007 087006 102006 240006
131006 348010 129019 081014 002015 019012
359017 053014 022018 012012 339011 313006.
326006 326010 217003 326006 PPC001 PPC001
184008 038006 001011 332017 329025 326028
128020 158016 261011 259015 266017 275019
196008 151019 233008 324011 172016 308015.
317011 323006 016004 003007 320010 011003
330006 009008 354003 PPC001 360006 073004
120012 193006 286009 085016 012011 102011
091019 117007 314007 164011 158019 124015.
336013 092005 081007 345009 259006 235005
306015 320013 326011 012007 325010 323009
206006 145020 165023 033009 032014 305017
303031 296027 336036 328019 306008 007010.
020009 068008 035008 042008 063011 058007
036004 053007 010005 032007 PPC002 175008
306005 207009 320031 322033 314045 334026
306021 312038 311030 342017 342010 347005.
026009 054004 045005 048006 047006 052009
098005 049009 043006 075006 352008 325004
303004 287008 169010 324026 345021 318026
287024 329036 311034 322019 316011 076008.
038007 029009 044013 049007 067006 055009
057006 PPC002 079007 045006 012004 206004
140009 120013 174008 022017 005023 098021
111029 038020 056017 071012 056005 077014.
037010 036007 090006 092008 066003 086006
073007 346004 097005 137005 PPC002 231005
052005 176008 277006 318007 177010 155012
179023 285012 348007 219013 205012 094007.
222010 254007 310020 331010 315008 026005
351007 084006 056009 PPC001 170007 327006
135011 169014 334013 061021 105015 081023
045025 332019 042016 031018 007018 317022.
318016 309017 025007 006005 044006 045007
337005 065008 PPC002 078006 100003 190006
032007 168022 269012 174019 123020 345018
082039 036035 255015 351011 018021 014018.
300013 001008 011005 010007 083005 045009
345008 026006 014005 026010 006014 347013
353009 321012 047023 064033 013016 026015
071029 053028 063029 084027 360022 338016.
333019 344005 342014 330014 PPC001 083003
072003 110005 346008 255004 326006 302006
168009 112009 161009 089014 076013 249009
174009 107006 160014 167013 159008 356007.
057004 111004 PPC000 335006 319008 318006
311008 PPC001 053006 000005 318010 317007
088004 010007 143008 128013 271008 289013
144016 099019 003017 086016 043009 001006.
335017 311009 068006 045005 038006 304006
074005 114003 127011 088006 019006 195005
233005 197010 158020 144016 143013 157029
187021 212014 209014 214009 162014 309006.
057005 020005 030007 043005 323007 PPC002
038004 033006 PPC002 091005 319009 317006
254007 189006 150017 099013 314012 032008
167017 136007 181014 086010 356004 035007.
330008 338009 101005 300010 023008 079007
030006 057006 033006 066009 357004 087004
026009 090011 164012 270013 242013 172017
128016 070018 214008 133022 119011 308022.
046007 023005 340009 325010 PPC002 073007
021006 000006 358004 049005 005008 137006
142008 172005 162025 129013 202019 222015
264016 155015 106010 099028 358011 249014.
332011 065005 016005 023004 054007 PPC002
029006 085006 348005 087003 039003 229006
134015 245011 020015 018022 164014 249010
219010 030015 042013 223009 187010 286012.
012007 320011 307006 293007 323013 250011
314011 320017 346009 330012 306012 PPC001
146005 174011 168017 150008 145009 142020
140026 171013 245008 146013 233005 318009.
076009 121003 258003 045006 057005 PPC002
PPC001 037004 058003 PPC001 337005 023003
123007 142016 079024 040026 092025 090014
114019 130015 115034 096021 008008 032016.
074007 195007 056012 057005 022003 059005
079006 085010 091005 104006 068004 337010
017013 328019 006011 100012 075009 114022
064011 031010 353014 348007 PPC002 039006=
023089 1219 039118 1251
040128 1412 071156 1427
046138 1416 075035 1736
029110 1531 062089 1459
035102 1412 067107 1333
032093 1503 068260 1708
022314 2114 036340 2110
038137 1306 076145 1306
028019 1652 055018 1646
029133 1255 054014 1519
022028 1146 046339 1653
047330 0734 091316 0731
024097 1421 043058 1419
048329 1512 087329 1509
052334 1227 123297 1201
051326 1349 096323 1604
034101 1317 063132 1340
023179 1500 052209 1808
033088 1416 069148 1218
050051 1631 092016 1630
034051 1144 064352 1442
022335 2048 035160 1123
026139 1433 045095 1516
035144 1408 055148 1421
021137 1051 037131 1244
029094 1433 055100 1429
031091 1821 050172 1345
028005 1611 054018 1157
038143 1509 062157 1508
036094 1021 075138 1301
022007 0911 039352 0924=
D=
K=
A=
S=
B=
??????
******
YF
O2196
河南省
豫嵩县德亭
嵩县德亭镇德亭村
丘陵；乡村；地面
空缺
计算机
计算机
计算机
计算机
计算机
20120613=
JY
8888=
GK
01/
05/=
BZ
BB/01/04时气温用正点后10分钟值代替。05时气温用正点前10分钟值代替。06时气温用正点前10分钟值代替。
00/340843/1115458
10/24/逐时观测
10/24/24时连续观测
11/不守班=
######
