O2187 3402N 11140E 006620 006620 105 000 S15 91999999919999199999 0 2010 06
P=
TB
//// 0185 0180 0175 0172 0165 0164 0161 0158 0158 0159 0165
0168 0170 0182 0194 0195 0200 0204 0200 0198 0198 0190 0171 0208 1527 0157 0425.
0166 0161 0151 0139 0136 0132 0126 0122 0118 0118 0130 0153
0180 0212 0233 0239 0249 0257 0264 0266 0269 0258 0223 0196 0274 1636 0116 0517.
0190 0173 0155 0157 0151 0152 0156 0150 0145 0144 0161 0173
0184 0194 0203 0215 0226 0235 0227 0204 0174 0180 0175 0166 0241 1357 0142 0519.
0163 0161 0155 0156 0149 0146 0144 0140 0138 0138 0141 0149
0168 0194 0217 0220 0215 0218 0221 0227 0218 0220 0200 0178 0237 1557 0137 0417.
0167 0159 0160 0155 0143 0142 0137 0135 0133 0130 0131 0147
0175 0208 0228 0239 0248 0255 0258 0258 0249 0241 0223 0201 0263 1526 0129 0553.
0181 0181 0171 0161 0152 0147 0143 0131 0126 0127 0141 0164
0192 0218 0232 0246 0251 0259 0258 0252 0245 0236 0222 0202 0263 1357 0124 0511.
0185 0176 0166 0150 0144 0143 0145 0145 0138 0139 0148 0161
0168 0172 0171 0175 0173 0171 0168 0165 0163 0159 0159 0158 0206 2004 0136 0526.
0158 0157 0155 0154 0154 0152 0151 0142 0139 0139 0140 0143
0148 0156 0166 0170 0171 0166 0154 0151 0146 0145 0144 0143 0174 1216 0139 0431.
0141 0141 0140 0139 0138 0138 0137 0136 0136 0137 0138 0136
0138 0142 0144 0143 0145 0154 0159 0162 0170 0164 0161 0148 0171 1658 0135 0345.
0145 0142 0138 0136 0133 0131 0134 0129 0124 0118 0133 0151
0179 0204 0213 0224 0228 0247 0235 0240 0240 0232 0209 0182 0251 1517 0117 0555.
0174 0164 0155 0149 0142 0137 0133 0133 0124 0122 0133 0157
0179 0207 0230 0252 0254 0256 0268 0267 0266 0262 0222 0196 0274 1643 0120 0536.
0185 0172 0163 0151 0147 0135 0130 0126 0124 0124 0142 0168
0197 0223 0256 0269 0279 0287 0284 0277 0276 0246 0233 0216 0291 1406 0121 0519.
0196 0185 0167 0151 0145 0142 0133 0122 0117 0115 0144 0174
0209 0246 0258 0274 0286 0288 0291 0300 0289 0273 0236 0221 0301 1445 0114 0527.
0208 0192 0183 0178 0170 0161 0157 0154 0150 0151 0171 0197
0230 0265 0280 0288 0302 0304 0301 0305 0298 0290 0256 0227 0307 1331 0149 0521.
0209 0199 0185 0173 0170 0161 0157 0150 0145 0146 0165 0191
0226 0253 0295 0307 0318 0325 0326 0324 0320 0307 0264 0230 0334 1518 0143 0526.
0223 0213 0203 0196 0186 0181 0180 0181 0178 0179 0191 0213
0241 0269 0277 0288 0311 0309 0300 0307 0306 0284 0263 0241 0313 1419 0175 0514.
0223 0211 0195 0184 0172 0174 0164 0160 0158 0159 0179 0209
0241 0275 0313 0328 0338 0342 0342 0340 0330 0317 0273 0253 0352 1403 0157 0430.
0237 0220 0208 0197 0186 0185 0178 0167 0159 0156 0196 0217
0253 0278 0294 0310 0314 0321 0324 0335 0320 0312 0281 0265 0337 1511 0153 0531.
0255 0239 0224 0222 0216 0218 0218 0220 0213 0209 0213 0231
0254 0261 0282 0295 0321 0310 0315 0307 0302 0291 0283 0261 0330 1310 0197 0542.
0244 0238 0219 0205 0201 0198 0190 0184 //// //// //// 0216
0246 0278 0307 0318 0325 0322 0322 0322 0208 0203 0206 0202 0335 1330 0183 0331.
0196 0190 0182 0177 0172 0168 0167 0157 0158 0150 0171 0195
0242 0262 0300 0316 0330 0331 0335 0330 0299 0296 0274 0248 0344 1441 0148 0603.
0237 0225 0210 0196 0188 0183 0169 0162 0158 0163 0182 0209
0239 0271 0291 0316 0337 0340 0342 0344 0340 0323 0290 0255 0349 1425 0155 0515.
0242 0218 0208 0197 0203 0195 0180 0172 0165 0162 0183 0206
0242 0250 0264 0280 0297 0292 0303 0301 0298 0286 0272 0255 0306 1503 0162 0510.
0231 0223 0217 0209 0192 0195 0200 0200 0193 0195 0201 0212
0222 0232 0248 0265 0280 0293 0298 0299 0291 0277 0266 0250 0302 1451 0191 0104.
0233 0218 0209 0200 0193 0193 0186 0179 0178 0173 0180 0195
0207 0225 0248 0263 0277 0282 0280 0278 0276 0271 0259 0241 0289 1312 0172 0601.
0219 0203 0194 0186 0179 0175 0177 0167 0164 0168 0181 0201
0229 0238 0245 0273 0285 0291 0289 0294 0286 0278 0257 0231 0298 1407 0163 0433.
0220 0217 0202 0201 0188 0189 0184 0180 0178 0180 0189 0204
0234 0261 0291 0294 0295 0304 0306 0308 0300 0296 0275 0239 0313 1508 0174 0526.
0220 0219 0207 0197 0193 0179 0176 0170 0164 0163 0191 0217
0249 0270 0293 0306 0318 0327 0330 0323 0324 0313 0297 0269 0333 1458 0161 0530.
0263 0239 0237 0233 0230 0222 0221 0216 0214 0216 0221 0239
0252 0289 0309 0324 0333 0334 0343 0343 0327 0305 0309 0285 0347 1502 0213 0501.
0263 0255 0255 0237 0237 0229 0222 0216 0215 0215 0235 0262
0282 0309 0316 0324 0328 0349 0351 0342 0322 0298 0288 0275 0352 1356 0213 0514=
I=
E=
U=
N=
H=
C=
V=
R6
0181 0002 0183
0000 0000 0000
0000 0032 0032
0050 0000 0050
0000 0000 0000
0000 0000 0000
0000 0144 0144
0212 0086 0298
0111 0009 0120
0000 0000 0000
0000 0000 0000
0000 0000 0000
0000 0000 0000
0000 0000 0000
0000 0000 0000
0000 0000 0000
0000 0000 0000
0000 0000 0000
0000 0000 0000
//// 0021 0021
0000 0000 0000
0000 0000 0000
0000 0000 0000
0000 0000 0000
0000 0000 0000
0000 0000 0000
0000 0000 0000
0000 0000 0000
0002 0000 0002
0000 0000 0000=
0000 0000 //// 0000 0000 0001 0004 0019 0071 0078 0006 0002
0000 0002 0000 0000 0000 0000 0000 0000 0000 0000 0000 0000.
0000 0000 0000 0000 0000 0000 0000 0000 0000 0000 0000 0000
0000 0000 0000 0000 0000 0000 0000 0000 0000 0000 0000 0000.
0000 0000 0000 0000 0000 0000 0000 0000 0000 0000 0000 0000
0000 0000 0000 0000 0000 0000 0000 0000 0032 0000 0000 0000.
0001 0000 0048 0000 0000 0001 0000 0000 0000 0000 0000 0000
0000 0000 0000 0000 0000 0000 0000 0000 0000 0000 0000 0000.
0000 0000 0000 0000 0000 0000 0000 0000 0000 0000 0000 0000
0000 0000 0000 0000 0000 0000 0000 0000 0000 0000 0000 0000.
0000 0000 0000 0000 0000 0000 0000 0000 0000 0000 0000 0000
0000 0000 0000 0000 0000 0000 0000 0000 0000 0000 0000 0000.
0000 0000 0000 0000 0000 0000 0000 0000 0000 0000 0000 0000
0000 0000 0004 0009 0008 0019 0017 0026 0027 0010 0013 0011.
0006 0004 0026 0021 0021 0030 0012 0026 0036 0013 0010 0007
0001 0000 0000 0000 0000 0000 0003 0014 0020 0023 0014 0011.
0014 0009 0011 0021 0018 0014 0009 0003 0003 0004 0002 0003
0005 0004 0000 0000 0000 0000 0000 0000 0000 0000 0000 0000.
0000 0000 0000 0000 0000 0000 0000 0000 0000 0000 0000 0000
0000 0000 0000 0000 0000 0000 0000 0000 0000 0000 0000 0000.
0000 0000 0000 0000 0000 0000 0000 0000 0000 0000 0000 0000
0000 0000 0000 0000 0000 0000 0000 0000 0000 0000 0000 0000.
0000 0000 0000 0000 0000 0000 0000 0000 0000 0000 0000 0000
0000 0000 0000 0000 0000 0000 0000 0000 0000 0000 0000 0000.
0000 0000 0000 0000 0000 0000 0000 0000 0000 0000 0000 0000
0000 0000 0000 0000 0000 0000 0000 0000 0000 0000 0000 0000.
0000 0000 0000 0000 0000 0000 0000 0000 0000 0000 0000 0000
0000 0000 0000 0000 0000 0000 0000 0000 0000 0000 0000 0000.
0000 0000 0000 0000 0000 0000 0000 0000 0000 0000 0000 0000
0000 0000 0000 0000 0000 0000 0000 0000 0000 0000 0000 0000.
0000 0000 0000 0000 0000 0000 0000 0000 0000 0000 0000 0000
0000 0000 0000 0000 0000 0000 0000 0000 0000 0000 0000 0000.
0000 0000 0000 0000 0000 0000 0000 0000 0000 0000 0000 0000
0000 0000 0000 0000 0000 0000 0000 0000 0000 0000 0000 0000.
0000 0000 0000 0000 0000 0000 0000 0000 0000 0000 0000 0000
0000 0000 0000 0000 0000 0000 0000 0000 0000 0000 0000 0000.
0000 0000 0000 0000 0000 0000 0000 0000 0000 0000 0000 0000
0000 0000 0000 0000 0000 0000 0000 0000 0000 0000 0000 0000.
0000 0000 0000 0000 0000 0000 0000 0000 //// //// //// 0000
0000 0000 0000 0000 0000 0000 0000 0000 0020 0001 0000 0000.
0000 0000 0000 0000 0000 0000 0000 0000 0000 0000 0000 0000
0000 0000 0000 0000 0000 0000 0000 0000 0000 0000 0000 0000.
0000 0000 0000 0000 0000 0000 0000 0000 0000 0000 0000 0000
0000 0000 0000 0000 0000 0000 0000 0000 0000 0000 0000 0000.
0000 0000 0000 0000 0000 0000 0000 0000 0000 0000 0000 0000
0000 0000 0000 0000 0000 0000 0000 0000 0000 0000 0000 0000.
0000 0000 0000 0000 0000 0000 0000 0000 0000 0000 0000 0000
0000 0000 0000 0000 0000 0000 0000 0000 0000 0000 0000 0000.
0000 0000 0000 0000 0000 0000 0000 0000 0000 0000 0000 0000
0000 0000 0000 0000 0000 0000 0000 0000 0000 0000 0000 0000.
0000 0000 0000 0000 0000 0000 0000 0000 0000 0000 0000 0000
0000 0000 0000 0000 0000 0000 0000 0000 0000 0000 0000 0000.
0000 0000 0000 0000 0000 0000 0000 0000 0000 0000 0000 0000
0000 0000 0000 0000 0000 0000 0000 0000 0000 0000 0000 0000.
0000 0000 0000 0000 0000 0000 0000 0000 0000 0000 0000 0000
0000 0000 0000 0000 0000 0000 0000 0000 0000 0000 0000 0000.
0000 0000 0000 0000 0000 0000 0000 0000 0000 0000 0002 0000
0000 0000 0000 0000 0000 0000 0000 0000 0000 0000 0000 0000.
0000 0000 0000 0000 0000 0000 0000 0000 0000 0000 0000 0000
0000 0000 0000 0000 0000 0000 0000 0000 0000 0000 0000 0000=
0000 ////////// 00000=
W=
L=
Z=
G=
FN
////// 298008 ////// 296012 226009 PPC000
PPC000 010005 079013 PPC000 358006 186005
////// 132013 ////// 131008 202006 197007
207008 095010 085010 124009 PPC000 077010.
293008 345020 339020 333009 323013 313006
253005 283011 PPC000 083005 237010 240006
328005 239007 103014 081029 112019 114017
153013 077030 064022 044017 081011 094014.
313018 236018 120007 238005 174007 265009
248010 046015 131006 PPC000 130006 282004
PPC000 221015 123017 081012 145019 134026
129025 049024 346028 080009 312010 100008.
270015 227012 037008 PPC000 245006 PPC000
258010 233012 270011 223008 151005 PPC000
336009 275014 209016 104030 104023 067035
094027 157028 089011 069011 056010 084014.
291010 313010 328016 289014 355006 288011
227009 269006 322006 291009 263007 263007
240005 246008 073018 051027 059024 068033
142025 084026 094024 102025 072017 006014.
205010 323023 286010 227010 227008 216008
238010 093004 PPC000 PPC000 PPC000 173008
251011 249012 105016 082030 086038 149019
072026 123020 180022 073026 069019 068016.
PPC000 321016 249013 247010 PPC000 130006
046005 PPC000 158009 310004 227006 103016
109011 091014 088016 072012 090005 091008
283006 PPC000 135012 094013 101010 092012.
122010 PPC000 317004 100007 145005 067014
068012 222010 025006 022007 PPC000 191009
046007 284010 274004 244008 225017 228014
290009 238013 254017 230014 264008 PPC000.
243008 PPC000 182009 PPC000 259005 PPC000
PPC000 PPC000 124009 265006 285007 248007
129007 222013 233013 153016 189016 249007
292016 253015 291010 PPC000 260009 PPC000.
219008 302008 217008 253006 202012 304012
245012 266009 283009 268008 PPC000 267008
211008 077020 072008 091019 122018 349007
083021 094034 119020 099016 092010 032018.
291011 338017 263005 251012 238010 218007
212015 252007 275007 PPC000 PPC000 171005
198006 274008 070020 202009 128012 068026
130016 134010 098013 111007 013032 295018.
289020 272011 289009 212014 231012 PPC000
156005 291004 101008 PPC000 234007 186010
125007 258012 125013 116023 080019 067017
124012 103018 185010 086013 047007 226014.
330021 320021 272007 311013 274005 298010
327009 075007 253010 PPC000 241005 201010
084007 141012 106013 091030 012021 164015
111012 078017 145018 145017 083015 086008.
311018 298014 317010 269012 241012 222006
285004 124005 112004 239005 276006 234006
PPC000 080009 077032 090024 173020 197033
137026 141022 067021 082015 072013 291009.
287016 285010 243010 214009 197006 PPC000
PPC000 080006 250009 287005 290007 PPC000
164010 252009 188006 087017 092021 048017
000011 049010 100014 054014 347028 303007.
324009 327013 292011 245012 034008 078008
223015 001007 256008 262007 295008 245012
151008 126010 077019 087007 078012 124006
084018 ////// ////// 055009 349007 275021.
344023 332016 334010 PPC000 229009 234010
249008 PPC000 PPC000 ////// 273004 186009
140006 091009 237015 021022 001018 177010
030032 354033 344025 349014 338008 344025.
340014 334024 326014 229017 208012 208011
225013 231010 175009 176006 213004 258006
069009 171013 059012 108017 151026 126030
113025 095014 083012 082012 014028 326014.
332023 038008 064006 PPC000 158008 074006
270009 330013 339016 359015 327009 066014
112010 095016 154017 112030 317024 053025
097026 171019 089037 082015 071011 045017.
289023 321018 218017 214007 257009 282022
243016 ////// ////// ////// ////// PPC000
162010 215006 178016 070017 187023 088028
////// 086015 345039 235015 219009 074005.
307020 356017 331021 254011 252017 246006
266011 314005 298007 315005 234008 267005
171010 158008 159008 170010 055017 060019
////// 167014 075015 279007 023016 336020.
332018 318023 314011 284012 242008 206012
198012 235008 252004 267010 259006 232007
239008 184012 230014 133008 203030 076017
181010 ////// 105019 079010 009033 294015.
330030 130009 089009 228009 300009 238015
163005 253006 168004 PPC000 191005 204007
076005 144018 192024 163025 164019 099022
115026 072024 092022 096032 053025 090010.
102008 050004 071009 020013 175005 PPC000
309009 217009 255009 PPC000 270012 176006
145009 342009 224008 339011 211018 085021
179029 193026 077019 105024 076014 051006.
PPC000 055004 111005 247008 130006 342015
331013 328007 302016 340008 335007 PPC000
225007 103012 047008 053010 187035 104021
130027 089018 085021 078011 145013 083014.
129005 PPC000 285012 192008 PPC000 PPC000
PPC000 PPC000 070007 PPC000 026004 189009
194008 079024 096020 174013 024022 101012
107023 020016 123017 185008 081020 081007.
326008 300012 012004 259014 238010 251006
PPC000 PPC000 PPC000 055007 271006 147009
278006 239013 077031 103011 172014 163009
064020 177013 194021 152016 053023 059011.
117007 306016 301014 286005 276009 095004
PPC000 290006 220008 PPC000 029005 095007
091009 274011 023011 060024 139012 129018
048010 162012 198015 190009 076015 076015.
102013 065007 331014 272012 326006 251007
225014 207005 102005 PPC000 233007 285005
109006 062013 071018 239012 174020 145008
261022 031015 064012 065010 088016 051010.
PPC000 119006 273011 120007 244021 278009
122006 255008 PPC000 330004 253008 308005
269008 099019 132015 PPC000 293020 235015
360008 066010 081031 095026 099016 039013=
////// 293009 ////// 299013 227008 PPC000
335005 009004 082013 PPC000 355006 227006
////// 114012 ////// 082007 261007 181006
194007 096010 086011 135008 064005 075009.
296009 343017 330017 325008 318014 313007
258007 264009 PPC000 078006 233009 240007
331006 252007 106014 086028 097022 132017
122016 087027 089017 047017 076012 170012.
328018 254019 131005 221005 143008 244011
239009 053014 109007 PPC000 160005 301004
PPC000 226013 112015 116020 141020 138019
118025 063022 330025 081007 302009 155007.
270015 233012 349008 030006 262006 PPC000
260011 236011 259012 234007 147004 PPC000
345008 258013 216016 087031 094025 079034
102025 140023 088015 074013 060011 083013.
313010 311010 322015 279015 296006 288010
234009 262007 326006 309009 270006 252007
091005 243008 078016 074024 066026 075027
143022 088023 089027 091023 075015 009014.
192011 326021 291012 248009 228009 221010
235010 PPC000 PPC000 245004 336004 189008
324009 244012 091017 091026 104032 129019
082025 125020 165018 082025 075023 064017.
174004 310015 273011 231009 PPC000 099007
053007 PPC000 128008 PPC000 191005 109015
101011 092015 084015 090011 124007 099008
282006 205004 128013 106013 095011 098013.
098009 106006 017007 080006 143007 063012
068013 202009 011006 028007 PPC000 197010
347005 258007 251007 246008 215015 218013
292010 239012 256016 223015 253010 PPC000.
240009 PPC000 171009 PPC000 PPC000 PPC000
PPC000 PPC000 108008 264006 340006 257006
135007 199009 233013 156014 189012 233010
280015 250014 319007 PPC000 271008 218005.
222007 321005 219007 258007 211011 296011
243011 286009 288009 262009 259004 252007
211007 064019 104010 079021 121021 138011
082024 084031 106020 098015 092011 050015.
307015 333018 257008 250011 238011 215007
214014 250009 248005 PPC000 PPC000 241005
190008 270009 069019 151011 121014 077028
125015 140011 106015 132008 021024 300019.
287017 282012 293009 213015 230012 PPC000
198004 247006 123007 PPC000 228008 187009
142008 256011 114016 107024 084019 084016
133014 095019 179013 082012 064008 232012.
325022 326023 297009 300012 297006 292011
328009 040006 268009 PPC000 215004 185009
122007 134011 099022 088024 033026 137018
105016 084016 140018 144014 088014 086008.
289015 288013 311010 268010 237011 208005
284004 121005 PPC000 234006 272007 220007
123005 095009 074026 079028 178023 184029
141026 135019 079018 080015 060012 247009.
278013 287009 241011 222009 202007 PPC000
PPC000 061006 268008 279006 296007 251005
165009 246010 306007 128019 139015 050016
068013 064013 098014 055013 353029 244010.
349014 335014 293014 238012 001008 054006
224015 316007 252007 278007 268008 240012
156009 156009 083016 072010 081013 141009
101013 ////// ////// 060009 020006 264019.
342021 338016 322009 PPC000 263006 244010
259008 PPC000 PPC000 ////// 274005 191008
150006 111010 210016 002024 354016 082013
015032 358030 344027 349015 334014 344028.
337017 323020 317013 225015 218013 206011
215011 220010 149008 174006 228004 273007
084010 138013 084013 118018 148026 122029
121028 087013 091018 097012 012025 303016.
322021 316009 061006 076004 162008 070006
272010 334014 332014 355014 329010 070014
104009 083015 143019 107028 357020 073027
105023 172016 095027 086019 087012 035019.
293022 317019 245014 179007 258009 281019
242011 ////// ////// ////// ////// PPC000
147008 217007 190015 080018 185020 100026
////// 106012 358044 209016 239008 005006.
315025 353015 330020 263008 258016 274006
280011 297006 305008 306005 237006 199007
159009 166009 165007 163012 062019 068021
////// 164019 083015 205007 018018 359017.
326020 316022 297009 258012 266008 211012
208010 234008 248004 267009 255005 206006
246009 197011 221016 112011 189023 069019
169010 ////// 099016 080010 007031 290014.
328028 157009 076008 211008 273016 243014
161005 249007 154004 359005 169005 187008
298006 129017 178023 148023 138016 101026
106025 074024 100022 097026 059024 099014.
094008 029005 095009 012012 228005 184005
298009 222009 258009 199004 270011 207006
105008 323007 219009 014013 200017 099018
186021 168022 099019 108024 074015 055010.
PPC000 070005 107004 217008 110007 326014
332013 334007 300015 328007 326007 PPC000
245008 090013 073012 064015 163028 106022
126032 086024 095021 077012 152013 086015.
139007 PPC000 266009 209008 PPC000 259004
311005 PPC000 078007 279004 039004 171009
206007 074025 090021 111016 040022 093019
123021 036020 148017 169008 082020 084008.
297010 303011 PPC000 294013 213007 263006
PPC000 PPC000 PPC000 060007 251008 147009
257006 248013 079025 086020 168013 132014
052021 187011 170016 138013 061020 062010.
129006 296015 306012 286005 268011 090005
PPC000 274006 235007 PPC000 014004 093007
110010 238009 118010 068023 112015 120023
086013 169012 240012 191009 078015 069014.
087014 057009 316011 272012 327007 246008
224013 257004 133004 PPC000 246006 275005
138006 066012 074022 195017 180026 171010
236026 043015 073013 074009 082015 051012.
240005 097008 289013 151005 248016 260009
PPC000 274007 PPC000 290005 253007 000006
284008 097015 133016 178006 275016 252012
018010 070011 088031 096023 097015 045013=
020322 2017 029318 2012
039079 1216 054082 1214
040129 1525 070138 1530
048081 1646 066083 1645
039077 1633 051072 1625
043073 1416 062065 1413
019074 1950 028088 1949
026220 1628 034223 1628
022238 1527 026220 1137
031084 1600 044086 1559
034011 2010 047025 1914
038082 1433 050092 1432
032048 1257 045085 1233
031107 1515 044086 1054
032353 1849 049358 1856
031002 1925 041350 1924
042351 1533 066245 1547
035125 1402 051147 1421
040097 1133 055076 1353
085350 1644 131353 1625
040323 2048 048091 1337
041357 1906 055351 1925
035073 1344 050078 1701
038081 1747 054095 1747
040082 1551 056076 1551
035083 1354 051073 1513
033077 1332 047081 1326
028112 1358 044088 1358
033205 1506 055236 1311
037075 1022 049061 1700=
D=
K=
A=
S=
B=
??????
******
YF
O2187
河南省
豫栾川秋扒
栾川县秋扒乡秋扒村
山地；乡村；地面
空缺
计算机
计算机
计算机
计算机
计算机
20100719=
JY
8888=
GK
01/
05/=
BZ
BB/01/23时温度用前后正点数据内插。09时温度用前后正点数据内插。11时温度用前后正点数据内插。
BB/16/16时温度用正点前1分钟值代替。17时温度用正点前3分钟值代替。
BB/17/06时温度用正点前2分钟值代替。
BB/20/04时温度用正点前4分钟值代替。15时温度用前后正点数据内插。
BB/21/15时温度用正点前3分钟值代替。
BB/22/16时温度用正点前5分钟值代替。
00/340203/1113930
10/24/逐时观测
10/24/24时连续观测
11/不守班=
######
