O2195 3348N 11207E 006636 006636 105 000 S15 91999999919999199999 0 2011 11
P=
TB
0120 0120 0118 0117 0114 0112 0102 0101 0098 0102 0102 0111
0120 0132 0139 0147 0151 0165 0169 0160 0145 0136 0133 0130 0169 1500 0098 0500.
0127 0126 0125 0123 0121 0119 0118 0118 0118 0117 0117 0119
0129 0154 0162 0151 0142 0139 0146 0141 0134 0130 0129 0114 0164 1054 0114 2000.
0112 0109 0110 0114 0116 0113 0110 0107 0104 0097 0098 0100
0105 0109 0115 0130 0140 0149 0136 0124 0120 0116 0114 0114 0157 1319 0096 0640.
0115 0114 0114 0112 0110 0107 0105 0104 0104 0105 0105 0105
0114 0119 0133 0142 0143 0148 0157 0144 0134 0128 0125 0120 0161 1434 0104 0400.
0117 0117 0115 0113 0112 0109 0108 0108 0107 0108 0107 0109
0112 0119 0128 0128 0125 0127 0126 0122 0111 0107 0107 0108 0130 1132 0106 1910.
0106 0107 0106 0106 0106 0106 0106 0105 0103 0101 0101 0102
0109 0118 0117 0107 0100 0103 0100 0092 0088 0086 0085 0085 0120 1032 0084 1958.
0085 0085 0085 0084 0079 0078 0077 0077 0077 0078 0074 0075
0076 0078 0079 0081 0081 0085 0085 0084 0081 0081 0077 0074 0087 2247 0074 0700.
0073 0074 0074 0073 0073 0073 0073 0074 0074 0075 0075 0078
0087 0107 0113 0122 0141 0140 0148 0132 0118 0097 0079 0063 0162 1510 0063 2000.
0059 0062 0050 0038 0036 0032 0031 0037 0042 0044 0048 0051
0058 0064 0089 0107 0130 0150 0147 0126 0105 0095 0087 0087 0163 1434 0028 0131.
0084 0074 0073 0075 0075 0070 0069 0064 0060 0055 0044 0048
0079 0108 0127 0145 0142 0133 0130 0116 0111 0092 0075 0056 0164 1333 0040 0721.
0043 0036 0026 0024 0018 0010 0014 0016 0019 0020 0018 0021
0030 0053 0100 0149 0178 0184 0180 0163 0133 0105 0092 0094 0191 1446 0010 0200.
0078 0070 0057 0053 0050 0048 0039 0035 0033 0033 0032 0044
0064 0108 0124 0141 0143 0157 0139 0131 0123 0107 0098 0090 0158 1359 0031 0427.
0091 0083 0087 0080 0073 0073 0064 0043 0031 0022 0020 0028
0064 0105 0130 0163 0160 0179 0178 0153 0125 0099 0090 0070 0184 1334 0018 0652.
0047 0036 0033 0022 0014 0009 0006 0001 0002 -004 -008 0011
0035 0079 0111 0144 0171 0188 0186 0157 0131 0107 0109 0102 0192 1421 -008 0700.
0100 0099 0087 0080 0080 0078 0078 0077 0078 0076 0076 0079
0082 0095 0092 0092 0102 0107 0098 0085 0080 0079 0076 0074 0109 1427 0074 2000.
0073 0070 0068 0069 0070 0070 0070 0072 0072 0072 0074 0075
0077 0084 0089 0095 0098 0098 0099 0095 0091 0089 0091 0087 0101 1319 0068 2300.
0086 0087 0087 0087 0087 0087 0087 0087 0087 0087 0088 0090
0092 0093 0099 0101 0100 0101 0100 0101 0099 0098 0096 0093 0104 1221 0086 2100.
0092 0093 0091 0092 0092 0090 0091 0092 0092 0092 0092 0095
0104 0115 0129 0129 0134 0148 0135 0137 0126 0120 0099 0084 0148 1400 0080 1946.
0081 0071 0067 0057 0063 0059 0048 0040 0033 0029 0025 0036
0055 0071 0087 0109 0125 0137 0136 0116 0097 0079 0054 0043 0138 1359 0023 0711.
0024 0018 0018 0016 0013 0015 0006 0002 0004 -001 0000 0008
0028 0062 0093 0126 0131 0135 0150 0130 0106 0088 0082 0065 0156 1457 -003 0608.
0060 0042 0033 0026 0019 0015 0017 0022 0023 0024 0025 0028
0031 0041 0048 0056 0059 0067 0077 0075 0072 0070 0068 0067 0082 1441 0015 0200.
0066 0063 0061 0061 0059 0057 0058 0051 0036 0034 0028 0030
0040 0059 0101 0148 0153 0162 0159 0150 0133 0111 0077 0063 0166 1331 0028 0700.
0056 0036 0027 0013 0007 0004 -002 -006 -010 -014 -014 -003
0021 0059 0101 0125 0126 0108 0101 0073 0051 0035 0027 0020 0133 1229 -018 0645.
0013 0009 0002 -007 -018 -021 -024 -029 -027 -030 -031 -025
0000 0026 0066 0080 0124 0116 0123 0101 0080 0071 0054 0043 0126 1452 -032 0652.
0030 0017 0015 0010 0006 0002 -003 -004 -007 -007 -001 0005
0015 0020 0029 0041 0052 0059 0067 0070 0052 0046 0045 0039 0078 1537 -010 0445.
0023 0013 0009 0001 0008 0014 0018 0020 0020 0019 0018 0018
0022 0029 0036 0049 0079 0102 0118 0123 0102 0078 0073 0060 0124 1548 0000 0017.
0054 0046 0037 0032 0027 0034 0034 0030 0029 0030 0029 0035
0041 0043 0065 0108 0121 0141 0140 0121 0101 0093 0088 0087 0142 1359 0026 0046.
0082 0075 0073 0070 0068 0066 0069 0070 0070 0069 0069 0065
0073 0074 0081 0085 0075 0070 0060 0057 0057 0058 0055 0055 0088 1151 0055 1900.
0053 0053 0052 0050 0045 0044 0043 0041 0042 0041 0043 0045
0048 0048 0048 0041 0029 0009 0001 0002 0002 0005 0007 0010 0056 2012 0001 1500.
0009 0009 0010 0009 0009 0008 0007 0006 0005 0003 0003 0002
0004 0006 0009 0014 0020 0018 0015 0011 0010 0007 0006 0006 0026 1242 0002 0800=
I=
E=
U=
N=
H=
C=
V=
R6
0000 0000 0000
0000 0000 0000
0004 0000 0004
0045 0004 0049
0019 0001 0020
0000 0059 0059
0141 0079 0220
0001 0000 0001
0000 0000 0000
0000 //// ////
0000 0000 0000
0000 0000 0000
0000 0000 0000
0000 0000 0000
0009 0047 0056
0027 0010 0037
0013 0006 0019
0080 0000 0080
0000 0000 0000
0000 0000 0000
0000 0000 0000
0048 //// 0048
0000 0000 0000
0000 0000 0000
0000 0000 0000
0000 0000 0000
0000 0000 0000
0021 0036 0057
0009 0133 0142
0023 0005 0028=
0000 0000 0000 0000 0000 0000 0000 0000 0000 0000 0000 0000
0000 0000 0000 0000 0000 0000 0000 0000 0000 0000 0000 0000.
0000 0000 0000 0000 0000 0000 0000 0000 0000 0000 0000 0000
0000 0000 0000 0000 0000 0000 0000 0000 0000 0000 0000 0000.
0000 0000 0000 0000 0000 0000 0000 0000 0000 0004 0000 0000
0000 0000 0000 0000 0000 0000 0000 0000 0000 0000 0000 0000.
0000 0000 0000 0000 0000 0003 0006 0009 0014 0001 0007 0005
0001 0000 0000 0000 0000 0000 0000 0000 0000 0000 0000 0003.
0006 0009 0001 0001 0000 0001 0000 0000 0000 0000 0001 0000
0000 0000 0000 0000 0000 0000 0000 0000 0000 0000 0001 0000.
0000 0000 0000 0000 0000 0000 0000 0000 0000 0000 0000 0000
0001 0000 0000 0000 0003 0000 0000 0011 0024 0010 0009 0001.
0007 0020 0005 0002 0010 0015 0012 0008 0017 0022 0022 0001
0003 0016 0019 0018 0008 0008 0004 0002 0000 0000 0001 0000.
0001 0000 0000 0000 0000 0000 0000 0000 0000 0000 0000 0000
0000 0000 0000 0000 0000 0000 0000 0000 0000 0000 0000 0000.
0000 0000 0000 0000 0000 0000 0000 0000 0000 0000 0000 0000
0000 0000 0000 0000 0000 0000 0000 0000 0000 0000 0000 0000.
0000 0000 0000 0000 0000 0000 0000 0000 0000 0000 0000 0000
0000 0000 0000 0000 0000 0000 0000 //// 0000 0000 0000 0000.
0000 0000 0000 0000 0000 0000 0000 0000 0000 0000 0000 0000
0000 0000 0000 0000 0000 0000 0000 0000 0000 0000 0000 0000.
0000 0000 0000 0000 0000 0000 0000 0000 0000 0000 0000 0000
0000 0000 0000 0000 0000 0000 0000 0000 0000 0000 0000 0000.
0000 0000 0000 0000 0000 0000 0000 0000 0000 0000 0000 0000
0000 0000 0000 0000 0000 0000 0000 0000 0000 0000 0000 0000.
0000 0000 0000 0000 0000 0000 0000 0000 0000 0000 0000 0000
0000 0000 0000 0000 0000 0000 0000 0000 0000 0000 0000 0000.
0000 0000 0000 0006 0000 0001 0000 0001 0000 0001 0000 0000
0001 0000 0000 0003 0002 0000 0001 0003 0007 0011 0010 0009.
0002 0007 0008 0001 0002 0002 0000 0000 0001 0003 0000 0001
0000 0000 0000 0000 0000 0000 0000 0000 0005 0003 0002 0000.
0003 0006 0001 0000 0001 0000 0001 0000 0000 0001 0000 0000
0000 0000 0000 0000 0000 0000 0001 0001 0000 0000 0002 0002.
0005 0008 0001 0018 0010 0036 0001 0000 0000 0001 0000 0000
0000 0000 0000 0000 0000 0000 0000 0000 0000 0000 0000 0000.
0000 0000 0000 0000 0000 0000 0000 0000 0000 0000 0000 0000
0000 0000 0000 0000 0000 0000 0000 0000 0000 0000 0000 0000.
0000 0000 0000 0000 0000 0000 0000 0000 0000 0000 0000 0000
0000 0000 0000 0000 0000 0000 0000 0000 0000 0000 0000 0000.
0000 0000 0000 0000 0000 0000 0000 0000 0000 0000 0000 0000
0000 0000 0000 0000 0000 0000 0000 0000 0000 0000 0000 0000.
0000 0002 0014 0020 0011 0000 0000 0000 0000 0000 0000 0001
//// 0000 0000 0000 0000 0000 0000 0000 0000 0000 0000 0000.
0000 0000 0000 0000 0000 0000 0000 0000 0000 0000 0000 0000
0000 0000 0000 0000 0000 0000 0000 0000 0000 0000 0000 0000.
0000 0000 0000 0000 0000 0000 0000 0000 0000 0000 0000 0000
0000 0000 0000 0000 0000 0000 0000 0000 0000 0000 0000 0000.
0000 0000 0000 0000 0000 0000 0000 0000 0000 0000 0000 0000
0000 0000 0000 0000 0000 0000 0000 0000 0000 0000 0000 0000.
0000 0000 0000 0000 0000 0000 0000 0000 0000 0000 0000 0000
0000 0000 0000 0000 0000 0000 0000 0000 0000 0000 0000 0000.
0000 0000 0000 0000 0000 0000 0000 0000 0000 0000 0000 0000
0000 0000 0000 0000 0000 0000 0000 0000 0000 0000 0000 0000.
0000 0000 0000 0000 0000 0000 0000 0000 0000 0000 0000 0021
0021 0008 0002 0000 0001 0000 0000 0000 0002 0001 0000 0001.
0000 0000 0001 0000 0001 0005 0000 0001 0001 0000 0000 0000
0001 0000 0000 0030 0034 0042 0006 0004 0005 0003 0003 0005.
0004 0003 0003 0002 0002 0002 0002 0002 0001 0001 0000 0001
0000 0001 0003 0001 0000 0000 0000 0000 0000 0000 0000 0000=
0000 ////////// 00000=
W=
L=
Z=
G=
FN
069011 067017 197012 025006 109008 PPC001
PPC000 088004 183008 062019 158010 217006
PPC000 341007 221005 273005 209009 205008
047009 073025 080021 101020 100018 118007.
077008 085009 058014 PPC000 PPC000 PPC000
264003 099009 061015 PPC001 219010 PPC000
042010 058043 064028 065028 071036 073039
053040 051042 060023 059019 073027 089007.
051006 054011 163010 123009 069021 080014
012013 087015 121009 PPC000 PPC000 206011
297010 257006 PPC000 093008 108018 106012
071024 079032 052030 058037 085017 083022.
054015 108008 070013 062017 076017 104011
PPC000 184003 PPC000 203009 075012 PPC002
284005 316006 048010 048019 086009 038007
333009 283016 317012 039011 006023 336019.
003014 047007 337013 329014 359007 071004
293010 291011 PPC001 324011 PPC002 279006
PPC000 PPC002 025009 058012 113017 070010
351016 058013 080012 040003 057005 127005.
068009 053018 069013 014012 155003 126005
039009 311008 073006 074006 PPC000 PPC000
048008 041009 062022 063018 097017 114012
053024 096020 104021 083014 095021 099010.
073017 071010 PPC000 077009 056014 PPC000
120012 PPC000 172003 PPC000 343012 247011
252008 PPC001 050005 PPC002 016017 275006
PPC000 262008 213005 276005 320006 045010.
PPC001 206012 260008 PPC000 207007 240004
PPC000 070006 009009 261009 206007 PPC000
PPC000 238009 216020 026015 308008 338006
001017 007031 013040 091011 083011 084006.
101007 102008 082005 051009 279004 PPC000
PPC000 233009 051014 PPC000 073010 102012
139006 230005 226006 251013 012007 215013
036018 044021 065049 076042 077028 081024.
067024 088020 100017 086014 108011 098011
108010 083008 040010 055008 100012 PPC000
215005 063003 010018 103020 093017 106032
159037 138032 136027 263007 113007 194010.
097008 PPC000 064010 PPC000 236008 073012
PPC000 124007 231008 060012 061013 PPC001
242007 205004 343011 266010 007018 001018
144029 068030 107032 077017 076024 092015.
185014 053011 118010 001005 PPC002 085013
194008 177009 088006 192011 104015 253003
115012 047010 101004 082011 338031 306025
322017 073014 133008 307008 108006 117010.
106009 097011 210009 062013 099014 127015
138009 045009 064008 077009 067011 203005
289009 043008 230009 238015 275014 057018
058022 077030 080027 052028 190005 130006.
059005 PPC001 PPC000 346004 PPC000 232012
198007 236009 PPC000 094009 055007 PPC000
244008 272011 227010 313011 018008 072029
069036 073013 064019 091028 110018 121011.
065012 329009 204011 248012 PPC000 119009
PPC000 PPC000 215008 PPC000 PPC000 177007
PPC000 099006 207004 PPC002 PPC002 085016
068022 074026 105025 079016 107017 085014.
106013 080017 098014 081010 025003 327005
PPC000 PPC001 180005 PPC002 042003 213003
253006 358008 338004 153006 PPC000 101012
072021 074008 016012 025015 055014 069026.
116011 112017 266004 226006 101009 286013
PPC001 031005 305003 178010 250007 230008
244006 169007 029008 PPC000 PPC000 261010
PPC002 091003 259006 PPC000 PPC001 333013.
PPC000 065017 228010 037019 214016 205006
157007 115006 PPC002 PPC000 239007 226003
047010 319005 271007 300012 242021 238033
216017 214022 225016 244010 113013 160007.
121003 064014 085012 228010 127010 160009
186010 076012 039009 296003 231005 228008
174009 033007 PPC001 020015 343036 259009
258007 008020 062025 008021 092011 PPC001.
078009 346011 219014 085012 052007 201010
155008 085012 031006 053009 231013 199006
118004 302011 039005 007009 147038 134036
134017 137032 079035 069018 046014 094019.
102008 001007 075010 PPC000 067010 081010
283007 241008 327008 211006 171013 200011
149006 PPC000 165003 055004 054006 047003
276010 259007 068010 254008 354003 211011.
278007 179007 003004 PPC000 050025 180012
211010 336010 148003 098008 336008 PPC000
////// 287013 032008 222025 254025 224036
261046 262029 236018 233020 090016 076012.
057009 137008 105008 115011 281006 076008
105004 262004 114009 095005 063012 206006
260006 300019 075033 069040 068048 069051
076049 079055 076037 089019 104028 096026.
066019 103025 064009 PPC002 034008 PPC000
PPC002 100007 178005 109005 109009 214007
167003 265005 294008 220010 296015 260009
080017 076021 084021 044009 343005 184006.
PPC000 102012 174006 PPC000 PPC000 330005
096009 213010 230010 055013 225009 222006
PPC000 PPC001 256004 240003 274009 349008
352006 093017 095029 072019 009012 083009.
043010 102008 PPC000 019006 136005 087007
066012 064011 034005 063010 275006 155008
257005 330008 089006 189010 215011 193010
057005 237008 016004 010007 193009 123008.
042006 229013 060010 253004 069006 183008
203007 060008 082004 058016 PPC000 022007
273008 178006 231007 309010 334019 292012
293010 088030 100027 099032 094017 098015.
082018 100010 050009 193006 183011 PPC002
266007 244004 219009 268005 044013 058013
059007 233008 307012 056014 062026 063012
109027 069022 082011 050020 013024 022011.
057019 146003 050021 029032 068022 PPC000
029011 337007 218008 049006 014023 006023
026025 337021 356019 043017 000015 205008
057007 309004 158006 023012 135010 090007.
020016 032016 335018 292010 005009 037023
033030 048035 041038 016018 036021 021034
019022 032020 027030 030028 018039 028048
312029 001022 020018 024024 023018 021010=
066011 069015 208004 PPC001 099009 PPC001
PPC002 PPC001 199010 057012 155010 238006
PPC000 320003 265004 214007 203011 212007
031013 066024 078018 096017 099015 114006.
073008 078008 064014 PPC000 PPC001 PPC000
255006 087008 071013 PPC000 211010 064004
045010 053038 066027 068023 066039 060037
053041 054032 057022 064024 058028 083017.
069007 056005 179009 030008 061027 114006
039011 090018 119008 PPC000 PPC001 204004
284010 PPC002 PPC002 059005 091015 100010
070023 070030 061032 059027 078023 080021.
055022 098010 055017 061026 075016 104010
PPC001 157004 092003 201010 077011 PPC000
300004 299006 055007 049016 082005 028008
336014 291014 332010 011012 351014 337015.
008013 050005 344012 330012 336008 033006
286008 321008 PPC000 336012 250006 286009
208003 PPC000 030008 064011 101016 065011
351009 078010 078012 064006 060007 115005.
068007 062014 075014 019009 123004 107006
030011 317006 073007 070008 055007 PPC001
046012 039008 042026 070018 097014 108014
072020 100019 099018 092016 099017 092012.
063016 048006 PPC002 064009 043010 166003
114009 PPC002 PPC001 PPC000 322009 228009
263004 PPC002 047005 PPC000 042019 279003
310005 261008 269005 PPC002 312008 028013.
PPC002 213007 253009 PPC001 220008 PPC002
236005 058004 340004 256003 222004 PPC000
PPC002 242010 218017 354013 345006 297010
009018 008027 018032 083013 078011 076007.
080008 PPC002 094006 056009 273003 PPC002
099005 261003 057013 PPC000 081005 104010
150004 321007 209005 246012 014008 251013
031021 048028 068044 071036 076027 074021.
075020 085016 101016 088016 105013 087010
093011 085010 051010 076009 107010 PPC002
230006 124006 012017 095020 107027 128028
142035 144031 139027 239004 112007 198010.
087008 PPC000 077009 122004 237008 071011
PPC000 105005 229009 062014 067011 PPC001
249007 247005 337006 291009 028017 010015
121015 069031 096030 081019 065019 085015.
186013 090010 108009 268009 013005 081012
201009 166006 123006 175009 086009 240006
168010 048009 075007 058004 331028 325023
330014 063011 133004 259004 131005 104008.
096011 088011 216010 057012 095011 122015
132003 046009 052006 084009 066010 PPC002
265008 026009 229008 218010 280016 062016
072022 065041 084031 060030 132013 137009.
100006 012005 258003 PPC002 PPC000 229012
206003 PPC002 PPC000 091004 058007 PPC001
233006 274008 226009 307012 341006 045019
067037 089022 062017 088025 111016 115011.
070014 344007 216008 251009 PPC000 114009
PPC000 PPC000 220007 PPC000 PPC002 177007
PPC000 085004 PPC002 313005 051003 073015
073020 075023 102024 077017 107012 080015.
106014 094016 100012 097007 000003 PPC002
292003 008003 183007 050005 045007 214006
PPC001 340008 PPC001 120004 342004 084013
071022 069011 029013 030011 085011 074017.
108011 105018 PPC001 255007 095010 249007
249005 072006 016007 188009 252006 223006
PPC002 184008 022008 PPC000 279003 253006
200003 PPC001 251003 PPC000 324006 330010.
PPC000 060012 242011 044016 210011 217006
150009 090005 130003 PPC002 235008 283007
042007 276006 257004 306010 235020 235027
221019 216021 228016 255009 110011 155007.
116007 066012 088009 166011 220010 220010
203010 096009 059009 240004 194007 211007
193005 358006 175003 015021 338023 293007
268010 005022 056019 041019 096012 196005.
096008 004011 215010 092007 048006 209012
177006 068012 065006 054006 244011 150005
079006 297010 336008 353008 141031 122027
145015 132026 075034 074022 062013 097013.
081008 026008 088010 PPC002 068008 099007
320007 208007 016006 159007 178011 217013
212009 PPC002 199004 043006 103005 PPC002
283009 250006 078011 268006 PPC000 207010.
277005 179008 PPC002 PPC002 057028 202011
239010 313009 101006 141005 348005 PPC002
////// 273006 042008 197023 243034 220038
260049 266041 238028 228018 094015 089016.
043008 106006 118009 056003 357007 017004
085007 312004 118007 118007 061007 218004
255006 298012 075035 071036 068043 069043
075041 075053 073037 083029 098028 094027.
079025 102024 074011 PPC001 050009 128003
PPC002 098008 142006 PPC001 107007 192005
094004 236007 312010 208009 308012 282010
068020 086019 086017 043008 006004 183008.
291006 087011 180006 PPC002 PPC000 326003
092008 220010 275007 061012 231008 232007
PPC001 PPC002 254003 216003 283005 359006
001007 094018 100026 074019 038013 044006.
042010 082007 PPC000 043005 164006 053008
060011 054006 050009 062009 253006 160009
246005 357003 052007 216009 226009 211010
100003 236007 PPC000 002006 194007 118005.
026007 261007 058009 245005 073008 215008
198007 061010 088003 056013 278006 046006
253005 209006 234007 307010 346013 314013
294012 090029 097025 101025 093019 094014.
092019 096009 048007 163004 182009 135005
251007 281004 213007 302004 039009 062012
052008 251010 349012 057013 053028 073018
104023 082020 081013 052016 021024 025011.
036024 108007 044013 024033 038018 355004
000012 358015 218008 243007 005017 005023
027023 318015 002017 028012 001017 111012
055007 311004 179011 035011 126009 087008.
030015 044017 342015 273009 342008 024022
023026 047029 031030 029021 021021 040035
044019 032017 029029 024025 024034 027042
342024 003025 020015 022019 019019 029012=
027068 1607 039068 1558
044048 1507 069056 1423
041066 1646 059059 1642
028065 2358 038068 2001
025049 1639 034014 1515
043046 1045 067062 1038
022042 0032 034017 0026
046022 1637 059349 1639
047073 1706 062082 1653
040095 1333 061152 1704
038062 1927 053051 1923
038320 1328 058287 1324
043053 1558 063076 1533
050064 1523 082141 1623
030075 1538 045082 1519
029060 1919 042065 1916
026060 2011 036051 2016
031218 1432 049219 1341
032357 1306 045332 1258
037140 1308 055146 1310
024100 2023 032087 2013
061252 1439 091248 1434
057068 1604 080073 1624
030079 2117 041073 2109
028103 1647 039056 1824
014077 0623 019068 0619
031095 1809 045104 1550
031101 1514 041104 1513
038009 0017 056003 0014
043024 1403 061010 1353=
D=
K=
A=
S=
B=
??????
******
YF
O2195
河南省
豫嵩县车村
嵩县车村镇卫生院后山
山地；城镇；地面
空缺
计算机
计算机
计算机
计算机
计算机
20120208=
JY
8888=
GK
01/
05/=
BZ
BB/22/09时气温用正点前2分钟值代替。
00/334738/1120701
10/24/逐时观测
10/24/24时连续观测
11/不守班=
######
