O2197 3414N 11207E 003500 003500 105 000 S15 91999999919999199999 0 2011 12
P=
TB
0016 0017 0017 0011 0003 -003 -002 -007 -011 -014 -013 -003
0008 0025 0042 0048 0049 0060 0058 0057 0049 0036 0033 0031 0065 1406 -014 0600.
0016 0007 0017 0013 0002 -007 -008 0004 -003 -013 -020 -015
0003 0034 0071 0099 0115 0118 0097 0083 0071 0069 0063 0049 0118 1345 -024 0720.
0038 0017 0014 0004 0008 0006 0006 0004 0003 0002 0005 0010
0012 0014 0017 0023 0027 0030 0031 0033 0035 0036 0034 0031 0049 2001 0000 0020.
0029 0022 0018 0019 0020 0021 0021 0022 0021 0021 0022 0022
0026 0025 0027 0029 0040 0046 0044 0042 0041 0037 0033 0029 0046 1357 0018 2254.
0030 0031 0030 0025 0028 0028 0028 0028 0027 0014 0003 0004
0008 0014 0020 0024 0024 0029 0032 0027 0025 0023 0022 0020 0032 2220 0003 0656.
0020 0022 0024 0023 0023 0023 0022 0022 0021 0018 0017 0017
0023 0030 0040 0041 0040 0046 0042 0039 0035 0031 0031 0031 0048 1354 0016 0628.
0030 0029 0029 0026 0026 0027 0027 0029 0028 0030 0031 0037
0059 0075 0096 0096 0101 0103 0109 0092 0073 0062 0062 0054 0113 1421 0026 2340.
0047 0029 0027 0031 0024 0022 0021 0019 0010 0005 0009 -004
0039 0053 0065 0071 0073 0089 0075 0058 0038 0028 0006 0000 0089 1400 -011 0738.
-004 -016 -021 -031 -041 -044 -045 -056 -061 -066 -064 -058
-028 -007 0011 0036 0050 0068 0063 0051 0031 0011 -006 0013 0073 1422 -067 0719.
0005 -009 -015 -021 -026 -025 -005 -003 -007 -005 -007 -004
0009 0026 0046 0057 0064 0065 0059 0061 0036 0010 -010 -020 0070 1307 -030 0118.
-030 -039 -047 -051 -054 -055 -061 -065 -065 -068 -067 -056
-016 0012 0042 0068 0070 0075 0077 0089 0055 0023 0011 0000 0103 1546 -071 0615.
0000 -009 -022 -026 -023 -032 -040 -041 -046 -051 -052 -047
-001 0033 0056 0088 0103 0115 0106 0097 0070 0053 0030 0018 0117 1337 -056 0708.
0017 0019 0018 0009 -010 -023 -027 -024 -034 -036 -041 -038
-015 0020 0051 0081 0090 0101 0101 0095 0068 0031 0013 0006 0106 1503 -042 0619.
-006 -010 -010 -015 -012 -012 -026 -026 -030 -031 -034 -028
0007 0055 0091 0116 0117 0108 0099 0092 0074 0064 0061 0059 0125 1303 -038 0651.
0033 0024 0005 -017 -018 -030 -030 -029 -033 -041 -050 -053
-022 0004 0020 0035 0047 0051 0055 0053 0027 0000 -012 -017 0059 2001 -055 0727.
-018 -027 -031 -036 -032 -022 -021 -038 -050 -060 -065 -060
-031 0004 0032 0036 0042 0050 0049 0041 0023 0000 -018 -029 0054 1407 -070 0654.
-032 -037 -040 -047 -054 -046 -052 -055 -057 -050 -055 -053
-037 -017 -002 0022 0036 0044 0045 0035 0026 0018 0016 0007 0048 1424 -058 0502.
0005 -003 -002 -008 -005 -013 -009 -009 -023 -029 -040 -038
-019 0009 0039 0059 0070 0071 0062 0056 0040 0025 0000 -006 0073 1313 -042 0742.
-018 -028 -033 -034 -039 -041 -046 -047 -051 -051 -052 -051
-030 -009 0010 0034 0047 0049 0049 0040 0032 0018 0003 -002 0052 1424 -058 0733.
0008 0004 0000 0000 -001 -002 -002 -004 -008 -013 -021 -014
-003 0014 0032 0050 0065 0074 0074 0061 0047 0026 0015 -001 0078 1517 -022 0701.
-003 0004 0000 0002 0004 0003 0003 -003 -018 -018 -015 -008
0006 0028 0054 0075 0086 0081 0094 0084 0061 0036 0030 0006 0098 1433 -022 0513.
0018 0010 0009 -002 -004 -009 -019 -017 -032 -042 -036 -037
-014 0009 0044 0060 0069 0070 0070 0069 0045 0024 -014 -014 0075 1319 -043 0640.
-029 -033 -042 -049 -048 -053 -043 -048 -046 -036 -027 -009
0025 0045 0062 0071 0074 0080 0082 0072 0054 0025 0032 0001 0093 1451 -056 0221.
-013 -027 -041 -045 -040 -038 -044 -037 -050 -043 -045 -049
-018 0020 0052 0074 0083 0097 0098 0087 0064 0029 0000 -005 0106 1427 -058 0315.
-022 -021 -034 -041 -045 -059 -058 -062 -057 -059 -059 -060
-023 0010 0058 0081 0096 0113 0109 0088 0067 0035 0009 -007 0114 1348 -066 0251.
-013 -024 -028 -034 -037 -044 -032 -026 -023 -030 -030 -025
-009 0018 0041 0044 0046 0061 0070 0062 0048 0021 0025 0022 0070 1457 -047 0212.
0011 -008 -017 -024 -034 -025 -033 -041 -043 -051 -054 -056
-030 -008 0007 0017 0034 0048 0055 0045 0028 0006 -013 -025 0056 1501 -061 0752.
-034 -044 -045 -049 -053 -052 -054 -063 -059 -059 -060 -055
-035 -005 0022 0057 0078 0093 0095 0081 0068 0041 0035 0029 0100 1349 -065 0643.
0010 -001 -007 -017 -023 -025 -018 -021 -031 -034 -040 -040
-030 -010 0003 0021 0024 0024 0031 0026 0017 0010 -003 0000 0033 1238 -044 0739.
0006 0009 0008 0009 0007 0005 0004 0002 0002 0000 -004 -004
-004 0000 0004 0011 0016 0015 0020 0019 0016 0011 0009 0008 0021 1330 -005 0828.
0005 0011 0000 -010 -005 -022 -030 -037 -043 -046 -045 -045
-032 0002 0036 0069 0103 0124 0130 0122 0090 0062 0052 0023 0134 1408 -053 0650=
I=
E=
U=
N=
H=
C=
V=
R6
0000 0000 0000
0000 0000 0000
0000 0000 0000
0019 0003 0022
0000 0013 0013
0000 0010 0010
0006 0000 0006
0000 0000 0000
0000 0000 0000
0000 0000 0000
0000 0000 0000
0000 0000 0000
0000 0000 0000
0000 0000 0000
0000 0000 0000
0000 0000 0000
0000 0000 0000
0000 0000 0000
0000 0000 0000
0000 0000 0000
0000 0000 0000
0000 0000 0000
0000 0000 0000
0000 0000 0000
0000 0000 0000
0000 0000 0000
0000 0000 0000
0000 0000 0000
0000 0000 0000
0000 0000 0000
0000 0000 0000=
0000 0000 0000 0000 0000 0000 0000 0000 0000 0000 0000 0000
0000 0000 0000 0000 0000 0000 0000 0000 0000 0000 0000 0000.
0000 0000 0000 0000 0000 0000 0000 0000 0000 0000 0000 0000
0000 0000 0000 0000 0000 0000 0000 0000 0000 0000 0000 0000.
0000 0000 0000 0000 0000 0000 0000 0000 0000 0000 0000 0000
0000 0000 0000 0000 0000 0000 0000 0000 0000 0000 0000 0000.
0000 0007 0005 0001 0001 0000 0001 0000 0001 0000 0002 0001
0000 0002 0001 0000 0000 0000 0000 0000 0000 0000 0000 0000.
0000 0000 0000 0000 0000 0000 0000 0000 0000 0000 0000 0000
0000 0009 0003 0000 0001 0000 0000 0000 0000 0000 0000 0000.
0000 0000 0000 0000 0000 0000 0000 0000 0000 0000 0000 0000
0000 0000 0000 0000 0000 0000 0000 0003 0001 0002 0001 0003.
0002 0002 0002 0000 0000 0000 0000 0000 0000 0000 0000 0000
0000 0000 0000 0000 0000 0000 0000 0000 0000 0000 0000 0000.
0000 0000 0000 0000 0000 0000 0000 0000 0000 0000 0000 0000
0000 0000 0000 0000 0000 0000 0000 0000 0000 0000 0000 0000.
0000 0000 0000 0000 0000 0000 0000 0000 0000 0000 0000 0000
0000 0000 0000 0000 0000 0000 0000 0000 0000 0000 0000 0000.
0000 0000 0000 0000 0000 0000 0000 0000 0000 0000 0000 0000
0000 0000 0000 0000 0000 0000 0000 0000 0000 0000 0000 0000.
0000 0000 0000 0000 0000 0000 0000 0000 0000 0000 0000 0000
0000 0000 0000 0000 0000 0000 0000 0000 0000 0000 0000 0000.
0000 0000 0000 0000 0000 0000 0000 0000 0000 0000 0000 0000
0000 0000 0000 0000 0000 0000 0000 0000 0000 0000 0000 0000.
0000 0000 0000 0000 0000 0000 0000 0000 0000 0000 0000 0000
0000 0000 0000 0000 0000 0000 0000 0000 0000 0000 0000 0000.
0000 0000 0000 0000 0000 0000 0000 0000 0000 0000 0000 0000
0000 0000 0000 0000 0000 0000 0000 0000 0000 0000 0000 0000.
0000 0000 0000 0000 0000 0000 0000 0000 0000 0000 0000 0000
0000 0000 0000 0000 0000 0000 0000 0000 0000 0000 0000 0000.
0000 0000 0000 0000 0000 0000 0000 0000 0000 0000 0000 0000
0000 0000 0000 0000 0000 0000 0000 0000 0000 0000 0000 0000.
0000 0000 0000 0000 0000 0000 0000 0000 0000 0000 0000 0000
0000 0000 0000 0000 0000 0000 0000 0000 0000 0000 0000 0000.
0000 0000 0000 0000 0000 0000 0000 0000 0000 0000 0000 0000
0000 0000 0000 0000 0000 0000 0000 0000 0000 0000 0000 0000.
0000 0000 0000 0000 0000 0000 0000 0000 0000 0000 0000 0000
0000 0000 0000 0000 0000 0000 0000 0000 0000 0000 0000 0000.
0000 0000 0000 0000 0000 0000 0000 0000 0000 0000 0000 0000
0000 0000 0000 0000 0000 0000 0000 0000 0000 0000 0000 0000.
0000 0000 0000 0000 0000 0000 0000 0000 0000 0000 0000 0000
0000 0000 0000 0000 0000 0000 0000 0000 0000 0000 0000 0000.
0000 0000 0000 0000 0000 0000 0000 0000 0000 0000 0000 0000
0000 0000 0000 0000 0000 0000 0000 0000 0000 0000 0000 0000.
0000 0000 0000 0000 0000 0000 0000 0000 0000 0000 0000 0000
0000 0000 0000 0000 0000 0000 0000 0000 0000 0000 0000 0000.
0000 0000 0000 0000 0000 0000 0000 0000 0000 0000 0000 0000
0000 0000 0000 0000 0000 0000 0000 0000 0000 0000 0000 0000.
0000 0000 0000 0000 0000 0000 0000 0000 0000 0000 0000 0000
0000 0000 0000 0000 0000 0000 0000 0000 0000 0000 0000 0000.
0000 0000 0000 0000 0000 0000 0000 0000 0000 0000 0000 0000
0000 0000 0000 0000 0000 0000 0000 0000 0000 0000 0000 0000.
0000 0000 0000 0000 0000 0000 0000 0000 0000 0000 0000 0000
0000 0000 0000 0000 0000 0000 0000 0000 0000 0000 0000 0000.
0000 0000 0000 0000 0000 0000 0000 0000 0000 0000 0000 0000
0000 0000 0000 0000 0000 0000 0000 0000 0000 0000 0000 0000.
0000 0000 0000 0000 0000 0000 0000 0000 0000 0000 0000 0000
0000 0000 0000 0000 0000 0000 0000 0000 0000 0000 0000 0000.
0000 0000 0000 0000 0000 0000 0000 0000 0000 0000 0000 0000
0000 0000 0000 0000 0000 0000 0000 0000 0000 0000 0000 0000.
0000 0000 0000 0000 0000 0000 0000 0000 0000 0000 0000 0000
0000 0000 0000 0000 0000 0000 0000 0000 0000 0000 0000 0000=
0000 ////////// 00000=
W=
L=
Z=
G=
FN
026008 335006 PPC000 025005 338004 348007
PPC000 012005 PPC002 PPC002 196007 PPC000
PPC001 076008 099017 077018 036009 101008
140005 187006 PPC000 050005 PPC002 100007.
355005 PPC001 272006 PPC000 097008 271007
340005 273003 PPC000 316004 PPC002 348007
281005 279008 247007 132021 104018 051018
031040 029034 113010 026016 333009 005012.
269007 066007 041018 PPC001 035006 332007
079009 PPC000 330008 035003 248013 252004
121013 139022 037013 019010 058011 023019
025019 035020 022014 040030 010028 016024.
024026 023018 012011 014011 036014 021016
021020 033011 029011 033015 041008 034005
052009 052011 037015 033016 095011 013012
084012 034016 014012 024024 030027 028020.
003022 028015 028018 015013 356010 029025
031011 047014 039020 115024 013010 358008
009013 076008 054010 035021 019014 051010
026019 051016 034017 029022 025015 021019.
353009 PPC000 186009 143006 114006 095007
PPC000 161008 128008 110006 018010 195008
PPC001 125009 148007 004004 207008 PPC002
095006 127013 217007 PPC000 PPC000 PPC001.
240009 265009 212008 129005 072007 309004
162006 052006 267006 151011 106017 078007
235010 300017 311024 315026 330025 312026
333025 336013 304009 251017 266012 288014.
304011 341007 312014 321021 300008 311013
309029 331039 317012 315015 293020 349008
332010 340013 315024 330029 331032 274026
307023 316020 359024 343031 339013 PPC001.
348010 342010 123008 342010 106014 053007
331007 288003 PPC001 PPC002 322003 275006
167007 205011 206017 098010 099008 293027
317018 332034 318011 276018 183006 305014.
304010 316010 312008 337010 327007 316014
305015 297027 303023 312027 274048 288038
302032 286037 296021 301021 257039 295036
312022 272040 284013 234011 096007 078010.
339010 298005 331010 283006 062007 311003
PPC002 100007 353006 220006 350005 347005
095003 018008 271008 118018 142016 138017
136010 270012 PPC000 222007 003007 051005.
240007 282003 357007 331004 PPC001 021006
PPC002 015004 154004 350006 287004 009005
155005 131014 211011 144009 090016 045035
033030 070016 046012 009012 284010 323009.
239014 315006 348009 004007 PPC000 PPC000
172008 359007 137005 PPC001 351007 PPC000
PPC000 150008 156010 141013 099014 123018
115011 029013 055004 PPC000 344005 339011.
346011 299004 048005 315008 PPC001 346008
159012 153011 039006 317006 114010 314014
068010 114009 117024 160024 327024 338052
336027 347059 329016 333016 014025 353030.
046013 008022 240005 343003 046006 328008
PPC000 PPC002 349007 322006 PPC000 140004
349004 280010 150007 041023 038021 071014
056012 049008 060009 341012 342006 223011.
310011 134009 234003 027006 099010 040013
108019 305010 356009 PPC002 178008 PPC000
237006 153010 200006 196016 130016 068018
042021 029024 031022 025004 PPC001 295005.
PPC000 009005 314003 005004 050004 277008
330005 PPC000 022007 273005 PPC000 PPC000
120008 165008 186008 152018 059015 049019
099018 032016 055006 031005 264007 012003.
PPC002 351007 344010 PPC000 343012 PPC000
300004 344003 PPC001 PPC002 348006 215007
331005 193009 251006 155018 071019 054026
035036 040024 028024 022029 332006 322007.
246009 144004 052005 032004 031006 PPC000
182004 PPC001 PPC000 349004 334006 014003
027004 143008 198005 170007 113022 040019
042016 031023 035019 010024 PPC001 331003.
030014 PPC000 359003 238004 060005 307005
PPC000 273004 169004 PPC001 316006 312006
PPC000 148004 311006 146011 158013 124007
021010 059014 036018 331006 287007 105010.
023013 347011 PPC000 140005 157003 287006
PPC002 328003 217010 146008 357005 195008
104019 120012 116021 186031 278011 330041
279033 313021 321028 316019 320016 320010.
306015 342011 315013 332011 250008 172009
131018 112009 137006 341007 353010 062007
319004 137009 173019 165025 131022 168032
118017 291006 001030 003025 279003 292004.
340007 290009 PPC002 PPC000 260006 074008
PPC002 089007 037009 243010 280011 144012
291011 282036 299040 291039 319032 303035
288041 313034 314017 311014 299016 297006.
328011 169008 332006 009007 330008 059005
337007 056005 227011 283005 032006 348007
351006 115014 124014 121027 018010 309022
338036 333030 348022 350018 265009 334011.
310005 PPC002 010009 144006 PPC001 127005
PPC001 PPC000 338006 333005 315005 245004
PPC000 088003 136009 120014 162017 123015
082024 042024 034021 282008 319007 320007.
287008 120007 PPC000 344009 285005 PPC000
272006 208007 322004 038004 251006 249006
PPC000 141012 050013 100006 047026 041029
118026 113029 092017 014016 004025 355026.
002018 274005 PPC002 303006 PPC000 004005
342007 007003 360006 311006 195005 PPC001
337004 159006 128003 232010 136007 075016
066012 035019 022021 303006 337007 PPC002.
191005 128005 PPC000 PPC000 PPC000 PPC002
348005 213004 194004 335007 308004 PPC000
098003 166005 273007 236009 114011 093016
066014 043024 033027 010006 350021 356014.
003003 058005 308007 270008 311005 253006
258003 PPC000 PPC000 151007 028004 262005
PPC001 282005 247007 140016 024027 014030
037023 042030 030023 016017 277009 269007.
PPC001 238005 042009 040009 035009 023016
026019 002013 022009 036023 030023 034022
011010 050011 014007 137008 070012 033026
041015 071010 108011 057006 143006 181007.
PPC002 236013 270005 333005 300006 339008
274009 324005 144007 293004 284007 005008
009005 298007 263007 162008 118016 335019
273034 298020 332019 333011 350005 333006=
029007 343007 PPC000 013004 334003 343006
PPC001 340005 348004 264003 194007 PPC000
003003 038008 076014 088018 074010 061008
140007 183007 PPC000 053005 064004 108008.
343006 330003 295006 PPC001 070006 214008
331006 288005 PPC002 342006 323004 331006
265005 272007 229009 123023 103018 052018
036035 031038 080013 022014 281010 001013.
322009 074008 040016 029005 047008 347006
061010 PPC002 318007 349004 243012 224005
124012 129019 034011 000009 045011 028018
027019 035020 016013 035030 006029 018023.
025028 027023 015012 015012 030014 023017
020017 029011 032012 026015 041010 043006
050010 041013 038015 028015 096011 026012
066011 034015 000012 024025 032026 032021.
008021 016015 028020 016014 356011 029023
031013 045017 041019 122028 016010 357008
020015 070007 045012 037018 014013 060009
019016 046018 029018 033023 028015 019017.
004011 PPC001 193008 148007 118005 096007
PPC001 190006 137008 103007 018011 227007
252003 107008 144008 347006 232007 356003
080007 130012 212007 PPC002 PPC000 PPC001.
247009 264008 217008 131006 075006 PPC002
188007 054006 287006 128010 111017 080009
273009 291021 317026 317025 322025 313027
321021 318015 306013 286014 274017 300016.
290011 316008 304014 325020 322009 308016
310026 325034 321016 315015 293021 349007
318010 324014 312021 337032 320025 277029
312020 327024 001024 344034 337012 PPC002.
343010 336010 101007 344008 034007 065009
339007 PPC002 PPC001 PPC001 333005 279006
176007 174010 176012 133010 124011 302025
330022 329032 320012 279015 224006 305016.
306011 321009 310008 331010 324007 321013
311015 290028 307027 300031 283040 291038
306032 282038 293022 291033 260041 294036
309028 280041 295012 102017 114007 065008.
333010 242005 307008 296007 053007 313003
335004 071007 341004 223006 344004 347005
147003 087006 290008 117019 141015 146017
133011 260010 PPC000 199006 343007 030006.
183005 PPC002 020005 297004 293003 352004
080003 355004 192004 337003 265005 352005
162005 138014 229010 158008 097017 053030
034029 069018 047013 009012 285010 321008.
224011 317005 351009 002006 PPC000 PPC000
174006 342008 143006 PPC001 309006 PPC000
PPC001 152008 155009 155012 097018 109018
092011 036013 056004 PPC001 347005 333011.
337009 318005 063005 288008 268004 325008
230009 119009 348006 268008 112009 332013
133009 097009 114023 142022 337030 340050
341033 344056 331019 328015 022028 350032.
037017 012025 333007 305005 058007 319007
055004 346003 339007 328007 PPC002 138005
333004 279008 147008 072018 046021 068016
069012 056009 066009 336010 308008 040011.
311011 091006 PPC002 021005 097010 030016
111017 301011 348009 033004 168007 029003
261007 131009 187007 154017 109021 062016
040020 027025 030022 023006 297003 284005.
PPC002 052005 310004 337005 032004 285006
329003 PPC000 356005 293005 PPC001 PPC001
119008 181008 172008 162015 053017 043019
076017 033016 066007 024006 327009 PPC002.
236004 344008 342009 PPC001 343012 PPC001
279003 289003 PPC001 PPC002 344005 189007
332004 198009 232006 152015 090019 052024
038033 035028 029025 021027 327007 316008.
274007 123004 063003 016004 041005 PPC002
159003 PPC002 PPC001 052005 332006 310003
343004 144009 206006 143008 119020 046019
050017 032024 035020 007025 223004 316004.
026014 PPC000 PPC002 254003 069005 305005
PPC000 PPC002 150005 PPC002 318006 317006
PPC002 137004 303005 106009 157013 302006
038010 054015 036017 304005 312009 104010.
035010 352010 PPC002 139005 PPC002 313005
PPC001 332004 180009 091005 352006 188008
095017 125011 124021 193022 280019 329038
284030 318026 323026 311016 318017 321010.
314016 334012 314013 316010 274008 177010
137017 131008 196007 307008 343009 043006
261004 128009 159014 136021 129022 165030
117021 352009 003028 003025 325004 306004.
318007 297008 135004 PPC001 195008 068009
147004 089007 328007 328009 267012 217011
295013 291030 301038 290044 305036 299040
291039 311031 311023 309014 290022 320007.
302011 161007 303005 348008 318008 011005
327006 049005 170008 275006 031006 019008
345004 116015 132016 128024 147013 317022
329027 329029 347021 350018 280011 334010.
312006 293005 027009 105005 293003 131005
PPC002 PPC001 334006 352005 323005 277003
PPC001 088003 210008 095012 158016 096013
072021 043025 035023 278007 329008 316009.
304006 113005 PPC001 336009 284006 PPC000
276005 204007 336005 012003 260004 263004
PPC002 147012 065012 076009 042028 039027
116024 117031 099021 019018 005025 356025.
359017 280006 PPC001 297007 PPC000 350004
338006 318003 327006 309006 218005 309003
PPC002 161005 034003 222010 132009 080017
072013 037019 024019 307006 342007 300003.
184005 125005 PPC000 PPC000 PPC001 342005
005003 175004 252003 316006 321004 308003
PPC002 194004 288006 243009 118012 092014
063012 047020 033028 329007 354020 353014.
331004 016004 317006 308007 292007 250006
284003 PPC001 PPC000 232006 042004 268003
339003 263004 246007 147016 029026 022032
037028 034030 031026 020017 290007 262007.
PPC002 245005 056006 037006 028009 023015
030021 004014 021010 036023 030022 036019
019010 044012 018006 142009 057012 030025
036018 061009 106010 063007 131006 192007.
PPC001 232015 248007 318006 286007 326008
279007 327005 115006 309004 257007 310008
334005 274008 254008 156008 120016 334028
274030 295021 328017 318009 321008 330007=
022129 1143 039123 1143
047033 1552 065036 1542
034038 1829 056036 1812
035033 1928 051041 1924
046121 0546 065124 0543
019019 2009 025024 2002
037330 1131 087278 1329
045336 0421 100262 0143
044340 1513 069332 1423
065275 1215 137271 1022
024120 1223 029086 1229
037043 1403 055016 1400
024096 1256 047100 1345
057344 1601 083002 1540
041034 2037 057036 2037
031023 0154 052107 1255
023065 1347 039124 1333
039032 1547 059041 1523
029027 1549 045029 1549
021047 1553 034039 1552
040329 1414 062337 1354
034359 1644 048354 1643
065272 1242 128275 1358
036337 1515 064345 1442
031037 1548 049024 1611
038121 1515 060125 1514
027002 2030 037024 1505
030032 1707 042033 1659
037032 1630 055027 1519
028032 0530 038027 0323
044274 1437 091267 1435=
D=
K=
A=
S=
B=
??????
******
YF
O2197
河南省
豫嵩县阎庄
嵩县阎庄镇科技示范园区
丘陵；城镇；地面
空缺
计算机
计算机
计算机
计算机
计算机
20120208=
JY
8888=
GK
01/
05/=
BZ
00/341409/1120636
10/24/逐时观测
10/24/24时连续观测
11/不守班=
######
