O2181 3421N 11113E 009810 009810 105 000 S15 91999999919999199999 0 2010 04
P=
TB
0064 0066 0064 0066 0061 0059 0050 0054 0049 0043 0042 0048
0053 0064 0081 0088 0098 0099 0101 0089 0093 0076 0061 0055 0107 1503 0039 0624.
0049 0063 0044 0047 0051 0055 0050 0048 0050 0053 0059 0078
0084 0113 0126 0138 0147 0155 0156 0156 0145 0130 0107 0100 0172 1515 0041 2251.
0102 0104 0103 0096 0085 0086 0081 0074 0076 0075 0086 0112
0110 0115 0106 0135 0159 0165 0165 0168 0167 0148 0136 0120 0175 1630 0069 0437.
0112 0106 0098 0092 0094 0091 0086 0080 0091 0088 0092 0107
0137 0181 0178 0208 0209 0214 0222 0216 0215 0210 0182 0172 0233 1511 0080 0400.
0174 0165 0156 0147 0148 0144 0140 0143 0131 0131 0132 0158
0172 0193 0226 0225 0231 0218 0205 0202 0193 0186 0180 0174 0254 1249 0123 0528.
0170 0163 0163 0155 0150 0147 0140 0135 0129 0111 0104 0078
0072 0071 0072 0090 0095 0106 0109 0115 0118 0098 0085 0077 0175 2001 0063 0937.
0071 0065 0058 0051 0047 0045 0042 0037 0034 0033 0034 0043
0072 0076 0087 0107 0117 0123 0125 0117 0109 0109 0099 0102 0128 1513 0031 0621.
0100 0102 0096 0094 0092 0079 0074 0064 0063 0055 0069 0092
0105 0128 0143 0163 0187 0194 0197 0197 0185 0172 0152 0137 0207 1540 0054 0602.
//// //// 0124 0117 0117 0113 0106 0108 0099 0108 0104 0132
0143 0163 0191 0196 0197 0187 0184 0175 0172 0163 0147 0129 0205 1249 0093 0513.
0121 0121 0112 0110 0109 0107 0102 0102 0107 0100 0102 0103
0069 0069 0068 0069 0066 0065 0066 0066 0062 0059 0060 0059 0129 2001 0055 1912.
0051 0049 0049 0048 0048 0050 0041 0037 0043 0037 0038 0036
0035 0039 0038 0038 0039 0037 0041 0041 0039 0037 0033 0034 0059 2001 0032 1842.
0032 0034 0033 0032 0033 0031 0031 0033 0036 0044 0057 0043
0034 0025 0023 0009 0020 0033 0025 0022 0019 0016 0014 0010 0058 0705 0007 1204.
0007 0006 0005 0003 0000 -009 -001 -003 -002 -004 0004 0012
0021 0027 0035 0050 0044 0043 0044 0035 0031 0028 0026 0025 0062 1217 -016 0418.
0025 0018 0013 -006 -010 -008 -004 -024 -025 -028 -026 -023
-022 -016 0007 0000 -006 0001 0020 0002 -005 -002 -005 -006 0031 2040 -028 0558.
-006 -002 -004 -011 -009 0003 0004 0003 0005 0002 -003 0015
0034 0067 0088 0105 0130 0138 0149 0142 0139 0132 0110 0106 0149 1500 -011 2357.
0107 0111 0101 0088 0090 0089 0087 0084 0066 0082 0069 0087
0120 0145 0177 0185 0209 0234 0219 0205 0201 0182 0158 0143 0240 1402 0066 0500.
0141 0129 0108 0091 0091 0083 0086 0082 0079 0077 0076 0080
0084 0081 0087 0087 0088 0111 0125 0134 0122 0120 0108 0106 0144 2002 0076 0634.
0102 0105 0101 0099 0100 0098 0096 0096 0110 0106 0110 0116
0128 0157 0160 0178 0184 0188 0190 0182 0179 0174 0158 0145 0192 1306 0093 0409.
0144 0144 0138 0129 0116 0112 0130 0124 0121 0108 0124 0119
0126 0157 0170 0190 0194 0208 0192 0192 0179 0163 0148 0138 0213 1402 0105 0538.
0128 0120 0117 0114 0111 0110 0110 0108 0108 0107 0108 0108
0106 0106 0103 0101 0101 0098 0098 0096 0093 0089 0084 0082 0138 2001 0080 1943.
0081 0075 0073 0072 0071 0070 0067 0066 0065 0064 0061 0066
0064 0058 0055 0049 0044 0050 0055 0057 0056 0057 0074 0080 0083 1954 0043 1249.
0080 0080 0083 0084 0071 0076 0080 0079 0080 0075 0077 0089
0106 0110 0108 0112 0134 0133 0142 0132 0134 0132 0106 0103 0153 1529 0071 0054.
0101 0089 0095 0096 0100 0099 0096 0092 0096 0082 0097 0118
0125 0139 0143 0154 0165 0173 0180 0175 0155 0146 0125 0117 0184 1517 0076 0543.
0108 0107 0103 0096 //// //// //// 0067 0067 0066 0078 0093
0109 0128 0137 0150 0170 0178 0169 0168 0164 0156 0145 0137 0180 1347 0063 0633.
0130 0123 0119 0113 0116 0114 0114 0112 0108 0104 0087 0092
0102 0102 0095 0088 0085 0076 0092 0093 0096 0093 0091 0084 0138 2007 0076 1400.
0089 0093 0094 0086 0077 0062 0061 0061 0051 0045 0055 0078
0096 0117 0152 0165 0165 0168 0151 0140 0142 0122 0109 0105 0173 1345 0042 0604.
0100 0100 0088 0086 0082 0073 0077 0080 0084 0083 0087 0106
0129 0148 0171 0181 0199 0215 0227 0217 0209 0207 0197 0192 0227 1500 0069 0150.
0175 0160 0143 0132 0117 0110 0100 0088 0079 0075 0072 0091
0103 0116 0127 0140 0142 0144 0158 0162 0157 0148 0135 0135 0193 2001 0067 0639.
0118 0110 0109 0103 0101 0098 0108 0104 0095 0096 0126 0136
0140 0164 0179 0190 0204 0211 0224 0224 0204 0194 0177 0170 0233 1529 0092 0507.
0165 0172 0163 0162 0124 0109 0107 0102 0097 0092 0112 0123
0142 0166 0179 0211 0217 0230 0242 0235 0223 0219 0187 0175 0247 1451 0090 0602=
I=
E=
U=
N=
H=
C=
V=
R6
0002 0000 0002
0000 0000 0000
0000 0000 0000
0000 0000 0000
0000 0000 0000
0000 0000 0000
0000 0000 0000
0000 0000 0000
//// 0000 ////
0000 0020 0020
0001 0008 0009
0008 0000 0008
0000 0000 0000
0000 0089 0089
0001 0010 0011
0000 0000 0000
0000 0000 0000
0000 0000 0000
0000 0000 0000
0010 0212 0222
0103 0040 0143
0000 0000 0000
0000 0000 0000
//// 0000 ////
0015 0014 0029
0000 0000 0000
0000 0000 0000
0000 0000 0000
0000 0000 0000
0000 0000 0000=
0001 0000 0000 0000 0000 0000 0000 0000 0001 0000 0000 0000
0000 0000 0000 0000 0000 0000 0000 0000 0000 0000 0000 0000.
0000 0000 0000 0000 0000 0000 0000 0000 0000 0000 0000 0000
0000 0000 0000 0000 0000 0000 0000 0000 0000 0000 0000 0000.
0000 0000 0000 0000 0000 0000 0000 0000 0000 0000 0000 0000
0000 0000 0000 0000 0000 0000 0000 0000 0000 0000 0000 0000.
0000 0000 0000 0000 0000 0000 0000 0000 0000 0000 0000 0000
0000 0000 0000 0000 0000 0000 0000 0000 0000 0000 0000 0000.
0000 0000 0000 0000 0000 0000 0000 0000 0000 0000 0000 0000
0000 0000 0000 0000 0000 0000 0000 0000 0000 0000 0000 0000.
0000 0000 0000 0000 0000 0000 0000 0000 0000 0000 0000 0000
0000 0000 0000 0000 0000 0000 0000 0000 0000 0000 0000 0000.
0000 0000 0000 0000 0000 0000 0000 0000 0000 0000 0000 0000
0000 0000 0000 0000 0000 0000 0000 0000 0000 0000 0000 0000.
0000 0000 0000 0000 0000 0000 0000 0000 0000 0000 0000 0000
0000 0000 0000 0000 0000 0000 0000 0000 0000 0000 0000 0000.
0000 //// 0000 0000 0000 0000 0000 0000 0000 0000 0000 0000
0000 0000 0000 0000 0000 0000 0000 0000 0000 0000 0000 0000.
0000 0000 0000 0000 0000 0000 0000 0000 0000 0000 0000 0000
0001 0013 0006 0000 0000 0000 0000 0000 0000 0000 0000 0000.
0000 0000 0000 0000 0000 0000 0000 0001 0000 0000 0000 0000
0002 0004 0000 0000 0000 0001 0001 0000 0000 0000 0000 0000.
0001 0000 0000 0001 0003 0002 0000 0000 0001 0000 0000 0000
0000 0000 0000 0000 0000 0000 0000 0000 0000 0000 0000 0000.
0000 0000 0000 0000 0000 0000 0000 0000 0000 0000 0000 0000
0000 0000 0000 0000 0000 0000 0000 0000 0000 0000 0000 0000.
0000 0000 0000 0000 0000 0000 0000 0000 0000 0000 0000 0000
0000 0000 0000 0024 0019 0012 0022 0008 0003 0001 0000 0000.
0000 0000 0000 0000 0000 0000 0000 0000 0000 0000 0000 0001
0006 0004 0000 0000 0000 0000 0000 0000 0000 0000 0000 0000.
0000 0000 0000 0000 0000 0000 0000 0000 0000 0000 0000 0000
0000 0000 0000 0000 0000 0000 0000 0000 0000 0000 0000 0000.
0000 0000 0000 0000 0000 0000 0000 0000 0000 0000 0000 0000
0000 0000 0000 0000 0000 0000 0000 0000 0000 0000 0000 0000.
0000 0000 0000 0000 0000 0000 0000 0000 0000 0000 0000 0000
0000 0000 0000 0000 0000 0000 0000 0000 0000 0000 0000 0000.
0000 0000 0000 0000 0000 0000 0000 0000 0000 0000 0000 0000
0000 0000 0000 0000 0000 0000 0000 0000 0000 0000 0000 0000.
0000 0000 0000 0001 0001 0000 0004 0002 0002 0000 0000 0000
0012 0045 0007 0010 0031 0021 0005 0007 0007 0013 0026 0028.
0010 0021 0008 0016 0014 0005 0002 0003 0000 0002 0003 0019
0017 0004 0000 0003 0002 0000 0002 0000 0005 0006 0001 0000.
0000 0000 0000 0000 0000 0000 0000 0000 0000 0000 0000 0000
0000 0000 0000 0000 0000 0000 0000 0000 0000 0000 0000 0000.
0000 0000 0000 0000 0000 0000 0000 0000 0000 0000 0000 0000
0000 0000 0000 0000 0000 0000 0000 0000 0000 0000 0000 0000.
0000 0000 0000 0000 //// //// //// 0000 0000 0000 0000 0000
0000 0000 0000 0000 0000 0000 0000 0000 0000 0000 0000 0000.
0000 0000 0000 0000 0000 0000 0000 0000 0000 0000 0008 0007
0000 0000 0000 0005 0008 0000 0000 0001 0000 0000 0000 0000.
0000 0000 0000 0000 0000 0000 0000 0000 0000 0000 0000 0000
0000 0000 0000 0000 0000 0000 0000 0000 0000 0000 0000 0000.
0000 0000 0000 0000 0000 0000 0000 0000 0000 0000 0000 0000
0000 0000 0000 0000 0000 0000 0000 0000 0000 0000 0000 0000.
0000 0000 0000 0000 0000 0000 0000 0000 0000 0000 0000 0000
0000 0000 0000 0000 0000 0000 0000 0000 0000 0000 0000 0000.
0000 0000 0000 0000 0000 0000 0000 0000 0000 0000 0000 0000
0000 0000 0000 0000 0000 0000 0000 0000 0000 0000 0000 0000.
0000 0000 0000 0000 0000 0000 0000 0000 0000 0000 0000 0000
0000 0000 0000 0000 0000 0000 0000 0000 0000 0000 0000 0000=
0000 ////////// 00000=
W=
L=
Z=
G=
FN
050030 360029 014045 012038 298033 335092
160025 257049 203016 322014 217009 032028
030047 188013 245026 260040 268064 289058
280042 314053 296036 294044 248011 277016.
227009 317029 253023 227017 272023 358011
292023 268034 258036 268042 272035 242019
200037 259036 243039 236048 279066 284030
349021 188040 106041 090047 063035 049024.
031024 029015 201006 239010 253034 287028
276032 282028 278029 281027 317015 257020
216024 229046 112013 110026 133027 135027
145025 213090 209063 223062 232032 261022.
244023 280027 259030 263034 271037 266037
231023 248023 268057 250042 242053 239061
257031 221029 152031 266041 210048 062036
057055 099052 125016 183018 091026 PPC000.
153017 228022 251012 291029 266059 269063
271063 275053 264055 256055 359021 251035
201024 171011 003054 347039 021071 007071
339050 007058 014093 004061 033057 012103.
032111 041061 014103 016071 017052 336014
308041 015035 038030 164037 042071 063097
064059 056061 070059 107043 085055 103056
111034 118038 065048 093038 074018 073032.
068024 084023 079022 068024 090014 088006
048013 126011 064011 PPC000 040018 077016
058013 073019 113023 194014 132024 129028
100022 098020 110019 113005 251011 242032.
250021 237031 231031 265034 272052 270037
277037 209020 263032 255027 244043 245027
186020 203019 234020 221024 115024 115030
100019 100019 114036 100047 091027 079031.
////// ////// 289007 239020 269035 273051
252030 250068 217024 272043 262031 250041
222040 182039 249032 117021 095025 101037
102042 092051 079041 064047 072038 070044.
058053 056040 051015 078031 053010 217006
142004 284011 221011 109012 060013 066042
049032 081039 054097 046060 070072 050079
058090 075067 059076 067046 058052 070070.
082065 059049 081049 067050 059056 053050
081041 050040 220016 085033 058054 054054
078030 074027 093026 083023 091020 129014
094024 064025 102026 063037 086033 073035.
092025 082027 086017 100021 053021 088022
152007 254017 241029 276053 289052 287031
298044 ////// 304037 333043 326038 350016
309029 340024 283017 285048 281023 272036.
314023 285030 301031 297040 284035 247014
265021 333018 008022 019019 000019 045014
104020 115015 128017 079012 142019 142013
108038 105043 088045 058047 053030 039035.
212021 072024 131011 349023 049044 //////
337026 067054 053019 075037 048039 //////
084029 068038 097029 122027 120019 091013
051019 084025 084025 048022 031020 036023.
102011 246011 247018 268016 233011 278041
274027 231021 248028 244024 241016 244012
225028 207021 225014 214054 252068 309051
284047 282042 270032 272043 253032 280022.
306015 161011 251020 250026 267046 274042
261033 255047 271045 271053 227017 225036
219041 216047 208029 194028 202045 298021
088055 102043 070057 077051 057049 059035.
045059 085034 091040 069027 062048 061035
081040 078049 076048 068054 080034 070049
069033 082039 074034 080038 083047 071041
092052 066047 087043 091041 099035 110022.
067027 071031 133015 102008 250020 251017
243020 247030 243042 266029 199011 016022
092009 202012 132018 163014 102019 104031
093038 103027 069024 086020 080024 093015.
028035 249014 099007 095013 PPC000 253007
212006 062014 119012 068012 108007 070029
078026 091017 075031 093031 088049 053039
085049 067069 072050 078060 068047 059069.
075072 070059 072074 074066 061054 059060
080058 068073 058060 055090 060071 067070
067089 061103 059095 072087 066074 068097
////// 070069 070067 069088 059114 059121.
068123 064089 066080 053082 071076 064096
067078 067071 ////// 059075 075068 061052
062050 065092 061066 074055 089043 067038
019016 083010 216015 218024 331036 270008.
323035 329030 296029 296024 262024 225011
279051 298030 295065 290032 291047 303033
293048 290050 290034 291060 281034 270082
268063 272054 269061 315023 321018 294018.
322007 232017 250020 007005 321012 312024
278024 279022 285016 254006 266016 182012
202020 173021 166036 207039 177036 173041
189029 061046 077051 069060 053067 053047.
042035 049025 055018 ////// ////// //////
////// 057013 025011 234013 043019 104016
085023 092009 156014 099033 145027 105045
102032 098036 122035 121036 098029 175022.
224027 221036 215053 266019 255018 236027
272013 249013 238015 289017 257019 281015
260021 261037 286041 271047 288093 005048
210038 181018 270029 288016 254017 242015.
287029 292041 225028 036064 328029 250047
278031 287035 246021 254035 252027 236028
244076 255048 264074 285090 274153 290100
318081 330057 297086 303085 298071 295073.
316024 307035 264019 243020 286038 262015
283022 266032 261031 247007 269034 264017
197025 223046 290051 263048 301045 268063
277077 275095 270071 272034 278037 283065.
013078 025042 028036 154030 288042 007059
284049 268045 254030 290020 231032 268038
299050 298044 283045 327077 295106 276087
296040 274034 273030 285030 293025 319042.
244022 129025 029016 219007 238012 248008
348017 319004 275025 253024 255014 073021
219024 144028 170027 097020 083033 106023
019042 351034 112026 105034 061020 035034.
028027 011029 084010 287005 057033 235007
106010 053010 277008 062016 ////// 067013
197009 159019 211015 151028 121023 349017
069054 010031 336027 283020 104016 021023=
047035 357032 351037 011037 306043 337085
186023 247040 180014 251018 205012 023030
030047 217013 287023 266049 276054 287052
293037 316049 312035 294049 250012 277018.
236013 316028 257026 230018 271022 358013
289019 266032 256035 269042 274034 250019
205035 251042 242045 231036 278070 283042
340027 202039 100042 086047 064037 050023.
030024 029014 183006 237011 253034 285031
278036 279028 279029 283027 313015 260018
203021 232042 119015 114028 126025 145034
133032 214091 214061 225060 230030 254023.
241026 277028 259031 267031 272039 266040
234024 249021 269056 248040 245050 244060
252035 266027 135034 270040 217047 072044
073052 087049 136019 170017 093024 033004.
151017 235022 250014 292030 264056 267063
271065 276057 263054 255051 341020 257039
201023 172016 004055 001048 015069 006072
356053 014054 007082 006066 025069 010101.
024112 036066 017098 029054 018058 350011
297043 008031 034032 165036 042077 060089
064057 062065 071054 097044 080054 110052
109033 121036 066050 087039 079018 079031.
070025 085023 082021 066024 091014 100007
048013 137010 074010 240006 038018 073017
059014 079019 111021 213014 134026 118027
110022 099020 110019 099006 245012 244033.
249023 240033 233032 261034 275053 267036
276035 207020 263031 255027 246042 239030
185024 195019 221026 205032 145024 112028
120020 110022 113036 095045 088029 076031.
////// ////// 273006 238022 274034 277043
257032 251060 225030 271045 262029 252040
220041 181038 258032 115028 110027 100039
112040 094048 081047 068049 077038 072044.
058048 054043 055016 076031 071010 239005
100004 270011 238013 119013 024012 064038
046032 103032 058086 051060 063074 057074
062092 072066 060064 071048 053055 074067.
084066 060053 074046 066048 059054 059052
086040 056040 236015 084033 059053 056053
083032 073028 097028 083026 089016 120014
092021 072023 091028 065038 079031 066035.
088025 081025 089017 101019 067022 087021
125008 245018 234026 273052 291047 289029
294048 ////// 299035 323044 324034 013019
324032 351043 305021 283046 275025 273035.
310026 292028 302028 299035 279028 235014
262019 332021 014025 023017 000020 056013
097019 119015 111015 071010 124021 136013
104035 101041 085042 056046 057034 036036.
219018 079024 122013 349022 045047 //////
348026 054046 053020 075037 047039 //////
080029 071039 091029 129026 112019 081014
052018 077025 087028 048021 035019 035025.
107010 252009 249022 263014 203010 278040
271028 235021 251026 245026 243018 252011
236025 214022 177015 218057 251063 292046
288038 294042 275037 271043 251033 285023.
302015 169010 255018 256030 266046 275042
266035 259047 267043 271052 232017 226034
216041 218047 210031 199026 187041 273025
101046 103038 070059 075050 054046 061035.
049057 084033 089038 071026 066046 068036
075040 071047 078043 064054 082036 073045
070035 077042 083032 085036 088044 080045
082050 072044 089044 089044 101034 106025.
068029 068032 131014 017009 252019 251018
247019 253033 244042 268028 210011 013021
078010 177010 129017 136017 112020 116030
095033 110026 071028 088022 077024 093014.
026034 249014 088008 081012 150004 235008
245006 100010 111012 061012 124004 077030
076023 106017 088030 085029 089041 062039
083048 072065 076054 077059 070047 060064.
074073 075060 069074 073067 063057 062062
075056 070073 064069 060081 061064 067071
064091 065094 064089 072079 067072 068098
////// 071072 069064 071092 063116 061116.
067111 062087 065081 053077 067071 068085
070084 071073 ////// 061079 068067 059051
067052 075086 064068 072055 091039 069032
017015 088009 212013 214022 326026 284010.
313033 321023 305030 283027 255024 240017
283043 296035 294059 292035 291050 295037
285044 293054 289040 298054 283035 274080
273053 275064 266059 305029 331016 309019.
333006 231016 255021 326005 320012 311025
281025 275024 282015 240007 271017 193012
203019 162024 172039 210042 183036 177043
196030 076050 084062 069058 058066 051051.
043036 048028 062017 ////// ////// //////
////// 060014 032012 229013 040017 128014
084022 108013 161014 098029 141028 117038
105037 099037 120036 124036 110028 174022.
222029 223039 215049 271019 244019 232029
286012 239014 234014 289015 256021 285017
262024 260039 279047 270047 305075 001044
244041 226025 280025 278020 263016 243015.
287029 287037 247029 030060 324040 249043
280030 288037 249020 255034 252029 243029
242075 242052 257071 289083 278134 285114
313065 315044 293087 299083 296061 294068.
309030 300039 266020 250020 282034 261020
278022 264030 262030 285009 270035 261019
206025 220049 276043 270061 290047 271064
278069 274087 275073 270040 275037 289061.
014076 015050 026059 101032 298031 340048
281053 269039 269032 300026 237029 273041
297050 300053 300055 319070 294088 278081
300040 281038 276042 287036 295023 324038.
244020 135025 032016 218008 242011 246010
347016 301006 274023 245023 261019 078018
215025 165027 157027 100023 089036 095018
015040 355028 114027 109032 062019 033034.
027025 005029 051021 285008 054033 224011
105010 049009 270008 070014 ////// 078016
175012 156017 193017 163030 125024 332018
050047 355029 336029 320023 099017 019023=
087334 0202 117346 0149
081269 1328 104273 1327
096216 1557 109206 1531
067254 0742 091259 0738
110016 1950 136003 1949
116016 2030 151024 2055
035251 1950 051115 1321
060273 0038 079281 0038
062071 1742 082244 0400
099063 1501 116082 1008
080072 2010 094085 2104
067354 1557 103343 0944
050070 1746 075295 2030
077060 0134 092053 0122
076230 1231 101341 1427
070076 1508 079092 1503
063058 0542 074105 1440
049236 0512 055237 0505
086073 1810 096080 1808
121063 1846 144066 1857
125064 2013 138060 2009
086276 1408 115297 1353
080068 1825 090077 1828
053056 2005 059116 1517
075305 1300 107273 1225
164271 1229 209277 1228
114281 1536 171278 1618
103261 1328 136264 1627
051033 1543 074012 1455
055089 1230 076356 1436=
D=
K=
A=
S=
B=
??????
******
YF
O2181
河南省
豫洛宁上戈
洛宁县上戈乡里石头村
山地；乡村；地面
王林香
计算机
计算机
计算机
计算机
计算机
20100506=
JY
8888=
GK
01/
05/=
BZ
BB/01/今日启用雨量传感器。
BB/12/10时温度用正点前4分钟值代替。
BB/14/02时温度用正点前1分钟值代替。08时温度用正点前4分钟值代替。
BB/20/15时温度用正点前2分钟值代替。
BB/21/05时温度用前后正点数据内插。
BB/24/24时温度用正点前4分钟值代替。
BB/30/07时温度用正点前1分钟值代替。
00/342106/1111307
10/24/逐时观测
10/24/24时连续观测
11/不守班=
######
