O2190 3435N 11152E 004500 004500 105 000 S15 91999999919999199999 0 2009 06
P=
TB
0236 0229 0216 0204 0190 0185 0185 0185 0185 0175 0179 0214
0237 0264 0282 0302 0310 0321 0316 0320 0322 0297 0274 0264 0326 1431 0174 0420.
0250 0243 0233 0227 0222 0213 0210 0207 0200 0215 0228 0262
0279 0295 0302 0316 0324 0331 0334 0333 0324 0327 0304 0269 0338 1545 0200 0458.
0256 0224 0235 0230 0224 0208 0198 0180 0174 0170 0219 0225
0251 0272 0290 0306 0323 0331 0344 0351 0343 0331 0311 0284 0353 1510 0165 0514.
0269 0256 0239 0226 0213 0200 0194 0196 0193 0185 0210 0229
0240 0259 0280 0288 0305 0315 0323 0328 0330 0322 0299 0274 0334 1640 0185 0559.
0266 0248 0236 0217 0214 0216 0216 0208 0210 0223 0235 0252
0280 0307 0331 0340 0350 0362 0368 0367 0367 0366 0331 0294 0377 1509 0200 0426.
0290 0275 0273 0268 0261 0256 0245 0239 0230 0227 0243 0246
0248 0264 0275 0273 0273 0289 0272 0264 0254 0238 0223 0214 0298 2045 0214 1955.
0207 0202 0201 0199 0198 0197 0195 0191 0187 0183 0185 0187
0186 0186 0192 0203 0212 0220 0227 0245 0236 0232 0226 0210 0247 1551 0183 0555.
0195 0189 0187 0185 0183 0182 0181 0180 0180 0180 0182 0184
0197 0197 0201 0216 0208 0215 0235 0230 0232 0235 0220 0206 0246 1549 0180 0235.
0196 0188 0185 0189 0189 0185 0185 0186 0187 0195 0206 0240
0250 0257 0264 0273 0283 0278 0278 0279 0277 0269 0262 0250 0286 1426 0183 0252.
0244 0237 0229 0224 0219 0215 0205 0202 0191 0188 0216 0255
0276 0293 0299 0303 0310 0320 0309 0302 0300 0291 0273 0256 0321 1341 0184 0528.
0247 0236 0231 0225 0218 0219 0212 0208 0212 0216 0228 0239
0258 0283 0295 0305 0311 0300 0290 0292 0288 0285 0273 0261 0313 1242 0203 0418.
0246 0238 0232 0226 0228 0214 0209 0201 0199 0203 0228 0263
0283 0303 0311 0323 0335 0344 0347 0351 0337 0288 0259 0237 0353 1602 0199 0459.
0232 0211 0203 0201 0195 0191 0195 0186 0181 0172 0200 0221
0238 0266 0284 0302 0313 0325 0333 0336 0338 0331 0311 0288 0345 1648 0160 0541.
0271 0259 0239 0232 0231 0235 0228 0223 0215 0220 0238 0254
0261 0275 0290 0299 0311 0322 0334 0335 0341 0328 0305 0287 0342 1555 0214 0445.
0267 0233 0229 0231 0226 0223 0217 0212 0208 0206 0215 0233
0246 0262 0271 0291 0297 0314 0317 0320 0322 0315 0305 0296 0326 1511 0204 0518.
0284 0275 0265 0257 0254 0243 0238 0231 0225 0222 0240 0251
0269 0281 0301 0317 0337 0345 0355 0349 0349 0337 0322 0308 0357 1447 0222 0554.
0302 0295 0279 0256 0253 0250 0248 0244 0232 0233 0224 0237
0243 0248 0259 0261 0254 0247 0240 0237 0231 0228 0224 0219 0308 2001 0219 2000.
0221 0216 0216 0217 0213 0210 0208 0208 0207 0207 0206 0203
0205 0210 0217 0217 0213 0210 0213 0217 0217 0217 0216 0217 0221 2015 0201 0831.
0218 0218 0218 0217 0214 0214 0213 0214 0215 0214 0218 0222
0229 0269 0270 0263 0255 0243 0234 0229 0223 0219 0219 0212 0280 1011 0212 1948.
0206 0207 0200 0200 0197 0196 0196 0193 0191 0191 0205 0224
0241 0271 0293 0305 0318 0317 0324 0328 0325 0314 0291 0263 0334 1532 0189 0526.
0251 0255 0225 0233 0218 0212 0213 0207 0203 0204 0220 0246
0276 0312 0325 0334 0335 0351 0353 0362 0347 0325 0314 0295 0362 1530 0198 0425.
0285 0281 0279 0275 0267 0264 0266 0266 0256 0261 0270 0280
0287 0305 0311 0317 0323 0329 0332 0331 0330 0319 0293 0267 0338 1450 0255 0449.
0256 0248 0240 0244 0223 0220 0228 0233 0214 0204 0219 0231
0254 0270 0280 0319 0344 0350 0360 0355 0352 0346 0325 0305 0368 1447 0203 0530.
0294 0283 0277 0261 0259 0260 0247 0253 0236 0235 0255 0278
0319 0344 0357 0374 0387 0398 0397 0403 0392 0384 0365 0333 0405 1438 0230 0509.
0317 0293 0282 0281 0249 0254 0253 0236 0237 0245 0265 0273
0310 0335 0353 0378 0390 0386 0397 0394 0392 0373 0347 0327 0402 1413 0236 0358.
0317 0302 0298 0273 0268 0272 0269 0267 0243 0238 0273 0290
0306 0325 0328 0341 0358 0369 0373 0377 0374 0364 0339 0322 0386 1621 0235 0544.
0310 0298 0281 0278 0267 0263 0261 0254 0256 0255 0266 0271
0281 0291 0312 0314 0330 0324 0335 0327 0315 0311 0304 0296 0336 1313 0249 0525.
0285 0282 0280 0271 0273 0269 0266 0254 0259 0256 0259 0263
0270 0271 0275 0266 0262 0253 0229 0221 0221 0224 0220 0212 0296 2001 0212 1953.
0207 0203 0196 0191 0185 0183 0187 0185 0181 0182 0213 0250
0274 0291 0321 0319 0334 0319 0308 0300 0303 0299 0289 0267 0341 1237 0175 0535.
0262 0255 0248 0247 0238 0233 0230 0227 0227 0221 0244 0271
0309 0319 0341 0356 0369 0364 0357 0364 0372 0366 0344 0319 0380 1425 0220 0549=
I=
E=
U=
N=
H=
C=
V=
R6
0000 0000 0000
0000 0000 0000
0000 0000 0000
0000 0000 0000
0000 0000 0000
0000 0000 0000
0000 0000 0000
0131 0000 0131
0000 0000 0000
0000 0002 0002
0000 0000 0000
0000 0000 0000
0000 0000 0000
0000 0000 0000
0000 0000 0000
0000 0000 0000
0005 0006 0011
0007 0000 0007
0007 0000 0007
0000 0000 0000
0000 0000 0000
0000 0000 0000
0000 0000 0000
0000 0000 0000
0000 0000 0000
0000 0000 0000
0000 0000 0000
0000 0001 0001
0000 0000 0000
0000 0000 0000=
0000 0000 0000 0000 0000 0000 0000 0000 0000 0000 0000 0000
0000 0000 0000 0000 0000 0000 0000 0000 0000 0000 0000 0000.
0000 0000 0000 0000 0000 0000 0000 0000 0000 0000 0000 0000
0000 0000 0000 0000 0000 0000 0000 0000 0000 0000 0000 0000.
0000 0000 0000 0000 0000 0000 0000 0000 0000 0000 0000 0000
0000 0000 0000 0000 0000 0000 0000 0000 0000 0000 0000 0000.
0000 0000 0000 0000 0000 0000 0000 0000 0000 0000 0000 0000
0000 0000 0000 0000 0000 0000 0000 0000 0000 0000 0000 0000.
0000 0000 0000 0000 0000 0000 0000 0000 0000 0000 0000 0000
0000 0000 0000 0000 0000 0000 0000 0000 0000 0000 0000 0000.
0000 0000 0000 0000 0000 0000 0000 0000 0000 0000 0000 0000
0000 0000 0000 0000 0000 0000 0000 0000 0000 0000 0000 0000.
0000 0000 0000 0000 0000 0000 0000 0000 0000 0000 0000 0000
0000 0000 0000 0000 0000 0000 0000 0000 0000 0000 0000 0000.
0007 0012 0014 0027 0034 0022 0011 0002 0002 0000 0000 0000
0000 0000 0000 0000 0000 0000 0000 0000 0000 0000 0000 0000.
0000 0000 0000 0000 0000 0000 0000 0000 0000 0000 0000 0000
0000 0000 0000 0000 0000 0000 0000 0000 0000 0000 0000 0000.
0000 0000 0000 0000 0000 0000 0000 0000 0000 0000 0000 0000
0002 0000 0000 0000 0000 0000 0000 0000 0000 0000 0000 0000.
0000 0000 0000 0000 0000 0000 0000 0000 0000 0000 0000 0000
0000 0000 0000 0000 0000 0000 0000 0000 0000 0000 0000 0000.
0000 0000 0000 0000 0000 0000 0000 0000 0000 0000 0000 0000
0000 0000 0000 0000 0000 0000 0000 0000 0000 0000 0000 0000.
0000 0000 0000 0000 0000 0000 0000 0000 0000 0000 0000 0000
0000 0000 0000 0000 0000 0000 0000 0000 0000 0000 0000 0000.
0000 0000 0000 0000 0000 0000 0000 0000 0000 0000 0000 0000
0000 0000 0000 0000 0000 0000 0000 0000 0000 0000 0000 0000.
0000 0000 0000 0000 0000 0000 0000 0000 0000 0000 0000 0000
0000 0000 0000 0000 0000 0000 0000 0000 0000 0000 0000 0000.
0000 0000 0000 0000 0000 0000 0000 0000 0000 0000 0000 0000
0000 0000 0000 0000 0000 0000 0000 0000 0000 0000 0000 0000.
0000 0000 0000 0000 0000 0000 0000 0000 0000 0000 0004 0001
0000 0000 0000 0000 0000 0000 0003 0000 0000 0001 0002 0000.
0001 0000 0000 0000 0001 0003 0000 0000 0001 0001 0000 0000
0000 0000 0000 0000 0000 0000 0000 0000 0000 0000 0000 0000.
0000 0000 0000 0000 0000 0000 0000 0000 0000 0003 0004 0000
0000 0000 0000 0000 0000 0000 0000 0000 0000 0000 0000 0000.
0000 0000 0000 0000 0000 0000 0000 0000 0000 0000 0000 0000
0000 0000 0000 0000 0000 0000 0000 0000 0000 0000 0000 0000.
0000 0000 0000 0000 0000 0000 0000 0000 0000 0000 0000 0000
0000 0000 0000 0000 0000 0000 0000 0000 0000 0000 0000 0000.
0000 0000 0000 0000 0000 0000 0000 0000 0000 0000 0000 0000
0000 0000 0000 0000 0000 0000 0000 0000 0000 0000 0000 0000.
0000 0000 0000 0000 0000 0000 0000 0000 0000 0000 0000 0000
0000 0000 0000 0000 0000 0000 0000 0000 0000 0000 0000 0000.
0000 0000 0000 0000 0000 0000 0000 0000 0000 0000 0000 0000
0000 0000 0000 0000 0000 0000 0000 0000 0000 0000 0000 0000.
0000 0000 0000 0000 0000 0000 0000 0000 0000 0000 0000 0000
0000 0000 0000 0000 0000 0000 0000 0000 0000 0000 0000 0000.
0000 0000 0000 0000 0000 0000 0000 0000 0000 0000 0000 0000
0000 0000 0000 0000 0000 0000 0000 0000 0000 0000 0000 0000.
0000 0000 0000 0000 0000 0000 0000 0000 0000 0000 0000 0000
0000 0000 0000 0000 0000 0000 0000 0000 0000 0000 0000 0000.
0000 0000 0000 0000 0000 0000 0000 0000 0000 0000 0000 0000
0000 0000 0000 0000 0000 0000 0000 0001 0000 0000 0000 0000.
0000 0000 0000 0000 0000 0000 0000 0000 0000 0000 0000 0000
0000 0000 0000 0000 0000 0000 0000 0000 0000 0000 0000 0000.
0000 0000 0000 0000 0000 0000 0000 0000 0000 0000 0000 0000
0000 0000 0000 0000 0000 0000 0000 0000 0000 0000 0000 0000=
0000 ////////// 00000=
W=
L=
Z=
G=
FN
203005 269010 235010 248007 300012 306008
290014 296011 294011 275009 235023 278008
275014 288018 278010 274008 195024 234027
306019 251017 235013 246019 311017 297016.
275012 267016 276011 288016 256012 301018
297018 298019 283014 290022 297022 250015
280026 312041 306045 304026 276029 288025
311034 299024 295023 315014 062009 039018.
252012 348015 344008 359003 237009 PPC000
107007 021010 043008 011004 158007 196009
090015 168009 149017 089006 100014 159020
160025 169027 175012 115011 026008 068024.
057028 077018 079017 113014 066012 019016
029011 015008 109003 016008 022008 359012
166008 143012 288013 320014 324016 146016
221019 239012 307028 311025 308027 283013.
312020 289014 285014 278012 239004 284016
286009 299013 247020 ////// 289011 245008
////// 223019 308027 314011 209015 276015
294018 250014 276016 286007 PPC000 033017.
044027 043030 055026 052027 064028 069034
062019 075021 352011 004009 315004 143012
228021 240013 306017 312030 304030 077013
102047 070038 082035 086051 088054 089038.
078025 063030 076028 065020 059017 064016
099022 088024 082026 075029 076023 081045
072022 081026 089033 097034 090045 125035
124021 142028 133023 121020 111019 116027.
088024 076016 042010 085011 088021 074018
084020 095029 088021 102026 066017 086023
071021 066021 097026 111015 108012 151017
135017 098019 121008 155008 115014 129007.
053010 019010 342010 326006 302014 289008
303021 287012 307014 250022 252025 313035
321050 309039 291041 309047 312062 311037
300045 307038 305048 300033 276028 278015.
256018 277014 250019 233020 257007 264008
282010 296015 228017 207011 186009 254013
319035 323048 004043 312058 311028 338044
324035 311031 299037 301028 296014 304010.
263012 256014 246013 279014 271013 282019
302012 283013 243010 251016 218011 218009
222019 265014 226017 194017 187020 225021
219024 279027 241014 310007 278013 293014.
308009 288015 292015 314014 311023 292014
294017 299015 296018 285019 286018 308020
281022 312040 292042 314025 254021 314026
240020 280015 342043 072040 082042 074023.
124008 359016 028012 355013 321011 273014
287017 285007 232009 090005 114013 163010
187013 207009 175015 118017 174011 045022
100024 075024 127019 105019 115021 109023.
075038 071025 072009 022013 045016 124007
062011 078011 036005 342008 052006 046015
073022 079018 117024 108033 038019 129015
174015 135014 102023 088029 082041 065043.
200054 256008 326017 050010 049018 053018
050016 073014 094014 167006 057008 094013
173011 112007 167025 129021 124021 139016
140023 126016 110019 109039 096032 089038.
076020 070019 062015 047017 072020 055018
075012 082008 058011 046010 060011 109021
113011 146013 092013 129017 148010 150024
192030 171026 205045 181017 176016 160017.
161014 151012 209011 074006 345011 066003
335006 277008 260017 221014 349009 051023
065024 097031 096021 172021 ////// 206027
230013 240011 233012 239010 199015 258005.
086013 101015 068012 073020 069025 080022
095042 088028 086022 086034 093058 095036
093048 088049 072041 082044 085041 073030
089033 069025 077030 ////// 071018 035014.
053009 321008 235007 220012 304008 232016
298016 312011 254015 252010 311011 290013
282021 300037 301052 311039 302058 299052
301063 289051 294049 292053 297034 293040.
297034 289015 298028 292021 290019 306016
297029 277013 290022 295025 293033 282027
266022 289032 289046 306035 294019 261030
241019 263029 224017 289023 286016 286011.
316028 311028 234025 243010 248016 246010
296015 245013 285013 265016 288024 295015
269016 303027 310037 300044 293042 293033
291041 292038 298047 305045 299022 249019.
266014 287018 252032 246026 283021 291021
278015 317044 303018 249023 308021 301038
329026 323024 306037 292037 298035 305051
290042 309050 315035 304029 304032 272013.
291011 295017 303018 264009 262008 327016
226011 175015 227013 PPC002 200011 200011
198011 231013 187017 222024 200031 255027
246017 240030 219030 239023 269020 276010.
352003 282012 275014 296017 295025 298015
172007 303007 239021 246015 261013 246031
257010 200012 203025 236024 236035 210034
237029 323016 146034 204015 186013 241009.
233016 234010 293018 210010 041009 124004
237008 329010 203009 314011 198011 185012
103008 193012 176017 239011 188017 317016
170032 164037 158018 153023 127014 123012.
140012 132009 093006 352006 352008 116006
177008 210014 PPC002 044008 132009 109015
102016 147011 251010 104015 145019 104019
198018 237009 101023 142019 106030 114024.
123021 099013 061013 066010 014011 050011
028009 345010 081006 048006 087009 097007
146006 235011 316018 272018 295029 304030
280022 285027 281026 283017 292018 297011.
314017 304025 359009 347010 260008 272011
308006 300013 232011 272013 313012 299017
265013 281016 293030 227023 301042 261026
289020 237025 277022 244014 244019 248015.
235019 289010 265011 322013 290016 289019
273016 268013 293025 294020 288020 306014
245019 285020 305031 287025 248020 236018
256019 287017 277016 262014 255014 298009.
282008 285008 300008 244010 266008 318012
246018 301023 287019 284012 252017 273019
264016 242034 258017 249019 313039 286018
112049 189029 243030 293023 285012 007035=
244009 276011 249009 244008 293011 283011
288013 297010 287009 270008 230016 276011
261013 281018 243015 266013 198018 250020
292016 274015 239012 247016 311013 299017.
270012 266014 289010 290015 274016 299018
295016 299018 286016 292019 296018 271015
289025 307037 305044 299031 295037 294027
304030 296025 295022 305012 055008 034013.
255012 348012 341009 342003 220009 276003
097007 022010 054008 001006 149007 203009
069011 119010 118014 081010 090014 159018
154022 171030 161011 126011 063008 052027.
002018 077031 075015 115014 074010 024016
036011 024005 071004 016010 032008 005010
163009 131014 282011 307014 328016 144017
191017 224015 308025 312031 309025 288012.
307021 274016 287018 272012 287008 288012
284014 306012 247015 ////// 291011 258010
////// 232018 305021 288015 218021 256016
282019 246018 248015 258007 PPC002 026020.
044026 040026 060024 053026 069025 066032
059018 078021 013009 354013 307004 134013
216019 243014 300021 308033 307031 046011
097046 071042 072042 081044 086050 082038.
080032 062027 071030 067023 057015 068015
092023 085021 085031 078030 080034 078044
076031 082033 092032 101038 102041 116039
116027 135028 127027 118019 109020 118025.
091021 077016 049011 075011 089020 076018
077020 093023 090020 104024 063019 091017
065018 068023 091020 130013 111012 137014
135013 089022 121010 161012 119012 125007.
058008 018009 348011 321008 301014 292010
303018 290015 296015 261017 245020 315042
312045 310041 295041 303047 307053 310046
300048 309050 304043 299029 280024 280016.
260017 285015 249016 236018 261008 267008
278008 296016 241017 224010 180006 272013
315033 321042 345042 318038 294027 336040
323029 307033 295036 302031 292017 276009.
268011 264011 266014 280014 255011 268012
289011 285013 249012 247014 228011 263011
210018 235011 222019 196016 200016 217023
231024 268025 261022 288013 279013 286012.
280009 292014 292017 306014 307021 270013
292015 299015 296016 288017 287017 299021
279024 304037 296042 310031 277025 303025
270023 288019 331037 072039 078045 078025.
113008 014019 030012 356014 317009 285011
284018 265006 203009 076003 119010 166011
199011 208010 163018 114017 130013 061016
097019 090022 117017 114019 119020 110024.
077040 077024 065010 018010 046016 114009
071012 092005 PPC001 338003 049008 046012
076018 099021 097019 096026 063025 131018
131018 103009 121016 095029 082057 055050.
198049 252010 318015 047008 057016 059019
058015 073015 087012 136007 071009 098008
152008 142010 156018 113021 121021 116021
122022 115025 128024 106036 096031 086038.
071022 065024 061017 042015 074017 055017
072012 087007 057011 040010 058012 096018
114010 130012 079014 120020 137018 131023
204025 179031 197036 182021 173014 153015.
157014 155012 190012 073004 350008 PPC001
245007 297008 270017 234011 359008 046018
064020 095029 096028 150020 ////// 196028
216017 233015 217014 230009 203015 274003.
086009 104014 075012 081022 073027 078026
091037 089028 084026 085030 095046 097039
097045 093042 077031 082039 088039 070032
081031 071025 079025 ////// 069019 043015.
049007 326004 265006 218011 294008 239010
304017 307011 256011 268008 304010 286012
253019 300033 300043 304042 304067 299055
304060 292047 299048 295047 295035 292039.
292033 282019 293025 287021 296018 296016
298026 286017 293020 294023 291022 278021
281026 287029 286034 305030 300030 268028
251023 274024 265026 289024 291018 263009.
314023 314024 241022 243012 241013 276017
300014 260010 283017 277013 288014 294018
266016 301018 312039 301044 289036 294039
291034 290032 293038 302040 300023 248016.
280014 285017 252030 259018 280015 296018
288014 317037 302022 252023 310020 311041
314030 313030 312033 284044 307043 299044
295046 304045 311039 302034 305032 275012.
281010 293016 298020 261013 300006 338013
222009 164006 218014 018008 208009 211012
217009 234012 192015 221021 222026 242022
243021 237024 227029 239018 262018 272012.
306007 277009 278014 296016 294022 303015
228010 338008 236016 252018 259015 252026
260009 223012 196019 189020 228022 199023
217032 019015 159024 199022 188013 230009.
245015 247008 290017 237011 017007 PPC001
220006 334009 197004 311012 202009 182013
144010 204011 160016 219019 169019 223026
160024 157031 151021 148027 137017 128014.
138012 121009 130008 012008 355008 135004
165008 202013 014004 043006 144007 119018
107017 142015 229015 158017 105012 058013
197020 192019 098012 133018 118025 115018.
124016 083012 057013 071010 022010 044010
020009 347010 068008 038008 068006 097005
248005 285006 322017 279016 293024 303033
268025 283031 276025 284026 284020 281012.
311014 305022 313011 352008 270007 275013
287007 300011 230007 258011 306014 288013
240013 281013 293031 249025 299032 261018
284019 251021 266027 253015 249015 249016.
245019 259012 273010 303015 292010 287017
280015 264013 287019 294020 291014 296015
240017 276017 303033 289023 250016 236016
249020 292015 279017 272013 249017 294008.
290008 287008 295008 274009 280008 294010
231011 297019 290016 269013 251015 262016
281018 243023 258020 288026 283022 275031
077026 173023 209024 277022 272010 005028=
029227 1310 051259 1020
046307 1020 079335 1048
032164 1612 048020 1951
047088 2119 076082 2105
025241 1143 064214 1135
055085 1728 081098 1800
048097 1306 069087 0815
028086 0217 043110 0215
058304 1228 103312 0900
051319 1008 087307 1007
036250 1634 051222 1632
054081 1812 072042 1718
035110 1923 053107 1916
059086 1857 087053 1937
063070 2026 095059 2024
038089 2004 060158 1711
036078 0932 055068 1031
053094 0919 079090 0927
067306 1255 135304 1459
045291 2009 084315 1143
051299 1150 094301 1220
052299 1428 083304 1515
032251 1646 056202 1300
033206 1458 061205 1454
041162 1435 075160 1444
034174 1529 052104 1311
045319 1345 060298 1620
036294 1115 058290 1106
033303 1100 060259 1308
038087 1508 078104 1459=
D=
K=
A=
S=
B=
??????
******
YF
O2190
河南省
豫宜阳高村
宜阳县高村乡烟站
丘陵；乡村；地面
田明
梁胜利
梁胜利
梁胜利
王国安
梁胜利
20090724=
JY
8888=
GK
01/本月平均温度为26.2度，总降水量15.9毫米。
02/本月主要降水过程出现在8日和17-19日。
05/=
BZ
BB/05/06和09时正点数据缺测,气温用前后两时次内插求得。
BB/17/13时正点数据缺测,气温用前后两时次内插求得。
BB/18/18时正点数据缺测,气温用前后两时次内插求得。
00/343459/1115147
10/343459/1115147
10/24/24小时连续观测
11/不守班=
######
