O2190 3435N 11152E 004500 004500 105 000 S15 91999999919999199999 0 2010 06
P=
TB
0219 0218 0207 0191 0180 0179 0177 0176 0174 0174 0175 0183
0187 0195 0200 0204 0207 0213 0218 0223 0221 0215 0210 0198 0226 2001 0173 0442.
0191 0184 0184 0176 0171 0176 0173 0170 0167 0169 0180 0202
0218 0239 0255 0267 0278 0289 0293 0299 0324 0297 0247 0238 0324 1700 0166 0319.
0229 0222 0215 0211 0207 0200 0191 0188 0180 0186 0194 0208
0208 0215 0218 0232 0252 0261 0260 0263 0246 0229 0221 0213 0274 1451 0180 0500.
0206 0181 0184 0177 0171 0169 0166 0170 0164 0168 0172 0186
0192 0210 //// //// //// //// //// //// 0252 0241 0226 0209 0255 1634 0163 0521.
0196 0191 0172 0168 0165 0163 0161 0155 0153 0170 0178 0200
0210 0233 0250 0267 0261 0275 0285 0283 0282 0270 0250 0231 0290 1548 0153 0415.
0213 0210 0198 0181 0180 0169 0172 0160 0163 0165 0191 0210
0224 0245 0260 0271 0279 0286 0288 0284 0279 0271 0253 0237 0299 1355 0157 0433.
0231 0226 0216 0211 0206 0197 0190 0186 0177 0191 0201 0217
0219 0226 0225 0226 0222 0225 0225 0211 0206 0202 0195 0188 0237 2001 0174 0439.
0182 0177 0179 0173 0172 0169 0168 0169 0169 0168 0167 0173
0177 0184 0196 0199 0196 0195 0191 0195 0189 0184 0172 0169 0202 1235 0166 0655.
0162 0160 0159 0157 0156 0154 0152 0152 0151 0150 0148 0152
0159 0165 0166 0171 0182 0187 0200 0205 0206 0193 0188 0180 0210 1625 0147 0657.
0177 0178 0172 0165 0165 0166 0158 0150 0148 0151 0166 0183
0209 0228 0234 0250 0249 0269 0264 0273 0265 0260 0247 0225 0277 1421 0146 0425.
0213 0195 0184 0181 0175 0172 0166 0157 0157 0159 0176 0200
0221 0237 0250 0264 0277 0289 0293 0298 0296 0291 0276 0252 0303 1646 0154 0533.
0228 0217 0210 0202 0198 0189 0184 0178 0184 0173 0192 0227
0233 0242 0260 0281 0297 0301 0300 0296 0301 0294 0280 0249 0308 1344 0166 0432.
0243 0233 0214 0220 0209 0205 0191 0180 0175 0186 0196 0213
0254 0273 0292 0300 0309 0317 0316 0321 0316 0309 0293 0271 0331 1527 0173 0540.
0247 0230 0231 0220 0218 0211 0210 0207 0205 0210 0228 0226
0254 0277 0300 0317 0326 0339 0342 0335 0334 0325 0310 0290 0345 1517 0197 0315.
0255 0250 0232 0222 0218 0213 0211 0205 0191 0193 0219 0235
0257 0283 0303 0326 0344 0343 0356 0354 0350 0338 0321 0296 0364 1515 0183 0524.
0280 0257 0242 0240 0233 0231 0215 0221 0217 0226 0240 0247
0266 0286 0300 0307 0320 0329 0330 //// //// 0326 0312 0286 0338 1443 0207 0409.
0268 0251 0240 0231 0228 0220 0228 0227 0218 0227 0240 0271
0302 0318 0335 0345 0352 0360 0360 0360 0355 0340 0326 0304 0363 1540 0215 0514.
0291 0271 0263 0258 0251 0240 0226 0217 0207 0217 0230 0249
0262 0275 0304 0318 0329 0353 0361 0372 0374 0365 0323 0282 0378 1613 0205 0506.
0262 0249 0240 0242 0240 0239 0236 0226 0213 0215 0226 0244
0259 0272 0294 0312 0324 0325 0333 0335 0331 0323 0312 0298 0339 1508 0211 0451.
0287 0277 0263 0252 0243 0239 0239 0234 0225 0229 0246 0267
0288 0311 0325 0341 0356 0353 0269 0285 0286 0283 0279 0258 0363 1341 0221 0507.
0241 0232 0234 0221 0230 0219 0219 0210 0201 0208 0222 0242
0265 0292 0310 0329 0346 0356 0356 0361 0362 0354 0334 0308 0369 1655 0195 0508.
0307 0294 0283 0274 0267 0251 0247 0228 0234 0233 0233 0270
0300 0317 0328 0346 0365 0373 0380 0383 0374 0363 0348 0305 0385 1516 0227 0516.
0283 0273 0261 0248 0245 0250 0230 0218 0218 0228 0239 0249
0266 0274 0288 0302 0308 0321 0321 0310 0303 0295 0281 0268 0325 1404 0211 0435.
0259 0251 0245 0237 0232 0225 0223 0221 0219 0220 0229 0236
0248 0260 0273 0278 0293 0310 0319 0318 0310 0303 0282 0269 0321 1605 0216 0532.
0256 0250 0240 0234 0226 0214 0215 0214 0202 0205 0220 0229
0244 0261 0274 0292 0300 0301 0306 0310 0304 0296 0285 0270 0316 1544 0197 0512.
0261 0256 0248 0246 0238 0235 0230 0223 0215 0219 0229 0242
0258 0270 0282 0297 0312 0318 0318 0314 0313 0306 0291 0279 0326 1509 0213 0446.
0268 0250 0247 0236 0237 0225 0215 0209 0203 0206 0232 0246
0271 0284 0304 0316 0324 0343 0346 0345 0339 0331 0313 0293 0350 1535 0200 0446.
0284 0273 0267 0256 0240 0237 0214 0209 0209 0203 0207 0256
0270 0300 0323 0333 0342 0354 0364 0355 0350 0343 0334 0311 0366 1615 0198 0523.
0300 0286 0266 0267 0254 0253 0262 0260 0262 0256 0273 0284
0304 0317 0322 0338 0355 0352 0365 0359 0364 0350 0337 0324 0376 1426 0251 0125.
0315 0309 0301 0296 0284 0280 0270 0276 0271 0270 0274 0294
0321 0328 0346 0349 0356 0351 0325 0335 0335 0336 0330 0281 0370 1237 0263 0614=
I=
E=
U=
N=
H=
C=
V=
R6
0030 0002 0032
0000 0007 0007
0000 0000 0000
0000 0003 0003
0000 0000 0000
0000 0000 0000
0000 0017 0017
0050 0010 0060
0066 0000 0066
0000 0001 0001
0000 0000 0000
0000 0000 0000
0000 0000 0000
0000 0000 0000
0000 0000 0000
0000 0000 0000
0000 0000 0000
0000 0000 0000
0000 0000 0000
0000 0002 0002
0000 0000 0000
0000 0000 0000
0000 0000 0000
0000 0000 0000
0000 0000 0000
0000 0000 0000
0000 0000 0000
0000 0000 0000
0000 0000 0000
0000 0009 0009=
0000 0000 0000 0001 0005 0006 0014 0002 0000 0001 0001 0000
0002 0000 0000 0000 0000 0000 0000 0000 0000 0000 0000 0000.
0000 0000 0000 0000 0000 0000 0000 0000 0000 0000 0000 0000
0000 0000 0000 0000 0000 0000 0007 0000 0000 0000 0000 0000.
0000 0000 0000 0000 0000 0000 0000 0000 0000 0000 0000 0000
0000 0000 0000 0000 0000 0000 0000 0000 0000 0000 0000 0000.
0000 0000 0000 0000 0000 0000 0000 0000 0000 0000 0000 0000
0000 0000 0000 //// //// //// //// //// 0003 0000 0000 0000.
0000 0000 0000 0000 0000 0000 0000 0000 0000 0000 0000 0000
0000 0000 0000 0000 0000 0000 0000 0000 0000 0000 0000 0000.
0000 0000 0000 0000 0000 0000 0000 0000 0000 0000 0000 0000
0000 0000 0000 0000 0000 0000 0000 0000 0000 0000 0000 0000.
0000 0000 0000 0000 0000 0000 0000 0000 0000 0000 0000 0000
0000 0000 0000 0000 0000 0000 0000 0010 0005 0000 0000 0002.
0006 0002 0001 0008 0004 0010 0001 0004 0007 0006 0001 0000
0000 0000 0000 0000 0000 0000 0001 0000 0001 0001 0003 0004.
0011 0007 0004 0004 0005 0007 0009 0006 0005 0002 0006 0000
0000 0000 0000 0000 0000 0000 0000 0000 0000 0000 0000 0000.
0000 0000 0000 0000 0000 0000 0000 0000 0000 0000 0000 0000
0001 0000 0000 0000 0000 0000 0000 0000 0000 0000 0000 0000.
0000 0000 0000 0000 0000 0000 0000 0000 0000 0000 0000 0000
0000 0000 0000 0000 0000 0000 0000 0000 0000 0000 0000 0000.
0000 0000 0000 0000 0000 0000 0000 0000 0000 0000 0000 0000
0000 0000 0000 0000 0000 0000 0000 0000 0000 0000 0000 0000.
0000 0000 0000 0000 0000 0000 0000 0000 0000 0000 0000 0000
0000 0000 0000 0000 0000 0000 0000 0000 0000 0000 0000 0000.
0000 0000 0000 0000 0000 0000 0000 0000 0000 0000 0000 0000
0000 0000 0000 0000 0000 0000 0000 0000 0000 0000 0000 0000.
0000 0000 0000 0000 0000 0000 0000 0000 0000 0000 0000 0000
0000 0000 0000 0000 0000 0000 0000 0000 0000 0000 0000 0000.
0000 0000 0000 0000 0000 0000 0000 0000 0000 0000 0000 0000
0000 0000 0000 0000 0000 0000 0000 0000 0000 0000 0000 0000.
0000 0000 0000 0000 0000 0000 0000 0000 0000 0000 0000 0000
0000 0000 0000 0000 0000 0000 0000 0000 0000 0000 0000 0000.
0000 0000 0000 0000 0000 0000 0000 0000 0000 0000 0000 0000
0000 0000 0000 0000 0000 0000 0000 0000 0000 0000 0000 0000.
0000 0000 0000 0000 0000 0000 0000 0000 0000 0000 0000 0000
0000 0000 0000 0000 0000 0000 0000 0000 0000 0000 0000 0000.
0000 0000 0000 0000 0000 0000 0000 0000 0000 0000 0000 0000
0000 0000 0000 0000 0000 0000 0001 0001 0000 0000 0000 0000.
0000 0000 0000 0000 0000 0000 0000 0000 0000 0000 0000 0000
0000 0000 0000 0000 0000 0000 0000 0000 0000 0000 0000 0000.
0000 0000 0000 0000 0000 0000 0000 0000 0000 0000 0000 0000
0000 0000 0000 0000 0000 0000 0000 0000 0000 0000 0000 0000.
0000 0000 0000 0000 0000 0000 0000 0000 0000 0000 0000 0000
0000 0000 0000 0000 0000 0000 0000 0000 0000 0000 0000 0000.
0000 0000 0000 0000 0000 0000 0000 0000 0000 0000 0000 0000
0000 0000 0000 0000 0000 0000 0000 0000 0000 0000 0000 0000.
0000 0000 0000 0000 0000 0000 0000 0000 0000 0000 0000 0000
0000 0000 0000 0000 0000 0000 0000 0000 0000 0000 0000 0000.
0000 0000 0000 0000 0000 0000 0000 0000 0000 0000 0000 0000
0000 0000 0000 0000 0000 0000 0000 0000 0000 0000 0000 0000.
0000 0000 0000 0000 0000 0000 0000 0000 0000 0000 0000 0000
0000 0000 0000 0000 0000 0000 0000 0000 0000 0000 0000 0000.
0000 0000 0000 0000 0000 0000 0000 0000 0000 0000 0000 0000
0000 0000 0000 0000 0000 0000 0000 0000 0000 0000 0000 0000.
0000 0000 0000 0000 0000 0000 0000 0000 0000 0000 0000 0000
0000 0000 0000 0000 0000 0000 0000 0000 0000 0000 0000 0000.
0000 0000 0000 0000 0000 0000 0000 0000 0000 0000 0000 0000
0000 0000 0000 0000 0000 0000 0000 0000 0000 0000 0000 0009=
0000 ////////// 00000=
W=
L=
Z=
G=
FN
048019 058026 070023 073019 058038 063023
104020 049012 056010 007010 355010 035009
074009 096007 ////// 207010 302009 318011
250012 254015 248018 245021 261016 253011.
316012 323021 317027 281012 304017 279015
325023 295017 318027 302018 272016 285022
254017 302018 328032 288024 260018 295013
164016 PPC000 PPC000 ////// 264019 266024.
241027 177014 240015 346019 005024 337024
346013 330020 272009 283004 137010 147016
161024 164032 162047 166033 132038 158039
314020 252040 243055 171043 258023 005013.
033023 089034 000025 PPC001 181016 149023
004020 000020 263010 075009 025012 114009
093016 181013 ////// ////// ////// //////
////// ////// 135022 134030 114018 118017.
080013 101014 340009 013007 032006 PPC001
357008 348009 015005 PPC002 PPC002 074003
136005 143008 141013 021013 084024 085025
136017 153019 108018 121021 118011 155010.
089013 105010 055012 013010 340012 022009
095010 014009 019007 013009 082008 074022
118032 115030 113024 096039 109038 127022
119024 160029 152028 106013 120011 091011.
103016 128019 111017 120018 133010 127012
120012 075010 037010 077014 095035 110030
118037 111039 149028 125030 132028 148020
111018 116020 121013 134019 128021 136009.
089008 PPC001 126015 057006 010009 356010
349009 041003 108009 030008 067014 078017
064024 086018 041020 058020 075022 090021
016014 030018 029017 020014 334012 326016.
021020 055016 025016 008011 010011 019010
037010 030009 013012 349014 356015 296013
269010 232019 216013 272015 267014 318013
257014 240021 242025 241015 216009 205014.
263009 273009 175020 259007 294008 324014
250015 291014 278005 295009 230010 263021
301014 271014 319017 306022 189016 266015
216023 211020 178014 238014 158011 127009.
101012 033013 058017 055017 056006 071010
059007 024009 PPC000 ////// PPC002 091006
123009 042009 206017 150016 191019 281015
229015 176016 184015 190016 177009 142007.
026009 003009 008007 022008 032008 040007
108007 114007 214009 PPC000 158006 083008
141009 216010 127009 093017 091018 142015
140018 141016 088016 148010 158010 096005.
114011 254011 110005 254011 277013 242015
270008 238012 217004 242006 267014 //////
187010 124014 223017 121023 165019 155018
122027 163021 102024 094029 151009 109010.
042011 356010 007010 340005 358010 357008
002007 304006 290006 291009 PPC001 239009
193008 130008 142015 229014 130014 146019
170022 215024 145021 143019 154009 170015.
006010 244008 101005 PPC000 251006 357009
166009 223003 052007 193005 012010 231013
181019 210026 206018 158029 130016 //////
140014 127028 152025 172023 127010 120015.
118016 024014 007008 051005 246011 299009
PPC001 011006 PPC000 217010 199004 251009
354006 164013 210010 126010 140018 151013
197026 ////// ////// 144011 105010 115015.
092013 124003 359008 338008 353012 324010
316006 297015 273005 262009 285011 //////
295018 322021 321039 315045 318041 313048
300033 ////// 300032 297030 ////// 292010.
285013 270010 290008 289017 276009 PPC002
293004 005013 052014 059028 071027 058032
100017 149014 026014 281014 158006 082014
291025 323030 305021 314021 075037 074045.
068046 077044 089033 074024 084034 078018
075013 038011 354011 335009 282008 241010
316014 168017 183015 139010 105032 146037
127020 124016 120017 154017 124020 103021.
079016 065014 081012 035009 012013 338010
352008 012003 263015 ////// 236011 //////
195010 243013 301009 305009 205020 //////
////// 265014 052031 132013 188007 023010.
350011 020014 046007 351011 218006 300006
253019 285010 PPC000 199012 284010 264013
232013 104003 091008 238007 223014 297010
237014 194011 282013 147017 150012 150014.
238025 230016 230011 244013 252010 314008
236012 313007 266010 234011 283008 209007
240012 142015 176015 185006 267016 282012
157011 190018 178024 142018 127014 084066.
088044 107026 137011 002010 012009 219016
048005 017011 058014 087013 099039 099040
085039 090038 109039 087039 086035 109020
099048 088049 092053 077046 085039 077036.
079021 085026 086031 112018 083012 072010
094011 068011 054015 072014 102016 095021
095015 118026 084022 087022 091018 125016
065013 083020 135017 117034 125013 096017.
128011 114013 079010 094011 089012 047012
083011 087013 017009 051015 056012 079020
095028 079024 113017 109021 111042 105039
092032 109022 115041 161026 109015 122013.
159007 104017 078018 078018 086009 075012
069014 051015 048016 066015 084017 095018
091029 092030 123006 094026 121021 138019
133022 151020 131025 142017 140019 127014.
119006 PPC000 034010 045009 136007 109004
000008 055008 156006 PPC001 215011 170012
060016 157018 148013 122016 162026 105020
140027 118026 109027 181018 116021 089015.
133013 163009 176014 185014 192005 210007
335009 012008 232005 020009 026007 PPC001
217018 092012 086026 248012 089020 119018
124017 117011 105018 118010 131020 118006.
146010 093014 009008 013009 359008 356009
020005 310009 299009 358006 307008 254013
099008 161018 064009 155010 082016 083014
083021 098022 120022 134023 145014 152014.
130011 150014 162008 114009 058008 047009
046006 188015 168013 132003 130008 199013
137010 105018 026011 133019 134017 153023
075014 079022 126022 109017 167012 002012=
050019 062025 071020 077022 054039 065023
097019 053010 043008 004012 353010 022009
079006 062006 ////// 201010 313007 316010
263013 255013 246019 242024 259014 269008.
318009 321022 316022 307016 302015 281018
322022 303022 324029 304017 276016 294025
268021 286022 321031 287022 256020 296020
215018 PPC000 PPC000 ////// 266017 263024.
231027 174008 245014 336019 005020 336023
339013 336016 252008 281006 102008 141013
162023 169034 159042 155035 151041 160030
274026 239044 241054 177031 253023 010015.
026026 086036 354025 243006 177015 165027
004020 358020 259011 068007 022012 083006
085016 180011 ////// ////// ////// //////
////// ////// 126025 123025 115020 123011.
080011 101011 348009 022006 028008 001006
359007 348009 008007 PPC002 PPC001 072003
100007 123013 077010 048015 092025 093023
137021 133028 131018 129024 125009 133012.
090012 093013 059013 012010 341011 018009
094010 026009 015007 011005 079009 081020
103029 120028 108028 105028 122026 126024
122024 150024 142022 112016 132012 108012.
108015 127018 114016 121019 116013 131010
114014 088008 052010 076015 097029 107033
115037 113033 142028 125019 125027 143019
118020 128018 125017 138018 124019 134011.
098009 048003 106012 061008 013009 006010
349008 035005 097006 058007 072015 073017
072022 085021 057020 067024 079025 083026
036016 031017 027015 028014 331014 333016.
024019 055020 031015 014010 012010 016008
031010 037010 024013 346013 356015 297011
278008 234016 220013 246015 256014 279014
258014 266015 245024 247016 233010 209011.
267009 275008 175014 257005 291009 322012
259014 288012 264006 286008 272011 259019
296017 287014 314016 291018 212013 276012
187020 207010 197015 232014 143010 136008.
097011 045013 052016 052014 054008 070010
062008 022010 PPC002 ////// 018004 084008
099010 062011 204017 138017 175013 227012
214017 178016 197015 189019 185010 130007.
033007 007007 003007 025007 032006 051005
117007 117008 198009 PPC001 149008 085007
192005 217008 158010 097013 096018 134016
143016 124014 094016 129011 148009 080005.
102008 261010 PPC001 249010 267014 250013
276011 251013 246006 244008 248016 //////
238009 150016 179016 119022 144020 158026
121027 148019 106026 098027 133012 114010.
053009 002010 356010 347007 355009 353009
001007 321007 280007 300010 227005 232011
207008 173015 167015 155013 137012 142017
163017 204028 150017 155017 166014 168013.
020009 207006 093005 002005 274004 349005
167009 211005 078006 217005 019009 216012
184016 206017 202021 172019 128020 //////
139019 125024 156019 163020 136012 132012.
116016 049013 008009 061004 264006 297007
006006 313007 283004 225006 297004 247010
269010 160012 241013 168016 153018 154022
185023 ////// ////// 136010 123008 117013.
093012 128003 007007 345009 354009 335005
306010 296015 286007 257010 284010 //////
293027 310027 316035 321043 303037 316044
307035 ////// 302031 295024 ////// 294013.
288011 280010 283014 288017 272010 303006
327005 359013 057017 058025 069032 060029
097015 172013 032011 229015 189011 030012
309020 290026 305026 316020 084031 074041.
076039 073041 080032 074023 080028 083019
083018 043009 358011 331009 273006 231008
288009 176018 206015 136014 087020 135025
144019 126016 125016 136014 124018 102018.
074017 064013 071011 035007 009010 343010
347009 324006 253012 ////// 236010 //////
197009 226013 291010 292012 199018 //////
////// 278014 015016 102018 197009 027011.
352011 015011 022007 352011 208005 295003
246017 263010 PPC002 196012 288013 268016
267010 177009 350013 227010 222012 290015
331018 180018 281008 122018 149010 147009.
256015 228015 218013 253014 311014 280007
229011 309006 261010 236011 261008 238006
217014 165019 185017 247009 242013 278017
147016 202019 169016 145016 130016 083062.
086052 102029 140010 357008 002009 182007
036004 031010 049012 079012 096040 096041
087036 090038 098033 088035 090037 122025
106038 086048 093042 083042 086046 082035.
079025 084025 082025 096014 081012 072009
080009 061010 059014 080013 089018 091019
090020 113021 083026 108017 098017 101018
085015 080025 128024 113034 135015 112017.
137010 104017 093011 098012 090013 050011
077010 078011 014009 062014 067014 084023
100026 078022 106024 105023 115026 102036
111025 125027 115032 142024 139014 123011.
147010 110017 084016 077019 078008 083010
073014 059016 048015 063015 093016 095015
093029 096028 115016 094022 142017 129025
120032 135019 116027 143024 147016 145010.
106007 075004 035009 046010 149005 PPC002
356009 052009 138007 097003 208010 171011
070015 157015 136015 144020 132029 096019
140027 107023 119023 148020 129016 110012.
134011 163009 165011 181015 177006 206006
349008 011009 PPC002 019009 017006 224005
208016 045008 106019 179011 098017 127014
145018 144012 123015 130011 134015 130010.
124010 090011 019009 005008 002008 002010
009008 295008 290008 359005 304008 257009
123008 149010 069010 166015 105018 135015
092020 121017 127019 120024 136018 127015.
134009 150012 137009 100009 058008 066005
056008 182014 174010 153008 113010 214011
116011 115018 087014 125022 152024 149018
079016 082025 105024 099022 143017 331008=
040050 0057 066059 0048
035249 1947 065298 0729
057237 1640 088242 1655
049109 2122 060098 2114
029108 1533 049084 1417
038107 1119 063118 1118
049098 0827 069101 0826
032089 1034 046073 1331
026232 1703 050070 2138
023181 2307 049307 1155
025215 1623 038180 1448
022122 1424 042149 1424
031117 1338 054096 1505
029193 1558 048194 1303
027118 1438 063101 1429
028165 1439 041188 1347
055309 1335 103309 1335
050083 1953 070079 1948
062087 2031 093082 2027
047342 1423 078087 1709
025172 1420 037183 1206
070082 1953 110096 1951
066090 2009 113084 2006
046085 2010 068073 2006
039087 1218 067112 1816
036105 1412 064101 1420
031116 1646 076093 1348
024104 1108 047084 1040
030096 1624 051112 1607
035121 1441 060138 1432=
D=
K=
A=
S=
B=
??????
******
YF
O2190
河南省
豫宜阳高村
宜阳县高村乡烟站
丘陵；城镇；地面
空缺
计算机
计算机
计算机
计算机
计算机
20100719=
JY
8888=
GK
01/
05/=
BZ
BB/01/11时温度用前后正点数据内插。
BB/02/18时温度用正点前1分钟值代替。
BB/11/06时温度用正点前2分钟值代替。
BB/13/08时温度用正点前5分钟值代替。
BB/15/14时温度用正点前3分钟值代替。
BB/17/08时温度用正点前10分钟值代替。16时温度用正点前8分钟值代替。19时温度用正点前4分钟值代替。
BB/20/06时温度用正点前1分钟值代替。14时温度用正点前7分钟值代替。15时温度用正点前10分钟值代替。08时温度用前后正点数据内插。
00/343459/1115147
10/24/逐时观测
10/24/24时连续观测
11/不守班=
######
