O2199 3411N 11214E 004530 004530 105 000 S15 91999999919999199999 0 2012 04
P=
TB
0160 0146 0138 0111 0123 0118 0103 0109 0100 0091 0091 0108
0143 0166 0190 0213 0225 0226 0229 0228 0228 0208 0178 0164 0234 1422 0088 0641.
0152 0146 0136 0132 0125 0119 0114 0107 0101 0094 0097 0097
0110 0118 0124 0136 0171 0168 0161 0172 0156 0167 0157 0150 0181 1315 0094 0551.
0125 0112 0094 0085 0103 0102 0094 0095 0088 0079 0082 0105
0118 0166 0191 0180 0189 0201 0197 0194 0195 0187 0174 0161 0205 1414 0076 0626.
0149 0131 0120 0123 0119 0110 0101 0103 0097 0096 0102 0108
0117 0140 0184 0207 0218 0231 0232 0227 0225 0215 0200 0175 0242 1414 0096 0600.
0156 0141 0131 0132 0129 0125 0118 0112 0107 0102 0114 0149
0190 0194 0207 0225 0242 0235 0243 0241 0233 0217 0202 0196 0252 1443 0099 0626.
0182 0184 0163 0145 0146 0137 0123 0123 0121 0112 0107 0138
0177 0208 0213 0221 0237 0252 0247 0234 0229 0219 0203 0191 0253 1402 0105 0637.
0180 0178 0163 0149 0146 0146 0139 0133 0139 0139 0133 0145
0158 0193 0221 0257 0258 0262 0249 0248 0244 0235 0218 0202 0271 1344 0132 0328.
0201 0173 0163 0162 0158 0148 0135 0134 0138 0128 0131 0147
0186 0221 0248 0262 0270 0270 0268 0260 0254 0241 0227 0220 0273 1311 0126 0629.
0207 0205 0193 0179 0172 0174 0169 0162 0154 0152 0149 0153
0162 0171 0183 0184 0176 0150 0147 0148 0148 0147 0144 0143 0220 2010 0143 1851.
0143 0140 0139 0137 0135 0135 0132 0122 0117 0110 0112 0121
0137 0158 0170 0194 0187 0199 0213 0219 0222 0216 0199 0185 0222 1700 0107 0627.
0175 0167 0154 0145 0140 0131 0126 0129 0134 0128 0127 0135
0145 0159 0180 0191 0199 0208 0209 0203 0197 0184 0173 0165 0210 1339 0124 0631.
0159 0153 0151 0148 0141 0129 0133 0128 0124 0121 0109 0105
0090 0091 0105 0111 0111 0117 0120 0131 0133 0128 0119 0107 0165 2001 0086 0941.
0110 0109 0102 0100 0090 0089 0085 0082 0080 0077 0083 0120
0155 0184 0211 0217 0237 0232 0235 0230 0224 0218 0200 0188 0250 1328 0076 0615.
0167 0150 0140 0141 0133 0128 0117 0122 0122 0123 0117 0134
0168 0187 0198 0193 0213 0216 0218 0219 0216 0207 0194 0177 0221 1422 0115 0314.
0160 0150 0141 0126 0128 0121 0112 0107 0109 0101 0105 0121
0148 0159 0175 0189 0217 0238 0260 0253 0248 0245 0213 0212 0261 1508 0098 0628.
0181 0163 0156 0153 0148 0150 0140 0135 0122 0110 0116 0140
0168 0186 0196 0204 0206 0215 0211 0212 0202 0195 0178 0167 0216 1412 0109 0601.
0163 0155 0142 0135 0132 0120 0117 0117 0116 0115 0120 0129
0147 0165 0185 0188 0193 0198 0202 0202 0192 0188 0183 0175 0203 1555 0114 0533.
0166 0164 0159 0160 0159 0152 0155 0149 0146 0144 0146 0153
0160 0193 0224 0237 0241 0246 0242 0244 0237 0227 0210 0198 0251 1424 0143 0630.
0188 0177 0170 0156 0158 0155 0143 0132 0131 0124 0130 0154
0186 0213 0240 0255 0257 0257 0251 0243 0240 0234 0220 0204 0262 1330 0122 0616.
0205 0198 0194 0188 0173 0170 0162 0168 0160 0155 0150 0159
0168 0189 0200 0206 0223 0226 0225 0218 0217 0203 0187 0183 0227 1412 0149 0701.
0176 0151 0149 0138 0132 0129 0127 0121 0116 0112 0116 0124
0141 0165 0180 0197 0208 0213 0220 0219 0214 0204 0191 0179 0222 1514 0109 0531.
0170 0160 0156 0146 0143 0141 0133 0138 0136 0136 0142 0148
0168 0190 0208 0211 0226 0244 0248 0264 0269 0259 0238 0218 0269 1657 0133 0259.
0202 0195 0196 0186 0173 0168 0172 0161 0154 0146 0158 0184
0213 0236 0254 0267 0283 0283 0275 0257 0251 0246 0239 0233 0287 1326 0145 0541.
0222 0205 0201 0189 0188 0189 0189 0188 0187 0185 0184 0180
0168 0170 0178 0176 0175 0176 0155 0156 0162 0155 0164 0157 0234 2004 0149 1516.
0155 0153 0142 0139 0136 0165 0163 0163 0149 0148 0143 0161
0163 0182 0191 0194 0206 0209 0215 0215 0213 0203 0184 0174 0216 1510 0122 0051.
0163 0143 0125 0124 0117 0104 0104 0095 0087 0087 0102 0139
0162 0195 0221 0236 0237 0258 0261 0264 0255 0245 0227 0219 0265 1538 0082 0513.
0213 0206 0194 0188 0180 0174 0168 0163 0160 0154 0161 0191
0221 0245 0276 0310 0326 0321 0313 0299 0290 0278 0263 0244 0326 1256 0152 0619.
0230 0213 0201 0203 0196 0196 0188 0178 0166 0165 0166 0201
0213 0238 0247 0258 0265 0263 0260 0255 0245 0232 0219 0208 0267 1256 0159 0642.
0202 0198 0175 0160 0159 0159 0160 0160 0159 0157 0158 0159
0163 0173 0216 0230 0235 0244 0244 0248 0247 0241 0224 0212 0250 1630 0155 0611.
0204 0195 0187 0179 0171 0168 0163 0158 0155 0150 0153 0162
0163 0160 0182 0181 0181 0179 0185 0185 0184 0177 0168 0166 0212 2001 0147 0555=
I=
E=
U=
N=
H=
C=
V=
R6
0000 0000 0000
0000 0000 0000
0000 0000 0000
0000 0000 0000
0000 0000 0000
0000 0006 0006
0000 0000 0000
0000 0000 0000
0000 0003 0003
0000 0000 0000
0000 0000 0000
0000 0004 0004
0000 0000 0000
0000 0000 0000
0000 0000 0000
0000 0000 0000
0000 0000 0000
0000 0000 0000
0000 0000 0000
0000 0000 0000
0034 0000 0034
0000 0000 0000
0000 0000 0000
0097 0011 0108
0000 0000 0000
0000 0000 0000
0000 0000 0000
0000 0000 0000
0000 0000 0000
0000 0001 0001=
0000 0000 0000 0000 0000 0000 0000 0000 0000 0000 0000 0000
0000 0000 0000 0000 0000 0000 0000 0000 0000 0000 0000 0000.
0000 0000 0000 0000 0000 0000 0000 0000 0000 0000 0000 0000
0000 0000 0000 0000 0000 0000 0000 0000 0000 0000 0000 0000.
0000 0000 0000 0000 0000 0000 0000 0000 0000 0000 0000 0000
0000 0000 0000 0000 0000 0000 0000 0000 0000 0000 0000 0000.
0000 0000 0000 0000 0000 0000 0000 0000 0000 0000 0000 0000
0000 0000 0000 0000 0000 0000 0000 0000 0000 0000 0000 0000.
0000 0000 0000 0000 0000 0000 0000 0000 0000 0000 0000 0000
0000 0000 0000 0000 0000 0000 0000 0000 0000 0000 0000 0000.
0000 0000 0000 0000 0000 0000 0000 0000 0000 0000 0000 0000
0000 0000 0000 0000 0000 0000 0000 0000 0000 0006 0000 0000.
0000 0000 0000 0000 0000 0000 0000 0000 0000 0000 0000 0000
0000 0000 0000 0000 0000 0000 0000 0000 0000 0000 0000 0000.
0000 0000 0000 0000 0000 0000 0000 0000 0000 0000 0000 0000
0000 0000 0000 0000 0000 0000 0000 0000 0000 0000 0000 0000.
0000 0000 0000 0000 0000 0000 0000 0000 0000 0000 0000 0000
0000 0000 0000 0000 0000 0002 0000 0000 0000 0000 0001 0000.
0000 0000 0000 0000 0000 0000 0000 0000 0000 0000 0000 0000
0000 0000 0000 0000 0000 0000 0000 0000 0000 0000 0000 0000.
0000 0000 0000 0000 0000 0000 0000 0000 0000 0000 0000 0000
0000 0000 0000 0000 0000 0000 0000 0000 0000 0000 0000 0000.
0000 0000 0000 0000 0000 0000 0000 0000 0000 0000 0000 0000
0001 0002 0001 0000 0000 0000 0000 0000 0000 0000 0000 0000.
0000 0000 0000 0000 0000 0000 0000 0000 0000 0000 0000 0000
0000 0000 0000 0000 0000 0000 0000 0000 0000 0000 0000 0000.
0000 0000 0000 0000 0000 0000 0000 0000 0000 0000 0000 0000
0000 0000 0000 0000 0000 0000 0000 0000 0000 0000 0000 0000.
0000 0000 0000 0000 0000 0000 0000 0000 0000 0000 0000 0000
0000 0000 0000 0000 0000 0000 0000 0000 0000 0000 0000 0000.
0000 0000 0000 0000 0000 0000 0000 0000 0000 0000 0000 0000
0000 0000 0000 0000 0000 0000 0000 0000 0000 0000 0000 0000.
0000 0000 0000 0000 0000 0000 0000 0000 0000 0000 0000 0000
0000 0000 0000 0000 0000 0000 0000 0000 0000 0000 0000 0000.
0000 0000 0000 0000 0000 0000 0000 0000 0000 0000 0000 0000
0000 0000 0000 0000 0000 0000 0000 0000 0000 0000 0000 0000.
0000 0000 0000 0000 0000 0000 0000 0000 0000 0000 0000 0000
0000 0000 0000 0000 0000 0000 0000 0000 0000 0000 0000 0000.
0000 0000 0000 0000 0000 0000 0000 0000 0000 0000 0000 0000
0000 0000 0000 0000 0000 0000 0000 0000 0000 0000 0000 0000.
0000 0022 0011 0001 0000 0000 0000 0000 0000 0000 0000 0000
0000 0000 0000 0000 0000 0000 0000 0000 0000 0000 0000 0000.
0000 0000 0000 0000 0000 0000 0000 0000 0000 0000 0000 0000
0000 0000 0000 0000 0000 0000 0000 0000 0000 0000 0000 0000.
0000 0000 0000 0000 0000 0000 0000 0000 0000 0000 0000 0000
0000 0000 0000 0000 0000 0000 0000 0000 0000 0000 0000 0000.
0000 0005 0000 0008 0004 0011 0014 0013 0009 0016 0010 0007
0000 0000 0000 0000 0000 0000 0004 0004 0000 0002 0001 0000.
0000 0000 0000 0000 0000 0000 0000 0000 0000 0000 0000 0000
0000 0000 0000 0000 0000 0000 0000 0000 0000 0000 0000 0000.
0000 0000 0000 0000 0000 0000 0000 0000 0000 0000 0000 0000
0000 0000 0000 0000 0000 0000 0000 0000 0000 0000 0000 0000.
0000 0000 0000 0000 0000 0000 0000 0000 0000 0000 0000 0000
0000 0000 0000 0000 0000 0000 0000 0000 0000 0000 0000 0000.
0000 0000 0000 0000 0000 0000 0000 0000 0000 0000 0000 0000
0000 0000 0000 0000 0000 0000 0000 0000 0000 0000 0000 0000.
0000 0000 0000 0000 0000 0000 0000 0000 0000 0000 0000 0000
0000 0000 0000 0000 0000 0000 0000 0000 0000 0000 0000 0000.
0000 0000 0000 0000 0000 0000 0000 0000 0000 0000 0000 0000
0000 0000 0000 0000 0000 0000 0000 0000 0000 0000 0000 0001=
0000 ////////// 00000=
W=
L=
Z=
G=
FN
124026 121020 154019 188009 108025 167012
040005 143013 108032 120027 111034 147017
147013 109021 134019 143028 131027 160022
135034 092023 011025 010037 000034 008021.
209006 000019 357007 017017 009038 008029
017028 344020 356022 026013 357021 003012
321031 001022 309019 332009 328069 313055
312034 322037 337046 320091 325045 003043.
360017 304014 345020 090006 314029 325015
215013 341014 354008 093004 190010 272006
244006 325029 238018 360016 355040 257011
350018 311017 047022 009015 045014 096011.
125021 199007 243007 352005 113007 PPC000
115006 220007 011003 PPC001 336005 188008
208009 222012 302015 232014 281007 279017
305022 309030 309068 305030 311038 228010.
313005 203006 247013 244008 202007 348010
199011 010003 211010 292008 PPC002 134007
031021 034020 012018 027021 311022 207009
351022 341028 344036 007011 305007 344013.
192004 080005 159008 278011 PPC002 PPC002
280009 193005 160004 311015 330009 226007
237006 311030 079012 058010 359022 310013
284018 351030 339025 338017 036009 PPC000.
129007 103012 114010 228010 109016 068012
134016 021012 128008 165006 113003 211008
269009 264009 251012 281014 289016 301012
006014 334022 352018 157015 151015 131018.
153013 244006 201008 165006 122007 PPC000
124005 PPC000 104016 347007 160009 220005
228013 332011 284010 024014 321023 057023
173019 126026 166035 153029 139016 191025.
190013 170016 029005 224018 188010 186014
192008 105025 106025 111025 119026 129016
121012 117021 141026 182030 167030 106033
110027 109037 124020 146018 164016 113018.
135020 161009 128011 PPC000 PPC000 042009
PPC000 033013 081006 124004 178005 245006
225007 321011 360016 319021 048026 025032
014028 004029 341032 349018 001008 322023.
044004 PPC000 314015 PPC000 PPC000 286006
308010 PPC002 095020 PPC002 PPC000 145009
175007 311014 076013 116027 137040 129042
129029 124035 143041 155027 138037 124028.
125027 155020 126021 117016 012006 356025
350027 322031 327032 312030 351034 327015
348016 328034 280015 295032 296041 297031
295025 265017 278019 292018 208007 193010.
219010 307011 323011 277011 340006 326014
211006 313014 299015 334009 282008 212009
293011 283019 277019 264010 208012 283009
258016 063012 044011 006010 032008 103013.
PPC002 PPC000 222008 206005 221005 110008
200006 100014 PPC000 255008 PPC001 PPC000
319010 089007 331011 349016 326020 345006
167008 131011 093024 140008 133015 104013.
128016 146021 120019 109005 111017 109019
191004 PPC001 PPC001 304006 150004 172005
245008 350007 318005 PPC000 066006 203007
216008 302011 PPC001 PPC000 169010 101014.
PPC000 183007 PPC000 217004 165006 190007
259011 013009 PPC001 131012 232003 344006
339006 134028 118021 146012 016012 040007
135023 039019 004012 007013 024021 019017.
168012 084008 137010 037008 313010 242006
PPC000 PPC000 PPC000 PPC000 PPC000 273007
321012 268005 322007 333016 013018 078011
160020 327011 336024 346021 006013 186009.
208007 PPC000 PPC000 164006 PPC000 PPC000
115008 PPC000 032006 PPC000 PPC000 PPC000
339006 327003 276010 106007 003018 021020
312018 338006 089012 110024 136013 130018.
108023 159019 126017 PPC000 139016 108021
255009 PPC000 107009 PPC000 103008 253006
269005 306015 334012 104017 109021 150020
125021 080017 138015 138010 304017 298006.
149008 137017 163018 165008 PPC000 PPC000
341007 079015 PPC000 PPC001 PPC000 221005
PPC000 302007 311008 196007 307017 239008
319005 232007 102017 294014 206006 120009.
217009 338013 216007 296004 PPC000 PPC000
194008 311006 PPC000 PPC000 PPC000 184008
162013 157022 119024 124026 113016 155024
162018 155026 127024 111022 137019 124024.
151016 PPC000 160010 049004 106016 116010
008006 PPC000 166008 079009 290008 PPC000
264010 305009 291014 037016 358019 111022
102020 089017 109024 181011 PPC000 PPC000.
176006 153009 137013 PPC000 PPC000 099005
107006 224008 288008 174007 189005 281008
218008 344015 019016 318024 314013 233008
PPC000 183028 185032 171032 121013 189022.
157013 149013 092025 107024 094009 352011
041007 014009 002011 026013 355010 340018
317011 303019 307029 300026 292028 328043
272019 307018 320048 282011 014009 PPC000.
PPC001 278008 307010 344004 223005 305043
309013 317044 294013 324018 276006 291014
318029 314042 331035 319047 319052 344043
321041 004025 008019 343014 007008 089006.
105014 294008 162005 115009 102005 349007
169006 PPC001 244007 160007 143007 298008
283008 317022 328015 027023 117020 133019
113011 335014 349024 013011 173006 151009.
135016 094014 101022 104020 094019 115014
102014 104017 092010 141008 149007 240008
326009 271011 331006 197009 297009 345017
017017 138033 142027 103029 134027 133028.
130022 PPC002 091004 104004 PPC001 109014
127020 114025 205011 PPC002 PPC000 324010
271011 275009 315022 306020 157019 153018
104024 105022 121037 152033 152024 147033.
111037 109033 001021 358017 244009 168010
015011 011012 225005 345006 336008 338008
335010 229006 268013 273014 310017 332019
164030 129023 154024 139026 125018 118022.
130026 120019 143019 121021 164017 119030
103015 128016 354006 254006 319014 309012
PPC000 PPC000 225007 017013 109016 004015
019013 003018 004016 030014 PPC000 133010=
118030 115022 147020 182010 111025 155010
312004 140012 108032 112028 114035 139019
138017 117021 133021 163027 146025 168021
144029 094024 033024 342034 311033 001022.
186007 005019 008007 062019 039038 041027
046030 335019 076023 349012 305026 341015
281025 332020 321017 310013 301063 310053
311034 313037 262057 313093 269055 261043.
333021 311012 265020 030012 308027 294020
217015 284016 291008 128005 182009 236006
256007 308025 238017 333020 253044 268019
319020 298017 047024 342017 046013 094013.
116023 187008 191005 172005 116007 PPC001
121006 209005 121003 140004 308005 193007
208009 217011 285014 250013 295010 275015
283020 290038 311054 305026 308034 231009.
289005 194004 242010 231008 169006 257011
193012 291007 243011 294007 075006 121010
343018 059022 312022 029019 290021 143010
097019 276029 314033 313013 318009 344013.
121005 094006 130012 284009 PPC001 353004
283008 196005 155003 323012 318008 261007
247008 306021 096013 068013 198019 277016
281017 321033 271028 303018 014010 PPC000.
126006 102013 103009 200010 107017 076013
117018 337011 119009 168007 040003 214007
267008 275008 239010 269014 293017 292014
047017 313020 275018 149013 150016 116017.
159014 213006 190008 163006 133006 PPC000
135005 PPC000 104015 315007 158007 221006
219011 298010 275011 257016 279022 047023
119019 127028 156030 149031 145016 182026.
196014 172020 011008 222019 193010 187013
190009 104025 108026 110024 125022 145014
112016 126020 141024 182030 169033 110034
121028 109028 123021 146016 138019 111019.
130018 163009 140008 047003 PPC002 074004
PPC000 030013 060007 095005 200005 234006
231007 281010 243015 327022 047026 029032
023027 334034 276026 297019 001008 315017.
033006 PPC000 318015 PPC000 PPC000 231006
266006 148003 094018 PPC002 PPC000 165009
189007 314013 072012 124026 134039 136038
140031 128038 139037 151033 134037 132029.
134026 150026 125021 131014 045007 349026
347029 272027 270037 309029 327033 264019
269024 246039 276017 299032 297042 300030
293025 270019 275017 293020 216008 205009.
235010 296011 311010 293013 328009 327013
260008 327012 298014 305009 289008 224008
273011 269017 280020 153010 215015 260009
279022 089014 039015 047011 025009 106013.
290004 PPC000 216007 201006 220005 122007
208006 098013 PPC001 215007 PPC001 PPC000
320008 133008 251010 263016 302018 014007
132011 129013 110020 156011 137013 109015.
117015 125020 113021 105005 115014 109016
182004 149004 175003 322005 160004 176006
233008 326007 278005 PPC002 048005 203008
209008 257009 255005 PPC001 165009 107016.
PPC000 181006 PPC000 206004 165003 167006
230005 019008 148003 158008 240005 298006
338007 129026 112021 147017 045016 104009
117020 042019 040017 344013 018022 048015.
133012 138008 148006 040009 308009 272006
PPC000 PPC000 PPC000 PPC000 PPC000 259007
297013 244006 304009 318015 303019 089013
146016 312011 311020 283019 010013 174007.
202007 PPC000 PPC000 157005 PPC000 PPC000
127008 PPC000 053005 PPC000 PPC000 PPC000
279007 243005 188007 040009 303016 039017
302017 226011 107013 120023 123015 129018.
114021 154018 129018 PPC000 126015 114017
244009 PPC000 110009 PPC000 101004 243007
236007 302016 291011 095017 111017 135017
120021 116019 133016 144009 304019 275006.
137009 139017 162017 148006 PPC001 PPC000
006006 070012 PPC000 PPC002 PPC001 247005
PPC000 281007 297008 201007 301015 249008
314007 203005 127013 282013 216006 125009.
197010 278016 212009 300004 PPC001 PPC000
200005 300004 PPC000 PPC000 PPC000 191009
142011 162017 121024 115027 113018 139024
140020 151021 125022 112023 129023 128020.
144019 PPC001 147012 205003 128014 111011
355006 PPC000 161008 082010 288006 PPC000
268009 274009 286014 076018 339024 117023
120021 089017 112022 178013 200003 PPC000.
182005 125008 139014 PPC002 PPC000 124005
130007 210007 258007 173007 215004 278009
252007 266016 350016 288023 279014 223008
PPC000 177033 180030 170031 142014 188021.
159015 143013 111027 107025 075008 009009
030009 009008 028010 028013 005013 305023
311012 279019 297024 301024 295028 288045
259016 289018 308038 294013 354011 PPC000.
229004 266007 285005 PPC002 200004 284035
298017 312036 291013 306021 275009 286018
298034 291041 277040 302053 301052 276046
280040 242032 352021 313015 017010 081006.
102013 329006 170005 111007 104006 043004
155007 PPC001 221008 155006 154008 280008
290008 301019 278017 025019 144017 123021
131020 292012 274020 325011 176007 142010.
119017 103013 103020 101019 094019 110015
107012 105017 099009 135006 153007 226007
203007 280010 271007 214008 285010 264013
354017 139029 145027 108029 129026 132024.
125022 015004 161005 162003 PPC002 107014
127018 114025 195012 174005 PPC000 316007
262009 294012 299019 298017 157022 134022
118024 098024 119039 161034 153024 132033.
108033 108031 259018 049017 228007 168010
275006 062011 239005 337007 307009 264008
040010 204008 273013 291017 273017 297019
141024 141019 164023 139025 129016 120022.
126023 128019 135022 129021 152019 119030
112013 126013 272007 257005 314015 306012
PPC000 PPC000 225008 320015 123013 004015
330016 011018 330017 038012 PPC000 128013=
045107 0646 083104 0638
115315 1805 217305 1805
049335 2004 099009 1246
060308 1702 097325 1700
046288 1553 087340 1521
035351 1559 074015 1558
030357 1617 059026 1412
044114 1632 097111 1624
041167 1110 095173 1249
039304 1538 072021 1434
053122 1551 110125 1557
050300 1250 096324 0407
027298 1456 057308 1455
023107 1701 041127 1958
025112 2152 049094 2124
033135 1027 071130 1013
026241 1653 053105 1451
023126 1758 053116 1928
028115 1510 055116 1514
023121 2204 046116 2203
032042 2225 071350 2212
033115 1350 071102 1433
050186 1615 093183 1614
056296 1408 118314 1408
067299 1244 138307 1341
032113 1511 074357 1618
039115 1610 084105 1738
045119 1649 087099 1648
035123 2032 077147 2005
035116 0025 068111 0009=
D=
K=
A=
S=
B=
??????
******
YF
O2199
河南省
豫嵩县饭坡
洛阳市嵩县饭坡乡工业园区
丘陵；乡镇；地面
空缺
计算机
计算机
计算机
计算机
计算机
20120511=
JY
8888=
GK
01/
05/=
BZ
BB/30/日最低气温用05时55分数据代替。
00/341039/1121330
10/24/逐时观测
10/24/24时连续观测
11/不守班=
######
