O2180 3414N 11120E 006920 006920 105 000 S15 91999999919999199999 0 2010 07
P=
TB
0251 0237 0237 0236 0232 0234 0235 0233 0230 0235 0240 0248
0261 0280 0256 0247 0293 0301 0309 0317 0313 0296 0287 0272 0325 1613 0230 0455.
0269 0258 0251 0243 0245 0245 0239 0234 0233 0240 0255 0256
0262 0274 0285 0289 0298 0302 0299 0296 0297 0292 0281 0274 0303 1320 0231 0515.
0242 0236 0237 0231 0234 0232 0231 0226 0213 0217 0219 0217
0218 0224 0238 0243 0243 0259 0261 0269 0267 0259 0254 0233 0280 1627 0213 0457.
0225 0217 0214 0218 0220 0219 0223 0220 0219 0221 0236 0243
0252 0266 0303 0296 0293 0300 0300 0311 0309 0289 0274 0254 0321 1424 0214 2253.
0252 0236 0233 0233 0229 0224 0221 0218 0227 0224 0238 0243
0250 0258 0277 0305 0326 0332 0322 0322 0319 0307 0287 0274 0340 1417 0217 0433.
0259 0244 0227 0221 0217 0215 0211 0213 0213 0213 0229 0249
0269 0287 0309 0328 0340 0347 0339 0351 0347 0321 0294 0270 0357 1541 0209 0538.
0255 0244 0251 0229 0219 0210 0201 0205 0203 0200 0226 0243
0263 0287 0302 0309 0317 0324 0320 0314 0306 0296 0283 0257 0334 1427 0197 0528.
0251 0249 0251 0252 0245 0244 0240 0231 0230 0221 0218 0218
0208 0204 0203 0209 0206 0204 0207 0208 0210 0211 0209 0208 0261 2006 0200 1006.
0208 0209 0208 0207 0204 0206 0203 0194 0199 0199 0202 0215
0235 0250 0259 0273 0276 0266 0268 0260 0248 0238 0213 0214 0282 1146 0192 0406.
0212 0208 0202 0200 0198 0196 0195 0194 0192 0191 0192 0194
0196 0202 0214 0234 0258 0274 0281 0293 0290 0275 0250 0230 0304 1635 0190 0525.
0216 0211 0210 0205 0201 0195 0198 0198 0197 0199 0209 0221
0230 0240 0261 0277 0275 0280 0285 0279 0278 0269 0257 0238 0290 1547 0194 0208.
0237 0232 0233 0226 0220 0219 0219 0220 0204 0197 0213 0228
0246 0264 0269 0274 0277 0289 0292 0288 0279 0273 0261 0249 0300 1412 0197 0528.
0238 0225 0220 0215 0216 0215 0213 0212 0209 0212 0220 0230
0252 0269 0275 0266 0271 0271 0273 0271 0269 0261 0254 0246 0282 1106 0206 0508.
0241 0236 0227 0224 0223 0218 0215 0211 0209 0202 0220 0230
0231 0250 0254 0254 0264 0270 0264 0263 0251 0242 0230 0229 0274 1326 0200 0538.
0226 0225 0221 0219 0216 0213 0210 0211 0206 0205 0207 0209
0206 0198 0197 0197 0197 0197 0199 0199 0198 0192 0191 0190 0229 2001 0190 1831.
0191 0191 0191 0191 0190 0190 0189 0187 0185 0189 0201 0204
0218 0208 0213 0219 0224 0245 0257 0256 0248 0246 0238 0228 0264 1507 0185 0458.
0227 0220 0221 0219 0217 0219 0220 0219 0221 0221 0221 0222
0221 0220 0219 0216 0214 0220 0227 0230 0225 0222 0220 0213 0237 1617 0213 1942.
0211 0205 0206 0203 0205 0208 0211 0209 0205 0204 0213 0219
0230 0227 0232 0251 0260 0254 0237 0217 0214 0216 0214 0212 0277 1316 0202 2319.
0210 0210 0209 0207 0205 0203 0202 0191 0183 0181 0183 0184
0195 0214 0241 0274 0279 0284 0284 0288 0281 0269 0242 0218 0294 1436 0181 0527.
0205 0205 0192 0194 0201 0199 0188 0181 0176 0175 0188 0210
0229 0256 0276 0282 0298 0310 0324 0330 0300 0291 0275 0256 0333 1544 0174 0452.
0240 0227 0219 0211 0217 0209 0204 0197 0198 0196 0216 0231
0249 0269 0297 0293 0292 0296 0304 0302 0298 0289 0275 0257 0308 1432 0195 0413.
0236 0235 0223 0224 0215 0217 0214 0211 0217 0217 0221 0228
0240 0247 0258 0263 0278 0288 0277 0272 0268 0263 0257 0243 0290 1359 0209 0341.
0241 0237 0238 0239 0236 0223 0225 0223 0221 0219 0219 0222
0226 0236 0236 0236 0249 0251 0247 0228 0223 0223 0221 0219 0253 1329 0219 0553.
0218 0217 0214 0215 0214 0214 0213 0212 0210 0209 0206 0206
0205 0205 0208 0207 0204 0206 0212 //// //// //// //// //// 0219 2001 0202 1315.
//// //// 0211 0210 0210 0211 0211 0212 0209 0207 0207 0208
0214 0216 0219 0220 0228 0229 0245 0250 0265 0257 0251 0240 0268 1649 0207 0531.
0240 0236 0234 0234 0228 0224 0224 0221 0214 0214 0227 0253
0264 0280 0280 0285 0286 0298 0291 0294 0290 0283 0271 0258 0302 1330 0213 0458.
0250 0235 0237 0235 0236 0234 0235 0233 0230 0229 0238 0246
0260 0286 0272 0284 0288 0291 0297 0293 0292 0284 0273 0261 0301 1413 0229 0509.
0251 0240 0238 0232 0226 0223 0221 0217 0220 0221 0235 0258
0273 0283 0296 0305 0316 0319 0321 0326 0319 0302 0286 0272 0342 1643 0215 0418.
0256 0256 0250 0242 0238 0234 0232 0230 0225 0226 0243 0260
0278 0303 0311 0322 0340 0345 0354 0334 0327 0310 0300 0289 0364 1442 0224 0502.
0271 0274 0264 0256 0255 0247 0250 0240 0243 0242 0252 0280
0299 0310 0322 0332 0333 0330 0336 0307 0318 0292 0280 0265 0351 1248 0236 0515.
0261 0252 0250 0246 0248 0240 0237 0235 0232 0232 0256 0276
0294 0306 0318 0325 0338 0318 0283 0292 0298 0288 0275 0264 0352 1330 0230 0516=
I=
E=
U=
N=
H=
C=
V=
R6
0025 0028 0053
0000 0000 0000
0168 0038 0206
0000 0000 0000
0000 0000 0000
0000 0000 0000
0000 0000 0000
0045 0175 0220
0000 0032 0032
0291 0002 0293
0000 0000 0000
0000 0000 0000
0000 0000 0000
0000 0003 0003
0024 0111 0135
0013 0000 0013
0000 0146 0146
0001 0066 0067
0234 0001 0235
0000 0000 0000
0000 0000 0000
0000 0002 0002
0084 0717 0801
1189 0426 1615
0001 0000 0001
0000 0000 0000
0000 0000 0000
0000 0000 0000
0000 0000 0000
0000 0000 0000
0000 0000 0000=
0005 0019 0000 0001 0000 0000 0000 0000 0000 0000 0000 0000
0000 0000 0003 0025 0000 0000 0000 0000 0000 0000 0000 0000.
0000 0000 0000 0000 0000 0000 0000 0000 0000 0000 0000 0000
0000 0000 0000 0000 0000 0000 0000 0000 0000 0000 0000 0000.
0003 0010 0001 0000 0000 0000 0000 0001 0087 0009 0023 0034
0036 0002 0000 0000 0000 0000 0000 0000 0000 0000 0000 0000.
0000 0000 0000 0000 0000 0000 0000 0000 0000 0000 0000 0000
0000 0000 0000 0000 0000 0000 0000 0000 0000 0000 0000 0000.
0000 0000 0000 0000 0000 0000 0000 0000 0000 0000 0000 0000
0000 0000 0000 0000 0000 0000 0000 0000 0000 0000 0000 0000.
0000 0000 0000 0000 0000 0000 0000 0000 0000 0000 0000 0000
0000 0000 0000 0000 0000 0000 0000 0000 0000 0000 0000 0000.
0000 0000 0000 0000 0000 0000 0000 0000 0000 0000 0000 0000
0000 0000 0000 0000 0000 0000 0000 0000 0000 0000 0000 0000.
0000 0000 0000 0000 0000 0000 0000 0000 0000 0014 0014 0017
0078 0037 0032 0015 0002 0003 0002 0002 0002 0001 0001 0000.
0000 0000 0000 0000 0000 0000 0000 0000 0000 0000 0000 0000
0000 0000 0000 0000 0001 0000 0000 0000 0000 0000 0031 0000.
0001 0009 0061 0057 0044 0029 0017 0007 0022 0025 0017 0002
0001 0000 0001 0000 0000 0000 0000 0000 0000 0000 0000 0000.
0000 0000 0000 0000 0000 0000 0000 0000 0000 0000 0000 0000
0000 0000 0000 0000 0000 0000 0000 0000 0000 0000 0000 0000.
0000 0000 0000 0000 0000 0000 0000 0000 0000 0000 0000 0000
0000 0000 0000 0000 0000 0000 0000 0000 0000 0000 0000 0000.
0000 0000 0000 0000 0000 0000 0000 0000 0000 0000 0000 0000
0000 0000 0000 0000 0000 0000 0000 0000 0000 0000 0000 0000.
0000 0000 0000 0000 0000 0000 0000 0000 0000 0000 0000 0000
0000 0000 0000 0000 0000 0000 0000 0000 0000 0000 0002 0001.
0000 0000 0000 0000 0002 0007 0005 0001 0007 0002 0000 0000
0000 0002 0001 0010 0017 0054 0022 0003 0001 0001 0000 0000.
0000 0000 0000 0003 0003 0003 0001 0000 0002 0001 0000 0000
0000 0000 0000 0000 0000 0000 0000 0000 0000 0000 0000 0000.
0000 0000 0000 0000 0000 0000 0000 0000 0000 0000 0000 0000
0007 0042 0052 0016 0012 0009 0004 0001 0001 0002 0000 0000.
0000 0000 0000 0000 0001 0000 0000 0000 0000 0000 0000 0000
0000 0000 0000 0000 0000 0000 0000 0015 0036 0010 0003 0002.
0008 0005 0011 0007 0087 0066 0013 0023 0005 0002 0001 0006
0001 0000 0000 0000 0000 0000 0000 0000 0000 0000 0000 0000.
0000 0000 0000 0000 0000 0000 0000 0000 0000 0000 0000 0000
0000 0000 0000 0000 0000 0000 0000 0000 0000 0000 0000 0000.
0000 0000 0000 0000 0000 0000 0000 0000 0000 0000 0000 0000
0000 0000 0000 0000 0000 0000 0000 0000 0000 0000 0000 0000.
0000 0000 0000 0000 0000 0000 0000 0000 0000 0000 0000 0000
0000 0000 0000 0000 0000 0000 0000 0000 0000 0000 0000 0002.
0003 0000 0000 0000 0000 0046 0031 0003 0000 0000 0000 0001
0004 0001 0001 0000 0000 0000 0000 0104 0463 0142 0001 0001.
0000 0000 0000 0005 0044 0017 0030 0047 0057 0082 0395 0512
0214 0048 0027 0024 0042 0055 0016 0000 //// //// //// ////.
//// //// 0000 0000 0000 0000 0000 0000 0000 0000 0000 0001
0000 0000 0000 0000 0000 0000 0000 0000 0000 0000 0000 0000.
0000 0000 0000 0000 0000 0000 0000 0000 0000 0000 0000 0000
0000 0000 0000 0000 0000 0000 0000 0000 0000 0000 0000 0000.
0000 0000 0000 0000 0000 0000 0000 0000 0000 0000 0000 0000
0000 0000 0000 0000 0000 0000 0000 0000 0000 0000 0000 0000.
0000 0000 0000 0000 0000 0000 0000 0000 0000 0000 0000 0000
0000 0000 0000 0000 0000 0000 0000 0000 0000 0000 0000 0000.
0000 0000 0000 0000 0000 0000 0000 0000 0000 0000 0000 0000
0000 0000 0000 0000 0000 0000 0000 0000 0000 0000 0000 0000.
0000 0000 0000 0000 0000 0000 0000 0000 0000 0000 0000 0000
0000 0000 0000 0000 0000 0000 0000 0000 0000 0000 0000 0000.
0000 0000 0000 0000 0000 0000 0000 0000 0000 0000 0000 0000
0000 0000 0000 0000 0000 0000 0000 0000 0000 0000 0000 0000=
0000 ////////// 00000=
W=
L=
Z=
G=
FN
249011 258015 307008 149008 245004 224015
239019 171007 220004 352007 272016 283016
283013 261020 303016 207028 258026 251025
277015 257013 288021 241007 267013 264005.
PPC002 PPC000 115003 189007 PPC001 080004
089006 255004 268006 114011 146013 100021
087013 116013 104014 109024 103032 133026
093026 093028 116010 088018 144006 357006.
218017 275013 296016 278017 267011 216007
290010 286019 254012 PPC001 262008 //////
226011 224013 307013 269012 261022 253008
276006 135006 281016 273009 243010 PPC000.
200006 PPC000 358003 270014 267013 264011
253011 247014 265008 301014 239010 246018
288011 303015 224010 303048 296024 227016
281021 240012 265023 248013 PPC001 PPC002.
084008 PPC001 252003 PPC001 273003 236004
200007 239005 302011 279010 277007 278016
239017 292020 302017 297016 260017 122010
098019 106028 089017 094019 118009 080015.
080017 054005 PPC000 192004 181005 303007
287010 247017 PPC001 304010 269010 277017
298019 271017 283013 236012 293011 077010
100021 112018 114012 188013 237013 290004.
267005 296010 328008 302012 303011 PPC000
290014 281011 281013 287016 257020 297018
306024 299031 263033 266039 278033 282018
262026 298023 282028 271020 271009 241005.
113004 PPC001 289005 231013 252004 277009
064006 057003 083008 112009 101012 113007
094020 113026 095018 093017 070021 100017
117011 134008 123012 079012 115014 003009.
088008 099006 092006 PPC000 141005 085008
091010 082005 PPC001 ////// 068010 275009
308006 275017 281012 157009 215013 282011
PPC000 198008 256012 281027 258016 301015.
289014 270013 274016 248013 198013 202029
159007 230012 238012 213009 241008 216012
218010 273011 259010 322009 222021 256024
255016 158018 276014 332007 077009 071010.
090008 091011 081009 029005 355005 PPC000
103011 101010 106005 076008 301006 213004
102011 346005 293007 191011 133013 100026
101016 096027 096021 073015 053008 PPC002.
PPC000 063005 105015 065009 PPC000 037005
086016 067009 128009 PPC000 171006 072011
115016 093014 096020 114024 099025 069016
098033 093030 097033 091025 100012 083010.
097007 092008 087007 063005 314009 120010
241006 PPC002 340005 073012 056004 070006
190010 106014 014017 052015 086022 107028
113029 101025 075014 100028 099020 124013.
084010 131011 078006 PPC002 097007 118007
110005 079008 001005 092006 063006 075010
119011 110019 106015 102018 100015 108019
100010 112009 138003 228006 307007 293011.
PPC002 237013 268005 298008 PPC002 198003
PPC001 121009 118005 067008 146006 098008
091016 096012 093015 113013 122012 067015
107013 098015 035011 081010 063011 120010.
116014 065004 105010 106013 108010 110009
112007 077009 150005 332008 270007 283010
131012 083018 080013 088011 115012 085016
108019 074014 082010 098014 135009 110004.
075010 PPC000 102006 102006 PPC000 094010
077008 108009 107013 099006 111011 144004
133008 244007 111012 110017 079005 113006
245010 247006 322006 232015 263013 296009.
295013 178005 035005 191007 268010 315016
238020 334009 290011 248009 314005 270010
251010 264014 ////// 250017 156004 314012
160012 282007 271012 268008 322005 286008.
155007 042005 255012 279008 101013 094010
109008 157004 230003 PPC000 ////// 104010
147005 296016 005009 246018 226011 197019
296019 269025 298019 285013 161003 165006.
137010 096017 079004 147006 331006 306010
PPC002 293009 265009 116004 301012 242012
294011 292014 296017 262023 283018 296015
143009 150010 117027 083019 082010 084014.
111006 135007 070008 PPC002 PPC001 090004
PPC001 287007 231005 258008 223006 211008
312014 268019 271013 117025 113023 095030
081015 103018 082021 089022 105020 111014.
PPC000 069012 PPC000 102007 PPC000 071009
095015 132006 052007 076012 108006 081010
PPC002 072018 062007 099018 122015 092024
090017 126006 095011 094010 102014 354006.
079009 PPC001 102005 095006 071010 087010
120011 133012 089017 104016 018010 059009
137006 090011 108016 081014 102015 102025
078020 016017 099013 123011 104015 091017.
076016 103018 087014 110010 077006 085009
096015 103015 091014 107017 091025 345011
180007 261003 296016 319018 279011 099008
039012 ////// ////// ////// ////// //////.
////// ////// 108014 268006 PPC001 110007
105008 121012 112014 152015 085018 079012
104011 095012 108013 125016 102009 113006
105022 113020 088009 090013 079008 117009.
113009 103009 PPC000 095004 145008 100006
120003 009003 087008 074009 PPC000 167008
303008 340007 089015 088023 076015 106019
111022 082030 100023 107016 099013 104010.
089009 145006 PPC001 PPC002 079010 PPC000
071009 283009 317006 251015 133007 091008
273016 137006 140021 095019 132023 096025
107018 122026 099025 093022 108017 097010.
163003 046005 170006 154006 PPC000 PPC001
120007 PPC002 107008 091008 100007 290010
330023 308031 268035 270025 282038 261020
303032 296017 037011 084014 110022 116009.
229004 139006 095005 138008 134006 347003
113005 136006 PPC000 310007 254008 309013
193012 079006 286012 260022 214009 251015
152014 110026 142010 107015 099011 073007.
141010 075011 119008 PPC002 250004 142005
065010 PPC001 106006 076011 173004 144003
121007 354006 309013 289008 106033 101019
////// 257023 052014 086013 124013 228007.
087009 107004 267007 PPC000 PPC002 330003
278006 315010 283003 354004 216004 324006
276018 298025 304024 299033 267023 023027
258024 255020 287020 282022 275019 290012=
242009 274015 284006 132005 255006 240011
254017 170004 171004 002005 277012 285016
274014 268016 306022 196026 248023 257019
289019 266017 288020 250011 291013 250003.
PPC002 PPC002 099003 PPC002 PPC002 081005
104005 261006 248004 104010 147009 102016
100016 102018 086014 115026 112029 124024
094027 100027 099015 091020 118009 001006.
229014 262013 270015 260015 282010 PPC002
281007 287018 247014 117004 260007 //////
241009 226012 292010 269015 269022 271013
304004 146006 268010 275009 239010 PPC001.
254004 PPC000 044003 266012 263010 259009
247012 259014 271009 283012 255010 252017
286014 286015 242012 292033 292022 238014
288022 258013 249019 249014 273005 PPC000.
092007 PPC002 252003 PPC001 PPC002 242003
251005 226004 291009 284009 287007 284014
246014 280016 292014 293014 246016 147012
106018 112023 095019 100015 120009 083014.
078016 077009 PPC000 216003 257004 296009
282009 244015 203004 304009 271010 280014
292023 293018 283015 240014 265012 063012
103018 110012 117013 204012 231009 291007.
287006 300008 303008 302010 307010 PPC002
287013 279011 284014 285014 256018 300016
293017 290028 265031 273038 288026 271019
268027 291020 280021 272019 258011 257007.
162004 326007 267005 236010 PPC001 319010
PPC002 066005 099006 108010 109012 112009
086018 100022 106015 090014 083016 093017
089012 122009 114011 083013 103012 055008.
097009 084007 PPC002 PPC001 184004 086006
087011 088007 PPC002 ////// 070011 264008
291008 271013 293011 181012 224012 276011
PPC001 190006 266011 278017 258014 303013.
296017 269014 277016 242013 205012 195021
151006 237011 238010 202006 231010 224008
226009 275013 236014 287011 251018 280017
289013 180016 257010 343006 081009 077006.
101006 087007 088007 045007 030006 149003
099008 091009 112007 073005 315003 PPC002
101007 012004 306007 191010 122016 113022
104021 099023 104020 073015 060008 239003.
PPC002 063005 102011 079009 PPC000 034005
089017 073010 123008 PPC001 138007 075013
100014 101012 079017 096018 109027 085016
087022 096027 096029 091022 102012 083009.
087009 113007 096007 050004 302008 129008
PPC002 089006 013004 084010 068005 103005
178006 117014 052020 066016 097022 108031
103026 098026 080019 102028 099019 117011.
093010 120009 071006 302004 088007 091007
102007 080006 048007 126003 069006 044009
095012 113023 101016 102017 103015 115014
104011 127008 168003 226005 290007 298011.
PPC002 246009 259008 293012 PPC002 203003
228003 117009 103008 112005 112005 106007
090014 086014 089017 103017 119012 090014
085010 098016 058013 088013 063008 104009.
113011 086008 099007 101009 115010 112008
110009 073008 125005 325009 258008 276009
120011 089022 084013 102009 118009 110013
106015 092015 102013 103012 128009 099005.
078008 PPC000 108007 111007 PPC000 094009
087006 093009 102014 092007 112008 118005
128006 265006 108010 108017 115008 112006
248008 238007 300004 227015 277014 289007.
287009 133005 039004 206005 271009 312018
251020 340009 287010 248008 300009 277012
239012 264020 ////// 250015 222009 295009
135008 274009 273010 270010 288003 294008.
144006 054005 257009 264008 030009 098018
122010 113008 PPC002 081004 ////// 105010
110005 299017 347009 245015 222009 220016
285016 259024 298021 290013 PPC001 159005.
120007 093010 PPC002 138006 337007 298008
308004 288009 276011 103005 293009 260010
306013 278016 270020 275024 276023 284019
215011 131008 109023 093017 088011 092011.
096008 121006 090006 PPC001 PPC002 PPC002
PPC001 283005 221006 254009 238005 264010
294011 272017 302010 119022 109025 096029
096021 103020 095021 091024 098018 101013.
PPC002 077008 165003 090006 PPC002 072009
089011 136007 076008 080010 118008 094009
117007 097014 086012 116018 104015 102022
096021 116010 103012 110008 103015 PPC002.
078010 038005 103005 083008 088009 311011
104008 123013 093015 104014 056011 070007
109011 089014 110016 088016 109015 097021
086018 311013 106018 106007 101015 101018.
088016 093015 089013 103011 098007 103008
101014 105012 092012 115014 069024 358014
155007 270007 301018 308012 276011 109004
070007 ////// ////// ////// ////// //////.
////// ////// 115011 215007 100004 116006
125008 114012 105016 125014 093015 076009
092014 098011 099016 126013 106009 105008
106020 092015 067006 093009 056006 116007.
099007 099007 PPC001 096007 113008 096005
PPC001 320005 PPC002 078009 222003 161008
270009 311008 098014 096021 082020 100018
110028 095023 094021 101019 101015 101010.
085008 150004 038005 PPC002 083010 PPC000
070009 283008 303008 265008 112006 104010
266009 189006 118022 114023 116024 100028
097019 120026 092020 083022 097017 100009.
139004 056004 156006 165004 PPC000 PPC000
132003 178004 108008 089009 107003 280007
295017 290026 278032 270037 285034 276025
293026 298018 089013 088018 107020 108008.
245003 097005 107004 200003 137004 PPC002
114004 127005 153003 281006 240005 297014
204008 129006 281010 268022 236012 278010
182014 099021 143014 108017 112012 076010.
136008 078012 104008 342005 259005 PPC002
074008 PPC001 089007 077012 213003 192003
196006 336009 317013 291010 098023 104026
////// 227026 052014 081015 123013 204007.
113007 PPC001 259005 308003 PPC002 PPC002
308003 314006 PPC001 PPC001 PPC002 306003
274018 295026 298025 301028 265020 040025
279023 269023 293017 281023 274016 295014=
036275 2117 062281 2115
032123 1309 049107 1511
025331 2014 064340 2010
040315 1132 046287 1203
027103 1529 039118 1521
024286 0846 042087 1419
040280 1157 056312 1244
030086 0910 044096 0949
031283 1817 052264 1809
022201 0201 035281 1358
028093 1532 041093 1526
033103 1513 049068 1534
034114 1411 057110 1358
023114 0958 038073 1006
023093 0922 039115 1148
023100 0957 030093 1027
021114 1148 031110 1157
025221 0129 035242 0253
027295 1612 047315 1608
027271 1311 041104 1632
032103 1406 051112 1406
024111 1352 045143 1332
031074 1634 055104 1629
024069 0700 036101 2022
021100 0446 044098 0529
030117 1439 046118 1603
035107 1341 050110 1334
041280 1153 069284 1116
027275 1136 044278 1140
037108 1539 051135 1447
035295 1016 059020 1359=
D=
K=
A=
S=
B=
??????
******
YF
O2180
河南省
豫洛宁下峪
洛宁县下峪乡烟站
山地；城镇；地面
王林香
计算机
计算机
计算机
计算机
计算机
20100805=
JY
8888=
GK
01/
05/=
BZ
BB/03/08时温度用正点前3分钟值代替。
BB/09/06时温度用正点前3分钟值代替。
BB/18/11时温度用正点前7分钟值代替。
BB/19/07时温度用正点后10分钟值代替。
BB/30/15时温度用正点前1分钟值代替。
00/341400/1111953
10/24/逐时观测
10/24/24时连续观测
11/不守班=
######
