O2198 3338N 11157E 005610 005610 105 000 S15 91999999919999199999 0 2011 12
P=
TB
0023 0022 0017 0006 0001 0005 -004 -010 -016 -019 -017 -017
-010 0003 0022 0033 0035 0030 0030 0028 0024 0023 0024 0024 0043 1213 -023 0628.
0022 0020 0017 0013 0010 0003 0001 -002 -006 -009 -010 -009
-003 0045 0075 0073 0063 0078 0071 0069 0059 0038 0045 0042 0090 1108 -012 0645.
0021 0014 0006 0001 -003 -009 -012 -012 -016 -010 -002 0002
0012 0023 0046 0051 0051 0049 0050 0046 0044 0042 0041 0040 0052 1303 -019 0528.
0034 0027 0025 0024 0024 0025 0026 0026 0026 0027 0026 0027
0030 0033 0040 0047 0051 0056 0058 0054 0051 0047 0039 0041 0063 1452 0023 2319.
0038 0033 0033 0034 0030 0029 0029 0021 0008 0003 0000 0002
0006 0010 0016 0021 0024 0027 0032 0033 0032 0032 0031 0030 0043 2003 0000 0643.
0027 0029 0029 0018 0017 0018 0022 0024 0026 0025 0011 0015
0023 0030 0041 0034 0024 0016 0010 0012 0013 0015 0017 0027 0043 1104 0008 0705.
0031 0030 0035 0035 0036 0049 0048 0050 0049 0055 0055 0057
0067 0069 0079 0079 0090 0091 0087 0082 0074 0066 0060 0055 0098 1410 0026 2010.
0050 0048 0046 0042 0039 0034 0026 0027 0022 0020 0015 0015
0020 0034 0047 0057 0060 0065 0060 0057 0050 0041 0035 0034 0071 1343 0012 0714.
0027 0023 0017 0005 -008 -022 -036 -046 -050 -056 -060 -060
-043 0000 0025 0036 0050 0056 0031 0019 0007 -009 -023 -029 0062 1411 -063 0733.
-034 -029 0004 -016 -022 -002 -001 -010 -013 -017 -015 -015
-006 0009 0031 0037 0048 0056 0045 0039 0033 0021 0022 0021 0059 1422 -035 2034.
-006 -009 -016 -021 -041 -046 -046 -054 -055 -059 -061 -060
-046 0009 0047 0070 0066 0068 0067 0062 0050 0018 0005 0002 0082 1426 -065 0639.
-005 -009 -010 -024 -031 -035 -036 -041 -045 -047 -051 -048
-036 0023 0081 0106 0113 0117 0094 0086 0079 0069 0043 0031 0123 1351 -051 0700.
0020 -001 0004 -012 -001 -015 -026 -028 -035 -037 -041 -036
-023 0015 0076 0090 0103 0110 0096 0085 0053 0027 0010 0000 0113 1404 -042 0702.
-005 -013 -008 -019 -019 -030 -016 -010 0003 0069 0070 0066
0074 0089 0094 0102 0111 0116 0114 0100 0083 0050 0028 0016 0119 1345 -031 0203.
0006 0005 -011 -018 -014 -019 -013 -022 -029 -036 -036 -037
-026 0001 0034 0052 0056 0054 0047 0039 0025 -006 -014 -018 0061 1342 -046 0722.
-027 -033 -038 -033 -031 -035 -041 -026 -014 -009 -025 -023
-021 0016 0030 0037 0040 0039 0031 0023 0004 -010 -020 -019 0046 1332 -041 0230.
-025 -035 -033 -034 -038 -038 -048 -042 -054 -055 -060 -052
-041 -020 0005 0011 0028 0034 0041 0038 0032 0017 0013 0008 0042 1444 -061 0701.
0003 0001 0002 -004 -006 -016 -008 -011 -024 -027 -037 -032
-023 0015 0046 0065 0073 0073 0067 0061 0039 0011 -003 -013 0076 1331 -039 0742.
-017 -031 -032 -032 -036 -040 -045 -050 -054 -055 -051 -051
-035 0008 0047 0056 0063 0066 0060 0050 0041 0013 0009 0016 0072 1317 -056 0609.
0017 0015 0011 0009 0008 0004 0008 0007 0006 0004 0001 0005
0016 0035 0047 0053 0061 0065 0065 0059 0044 0014 0004 0002 0068 1432 0000 1912.
-003 0001 0007 0006 0006 0007 0008 0014 0049 0051 0043 0045
0053 0058 0063 0071 0075 0084 0081 0075 0068 0061 0052 0045 0085 1403 -007 2130.
0040 0034 0028 0023 0023 0018 0014 0010 0005 0010 -001 0002
0012 0040 0054 0059 0064 0062 0052 0042 0029 -001 -015 -021 0065 1222 -023 1949.
-030 -036 -039 -038 -043 -045 -046 -047 -044 -031 -012 0013
0025 0036 0047 0049 0055 0060 0057 0054 0047 0017 0034 0023 0066 1419 -050 0416.
-007 -015 -032 -039 -046 -050 -054 -053 -049 -052 -038 -026
-015 0046 0057 0068 0084 0094 0086 0078 0073 0008 0002 -019 0098 1403 -056 0405.
-027 -031 -039 -044 -050 -056 -050 -050 -051 -055 -058 -056
-036 0016 0046 0092 0100 0102 0087 0079 0057 0021 0008 0002 0112 1340 -062 0726.
-016 -021 -027 -028 -039 -033 -043 -044 -041 -046 -035 -028
-015 0013 0052 0053 0064 0058 0055 0051 0042 0020 0017 0011 0065 1301 -048 0425.
0008 -004 -014 -021 -015 -016 -032 -039 -040 -031 -030 -025
-014 0003 0026 0051 0066 0074 0071 0068 0057 0019 0000 -013 0079 1356 -041 0349.
-021 -028 -036 -038 -044 -042 -045 -052 -056 -054 -057 -054
-037 -009 0033 0079 0123 0113 0095 0088 0075 0043 0018 0005 0123 1300 -059 0539.
-009 -016 -022 -024 -025 -031 -025 -037 -040 -040 -045 -046
-030 -005 0034 0051 0045 0052 0042 0038 0033 0029 0026 0020 0057 1335 -048 0729.
0023 0023 0022 0016 0014 0016 0014 0010 0008 0006 0006 0007
0006 0009 0012 0020 0021 0025 0034 0039 0034 0029 0027 0020 0040 1603 0005 0614.
0017 0009 0006 -012 -017 -025 -026 -035 -038 -041 -045 -045
-029 0007 0096 0111 0119 0123 0124 0120 0074 0039 0014 0011 0127 1434 -046 0701=
I=
E=
U=
N=
H=
C=
V=
R6
0000 0000 0000
0000 0000 0000
0000 0001 0001
0010 0000 0010
0003 0022 0025
0000 0041 0041
0001 0000 0001
0000 0000 0000
0000 0000 0000
0000 0000 0000
0000 0000 0000
0000 0000 0000
0000 0000 0000
0000 0000 0000
0000 0000 0000
0000 0000 0000
0000 0000 0000
0000 0000 0000
0000 0000 0000
0000 0000 0000
0000 0000 0000
0000 0000 0000
0000 0000 0000
0000 0000 0000
0000 0000 0000
0000 0000 0000
0000 0000 0000
0000 0000 0000
0000 0000 0000
0000 0000 0000
0000 0000 0000=
0000 0000 0000 0000 0000 0000 0000 0000 0000 0000 0000 0000
0000 0000 0000 0000 0000 0000 0000 0000 0000 0000 0000 0000.
0000 0000 0000 0000 0000 0000 0000 0000 0000 0000 0000 0000
0000 0000 0000 0000 0000 0000 0000 0000 0000 0000 0000 0000.
0000 0000 0000 0000 0000 0000 0000 0000 0000 0000 0000 0000
0001 0000 0000 0000 0000 0000 0000 0000 0000 0000 0000 0000.
0001 0004 0004 0001 0000 0000 0000 0000 0000 0000 0000 0000
0000 0000 0000 0000 0000 0000 0000 0000 0000 0000 0000 0000.
0000 0000 0000 0000 0000 0000 0000 0000 0002 0001 0000 0000
0000 0000 0011 0009 0000 0001 0000 0001 0000 0000 0000 0000.
0000 0000 0000 0000 0000 0000 0000 0000 0000 0000 0000 0000
0000 0000 0000 0001 0008 0010 0008 0007 0002 0002 0001 0002.
0000 0001 0000 0000 0000 0000 0000 0000 0000 0000 0000 0000
0000 0000 0000 0000 0000 0000 0000 0000 0000 0000 0000 0000.
0000 0000 0000 0000 0000 0000 0000 0000 0000 0000 0000 0000
0000 0000 0000 0000 0000 0000 0000 0000 0000 0000 0000 0000.
0000 0000 0000 0000 0000 0000 0000 0000 0000 0000 0000 0000
0000 0000 0000 0000 0000 0000 0000 0000 0000 0000 0000 0000.
0000 0000 0000 0000 0000 0000 0000 0000 0000 0000 0000 0000
0000 0000 0000 0000 0000 0000 0000 0000 0000 0000 0000 0000.
0000 0000 0000 0000 0000 0000 0000 0000 0000 0000 0000 0000
0000 0000 0000 0000 0000 0000 0000 0000 0000 0000 0000 0000.
0000 0000 0000 0000 0000 0000 0000 0000 0000 0000 0000 0000
0000 0000 0000 0000 0000 0000 0000 0000 0000 0000 0000 0000.
0000 0000 0000 0000 0000 0000 0000 0000 0000 0000 0000 0000
0000 0000 0000 0000 0000 0000 0000 0000 0000 0000 0000 0000.
0000 0000 0000 0000 0000 0000 0000 0000 0000 0000 0000 0000
0000 0000 0000 0000 0000 0000 0000 0000 0000 0000 0000 0000.
0000 0000 0000 0000 0000 0000 0000 0000 0000 0000 0000 0000
0000 0000 0000 0000 0000 0000 0000 0000 0000 0000 0000 0000.
0000 0000 0000 0000 0000 0000 0000 0000 0000 0000 0000 0000
0000 0000 0000 0000 0000 0000 0000 0000 0000 0000 0000 0000.
0000 0000 0000 0000 0000 0000 0000 0000 0000 0000 0000 0000
0000 0000 0000 0000 0000 0000 0000 0000 0000 0000 0000 0000.
0000 0000 0000 0000 0000 0000 0000 0000 0000 0000 0000 0000
0000 0000 0000 0000 0000 0000 0000 0000 0000 0000 0000 0000.
0000 0000 0000 0000 0000 0000 0000 0000 0000 0000 0000 0000
0000 0000 0000 0000 0000 0000 0000 0000 0000 0000 0000 0000.
0000 0000 0000 0000 0000 0000 0000 0000 0000 0000 0000 0000
0000 0000 0000 0000 0000 0000 0000 0000 0000 0000 0000 0000.
0000 0000 0000 0000 0000 0000 0000 0000 0000 0000 0000 0000
0000 0000 0000 0000 0000 0000 0000 0000 0000 0000 0000 0000.
0000 0000 0000 0000 0000 0000 0000 0000 0000 0000 0000 0000
0000 0000 0000 0000 0000 0000 0000 0000 0000 0000 0000 0000.
0000 0000 0000 0000 0000 0000 0000 0000 0000 0000 0000 0000
0000 0000 0000 0000 0000 0000 0000 0000 0000 0000 0000 0000.
0000 0000 0000 0000 0000 0000 0000 0000 0000 0000 0000 0000
0000 0000 0000 0000 0000 0000 0000 0000 0000 0000 0000 0000.
0000 0000 0000 0000 0000 0000 0000 0000 0000 0000 0000 0000
0000 0000 0000 0000 0000 0000 0000 0000 0000 0000 0000 0000.
0000 0000 0000 0000 0000 0000 0000 0000 0000 0000 0000 0000
0000 0000 0000 0000 0000 0000 0000 0000 0000 0000 0000 0000.
0000 0000 0000 0000 0000 0000 0000 0000 0000 0000 0000 0000
0000 0000 0000 0000 0000 0000 0000 0000 0000 0000 0000 0000.
0000 0000 0000 0000 0000 0000 0000 0000 0000 0000 0000 0000
0000 0000 0000 0000 0000 0000 0000 0000 0000 0000 0000 0000.
0000 0000 0000 0000 0000 0000 0000 0000 0000 0000 0000 0000
0000 0000 0000 0000 0000 0000 0000 0000 0000 0000 0000 0000.
0000 0000 0000 0000 0000 0000 0000 0000 0000 0000 0000 0000
0000 0000 0000 0000 0000 0000 0000 0000 0000 0000 0000 0000.
0000 0000 0000 0000 0000 0000 0000 0000 0000 0000 0000 0000
0000 0000 0000 0000 0000 0000 0000 0000 0000 0000 0000 0000=
0000 ////////// 00000=
W=
L=
Z=
G=
FN
229020 202021 214010 060006 PPC002 210008
242007 244005 216009 203005 006008 045007
243018 333006 058019 268021 260029 061021
216023 258015 053004 004015 001007 317007.
PPC002 229008 235014 258005 231009 263011
234013 222017 208009 281014 269012 310005
268005 023010 022020 015025 238026 066024
278014 253014 023015 039005 221007 239006.
PPC000 PPC002 229007 PPC000 PPC000 221006
PPC000 PPC000 149007 213006 339005 PPC000
254006 214006 158005 243020 028019 042019
004019 036029 036030 020018 266012 305006.
032015 026012 267007 032004 261008 053008
047003 205004 PPC000 268007 247008 PPC000
233007 022014 234010 190009 PPC002 069009
210017 026022 033023 356016 PPC002 002009.
246019 278007 033016 026012 025003 031006
064010 044012 171005 242010 PPC000 PPC000
PPC000 PPC000 PPC000 260004 293003 326004
240008 196009 229011 209019 242027 260017.
268021 255009 344012 083003 309004 266012
298017 256019 289011 228015 359005 277007
001014 021011 228025 326008 PPC002 360006
PPC000 019012 304004 151006 035006 245015.
032017 304010 290012 344008 326008 261013
229017 228025 266018 211027 231022 310016
208025 244031 228042 276031 218034 217042
234019 224027 203024 201023 244029 226029.
193029 213016 185017 006016 225024 228019
250015 194019 201024 216028 235014 208028
231020 203031 224024 227031 198019 233037
228029 238037 211028 215015 218012 217021.
221023 206022 202021 230020 202013 333009
196007 204006 208003 264005 244010 233005
275004 321003 261012 329005 237039 204032
026013 026016 000010 242010 PPC001 087004.
053008 219008 211013 290007 306013 193012
228029 257015 229014 229017 215038 179033
240039 245029 001011 281022 348019 352022
358024 273030 217023 187020 234039 239028.
210016 197012 334007 052007 PPC002 201007
172005 240009 219008 PPC002 058005 280005
PPC000 PPC000 017015 085009 044006 236026
037017 015014 247010 292006 PPC000 188005.
191007 PPC002 PPC000 266006 PPC000 PPC001
231007 305005 PPC001 262004 261005 PPC000
PPC002 015006 PPC002 344008 021019 036020
050018 037028 027015 020022 184006 223006.
PPC002 PPC001 245003 PPC000 PPC002 230006
285006 PPC001 PPC000 218007 274004 PPC000
259004 PPC000 095004 033016 025026 037023
044029 079016 278006 029007 030005 PPC001.
243010 248007 247008 234009 214007 PPC000
010007 PPC000 PPC002 206038 207044 247032
217030 211044 205028 195025 227026 208023
217025 020017 048018 PPC002 169008 187010.
174003 054003 201007 192005 227009 011014
160005 PPC001 264007 PPC000 181006 PPC002
236010 260006 239023 024013 014029 017028
025031 036021 034007 206004 PPC002 PPC000.
291003 215005 234008 PPC001 216009 184005
233006 045003 192014 241008 029004 224015
321007 034009 014014 019032 015038 016019
029020 077005 252009 066009 PPC000 275006.
257008 274005 PPC001 189007 260009 233004
PPC001 258007 216006 192007 239008 248008
260008 PPC001 230014 240015 208008 305012
238020 025024 097009 PPC002 027005 308006.
PPC001 216008 139008 219006 252006 PPC001
022006 269004 289003 253004 PPC001 230006
239006 017005 305005 008022 025041 029041
056019 032031 286008 265009 267009 244003.
PPC002 273004 PPC000 218008 284003 284006
PPC001 235005 224006 232006 222004 209004
225007 PPC002 051015 015027 027022 026021
021020 033018 020021 272007 117007 013003.
PPC002 211007 PPC000 PPC000 255004 218008
PPC000 PPC000 216005 273005 136005 PPC001
PPC000 284005 329007 018019 023011 243017
356016 054004 071010 006005 PPC002 283006.
196006 241007 191006 PPC000 PPC000 PPC001
PPC000 077005 289011 231024 226013 234012
220022 217031 247027 223036 248039 221023
239020 261022 232013 243017 220022 204016.
225023 196031 224024 213026 203032 263018
235021 260017 228009 221020 222008 221014
246012 002013 020012 264015 038020 039018
055019 033024 016017 205008 266006 007007.
PPC001 PPC002 220010 193007 235004 PPC001
255011 201005 PPC002 012015 022006 206013
222030 197030 237033 253039 219048 188021
222047 212036 211016 071005 210022 203014.
077004 PPC002 149008 318003 PPC001 196006
184004 PPC000 PPC002 057004 274016 270015
003006 235028 242028 222033 257017 358017
288008 204013 195017 PPC001 158007 229009.
PPC001 262009 277003 217009 PPC000 212007
232007 200004 227006 224004 PPC001 PPC000
PPC000 002004 001009 247019 265011 024030
039034 049021 043017 285006 206004 075005.
PPC000 194004 245007 204007 260007 201011
253005 222006 222009 PPC000 226007 233006
240007 PPC001 183013 042029 036030 024038
039037 091013 047023 046003 038019 333004.
PPC001 183003 PPC000 PPC002 PPC000 PPC001
204007 188007 196006 235008 241010 234005
249009 221005 189009 029024 015015 039016
027021 032021 030026 241008 010003 PPC001.
PPC001 221008 295004 240004 245006 224006
230011 208006 PPC001 227006 PPC000 219005
PPC000 PPC000 360005 044006 096006 358024
340017 036030 028016 257005 PPC001 169006.
301004 PPC001 220008 PPC002 226007 PPC000
217011 216007 PPC001 227008 194007 233006
PPC001 PPC002 022003 283011 018029 045023
088016 032028 034021 039024 035019 PPC001.
138003 010008 018012 PPC000 PPC001 037009
222013 255009 231015 046005 002013 252010
041014 229011 167012 032016 033014 159007
129004 236019 021018 026017 313003 243008.
198004 078005 PPC001 196008 247005 PPC000
340004 204005 PPC001 220005 237006 PPC000
292004 236007 210026 225024 225032 227023
208017 223028 041018 226014 146003 213006=
214021 196022 223009 055004 PPC001 205008
228007 206004 205007 155004 011008 025009
285014 079010 017021 265021 307021 347023
225023 178014 055006 012014 010008 337006.
326004 210008 228011 240010 222008 247015
232014 225016 219011 255016 258011 314005
250006 011008 014019 011024 284022 059021
287014 247014 026016 050003 204006 250005.
PPC002 PPC002 234005 231003 PPC000 225004
PPC000 PPC001 153006 229003 347005 PPC000
249004 228005 192007 193014 024018 036018
023018 036029 023022 019020 312014 297008.
046011 028010 267006 360004 258007 055007
039004 130003 PPC001 282007 241007 PPC000
241007 022013 219008 198014 301005 071009
236020 021024 038022 006015 273003 000008.
252017 301006 030015 024013 305003 015007
033011 036015 187005 244009 228003 PPC000
PPC000 PPC000 PPC001 300003 259004 330005
249009 194008 222007 222021 223027 250015.
268019 251014 329012 117003 233004 290009
286018 262018 272012 227014 333004 254006
360013 023013 225025 279008 079004 359006
PPC000 023012 335003 233006 031006 265014.
334018 336009 266012 307010 298010 261016
239018 236020 261018 212026 252019 273016
217023 226034 216041 249031 228037 224033
260023 209021 207023 203024 225029 216028.
201032 210015 200020 282023 215028 213021
208015 201018 216023 216026 220018 211027
233028 206034 219027 232034 235032 241039
235032 237036 218026 214017 218013 209022.
225025 213021 201023 226018 199012 307011
196006 198005 233003 311004 259008 231005
276005 328003 315014 257010 230037 220032
033020 027021 017011 265009 PPC001 022003.
317006 241007 245014 345007 004007 220017
229026 280017 241015 238017 217033 183027
237041 271025 324017 297026 324023 326024
356020 252027 226020 200016 239035 239028.
172013 188009 280009 072007 360004 187006
137007 174006 223007 200003 097006 258005
PPC002 PPC001 017014 153011 036009 236024
035012 007012 243013 248007 PPC001 199003.
175003 PPC002 PPC000 212004 280003 PPC002
249005 233004 PPC001 269004 307003 PPC001
PPC001 008007 016003 337013 028025 035023
043028 036024 043018 033022 199008 231007.
232003 PPC001 204006 PPC000 213004 219007
274006 PPC002 PPC002 209006 PPC002 PPC002
250007 PPC001 061005 036018 026024 028025
052023 055016 325006 038007 350005 PPC001.
242008 234007 237007 216008 227007 PPC001
015008 PPC002 063003 207034 206040 235028
219026 206041 215031 206029 223033 212024
231028 349016 040018 PPC002 166008 252008.
PPC002 PPC002 201004 182003 219009 005010
054005 332004 251006 PPC002 177006 PPC002
246008 264005 236021 025016 015022 022025
023029 050017 032011 228004 187004 PPC001.
274003 168004 284004 205003 223009 206007
284006 009007 214012 261007 254004 197009
332005 014013 017018 340027 022034 014026
034020 060006 283008 097007 PPC002 281007.
244008 251005 125003 188006 267007 249003
PPC002 260008 293003 144005 237006 244008
255007 PPC002 240012 234018 246011 351011
238020 030022 055009 330004 022005 011008.
001003 189006 144008 270006 316005 088003
016007 275003 239003 239004 PPC002 210006
238003 006004 319003 041018 028035 029036
048022 034031 346010 265008 257008 233003.
342006 260003 PPC001 213008 242003 244005
PPC002 243004 241005 237006 225005 164003
240007 PPC002 040016 019026 029022 011020
025023 033024 022022 276006 148006 289005.
PPC002 212007 PPC001 PPC001 244004 217007
PPC000 PPC000 240004 243003 168004 PPC002
PPC001 318006 359009 030016 029010 284013
005020 059007 044012 311005 251003 271006.
211008 240009 206004 PPC001 PPC000 PPC001
PPC000 045006 281013 236022 220013 228016
223023 221030 243029 212036 238040 228027
241025 230031 226016 254018 222022 209024.
216026 172032 217026 224026 206033 235022
234023 261017 239011 242018 232007 202013
290012 012013 019013 249014 048018 022019
116019 034030 027015 205007 261005 018005.
PPC001 231004 227009 201008 246004 254004
245007 233005 257003 029012 048007 241012
217031 211036 230033 235039 219046 206029
205039 209036 211017 123007 213019 194013.
070004 027005 202007 305003 PPC002 201004
178004 274003 332004 041003 278012 264015
357006 227024 240033 233034 237019 326019
277012 232014 194016 224003 156008 263008.
259003 261009 288004 220008 PPC002 216008
218007 208006 220007 PPC002 199003 PPC001
PPC000 003004 002009 220015 290013 024031
035040 044022 039015 276005 234005 111005.
PPC001 PPC002 180005 209008 231006 212010
255006 225004 219009 PPC002 209005 227005
288004 PPC001 223011 042036 029032 027043
060029 059020 038024 004004 008010 317003.
015003 PPC002 PPC001 298003 PPC001 PPC002
200004 193005 224004 233007 233008 246004
235009 221005 176007 017017 025016 041015
020020 032017 031023 228007 072003 206004.
157003 221008 PPC002 PPC002 266005 227007
225010 215006 PPC002 227007 PPC001 231004
PPC001 PPC001 010003 025007 330007 001022
169021 038028 022016 212004 307003 159005.
284004 PPC002 236006 331004 241006 PPC001
216009 221007 113003 214006 230006 230006
PPC002 PPC001 030006 329013 020029 035027
063015 042022 023016 036024 036014 PPC001.
117003 020010 025015 PPC001 257003 009009
225011 258008 235012 043004 003011 308011
030014 244014 192014 033011 038012 199009
111006 238018 022018 035015 347006 274006.
123006 116004 227004 211007 220003 PPC002
316004 201003 PPC002 227004 220006 PPC000
269003 274007 226024 278020 235029 231030
217020 232026 050018 239012 PPC002 211007=
035245 1318 059223 2206
038035 1210 071032 1207
034032 1555 062030 1555
034031 1512 061020 1512
027223 1900 048206 1758
030230 0334 057189 0405
048215 1114 103209 1158
047232 1306 093168 2116
049227 1325 087228 1310
052223 0937 105221 0855
029245 1340 042250 2001
045024 1336 071031 1438
042029 1512 075023 1509
048204 0620 096199 1105
036024 1455 053248 0236
047022 1231 074028 1230
028238 1148 047238 1148
044031 1305 068035 1418
036027 1212 060035 1550
026238 1423 046253 1421
051224 1449 095235 1417
047208 2016 084196 2015
053234 1303 113222 1136
042230 1052 077236 1220
048030 1457 079028 1407
057028 1516 098012 1508
030026 1508 053019 1713
049027 1535 082034 1534
040025 1424 071034 1421
023026 1122 035238 1543
044239 1320 077261 1318=
D=
K=
A=
S=
B=
??????
******
YF
O2198
河南省
豫嵩县白河
嵩县白河乡政府所在地公园内
山地；景区；地面
空缺
计算机
计算机
计算机
计算机
计算机
20120208=
JY
8888=
GK
01/
05/=
BZ
00/333821/1115648
10/24/逐时观测
10/24/24时连续观测
11/不守班=
######
