O2190 3434N 11151E 004500 004500 105 105 S15 91999999919999199999 1 2008 08
P=
TB
0276 0270 0264 0256 0255 0265 0261 0252 0248 0246 0250 0256
0270 0302 0308 0311 0314 0305 0306 0316 0302 0295 0288 0276 0325 1344 0244 0621.
0275 0268 0259 0257 0251 0247 0243 0234 0237 0234 0242 0255
0263 0274 0290 0322 0309 0325 0322 0328 0325 0319 0298 0288 0339 1408 0231 0531.
0286 0269 0244 0252 0253 0251 0249 0241 0245 0236 0244 0253
0260 0288 0308 0313 0306 0301 0295 0293 0295 0290 0277 0267 0320 1150 0235 0545.
0262 0248 0256 0250 0246 0232 0229 0229 0233 0237 0234 0245
0257 0268 0281 0296 0316 0320 0328 0322 0312 0306 0291 0272 0333 1524 0223 0335.
0265 0255 0250 0231 0234 0236 0233 0233 0232 0232 0233 0241
0245 0272 0280 0293 0295 0308 0307 0310 0304 0287 0272 0261 0314 1533 0224 0013.
0252 0245 0240 0236 0235 0234 0233 0231 0230 0230 0237 0249
0260 0265 0288 0297 0306 0314 0308 0305 0289 0274 0263 0253 0317 1337 0229 0502.
0249 0247 0246 0245 0244 0245 0243 0243 0230 0223 0231 0234
0237 0258 0274 0289 0291 0301 0305 0305 0290 0283 0273 0264 0307 1522 0220 0505.
0261 0257 0254 0250 0247 0241 0235 0232 0237 0239 0242 0257
0257 0271 0293 0305 0313 0321 0323 0323 0318 0309 0290 0280 0327 1412 0232 0354.
0269 0264 0260 0256 0253 0244 0239 0236 0233 0236 0242 0249
0255 0278 0289 0309 0285 0248 0266 0284 0278 0280 0268 0256 0316 1228 0232 0456.
0250 0247 0238 0237 0231 0226 0225 0225 0223 0216 0221 0239
0248 0268 0294 0300 0316 0325 0323 0300 0306 0308 0284 0267 0331 1427 0216 0559.
0255 0253 0239 0236 0239 0237 0232 0233 0226 0227 0234 0250
0259 0286 0295 0316 0324 0318 0336 0326 0337 0325 0297 0270 0345 1451 0225 0501.
0259 0247 0226 0219 0219 0230 0234 0235 0228 0227 0230 0238
0249 0277 0285 0300 0292 0300 0299 0290 0226 0226 0217 0219 0309 1312 0217 1854.
0217 0215 0216 0214 0214 0211 0210 0210 0208 0200 0204 0209
0234 0244 0255 0271 0260 0257 0261 0262 0258 0250 0236 0230 0273 1214 0200 0555.
0225 0221 0220 0219 0218 0216 0216 0218 0216 0217 0218 0222
0236 0239 0262 0265 0278 0285 0279 0284 0281 0270 0258 0249 0288 1624 0215 0148.
0244 0236 0233 0232 0230 0220 0218 0217 0215 0211 0213 0213
0214 0221 0226 0236 0232 0241 0244 0254 0251 0244 0237 0225 0259 1552 0211 0550.
0222 0221 0220 0216 0213 0211 0211 0208 0205 0197 0192 0186
0188 0199 0211 0223 0230 0229 0230 0228 0222 0217 0212 0207 0238 1335 0184 0810.
0207 0200 0194 0193 0186 0182 0173 0178 0175 0171 0179 0198
0217 0240 0250 0261 0273 0288 0283 0288 0291 0281 0256 0241 0297 1712 0171 0540.
0221 0212 0204 //// //// //// //// //// //// 0186 0193 0215
0241 0265 0271 0290 0312 0325 0330 0330 0335 0319 0290 0269 0342 1518 0178 0501.
0249 0241 0239 0235 0234 0239 0223 0224 0215 0222 0225 0244
0256 0271 0280 0292 0309 0311 0309 0306 0300 0287 0276 0268 0315 1414 0213 0503.
0264 0257 0252 0247 0242 0236 0232 0233 0231 0232 0234 0234
0244 0249 0263 0277 0287 0290 0297 0293 0286 0277 0268 0261 0300 1423 0231 0426.
0254 0249 0245 0242 0237 0234 0211 0204 0204 0205 0207 0219
0220 0236 0243 0254 0267 0271 0268 0271 0268 0266 0255 0246 0280 1316 0201 0416.
0244 0233 0226 0220 0225 0226 0220 0203 0195 0190 0208 0238
0258 0269 0285 0294 0301 0303 0306 0305 0305 0291 0265 0250 0309 1443 0189 0554.
0238 0235 0226 0227 0213 0188 0201 0189 0185 0186 0207 0230
0262 0278 0297 0300 0325 0323 0332 0323 0319 0306 0273 0249 0337 1530 0183 0509.
0234 0227 0215 0217 0219 0221 0201 0197 0199 0201 0203 0227
0243 0264 0268 0288 0297 0304 0298 0293 0294 0284 0264 0245 0311 1402 0189 0642.
0242 0234 0236 0233 0233 0223 0216 0211 0206 0200 0204 0219
0229 0247 0269 0283 0289 0300 0306 0305 0303 0291 0273 0256 0314 1528 0200 0559.
0248 0223 0229 0226 0218 0214 0211 0205 0202 0185 0198 0220
0244 0257 0271 0283 0290 0303 0315 0308 0279 0223 0222 0211 0317 1501 0184 0554.
0202 0208 0203 0194 0191 0193 0192 0196 0196 0194 0198 0202
0216 0225 0249 0252 0259 0285 0296 0299 0294 0272 0258 0251 0301 1602 0184 0538.
0245 0244 0240 0230 0223 0219 0218 0217 0217 0215 0215 0218
0231 0246 0257 0267 0276 0275 0271 0266 0260 0248 0235 0227 0286 1243 0215 0538.
0222 0220 0219 0216 0214 0211 0210 0208 0212 0213 0210 0213
0217 0237 0245 0249 0250 0251 0247 0243 0238 0235 0194 0194 0263 1217 0192 1919.
0192 0190 0188 0174 0171 0169 0166 0167 0165 0166 0169 0171
0180 0189 0203 0216 0225 0228 0232 0232 0229 0221 0211 0201 0233 1309 0164 0431.
0204 0200 0195 0196 0178 0189 0189 0181 0172 0169 0180 0202
0221 0233 0245 0254 0258 0262 0264 0263 0257 0245 0217 0209 0268 1335 0167 0621=
I=
E=
U=
N=
H=
C=
V=
R6
//// //// ////
0000 //// ////
0000 //// ////
0000 0000 0000
//// 0000 ////
0000 0000 0000
0181 0000 0181
0000 0000 0000
0000 0005 0005
0001 0000 0001
0000 0000 0000
0000 0014 0014
0076 0001 0077
0001 0000 0001
0000 0000 0000
0016 0018 0034
0006 0000 0006
//// 0000 ////
0000 0000 0000
0000 //// ////
0227 0000 0227
0000 0000 0000
0000 0000 0000
0000 //// ////
0000 0000 0000
0000 //// ////
//// 0000 ////
0000 0002 0002
0022 0211 0233
0220 //// 0220
0000 0000 0000=
0000 //// 0000 0000 0000 0000 0000 0000 0000 0000 0000 0000
0000 0000 //// 0000 0000 0000 0000 0000 0000 0000 0000 0000.
0000 0000 0000 0000 0000 0000 0000 0000 0000 0000 0000 0000
0000 0000 0000 0000 0000 0000 0000 0000 0000 //// 0000 0000.
0000 0000 0000 0000 0000 0000 0000 0000 0000 0000 0000 0000
0000 0000 0000 0000 //// 0000 0000 0000 0000 0000 0000 0000.
0000 0000 0000 0000 0000 0000 0000 0000 0000 0000 0000 0000
0000 0000 0000 0000 0000 0000 0000 0000 0000 0000 0000 0000.
0000 //// 0000 0000 0000 0000 0000 0000 0000 0000 0000 0000
0000 0000 0000 0000 0000 0000 0000 0000 0000 0000 0000 0000.
0000 0000 0000 0000 0000 0000 0000 0000 0000 0000 0000 0000
0000 0000 0000 0000 0000 0000 0000 0000 0000 0000 0000 0000.
0000 0000 0000 0000 0000 0000 0000 0000 0078 0103 0000 0000
0000 0000 0000 0000 0000 0000 0000 0000 0000 0000 0000 0000.
0000 0000 0000 0000 0000 0000 0000 0000 0000 0000 0000 0000
0000 0000 0000 0000 0000 0000 0000 0000 0000 0000 0000 0000.
0000 0000 0000 0000 0000 0000 0000 0000 0000 0000 0000 0000
//// 0000 0000 //// 0000 0005 0000 0000 0000 0000 0000 0000.
0000 0000 0000 0000 0000 0000 0000 0000 0000 0000 0001 0000
0000 0000 0000 0000 0000 0000 0000 0000 0000 0000 0000 0000.
0000 0000 0000 0000 0000 0000 0000 0000 0000 0000 0000 0000
0000 0000 0000 0000 0000 0000 0000 0000 0000 0000 0000 0000.
0000 0000 0000 0000 0000 0000 0000 0000 0000 0000 0000 0000
0000 0000 //// 0000 0000 0000 0000 0000 0003 0002 0009 0000.
0003 0000 0000 0000 0000 0028 0009 0000 0004 0032 0000 0000
0001 0000 0000 0000 0000 0000 0000 0000 0000 0000 0000 ////.
0000 0001 0000 0000 0000 0000 0000 0000 0000 0000 0000 0000
0000 0000 0000 0000 0000 0000 0000 0000 0000 0000 0000 0000.
0000 0000 0000 0000 0000 0000 0000 0000 0000 0000 0000 0000
0000 0000 0000 0000 0000 0000 0000 0000 0000 0000 0000 0000.
0000 0000 0000 0000 0000 0000 0000 0000 0000 0001 0003 0012
0015 0003 0000 0000 0000 0000 0000 0000 //// 0000 //// 0000.
0000 0000 0000 0000 0001 0004 0000 0000 0000 0000 0000 0001
0000 0000 0000 0000 0000 0000 0000 0000 0000 0000 0000 0000.
0000 0000 0000 //// //// //// //// //// //// 0000 0000 0000
0000 0000 0000 0000 0000 0000 0000 0000 0000 0000 0000 0000.
0000 0000 0000 0000 0000 0000 0000 0000 0000 0000 0000 0000
0000 0000 0000 0000 0000 0000 0000 0000 0000 0000 0000 0000.
0000 0000 0000 0000 0000 0000 0000 0000 0000 0000 0000 0000
0000 //// 0000 0000 0000 0000 0000 0000 0000 0000 0000 0000.
0000 0000 0000 0000 0013 0041 0057 0061 0052 0002 0001 0000
0000 0000 0000 0000 0000 0000 0000 0000 0000 0000 0000 0000.
0000 0000 0000 0000 0000 0000 0000 0000 0000 0000 0000 0000
0000 0000 0000 0000 0000 0000 0000 0000 0000 0000 0000 0000.
0000 0000 0000 0000 0000 0000 0000 0000 0000 0000 0000 0000
0000 0000 0000 0000 0000 0000 0000 0000 0000 0000 0000 0000.
0000 0000 0000 0000 0000 0000 0000 0000 0000 0000 0000 0000
0000 0000 0000 0000 0000 0000 0000 0000 0000 //// 0000 0000.
0000 0000 0000 0000 0000 0000 0000 0000 0000 0000 0000 0000
0000 0000 0000 0000 0000 0000 0000 0000 0000 0000 0000 0000.
0000 0000 0000 0000 0000 0000 0000 0000 0000 0000 0000 0000
0000 0000 0000 0000 0000 //// 0000 0000 0000 0000 0000 0000.
//// 0000 0000 0000 0000 0000 0000 0000 //// 0000 0000 0000
0000 0000 0000 0000 0000 0000 0000 0000 0000 0000 0000 0000.
0000 0000 0000 0000 0000 0000 0000 0000 0000 0000 0000 0000
0000 0000 0000 0000 0000 0000 0000 0000 0000 0000 0000 0002.
0000 0001 0001 0001 0003 0006 0007 0002 0000 0000 0000 0001
0000 0000 0000 0000 0000 0000 0000 0000 0000 0000 0159 0052.
0041 0040 0019 0018 0010 0016 0007 0010 0032 0019 0007 0001
0000 0000 0000 0000 0000 0000 0000 0000 0000 0000 0000 ////.
0000 0000 0000 0000 0000 0000 0000 0000 0000 0000 0000 0000
0000 0000 0000 0000 0000 0000 0000 0000 0000 0000 0000 0000=
0000 ////////// 00000=
W=
L=
Z=
G=
FN
352010 002007 014010 002009 307011 311025
302027 296027 303022 307019 290019 311023
293034 299043 295054 292047 313052 308038
301054 306050 293035 269031 293028 290020.
270014 261011 305016 257007 327016 355012
020015 331016 309010 307013 312007 250007
283012 301014 236009 344009 306020 333022
307025 340037 315029 334019 322012 258007.
198005 358005 011010 307016 294011 267009
292012 063007 215008 325011 296013 307009
237014 193014 233011 211025 209025 213026
221017 254016 297017 284003 206015 196015.
220012 346008 190011 279008 191014 PPC002
328004 226003 PPC000 188011 228013 175013
208013 118013 084014 099012 183019 157015
097028 102025 096034 109031 099019 130010.
119017 080019 115016 023012 059022 080023
149007 043004 177009 184008 122008 078012
085019 069019 107017 076026 073032 073038
095043 106038 097031 095034 106024 094033.
073024 087031 075024 076023 083022 082019
092027 076018 086022 073018 076021 093028
110030 089038 108035 106031 096042 091038
079056 082060 086059 091053 064035 088047.
073033 079022 079028 091032 075024 072025
094030 086024 108034 111018 172004 016004
065006 099020 087034 075031 108029 109041
087034 105038 090050 086045 075030 070025.
073019 074019 075016 079019 096017 064010
029012 008010 099008 101004 023009 103015
215012 132009 069022 104023 107037 093031
103036 092030 115027 123013 136011 082011.
116013 103012 087019 055011 126010 073008
030007 026004 037010 108009 157004 082008
103012 106010 082022 086032 309066 340025
321044 310036 313034 315032 295017 311021.
307029 304032 292017 290014 308021 301018
296018 298019 311013 301017 295017 288017
308021 294028 289023 317042 309041 297047
278020 279019 293027 283015 290010 248008.
295010 299018 252013 280013 290015 292017
278011 286013 284017 296015 303017 290022
292019 302018 296038 273017 235014 283017
270018 275020 249022 309025 115018 317007.
022007 352009 036016 026014 023010 071009
356007 245007 215005 264011 005004 239014
281006 167012 107022 097017 122010 079019
021011 298035 341044 280012 330029 140012.
179005 243010 236011 327005 309009 029004
343011 317022 303025 314023 302013 286016
303025 331033 318026 314020 332020 305024
312012 205017 167020 139010 101022 080011.
013010 056010 095010 057010 067015 008012
062008 053014 093018 066013 070008 022012
325005 168005 097010 123014 102021 096021
094014 152016 099015 117016 100019 077019.
070016 080032 078024 072025 048031 073020
050025 059026 073015 082025 080023 083040
089029 078028 077027 086028 102034 092029
088028 103040 113036 111027 074010 075015.
079019 070025 071025 099024 056019 081020
075028 079028 061023 076016 062020 045015
048018 078022 086027 096044 078031 085037
096041 084024 095013 093022 062011 102023.
133010 266010 294017 300015 302011 180019
292007 294008 251011 279010 263008 294009
274012 298014 244018 262007 310014 278018
117011 325009 243015 153017 151010 106008.
041010 030010 010010 ////// ////// //////
////// ////// ////// 253007 015005 195011
276015 215013 194022 281020 203006 120024
087019 142013 135012 127010 144011 083011.
028009 355012 014009 026010 PPC000 183009
012009 198005 029011 098016 053011 075022
103032 104022 078034 086029 112038 090042
085047 091050 099037 084043 094029 094046.
085037 080038 060022 062024 075026 046022
062017 095036 063032 079028 093042 090039
080038 082035 088032 083036 089030 074036
082048 097039 091039 087051 081035 076040.
078030 075036 080031 084024 068016 257013
319044 311039 280025 298021 283024 305027
294029 306036 292025 316046 306045 293034
300032 298025 290025 283019 316043 271012.
293023 296012 304013 312020 321026 316029
290022 248015 248013 285012 281014 306035
307035 305037 308040 318043 301038 300052
297042 299038 295031 300023 311027 310033.
301025 301026 297013 297027 160018 PPC001
211012 259016 285010 289006 262007 245011
253007 201010 237006 098016 233005 056019
112017 087019 080035 079013 056012 068008.
034012 001012 014014 341011 PPC002 194009
347012 001007 040006 189004 163008 279009
212016 152011 219012 080017 067017 054018
052016 074014 119014 081015 078010 024009.
059013 051016 032018 082011 203010 310010
PPC000 001006 015008 073009 060010 062014
064025 091020 130007 063007 099008 077015
110019 102020 147014 099020 081019 097015.
091017 047016 070018 069018 067021 059022
070021 151006 139012 326007 343006 065011
007005 137014 111025 067021 103023 141015
079009 062018 064011 217038 286018 322012.
007013 354009 246015 331012 359010 279004
311007 325005 147004 180013 211011 237010
193010 211015 043007 076011 102018 059013
087021 137009 074032 092032 087026 080023.
069023 083027 076033 087023 072025 070018
061018 072020 068011 086019 094017 092020
084037 109028 102033 098043 106047 102045
096039 110037 111012 123012 108020 117016.
107021 113017 105020 098025 058019 087029
103025 085021 070022 088019 084028 086034
077031 106029 098041 121036 116028 091034
080042 071029 067026 047030 341003 330018.
353013 121009 329019 318030 319041 323037
307051 302022 309013 304034 309022 284011
296021 308029 313038 312036 316026 309037
301042 300031 299032 298023 309032 304020.
311033 318040 316050 300030 305015 318030
312039 303029 306029 306030 309034 296034
305049 321042 327043 296039 304030 307046
300049 311051 316056 308041 305023 301030=
359009 000008 010011 357008 287008 309025
303029 303022 304023 305019 287020 302023
295032 299042 298050 299048 310050 313044
302048 308042 303042 279030 291024 294020.
264013 277009 301015 244011 330017 357014
010014 347011 314008 306013 304008 251008
282010 301012 260009 312013 299021 309019
312018 333033 330028 325021 322013 283008.
214007 335007 003008 304014 287008 283010
296011 024008 224006 334008 293011 310009
231013 193010 253009 202019 200029 210024
216018 239018 282012 246005 195014 195014.
216014 355008 187011 238012 190011 240003
338005 270003 PPC002 186009 232014 167011
210012 133011 081017 099016 172022 145020
121021 108027 100033 106033 101023 130011.
124014 073017 108011 028011 060023 077023
120006 042004 183007 174007 108009 085012
085019 068022 098021 080027 079029 074032
099038 102038 124037 101029 103026 086030.
077028 086028 074025 076022 082023 081018
090028 076019 080019 073018 073016 092034
109032 094040 108038 104038 103040 093042
084052 086056 086058 089053 070033 086043.
073032 075022 077027 085028 067021 075027
092027 091021 113027 105018 157007 PPC002
097006 091023 084030 081029 093030 098038
100037 107037 092046 085039 077030 069022.
074019 068017 075020 080020 092016 057011
025010 008009 098009 129004 019009 115011
212014 152012 099018 107027 109033 096032
100040 101035 109033 122028 135011 079007.
108018 097013 092015 064008 124008 078005
047006 016005 032008 115008 125005 077007
100010 114009 100018 094020 268029 344026
320040 311039 313038 314035 302016 309021.
306026 304030 290016 291019 305024 294018
297021 296019 309013 311014 298013 288015
293021 295026 303026 312039 316039 300037
282030 276018 291024 287016 289010 258011.
293013 295018 267012 281015 293015 292015
284013 285012 281013 293013 304017 300022
296021 302023 300033 284024 268014 226015
285015 267020 267016 305020 085011 024009.
019008 357009 028015 024014 023010 064008
027010 231009 233009 261008 302006 236011
330008 142012 108018 120019 106014 088016
032012 256018 339038 252017 325031 117011.
191006 258009 247010 308006 307008 024004
342009 313018 309020 311022 308013 277013
300024 323029 319029 324023 324022 301020
300010 224011 168020 160012 104022 067012.
036011 057011 085008 063010 057013 022012
060008 049008 091018 067012 063008 026011
010005 166004 102011 122014 087017 090017
083013 155012 115014 114016 093019 078018.
073016 081024 080023 070024 063035 075026
055023 059028 073015 084025 077026 081030
086028 078026 085038 079027 098031 098027
093036 102039 109034 111027 072015 074015.
077020 068019 073026 098028 069023 074019
072027 078026 065025 079018 062018 047018
055014 089021 079025 096041 084032 091035
083040 087025 099017 088021 067011 096022.
137009 254009 294014 301014 303011 236009
300007 294008 263009 278009 242007 271010
288014 282014 248015 279012 261017 290013
195015 309015 220014 166018 141010 112008.
040009 029010 004009 ////// ////// //////
////// ////// ////// 255005 359008 120006
260012 240013 204016 274019 195009 089028
084022 152011 156012 140013 128012 094013.
033010 002011 012009 029009 028003 191009
022008 150007 031011 096014 053012 064021
097035 097024 081034 088031 094035 087041
083050 090047 098042 085051 085037 088043.
085037 081034 063026 067023 074024 049023
064020 087029 076030 076027 088034 089035
082034 084036 098034 089039 085039 080035
089041 086037 084040 087051 081044 074032.
076026 077032 077031 084029 067016 186012
318036 312036 284017 277020 283026 296030
298031 302031 292025 310057 305051 304037
295030 296028 290025 283022 310045 249011.
299022 294012 302012 311016 320029 316032
295021 250017 253009 273009 283012 308033
306034 300037 307040 312545 300042 299046
297045 301040 297032 296021 308025 307027.
303023 299024 301013 298025 170011 013006
208011 265013 288009 266005 268012 239011
264009 224013 297012 095012 163010 059019
050013 090017 077023 077013 065010 054008.
034010 005011 012014 346010 037004 167009
349010 009009 050003 185005 156007 293009
218012 169009 192012 064014 067016 050019
070020 081017 128016 083016 081010 023008.
056008 036014 034013 067013 193012 310012
PPC001 000006 020006 068007 053008 060016
064022 095016 110009 048012 084013 097018
119014 100019 117018 100020 083018 103013.
092015 043012 066019 073021 063021 064021
072021 148008 145011 340008 341007 060009
046008 134011 102018 090015 106026 112025
072013 064017 081017 219036 287020 329010.
357012 351009 233016 335010 002007 285003
312008 312005 155005 179009 217009 233009
192008 221012 356006 073014 102016 081022
082023 122016 076028 090031 089025 079021.
070022 084030 080035 091024 074024 068019
059018 069017 066011 084019 095020 089023
080033 103035 099038 097045 104041 098036
095035 107034 140015 125014 111020 112016.
108019 112017 104020 098025 057018 081025
100020 083024 065021 085024 088024 083037
084032 111030 100038 117039 110031 087040
088032 067025 069022 054031 242012 336014.
345015 348014 329018 315034 316038 320043
310040 300026 299012 307030 311024 286014
295024 299030 311037 305033 313039 312040
308041 303034 300032 298027 304028 304021.
309032 318037 319046 306034 305017 315029
311039 303032 304028 303030 306029 299040
307048 316049 330039 301035 309049 304046
302049 309046 318049 312040 307021 305029=
065311 1244 109321 1242
034335 1529 066343 1527
030200 1301 050200 1338
037096 1537 070107 1539
046108 1729 084093 1734
299079 0718 111093 1730
052091 1620 088087 1711
147057 0136 072127 1723
058303 1307 110323 1258
495310 1216 091312 1210
037292 1047 067309 1044
060316 1614 099309 1611
036318 1143 061326 1100
077050 0325 041124 1333
048106 1547 085110 1610
047091 1214 085093 1213
022096 2000 046292 1630
028069 1356 048068 1352
053080 1756 092076 1345
051082 1609 083073 1603
377302 1011 114281 1247
545309 1100 101278 1124
032302 2007 059098 1404
026062 1424 046082 1346
165061 0734 051096 0825
084329 0657 079205 1748
034090 1752 062112 1635
047093 1145 086101 1312
045095 1139 079110 1044
049310 1133 089295 1638
058311 1626 100318 0952=
D=
K=
A=
S=
B=
??????
QP=
QTB
099 099 099 099 099 099 099 099 099 099 099 099 099 099 099 099 099 099 099 099 099 099 099 099 099 099 099 099
099 099 099 099 099 099 099 099 099 099 099 099 099 099 099 099 099 099 099 099 099 099 099 099 099 099 099 099
099 099 099 099 099 099 099 099 099 099 099 099 099 099 099 099 099 099 099 099 099 099 099 099 099 099 099 099
099 099 099 099 099 099 099 099 099 099 099 099 099 099 099 099 099 099 099 099 099 099 099 099 099 099 099 099
099 099 099 099 099 099 099 099 099 099 099 099 099 099 099 099 099 099 099 099 099 099 099 099 099 099 099 099
099 099 099 099 099 099 099 099 099 099 099 099 099 099 099 099 099 099 099 099 099 099 099 099 099 099 099 099
099 099 099 099 099 099 099 099 099 099 099 099 099 099 099 099 099 099 099 099 099 099 099 099 099 099 099 099
099 099 099 099 099 099 099 099 099 099 099 099 099 099 099 099 099 099 099 099 099 099 099 099 099 099 099 099
099 099 099 099 099 099 099 099 099 099 099 099 099 099 099 099 099 099 099 099 099 099 099 099 099 099 099 099
099 099 099 099 099 099 099 099 099 099 099 099 099 099 099 099 099 099 099 099 099 099 099 099 099 099 099 099
099 099 099 099 099 099 099 099 099 099 099 099 099 099 099 099 099 099 099 099 099 099 099 099 099 099 099 099
099 099 099 099 099 099 099 099 099 099 099 099 099 099 099 099 099 099 099 099 099 099 099 099 099 099 099 099
099 099 099 099 099 099 099 099 099 099 099 099 099 099 099 099 099 099 099 099 099 099 099 099 099 099 099 099
099 099 099 099 099 099 099 099 099 099 099 099 099 099 099 099 099 099 099 099 099 099 099 099 099 099 099 099
099 099 099 099 099 099 099 099 099 099 099 099 099 099 099 099 099 099 099 099 099 099 099 099 099 099 099 099
099 099 099 099 099 099 099 099 099 099 099 099 099 099 099 099 099 099 099 099 099 099 099 099 099 099 099 099
099 099 099 099 099 099 099 099 099 099 099 099 099 099 099 099 099 099 099 099 099 099 099 099 099 099 099 099
099 099 099 899 899 899 899 899 899 099 099 099 099 099 099 099 099 099 099 099 099 099 099 099 099 099 099 099
099 099 099 099 099 099 099 099 099 099 099 099 099 099 099 099 099 099 099 099 099 099 099 099 099 099 099 099
099 099 099 099 099 099 099 099 099 099 099 099 099 099 099 099 099 099 099 099 099 099 099 099 099 099 099 099
099 099 099 099 099 099 099 099 099 099 099 099 099 099 099 099 099 099 099 099 099 099 099 099 099 099 099 099
099 099 099 099 099 099 099 099 099 099 099 099 099 099 099 099 099 099 099 099 099 099 099 099 099 099 099 099
099 099 099 099 099 099 099 099 099 099 099 099 099 099 099 099 099 099 099 099 099 099 099 099 099 099 099 099
099 099 099 099 099 099 099 099 099 099 099 099 099 099 099 099 099 099 099 099 099 099 099 099 099 099 099 099
099 099 099 099 099 099 099 099 099 099 099 099 099 099 099 099 099 099 099 099 099 099 099 099 099 099 099 099
099 099 099 099 099 099 099 099 099 099 099 099 099 099 099 099 099 099 099 099 099 099 099 099 099 099 099 099
099 099 099 099 099 099 099 099 099 099 099 099 099 099 099 099 099 099 099 099 099 099 099 099 099 099 099 099
099 099 099 099 099 099 099 099 099 099 099 099 099 099 099 099 099 099 099 099 099 099 099 099 099 099 099 099
099 099 099 099 099 099 099 099 099 099 099 099 099 099 099 099 099 099 099 099 099 099 099 099 099 099 099 099
099 099 099 099 099 099 099 099 099 099 099 099 099 099 099 099 099 099 099 099 099 099 099 099 099 099 099 099
099 099 099 099 099 099 099 099 099 099 099 099 099 099 099 099 099 099 099 099 099 099 099 099 099 099 099 099=
QI=
QE=
QU=
QN=
QH=
QC=
QV=
QR6
899 899 899
099 899 899
099 899 899
099 099 099
899 099 899
099 099 099
099 099 099
099 099 099
099 099 099
099 099 099
099 099 099
099 099 099
099 099 099
099 099 099
099 099 099
099 099 099
099 099 099
899 099 899
099 099 099
099 899 899
099 099 099
099 099 099
099 099 099
099 899 899
099 099 099
099 899 899
899 099 899
099 099 099
099 099 099
099 899 099
099 099 099=
099 899 099 099 099 099 099 099 099 099 099 099 099 099 899 099 099 099 099 099 099 099 099 099
099 099 099 099 099 099 099 099 099 099 099 099 099 099 099 099 099 099 099 099 099 899 099 099
099 099 099 099 099 099 099 099 099 099 099 099 099 099 099 099 899 099 099 099 099 099 099 099
099 099 099 099 099 099 099 099 099 099 099 099 099 099 099 099 099 099 099 099 099 099 099 099
099 899 099 099 099 099 099 099 099 099 099 099 099 099 099 099 099 099 099 099 099 099 099 099
099 099 099 099 099 099 099 099 099 099 099 099 099 099 099 099 099 099 099 099 099 099 099 099
099 099 099 099 099 099 099 099 099 099 099 099 099 099 099 099 099 099 099 099 099 099 099 099
099 099 099 099 099 099 099 099 099 099 099 099 099 099 099 099 099 099 099 099 099 099 099 099
099 099 099 099 099 099 099 099 099 099 099 099 899 099 099 899 099 099 099 099 099 099 099 099
099 099 099 099 099 099 099 099 099 099 099 099 099 099 099 099 099 099 099 099 099 099 099 099
099 099 099 099 099 099 099 099 099 099 099 099 099 099 099 099 099 099 099 099 099 099 099 099
099 099 099 099 099 099 099 099 099 099 099 099 099 099 899 099 099 099 099 099 099 099 099 099
099 099 099 099 099 099 099 099 099 099 099 099 099 099 099 099 099 099 099 099 099 099 099 899
099 099 099 099 099 099 099 099 099 099 099 099 099 099 099 099 099 099 099 099 099 099 099 099
099 099 099 099 099 099 099 099 099 099 099 099 099 099 099 099 099 099 099 099 099 099 099 099
099 099 099 099 099 099 099 099 099 099 099 099 099 099 099 099 099 099 099 099 899 099 899 099
099 099 099 099 099 099 099 099 099 099 099 099 099 099 099 099 099 099 099 099 099 099 099 099
099 099 099 899 899 899 899 899 899 099 099 099 099 099 099 099 099 099 099 099 099 099 099 099
099 099 099 099 099 099 099 099 099 099 099 099 099 099 099 099 099 099 099 099 099 099 099 099
099 099 099 099 099 099 099 099 099 099 099 099 099 899 099 099 099 099 099 099 099 099 099 099
099 099 099 099 099 099 099 099 099 099 099 099 099 099 099 099 099 099 099 099 099 099 099 099
099 099 099 099 099 099 099 099 099 099 099 099 099 099 099 099 099 099 099 099 099 099 099 099
099 099 099 099 099 099 099 099 099 099 099 099 099 099 099 099 099 099 099 099 099 099 099 099
099 099 099 099 099 099 099 099 099 099 099 099 099 099 099 099 099 099 099 099 099 899 099 099
099 099 099 099 099 099 099 099 099 099 099 099 099 099 099 099 099 099 099 099 099 099 099 099
099 099 099 099 099 099 099 099 099 099 099 099 099 099 099 099 099 899 099 099 099 099 099 099
899 099 099 099 099 099 099 099 899 099 099 099 099 099 099 099 099 099 099 099 099 099 099 099
099 099 099 099 099 099 099 099 099 099 099 099 099 099 099 099 099 099 099 099 099 099 099 099
099 099 099 099 099 099 099 099 099 099 099 099 099 099 099 099 099 099 099 099 099 099 099 099
099 099 099 099 099 099 099 099 099 099 099 099 099 099 099 099 099 099 099 099 099 099 099 899
099 099 099 099 099 099 099 099 099 099 099 099 099 099 099 099 099 099 099 099 099 099 099 099=
099 899 099=
QW=
QL=
QZ=
QG=
QFN
099 099 099 099 099 099 099 099 099 099 099 099 099 099 099 099 099 099 099 099 099 099 099 099
099 099 099 099 099 099 099 099 099 099 099 099 099 099 099 099 099 099 099 099 099 099 099 099
099 099 099 099 099 099 099 099 099 099 099 099 099 099 099 099 099 099 099 099 099 099 099 099
099 099 099 099 099 099 099 099 099 099 099 099 099 099 099 099 099 099 099 099 099 099 099 099
099 099 099 099 099 099 099 099 099 099 099 099 099 099 099 099 099 099 099 099 099 099 099 099
099 099 099 099 099 099 099 099 099 099 099 099 099 099 099 099 099 099 099 099 099 099 099 099
099 099 099 099 099 099 099 099 099 099 099 099 099 099 099 099 099 099 099 099 099 099 099 099
099 099 099 099 099 099 099 099 099 099 099 099 099 099 099 099 099 099 099 099 099 099 099 099
099 099 099 099 099 099 099 099 099 099 099 099 099 099 099 099 099 099 099 099 099 099 099 099
099 099 099 099 099 099 099 099 099 099 099 099 099 099 099 099 099 099 099 099 099 099 099 099
099 099 099 099 099 099 099 099 099 099 099 099 099 099 099 099 099 099 099 099 099 099 099 099
099 099 099 099 099 099 099 099 099 099 099 099 099 099 099 099 099 099 099 099 099 099 099 099
099 099 099 099 099 099 099 099 099 099 099 099 099 099 099 099 099 099 099 099 099 099 099 099
099 099 099 099 099 099 099 099 099 099 099 099 099 099 099 099 099 099 099 099 099 099 099 099
099 099 099 099 099 099 099 099 099 099 099 099 099 099 099 099 099 099 099 099 099 099 099 099
099 099 099 099 099 099 099 099 099 099 099 099 099 099 099 099 099 099 099 099 099 099 099 099
099 099 099 099 099 099 099 099 099 099 099 099 099 099 099 099 099 099 099 099 099 099 099 099
099 099 099 899 899 899 899 899 899 099 099 099 099 099 099 099 099 099 099 099 099 099 099 099
099 099 099 099 099 099 099 099 099 099 099 099 099 099 099 099 099 099 099 099 099 099 099 099
099 099 099 099 099 099 099 099 099 099 099 099 099 099 099 099 099 099 099 099 099 099 099 099
099 099 099 099 099 099 099 099 099 099 099 099 099 099 099 099 099 099 099 099 099 099 099 099
099 099 099 099 099 099 099 099 099 099 099 099 099 099 099 099 099 099 099 099 099 099 099 099
099 099 099 099 099 099 099 099 099 099 099 099 099 099 099 099 099 099 099 099 099 099 099 099
099 099 099 099 099 099 099 099 099 099 099 099 099 099 099 099 099 099 099 099 099 099 099 099
099 099 099 099 099 099 099 099 099 099 099 099 099 099 099 099 099 099 099 099 099 099 099 099
099 099 099 099 099 099 099 099 099 099 099 099 099 099 099 099 099 099 099 099 099 099 099 099
099 099 099 099 099 099 099 099 099 099 099 099 099 099 099 099 099 099 099 099 099 099 099 099
099 099 099 099 099 099 099 099 099 099 099 099 099 099 099 099 099 099 099 099 099 099 099 099
099 099 099 099 099 099 099 099 099 099 099 099 099 099 099 099 099 099 099 099 099 099 099 099
099 099 099 099 099 099 099 099 099 099 099 099 099 099 099 099 099 099 099 099 099 099 099 099
099 099 099 099 099 099 099 099 099 099 099 099 099 099 099 099 099 099 099 099 099 099 099 099=
099 099 099 099 099 099 099 099 099 099 099 099 099 099 099 099 099 099 099 099 099 099 099 099
099 099 099 099 099 099 099 099 099 099 099 099 099 099 099 099 099 099 099 099 099 099 099 099
099 099 099 099 099 099 099 099 099 099 099 099 099 099 099 099 099 099 099 099 099 099 099 099
099 099 099 099 099 099 099 099 099 099 099 099 099 099 099 099 099 099 099 099 099 099 099 099
099 099 099 099 099 099 099 099 099 099 099 099 099 099 099 099 099 099 099 099 099 099 099 099
099 099 099 099 099 099 099 099 099 099 099 099 099 099 099 099 099 099 099 099 099 099 099 099
099 099 099 099 099 099 099 099 099 099 099 099 099 099 099 099 099 099 099 099 099 099 099 099
099 099 099 099 099 099 099 099 099 099 099 099 099 099 099 099 099 099 099 099 099 099 099 099
099 099 099 099 099 099 099 099 099 099 099 099 099 099 099 099 099 099 099 099 099 099 099 099
099 099 099 099 099 099 099 099 099 099 099 099 099 099 099 099 099 099 099 099 099 099 099 099
099 099 099 099 099 099 099 099 099 099 099 099 099 099 099 099 099 099 099 099 099 099 099 099
099 099 099 099 099 099 099 099 099 099 099 099 099 099 099 099 099 099 099 099 099 099 099 099
099 099 099 099 099 099 099 099 099 099 099 099 099 099 099 099 099 099 099 099 099 099 099 099
099 099 099 099 099 099 099 099 099 099 099 099 099 099 099 099 099 099 099 099 099 099 099 099
099 099 099 099 099 099 099 099 099 099 099 099 099 099 099 099 099 099 099 099 099 099 099 099
099 099 099 099 099 099 099 099 099 099 099 099 099 099 099 099 099 099 099 099 099 099 099 099
099 099 099 099 099 099 099 099 099 099 099 099 099 099 099 099 099 099 099 099 099 099 099 099
099 099 099 899 899 899 899 899 899 099 099 099 099 099 099 099 099 099 099 099 099 099 099 099
099 099 099 099 099 099 099 099 099 099 099 099 099 099 099 099 099 099 099 099 099 099 099 099
099 099 099 099 099 099 099 099 099 099 099 099 099 099 099 099 099 099 099 099 099 099 099 099
099 099 099 099 099 099 099 099 099 099 099 099 099 099 099 099 099 099 099 099 099 099 099 099
099 099 099 099 099 099 099 099 099 099 099 099 099 099 099 099 099 099 099 099 099 099 099 099
099 099 099 099 099 099 099 099 099 099 099 099 099 099 099 099 099 099 099 099 099 099 099 099
099 099 099 099 099 099 099 099 099 099 099 099 099 099 099 099 099 099 099 099 099 099 099 099
099 099 099 099 099 099 099 099 099 099 099 099 099 099 099 099 099 099 099 099 099 099 099 099
099 099 099 099 099 099 099 099 099 099 099 099 099 099 099 099 099 099 099 099 099 099 099 099
099 099 099 099 099 099 099 099 099 099 099 099 099 099 099 099 099 099 099 099 099 099 099 099
099 099 099 099 099 099 099 099 099 099 099 099 099 099 099 099 099 099 099 099 099 099 099 099
099 099 099 099 099 099 099 099 099 099 099 099 099 099 099 099 099 099 099 099 099 099 099 099
099 099 099 099 099 099 099 099 099 099 099 099 099 099 099 099 099 099 099 099 099 099 099 099
099 099 099 099 099 099 099 099 099 099 099 099 099 099 099 099 099 099 099 099 099 099 099 099=
099 099 099 099
099 099 099 099
099 099 099 099
099 099 099 099
099 099 099 099
099 099 099 099
099 099 099 099
099 099 099 099
099 099 099 099
099 099 099 099
099 099 099 099
099 099 099 099
099 099 099 099
099 099 099 099
099 099 099 099
099 099 099 099
099 099 099 099
099 099 099 099
099 099 099 099
099 099 099 099
099 099 099 099
099 099 099 099
099 099 099 099
099 099 099 099
099 099 099 099
099 099 099 099
099 099 099 099
099 099 099 099
099 099 099 099
099 099 099 099
099 099 099 099=
QD=
QK=
QA=
QS=
QB=
=
******
YF
O2190
河南省洛阳市
豫宜阳高村
宜阳县高村乡烟站
丘陵
田明
梁胜利
梁胜利
梁胜利
王国安
梁胜利
20081127=
JY
8888=
GK
01/本月本站平均温度24.7℃，总降水量75.0毫米。
02/本月主要降水过程出现在7日、9-10日、12-14日、16-17日、21日、28-30日。
05/=
BZ
BB/11/更正气温日最高极值出现时间为05时01分。
BB/18/更正气温日最高极值出现时间为05时01分。
BB/18/24时到5时正点数据缺测。
00/343459/1115147
10/343459/1115147
10/24/24小时连续观测
11/不守班=
######
