O2190 3435N 11152E 004500 004500 105 000 S15 91999999919999199999 0 2010 03
P=
TB
0018 0012 0009 0007 0008 0010 0007 0003 0003 -003 -010 -016
-015 -017 -016 -014 -009 -007 -006 -006 -005 -004 -005 -004 0019 2003 -018 0926.
-003 -003 -003 -006 -007 0000 0004 0023 0027 0032 0041 0043
0045 0067 0072 0087 0096 0093 0096 0086 0081 0070 0060 0045 0103 1434 -008 0038.
0045 0040 0036 0034 0033 0031 0029 0029 0026 0022 0022 0017
0010 0008 0008 0010 0017 0022 0024 0025 0024 0023 0019 0018 0045 2001 0006 1031.
0014 0006 0002 0001 0007 0004 0005 0006 0010 0008 0007 0013
0018 0022 0024 0027 0040 0055 0060 0062 0066 0060 0051 0054 0070 1448 0001 2316.
0054 0055 0049 0046 0045 0051 0049 0047 0043 0046 0045 0046
0055 0053 0024 0021 0005 0002 0005 0001 -007 -010 -006 -007 0067 0910 -010 1800.
-007 -008 -007 -007 -009 -010 -011 -012 -013 -016 -018 -018
-015 -013 -005 0007 0019 0021 0023 0022 0019 0014 0009 0007 0032 1407 -019 0719.
0003 -007 -006 -007 -004 -006 -006 -007 -007 -010 -013 -016
-012 -003 0011 0024 0025 0022 0021 0022 0020 0018 0016 0016 0027 1246 -016 0736.
0016 0007 0000 -006 -006 -007 -009 -010 -010 -010 -018 -030
-026 -018 -009 -004 -004 -001 0007 0014 0020 0032 -002 -009 0034 1739 -030 0743.
-018 -016 -005 0000 -001 -007 -012 -024 -027 -036 -041 -028
-013 -007 -002 0006 0010 0023 0028 0031 0022 0017 0001 -009 0036 1512 -042 0634.
-017 -021 -023 -026 -021 -020 -021 -032 -026 -033 -032 -001
0029 0057 0071 0089 0107 0113 0123 0141 0127 0106 0092 0076 0146 1619 -035 0344.
0053 0044 0037 0037 0036 0031 0033 0023 0031 0016 0033 0057
0084 0111 0114 0144 0166 0200 0218 0219 0217 0181 0163 0144 0227 1450 0016 0534.
0123 0137 0123 0121 0122 0125 0123 0123 0123 0119 0119 0128
0150 0177 0183 0184 0190 0187 0185 0178 0166 0152 0136 0127 0194 1240 0107 2032.
0119 0113 0108 0101 0096 0090 0076 0073 0073 0070 0065 0063
0061 0062 0060 0067 0076 0095 0096 0097 0091 0083 0077 0075 0127 2001 0059 0938.
0073 0071 0067 0063 0061 0059 0057 0054 0042 0036 0034 0026
0024 0027 0029 0031 0039 0059 0071 0071 0077 0079 0082 0082 0083 1907 0023 0850.
0088 0086 0080 0081 0083 0088 0078 0075 0069 0064 0059 0067
0083 0097 0108 0115 0111 0108 0108 0101 0101 0092 0080 0072 0118 1134 0058 0701.
0059 0045 0036 0029 0033 0031 0028 0024 0018 0013 0001 0033
0066 0091 0110 0121 0142 0161 0172 0173 0164 0154 0138 0112 0180 1543 -002 0649.
0103 0103 0093 0099 0094 0099 0103 0116 0123 0119 0115 0110
0140 0151 0163 0180 0195 0186 0162 0147 0130 0110 0093 0084 0213 1341 0083 1959.
0079 0074 0068 0066 0063 0062 0056 0055 0048 0042 0040 0043
0048 0052 0067 0082 0093 0111 0119 0118 0109 0099 0086 0075 0124 1509 0040 0656.
0064 0055 0041 0036 0038 0045 0046 0038 0036 0031 0027 0089
0163 0206 0256 0278 0292 0303 0301 0293 0282 0266 0244 0224 0309 1424 0027 0646.
0224 0216 0205 0196 0174 0158 0156 0146 0145 0140 0122 0116
0122 0125 0129 0135 0141 0150 0148 0150 0143 0134 0123 0116 0228 2009 0113 1935.
0111 0112 0106 0091 0079 0086 0075 0064 0055 0065 0066 0076
0087 0100 0105 0105 0116 0125 0126 0124 0127 0120 0108 0098 0128 1311 0055 0459.
0096 0094 0091 0086 0085 0086 0083 0080 0079 0086 0098 0128
0122 0096 0116 0109 0094 0093 0097 0100 0104 0103 0098 0098 0134 0822 0079 0443.
0096 0094 0092 0089 0088 0095 0077 0054 0050 0053 0049 0053
0064 0071 0077 0088 0086 0103 0106 0102 0098 0093 0087 0081 0109 1503 0049 0658.
0079 0074 0073 0074 0063 0060 0061 0067 0064 0059 0064 0077
0094 0108 0119 0124 0117 0116 0114 0115 0117 0110 0101 0088 0127 1122 0058 0144.
0075 0065 0065 0061 0065 0064 0063 0058 0060 0052 0044 0058
0072 0081 0086 0090 0107 0113 0116 0120 0115 0106 0085 0075 0125 1604 0043 0652.
0071 0065 0040 0043 0040 0025 0020 0011 0002 -002 0003 0038
0061 0075 0102 0131 0136 0142 0158 0158 0149 0139 0130 0126 0165 1520 -005 0537.
0120 0115 0107 0099 0104 0097 0098 0083 0065 0076 0082 0107
0135 0167 0179 0191 0197 0200 0207 0201 0201 0184 0159 0144 0210 1504 0062 0501.
0117 0102 0091 0083 0074 0068 0059 0051 0045 0037 0048 0063
0075 0101 0113 0124 0143 0145 0149 0147 0139 0128 0116 0107 0150 1501 0032 0544.
0099 0092 0086 0086 0085 0087 0087 0091 0091 0092 0093 0095
0096 0097 0100 0099 0105 0103 0096 0094 0091 0089 0089 0091 0107 2001 0084 2348.
0091 0089 0086 0085 0083 0081 0081 0082 0081 0081 0081 0084
0092 0099 0107 0111 0113 0130 0139 0141 0140 0133 0121 0108 0144 1544 0080 0213.
0100 0100 0098 0097 0091 0087 0078 0075 0068 0074 0066 0088
0116 0127 0153 0164 0162 0156 0152 0149 0144 0143 0121 0102 0167 1134 0062 0636=
I=
E=
U=
N=
H=
C=
V=
R6
0000 0000 0000
0000 0000 0000
0000 0000 0000
0000 0000 0000
0000 0000 0000
0000 0000 0000
0000 0000 0000
0000 0000 0000
0000 0000 0000
0000 0000 0000
0000 0000 0000
0000 0000 0000
0000 0000 0000
0000 0000 0000
0000 0000 0000
0000 0000 0000
0000 0000 0000
0000 0000 0000
0000 0000 0000
0000 0000 0000
0000 0001 0001
0000 0000 0000
0000 0000 0000
0000 0000 0000
0000 0000 0000
0000 0161 0161
0000 0000 0000
0000 0000 0000
0000 0041 0041
0001 0000 0001
0000 0002 0002=
0000 0000 0000 0000 0000 0000 0000 0000 0000 0000 0000 0000
0000 0000 0000 0000 0000 0000 0000 0000 0000 0000 0000 0000.
0000 0000 0000 0000 0000 0000 0000 0000 0000 0000 0000 0000
0000 0000 0000 0000 0000 0000 0000 0000 0000 0000 0000 0000.
0000 0000 0000 0000 0000 0000 0000 0000 0000 0000 0000 0000
0000 0000 0000 0000 0000 0000 0000 0000 0000 0000 0000 0000.
0000 0000 0000 0000 0000 0000 0000 0000 0000 0000 0000 0000
0000 0000 0000 0000 0000 0000 0000 0000 0000 0000 0000 0000.
0000 0000 0000 0000 0000 0000 0000 0000 0000 0000 0000 0000
0000 0000 0000 0000 0000 0000 0000 0000 0000 0000 0000 0000.
0000 0000 0000 0000 0000 0000 0000 0000 0000 0000 0000 0000
0000 0000 0000 0000 0000 0000 0000 0000 0000 0000 0000 0000.
0000 0000 0000 0000 0000 0000 0000 0000 0000 0000 0000 0000
0000 0000 0000 0000 0000 0000 0000 0000 0000 0000 0000 0000.
0000 0000 0000 0000 0000 0000 0000 0000 0000 0000 0000 0000
0000 0000 0000 0000 0000 0000 0000 0000 0000 0000 0000 0000.
0000 0000 0000 0000 0000 0000 0000 0000 0000 0000 0000 0000
0000 0000 0000 0000 0000 0000 0000 0000 0000 0000 0000 0000.
0000 0000 0000 0000 0000 0000 0000 0000 0000 0000 0000 0000
0000 0000 0000 0000 0000 0000 0000 0000 0000 0000 0000 0000.
0000 0000 0000 0000 0000 0000 0000 0000 0000 0000 0000 0000
0000 0000 0000 0000 0000 0000 0000 0000 0000 0000 0000 0000.
0000 0000 0000 0000 0000 0000 0000 0000 0000 0000 0000 0000
0000 0000 0000 0000 0000 0000 0000 0000 0000 0000 0000 0000.
0000 0000 0000 0000 0000 0000 0000 0000 0000 0000 0000 0000
0000 0000 0000 0000 0000 0000 0000 0000 0000 0000 0000 0000.
0000 0000 0000 0000 0000 0000 0000 0000 0000 0000 0000 0000
0000 0000 0000 0000 0000 0000 0000 0000 0000 0000 0000 0000.
0000 0000 0000 0000 0000 0000 0000 0000 0000 0000 0000 0000
0000 0000 0000 0000 0000 0000 0000 0000 0000 0000 0000 0000.
0000 0000 0000 0000 0000 0000 0000 0000 0000 0000 0000 0000
0000 0000 0000 0000 0000 0000 0000 0000 0000 0000 0000 0000.
0000 0000 0000 0000 0000 0000 0000 0000 0000 0000 0000 0000
0000 0000 0000 0000 0000 0000 0000 0000 0000 0000 0000 0000.
0000 0000 0000 0000 0000 0000 0000 0000 0000 0000 0000 0000
0000 0000 0000 0000 0000 0000 0000 0000 0000 0000 0000 0000.
0000 0000 0000 0000 0000 0000 0000 0000 0000 0000 0000 0000
0000 0000 0000 0000 0000 0000 0000 0000 0000 0000 0000 0000.
0000 0000 0000 0000 0000 0000 0000 0000 0000 0000 0000 0000
0000 0000 0000 0000 0000 0000 0000 0000 0000 0000 0000 0000.
0000 0000 0000 0000 0000 0000 0000 0000 0000 0000 0000 0000
0000 0000 0000 0000 0001 0000 0000 0000 0000 0000 0000 0000.
0000 0000 0000 0000 0000 0000 0000 0000 0000 0000 0000 0000
0000 0000 0000 0000 0000 0000 0000 0000 0000 0000 0000 0000.
0000 0000 0000 0000 0000 0000 0000 0000 0000 0000 0000 0000
0000 0000 0000 0000 0000 0000 0000 0000 0000 0000 0000 0000.
0000 0000 0000 0000 0000 0000 0000 0000 0000 0000 0000 0000
0000 0000 0000 0000 0000 0000 0000 0000 0000 0000 0000 0000.
0000 0000 0000 0000 0000 0000 0000 0000 0000 0000 0000 0000
0000 0000 0000 0000 0000 0000 0000 0000 0000 0000 0000 0000.
0000 0000 0000 0000 0000 0000 0000 0000 0000 0000 0000 0000
0000 0000 0000 0161 0000 0000 0000 0000 0000 0000 0000 0000.
0000 0000 0000 0000 0000 0000 0000 0000 0000 0000 0000 0000
0000 0000 0000 0000 0000 0000 0000 0000 0000 0000 0000 0000.
0000 0000 0000 0000 0000 0000 0000 0000 0000 0000 0000 0000
0000 0000 0000 0000 0000 0000 0000 0000 0000 0000 0000 0000.
0000 0000 0000 0000 0000 0000 0000 0000 0000 0000 0000 0000
0000 0000 0000 0002 0001 0002 0004 0007 0016 0009 0000 0000.
0000 0000 0001 0000 0000 0000 0000 0000 0000 0000 0000 0000
0000 0000 0000 0000 0000 0000 0000 0000 0000 0000 0000 0000.
0000 0000 0000 0000 0000 0000 0000 0000 0000 0000 0000 0000
0000 0000 0000 0000 0000 0000 0000 0000 0000 0000 0002 0000=
0000 ////////// 00000=
W=
L=
Z=
G=
FN
PPC000 108024 105016 110011 054007 092014
102024 107026 077026 095032 089040 087041
067025 093046 092037 095038 054013 101040
105035 063011 043016 066011 049009 082003.
221007 302012 312014 278010 292012 300022
313027 313035 308022 311022 308033 294024
253011 314018 299013 310020 339016 351012
138014 093039 093038 103038 127034 147026.
140017 143016 101016 098016 083020 100016
084007 062008 085009 070015 090025 103026
092027 074010 099019 102035 104034 098030
143023 150016 117019 059018 072012 097010.
094023 PPC000 102006 PPC000 089010 091005
050005 102003 208007 PPC000 358012 352004
098015 267008 084016 146015 047006 309014
290019 284008 229025 265018 298014 261009.
280011 298014 255019 306018 255019 306019
281019 304017 298021 321039 246012 282014
281016 056017 078022 129049 102033 070014
101044 101041 106043 105035 061022 084020.
083028 066016 063013 060009 083022 054011
082015 077010 103035 093017 100021 098031
077026 079032 106033 096040 244019 058025
140013 140024 106017 095026 121013 166009.
088015 070011 093018 097015 091013 069009
065019 039016 087023 100034 100037 090040
088044 094063 118063 116043 118041 247052
108045 129043 117049 116024 123038 117038.
116029 091047 094057 090044 079020 071026
055032 065023 077016 068014 055021 088019
074020 030008 062009 324009 296011 297012
255021 263019 232020 315017 089028 066014.
018011 321016 329027 333027 324037 325038
322045 328037 325048 320044 312036 323039
315058 314076 321082 323060 320096 325077
327083 329070 315052 320055 315024 308013.
314022 296010 309013 231018 290015 260018
312017 303017 289018 292017 258011 314011
301021 315030 263019 297015 341031 324013
208010 229017 332035 003020 054007 151012.
084009 356011 354012 353014 338012 348005
060008 297013 292012 291007 263017 270017
318015 ////// 189015 192015 216016 288016
202027 225026 251026 349025 319024 223012.
335012 313019 329007 287015 315016 222016
295017 302018 316026 298018 326026 222011
169012 177021 071031 094050 072047 080049
068047 093059 092067 096072 092035 065036.
041026 083026 082027 066027 065028 076047
067036 073030 084029 194043 083048 087056
090054 086043 097058 070031 088056 088047
102054 091048 101050 092073 092066 099061.
102061 087063 093054 ////// 097052 072027
093035 095037 070014 072015 038022 027014
345008 264011 274011 297017 257027 298022
315054 313054 310036 297025 291021 303022.
307046 315046 311042 312039 314045 315075
314030 316032 310024 306026 306018 251019
287015 297034 317041 314058 316056 317072
319056 323046 317041 329037 330030 331026.
009008 129010 046010 039012 354010 090005
PPC000 006011 355008 355006 025009 046013
074016 105011 047019 157012 172014 087027
126027 118026 105027 098024 101015 019012.
011012 001011 346013 325017 298015 163016
234013 312033 308030 304024 310023 310023
309037 ////// 312010 207015 153034 097064
100052 091067 091041 080047 073044 063045.
067035 077034 071036 081028 069020 087013
107035 081022 091031 092027 090031 083023
068024 095036 061015 066020 113025 115014
112027 083037 090043 098035 109014 042008.
087024 085013 057011 001009 012007 027003
323010 295007 301016 277016 286018 290016
254013 290022 230020 323067 318055 319052
318073 315058 319032 266034 248022 248030.
248035 247027 248059 248067 248099 322065
248057 245073 248056 248096 329034 277045
309058 315094 324120 319104 318097 308050
320085 312070 327055 318030 306011 325025.
316026 321026 304012 PPC002 312013 285003
044003 061016 344009 055009 076027 041022
078033 078034 084035 087034 074035 087032
073028 098043 090036 081026 088025 078016.
060017 072015 130010 275003 290012 294013
300016 239011 299014 303016 289018 317041
330071 315041 307053 248029 260043 249037
273038 281040 262027 259018 243020 245021.
248022 280017 250022 346011 234013 191039
212038 288020 293011 203011 154003 052010
062010 145015 078017 146021 102037 101041
122030 099024 144028 123021 088012 070008.
126008 016020 081010 146011 342016 338008
327008 304019 228013 291012 290011 299011
293015 313042 313051 323053 324053 317058
318059 317061 320052 320043 324042 302015.
292013 293015 313030 331027 311036 296020
313042 310040 326050 335065 317031 322039
330064 312079 312071 324076 317063 300048
321061 312045 331047 315032 312020 320026.
319029 323016 253011 296010 274011 291003
300009 117009 033009 013009 353014 083015
122013 035008 016010 096012 108012 //////
273021 319042 ////// 314029 314029 317031.
307029 322027 321027 330027 323039 326034
299025 295011 334018 325028 323032 318021
316022 318055 307049 313078 316071 301053
330045 334028 318023 323019 012010 013013.
090048 084034 082036 110019 080018 092031
066014 087010 060014 071015 067016 095029
097041 080034 096033 093050 080035 119044
122051 097062 090044 085054 088040 084046.
081033 070029 083025 076028 086038 090027
076024 076041 084038 092041 096049 100054
071043 093040 074032 066022 091037 097043
093034 085027 075019 083022 092036 093026.
092022 114023 105018 068011 089010 PPC002
082012 081006 101006 161007 320006 PPC001
122005 113012 344006 227007 229005 240013
279005 173011 146008 134007 114007 077005.
011009 023010 329005 310010 309012 291007
032007 PPC001 047010 212004 111005 319010
099012 181009 079024 130016 146020 097017
116015 326005 321016 349043 325066 329063=
PPC002 107019 100015 105011 021008 092012
096018 109021 071021 091037 089043 090040
067024 093033 090040 092038 067024 096038
097037 051017 061018 069010 050008 087005.
231003 303011 310013 276012 285013 300019
303015 313034 310020 311022 306033 294021
240013 314018 308019 311021 335013 339013
142017 094032 096036 104033 126032 143026.
138018 122016 109016 093017 082014 102013
089011 076007 074008 063015 089019 096024
092022 083015 097019 097032 100028 096026
141024 138014 116015 063016 072011 091009.
102019 PPC001 100007 121003 089008 079005
046003 068005 207010 PPC000 004010 351006
091016 228008 103017 126019 343008 262013
272019 277010 232022 261018 289014 269011.
285012 299013 252017 303016 250019 304018
283017 300018 296021 322034 279017 286011
295029 066025 076018 126045 101039 068013
098047 098049 110037 104033 060016 081017.
084025 070015 062012 072011 084027 068013
078013 087010 102030 101017 101025 099032
070025 082026 102045 106029 200019 072018
125016 142026 112020 097029 118013 147014.
085013 066011 090020 106012 101010 066011
071015 060017 091026 096036 096032 094037
089046 091058 108065 122038 128043 238052
119046 125049 121046 116034 126039 121047.
118030 093045 095052 091036 072024 067023
062021 066023 077018 066012 057015 086013
070015 051010 074008 338008 262008 298013
282014 277019 244020 321017 090031 059014.
033007 314012 331026 332026 327035 326034
325042 328035 328054 322040 317038 320040
317069 315070 323077 320074 317086 321069
323075 325075 316061 319054 315024 309013.
313022 296012 305015 232011 292017 270018
303017 314013 287022 279014 275010 308012
301015 302023 290025 302017 327032 325017
242015 251008 330041 004019 067006 150012.
085008 359012 334010 353012 352011 001008
079006 292010 293012 289005 267015 270018
306010 ////// 190012 191012 209015 282013
209022 223027 248024 350023 315022 246012.
337013 316020 323006 302014 321011 240014
292018 301016 317024 300021 324027 242011
183010 183016 074029 090049 074046 082052
079047 091055 092062 095060 088038 070030.
056032 079025 076026 066025 063028 076037
064035 075029 086027 207046 091045 085052
086048 084050 093058 078047 086052 099044
097052 087049 095058 091062 092068 097059.
105061 091065 087044 ////// 091038 076029
089035 097039 067013 070017 037022 028017
339005 275009 277014 299018 271023 299022
316054 311059 306038 293029 294028 299025.
310040 315046 313040 310034 314045 317074
313028 313033 306022 310029 302019 260015
285015 297026 316048 312057 315060 316067
319053 322044 321040 327030 327032 331029.
005012 137010 047009 027010 356010 080006
053005 002009 017004 353005 016011 054011
079021 080016 081016 120015 151016 126016
138020 109022 110024 099027 098017 017012.
019011 000009 349012 328015 297016 161014
248014 309030 305028 303022 316027 317023
305033 ////// 328015 227018 166026 099057
089052 087061 086056 084053 080038 075049.
074046 087034 082042 078021 069025 090015
101030 082024 090031 093025 088030 092028
074022 093032 077023 102022 110023 083018
112022 089034 095038 103031 117016 062010.
086021 076009 055012 000009 014008 006006
318012 298006 306016 277013 293016 294018
248011 285024 259027 326063 322062 321060
320066 314058 319033 293032 243030 243027.
243030 241028 243046 256065 243095 301065
243074 241073 243055 243082 325049 275038
309060 316092 321097 318094 318090 311059
320077 313065 322051 319033 302010 324028.
319027 321028 306017 206003 303011 296005
039006 059014 358011 062011 079021 058031
075033 078033 082035 084034 080040 088034
077035 096042 088037 079030 085021 073016.
061018 064016 157010 277008 297009 292012
298013 256011 302013 300017 288021 313043
324070 315039 302043 260024 260039 255037
275032 277037 262027 258018 229016 244020.
250020 276018 254022 324005 197013 189028
226026 290019 281014 209011 158007 051009
084009 117013 074013 141016 105031 112032
130034 115026 131023 119019 092011 066006.
101013 024017 069008 148013 342016 341011
335009 305013 237012 275011 283013 299014
287020 312033 316044 324052 323069 321059
316055 316057 321053 322045 320041 302016.
292013 290011 316033 327026 317035 296022
315035 311039 321050 332065 321028 317045
328055 310065 313064 321072 319057 309044
324060 315047 323047 309029 312016 321026.
323029 323018 260008 289011 272008 266005
314010 123009 021010 011009 356013 083017
108012 046009 353013 082008 162015 //////
255017 323037 ////// 316027 314028 316030.
311029 320025 322028 330020 326038 327035
300019 267011 335014 325024 321031 317021
310023 311029 308051 316062 312050 309057
324042 321034 320030 325016 006008 009010.
084040 085032 079027 083022 074016 092027
071012 071011 061013 065016 069016 081020
097035 082034 102033 093047 099039 109048
116052 104053 086048 085054 088046 085041.
080035 074026 077025 076026 084037 090031
078020 083039 087041 092045 092043 096056
074035 092039 076033 066023 090033 099045
093033 086027 065016 083022 092031 097031.
099020 121023 101016 075011 086008 020007
060010 080006 093005 158008 PPC002 008005
118006 112012 312004 223007 227008 218007
287006 158007 127007 139007 125007 071006.
003009 017010 330005 307009 311013 291007
029007 156005 059005 219007 043007 319009
076015 183012 072026 126018 119020 090016
115015 317006 319013 347044 326053 329070=
049094 1020 066093 1052
040100 1806 064107 1819
039100 1413 048118 1209
023096 2107 035194 1659
060097 1532 098096 1529
047101 1058 075065 1104
067100 1058 092093 1058
054089 2322 079118 2008
089321 1325 136329 1041
044333 1655 058338 1651
036204 1525 054253 1556
068093 1650 098084 1417
080096 1918 099110 1701
073099 2119 099096 2118
075319 1236 101298 1410
032106 1633 048096 1645
069090 1650 100096 1718
049078 2058 079104 2010
072321 1233 114309 1516
110320 1124 163323 1212
048092 0835 070082 1227
071321 0858 099321 0859
041115 1454 062149 1549
077319 1248 110301 1240
084332 0534 113332 1226
042318 1543 068323 1635
066319 1133 099304 1138
061085 1713 091104 1405
059100 0739 074084 0803
033100 2006 047098 2005
078331 1956 096329 1918=
D=
K=
A=
S=
B=
??????
******
YF
O2190
河南省
豫宜阳高村
宜阳县高村乡烟站
丘陵；城镇；地面
空缺
计算机
计算机
计算机
计算机
计算机
20100407=
JY
8888=
GK
01/
05/=
BZ
BB/11/10时温度用正点前2分钟值代替。
BB/14/24时温度用正点前4分钟值代替。
BB/17/10时温度用正点前2分钟值代替。
BB/26/14时温度用正点前7分钟值代替。17时温度用正点前7分钟值代替。
00/343459/1115147
10/24/逐时观测
10/24/24时连续观测
11/不守班=
######
