O2192 3426N 11207E 003810 003810 105 000 S15 91999999919999199999 0 2011 06
P=
TB
0219 0198 0191 0169 0161 0157 0158 0142 0133 0134 0158 0207
0253 0283 0292 0316 0316 0323 0330 0313 0309 0296 0281 0262 0331 1502 0127 0536.
0249 0231 0217 0223 0195 0183 0168 0164 0160 0156 0178 0208
0248 0270 0303 0307 0322 0328 0338 0335 0336 0312 0297 0258 0347 1451 0153 0545.
0234 0219 0204 0184 0177 0165 0156 0152 0146 0146 0170 0239
0284 0311 0343 0345 0349 0353 0352 0343 0320 0307 0293 0278 0370 1427 0142 0523.
0262 0252 0224 0203 0199 0194 0166 0162 0149 0157 0189 0220
0249 0267 0305 0309 0325 0330 0328 0318 0303 0291 0281 0263 0340 1350 0146 0527.
0263 0257 0244 0230 0223 0215 0202 0193 0188 0185 0199 0224
0251 0287 0292 0305 0316 0314 0315 0316 0301 0296 0279 0260 0331 1532 0183 0536.
0247 0242 0239 0223 0215 0208 0194 0192 0183 0181 0197 0221
0259 0271 0298 0324 0343 0349 0360 0359 0355 0336 0311 0285 0369 1508 0179 0524.
0278 0281 0280 0263 0242 0229 0218 0216 0200 0192 0210 0248
0278 0314 0348 0361 0379 0397 0402 0399 0400 0389 0367 0294 0407 1453 0191 0556.
0273 0278 0265 0249 0230 0219 0213 0207 0200 0196 0214 0274
0312 0349 0373 0382 0395 0392 0392 0388 0381 0367 0352 0315 0401 1337 0196 0536.
0323 0309 0296 0285 0280 0274 0264 0257 0257 0246 0249 0255
0265 0271 0275 0292 0303 0293 0300 0287 0284 0276 0265 0254 0323 2057 0246 0559.
0247 0239 0231 0226 0226 0222 0220 0212 0213 0214 0221 0236
0258 0278 0290 0310 0332 0340 0344 0351 0346 0335 0322 0286 0353 1506 0212 0359.
0251 0243 0254 0230 0239 0237 0226 0205 0195 0191 0211 0256
0285 0303 0335 0349 0360 0374 0367 0369 0362 0352 0339 0311 0378 1352 0188 0537.
0277 0256 0242 0235 0228 0222 0214 0214 0208 0203 0219 0253
0279 0295 0314 0329 0331 0335 0346 0343 0340 0321 0305 0286 0354 1549 0202 0556.
0276 0265 0259 0259 0257 0249 0241 0232 0226 0225 0242 0262
0281 0309 0317 0327 0335 0328 0320 0317 0307 0309 0301 0277 0336 1301 0221 0529.
0267 0262 0251 0251 0248 0235 0221 0212 0201 0207 0224 0251
0268 0272 0286 0286 0292 0309 0313 0293 0289 0276 0264 0251 0320 1511 0200 0506.
0241 0233 0223 0216 0208 0205 0195 0185 0182 0184 0207 0233
0259 0281 0306 0304 0318 0338 0340 0341 0329 0309 0289 0275 0350 1423 0180 0437.
0269 0263 0254 0244 0234 0228 0221 0219 0209 0212 0220 0237
0263 0283 0287 0315 0321 0306 0299 0292 0305 0289 0280 0269 0330 1238 0207 0515.
0260 0256 0250 0246 0241 0236 0233 0226 0224 0221 0230 0235
0240 0244 0244 0248 0242 0238 0227 0225 0225 0221 0210 0206 0269 2001 0206 1953.
0204 0203 0199 0198 0199 0197 0195 0194 0193 0191 0198 0225
0238 0252 0262 0282 0300 0308 0315 0307 0299 0291 0276 0252 0319 1344 0191 0518.
0236 0235 0223 0222 0212 0207 0198 0190 0184 0182 0198 0231
0269 0297 0315 0320 0327 0339 0350 0351 0330 0319 0303 0288 0361 1524 0181 0534.
0279 0271 0262 0254 0245 0239 0233 0231 0226 0224 0224 0250
0244 0250 0273 0281 0284 0290 0301 0290 0304 0290 0276 0265 0312 1441 0223 0524.
0258 0253 0250 0248 0244 0240 0239 0238 0235 0235 0240 0251
0260 0281 0274 0266 0250 0241 0261 0251 0251 0247 0244 0238 0282 1001 0235 0450.
0234 0235 0232 0232 0229 0229 0223 0222 0222 0223 0232 0245
0253 0273 0272 0258 0274 0275 0277 0274 0278 0276 0263 0258 0281 1630 0222 0317.
0255 0249 0227 0223 0220 0220 0221 0217 0210 0205 0203 0207
0208 0213 0221 0232 0242 0252 0259 0280 0301 0282 0274 0245 0304 1710 0203 0650.
0226 0221 0204 0207 0197 0195 0185 0183 0191 0193 0205 0241
0288 0311 0321 0335 0352 0348 0364 0348 0336 0311 0292 0282 0367 1504 0183 0317.
0253 0212 0199 0200 0203 0198 0197 0196 0190 0190 0189 0190
0186 0191 0184 0182 0184 0190 0209 0204 0203 0204 0202 0198 0282 2003 0181 1206.
0194 0192 0189 0189 0184 0184 0183 0182 0181 0179 0192 0204
0226 0254 0273 0275 0289 0301 0304 0310 0306 0291 0276 0259 0317 1533 0178 0538.
0245 0236 0225 0221 0219 0218 0228 0209 0202 0202 0204 0215
0216 0226 0212 0240 0257 0285 0299 0295 0275 0284 0279 0255 0300 1547 0201 0533.
0238 0223 0215 0209 0197 0190 0184 0181 0175 0173 0192 0230
0258 0288 0303 0307 0332 0350 0347 0352 0349 0343 0330 0289 0366 1623 0173 0534.
0284 0276 0265 0260 0247 0243 0235 0233 0227 0217 0229 0263
0281 0316 0329 0343 0352 0361 0360 0365 0351 0335 0319 0303 0372 1521 0215 0539.
0296 0290 0285 0281 0276 0266 0253 0241 0230 0232 0254 0278
0313 0333 0347 0366 0369 0380 0389 0393 0375 0356 0337 0321 0402 1450 0225 0521=
I=
E=
U=
N=
H=
C=
V=
R6
0000 0000 0000
0000 0000 0000
0000 0000 0000
0000 0000 0000
0000 0000 0000
0000 0000 0000
0000 0000 0000
//// 0000 ////
0000 0025 0025
0000 0000 0000
0000 0000 0000
0000 0000 0000
0000 0000 0000
0000 0000 0000
0000 0000 0000
0000 0000 0000
0000 0000 0000
0001 0001 0002
0001 0000 0001
0000 0000 0000
0000 0000 0000
0000 0000 0000
0000 0000 0000
//// 0000 ////
0000 0000 0000
0000 0000 0000
0000 0000 0000
0000 0000 0000
0000 0000 0000
0000 0000 0000=
0000 0000 0000 0000 0000 0000 0000 0000 0000 0000 0000 0000
0000 0000 0000 0000 0000 0000 0000 0000 0000 0000 0000 0000.
0000 0000 0000 0000 0000 0000 0000 0000 0000 0000 0000 0000
0000 0000 0000 0000 0000 0000 0000 0000 0000 0000 0000 0000.
0000 0000 0000 0000 0000 0000 0000 0000 0000 0000 0000 0000
0000 0000 0000 0000 0000 0000 0000 0000 0000 0000 0000 0000.
0000 0000 0000 0000 0000 0000 0000 0000 0000 0000 0000 0000
0000 0000 0000 0000 0000 0000 0000 0000 0000 0000 0000 0000.
0000 0000 0000 0000 0000 0000 0000 0000 0000 0000 0000 0000
0000 0000 0000 0000 0000 0000 0000 0000 0000 0000 0000 0000.
0000 0000 0000 0000 0000 0000 0000 0000 0000 0000 0000 0000
0000 0000 0000 0000 0000 0000 0000 0000 0000 0000 0000 0000.
0000 0000 0000 0000 0000 0000 0000 0000 0000 0000 0000 0000
0000 0000 0000 0000 0000 0000 0000 0000 0000 0000 0000 0000.
0000 0000 0000 0000 //// //// //// 0000 0000 0000 0000 0000
0000 0000 0000 0000 0000 0000 0000 0000 0000 0000 0000 0000.
0000 0000 0000 0000 0000 0000 0000 0000 0000 0000 0000 0000
0000 0000 0000 0000 0000 0000 0000 0000 0025 0000 0000 0000.
0000 0000 0000 0000 0000 0000 0000 0000 0000 0000 0000 0000
0000 0000 0000 0000 0000 0000 0000 0000 0000 0000 0000 0000.
0000 0000 0000 0000 0000 0000 0000 0000 0000 0000 0000 0000
0000 0000 0000 0000 0000 0000 0000 0000 0000 0000 0000 0000.
0000 0000 0000 0000 0000 0000 0000 0000 0000 0000 0000 0000
0000 0000 0000 0000 0000 0000 0000 0000 0000 0000 0000 0000.
0000 0000 0000 0000 0000 0000 0000 0000 0000 0000 0000 0000
0000 0000 0000 0000 0000 0000 0000 0000 0000 0000 0000 0000.
0000 0000 0000 0000 0000 0000 0000 0000 0000 0000 0000 0000
0000 0000 0000 0000 0000 0000 0000 0000 0000 0000 0000 0000.
0000 0000 0000 0000 0000 0000 0000 0000 0000 0000 0000 0000
0000 0000 0000 0000 0000 0000 0000 0000 0000 0000 0000 0000.
0000 0000 0000 0000 0000 0000 0000 0000 0000 0000 0000 0000
0000 0000 0000 0000 0000 0000 0000 0000 0000 0000 0000 0000.
0000 0000 0000 0000 0000 0000 0000 0000 0000 0000 0000 0000
0000 0000 0000 0000 0000 0000 0000 0000 0000 0000 0000 0000.
0000 0000 0000 0000 0000 0000 0000 0000 0001 0000 0000 0000
0000 0000 0000 0000 0000 0000 0000 0001 0000 0000 0000 0000.
0000 0001 0000 0000 0000 0000 0000 0000 0000 0000 0000 0000
0000 0000 0000 0000 0000 0000 0000 0000 0000 0000 0000 0000.
0000 0000 0000 0000 0000 0000 0000 0000 0000 0000 0000 0000
0000 0000 0000 0000 0000 0000 0000 0000 0000 0000 0000 0000.
0000 0000 0000 0000 0000 0000 0000 0000 0000 0000 0000 0000
0000 0000 0000 0000 0000 0000 0000 0000 0000 0000 0000 0000.
0000 0000 0000 0000 0000 0000 0000 0000 0000 0000 0000 0000
0000 0000 0000 0000 0000 0000 0000 0000 0000 0000 0000 0000.
0000 0000 0000 0000 0000 0000 0000 0000 0000 0000 0000 0000
0000 0000 0000 0000 0000 0000 0000 0000 0000 0000 0000 0000.
0000 0000 0000 0000 //// 0000 0000 0000 0000 0000 0000 0000
0000 0000 0000 0000 0000 0000 0000 0000 0000 0000 0000 0000.
0000 0000 0000 0000 0000 0000 0000 0000 0000 0000 0000 0000
0000 0000 0000 0000 0000 0000 0000 0000 0000 0000 0000 0000.
0000 0000 0000 0000 0000 0000 0000 0000 0000 0000 0000 0000
0000 0000 0000 0000 0000 0000 0000 0000 0000 0000 0000 0000.
0000 0000 0000 0000 0000 0000 0000 0000 0000 0000 0000 0000
0000 0000 0000 0000 0000 0000 0000 0000 0000 0000 0000 0000.
0000 0000 0000 0000 0000 0000 0000 0000 0000 0000 0000 0000
0000 0000 0000 0000 0000 0000 0000 0000 0000 0000 0000 0000.
0000 0000 0000 0000 0000 0000 0000 0000 0000 0000 0000 0000
0000 0000 0000 0000 0000 0000 0000 0000 0000 0000 0000 0000.
0000 0000 0000 0000 0000 0000 0000 0000 0000 0000 0000 0000
0000 0000 0000 0000 0000 0000 0000 0000 0000 0000 0000 0000=
0000 ////////// 00000=
W=
L=
Z=
G=
FN
317006 PPC000 PPC002 PPC001 PPC000 215009
PPC002 159009 083005 PPC001 318006 PPC002
277009 126012 174011 101019 143025 147030
122014 139010 100008 105016 097009 106008.
110015 118013 223006 104014 336016 092006
168009 PPC000 PPC000 091006 144006 PPC001
310004 168012 072008 105016 332020 292013
297018 318029 276010 218019 233007 094010.
104009 102007 075004 113008 047006 PPC000
134010 116005 117005 167004 PPC000 298005
139013 322012 030013 136042 171031 127028
207016 099019 097029 103023 090016 107018.
106016 107015 PPC001 111008 PPC002 105009
123010 087006 078003 057005 077007 309011
283021 281022 347017 146032 104018 150026
106022 101025 113027 108013 109014 100006.
105012 110013 095009 135010 097010 141006
134010 PPC000 118005 PPC000 PPC000 340004
298019 006005 110019 139010 111018 145018
090011 120019 119015 117021 120010 145008.
110006 139011 103006 110006 110004 108003
PPC000 142006 098005 187004 003006 241005
246007 289016 296011 337014 168007 013013
035007 300011 134014 108014 104018 PPC002.
190006 309008 022040 134012 179015 161015
100008 237017 105006 159006 277006 306024
334014 271018 320025 311036 293031 299037
281028 262028 306027 290029 240004 107006.
093008 109008 351013 058011 ////// //////
////// 068007 057007 123011 107008 283011
315012 309026 313046 270047 284031 303050
301035 302042 308030 308027 346010 168011.
014023 352022 226011 010005 055009 122007
045003 073009 074009 251012 247010 323012
149007 239018 276017 275018 274037 286039
282037 273019 260018 246011 255043 261027.
256031 261032 244026 273029 248034 271025
274020 272018 302023 287028 281027 290020
278043 269049 303046 274052 269037 200034
237037 225027 247023 244040 255017 073009.
082012 022006 115013 PPC001 095008 110006
089007 197004 118007 005005 PPC001 321006
311011 281015 285008 322013 257035 271031
279046 296046 281044 278042 268028 301011.
192004 097006 048005 028008 286006 119003
200008 340004 146003 PPC000 PPC000 323008
291018 057012 108013 075015 071019 064014
099014 104021 106014 107029 112027 108021.
103014 113021 107016 104019 111016 112022
105013 110016 108015 112014 115017 114016
122027 108015 102013 110010 010007 101008
084007 200012 067008 139007 120018 096009.
102016 109016 115017 111020 111017 322008
191008 056009 170007 PPC001 345005 348003
282017 261011 122007 051017 063022 123030
103023 123042 104029 095027 097028 093022.
102033 109023 095025 042021 054018 045014
157007 151011 091011 136008 113011 075006
091010 048016 102013 102023 065014 128018
123029 127030 068023 036020 068032 028023.
028029 033027 035039 074034 079020 034018
032013 105016 085014 077011 077022 072019
073013 111025 065016 059024 040024 065029
074023 087034 084026 070031 081029 062025.
069035 086035 084029 062041 069027 083023
083025 114008 068010 331004 273010 011006
035013 310008 018016 287016 352009 348010
271017 270012 227008 165007 035006 189009.
108009 101006 099007 103005 PPC002 PPC002
093004 PPC002 076005 102005 094007 PPC001
181010 306017 006018 082007 087009 144016
061025 049008 056018 052011 055013 040008.
061006 096011 093007 031014 023004 052010
258005 046010 PPC000 123006 252010 225005
285012 142019 077008 154009 123033 117027
092012 103018 111022 109024 108020 111019.
103019 103022 116022 107017 103011 064011
078011 080015 078011 094010 102016 120009
099016 116016 136028 136028 134034 099023
055024 039017 043018 039023 041027 039017.
034018 043027 044015 040020 036010 033009
034010 035014 038011 029007 034011 047011
060012 062012 062010 047011 258026 268019
333018 324018 283016 265017 249025 231017.
288010 257013 269009 265022 307009 296010
311016 328019 322014 312010 296018 287017
257023 209027 276015 287028 218026 278023
249017 235016 243014 271023 267025 279022.
270033 283038 270033 287022 289030 290037
288036 280030 286034 287017 306018 289030
288013 274022 323028 309022 308008 303011
274008 265008 113015 155026 132010 111006.
100011 040007 PPC001 111010 ////// 117012
092004 141007 104009 128010 010008 312009
051004 159010 129032 135017 102014 114025
090010 098018 104019 099025 106037 083029.
023024 106014 162030 144035 007020 358011
219012 019010 128009 327008 089011 059017
112016 306009 099018 347011 010009 089011
033011 017012 348009 280008 PPC001 285007.
010005 296006 017007 352004 340009 318007
PPC000 PPC000 PPC001 243003 321011 287014
278016 007016 065005 296017 302014 305012
311021 254011 157019 165024 170025 119010.
113005 124008 106008 093004 006003 045005
321023 321024 347013 324014 353012 317028
324018 322019 313026 301041 309031 315034
301041 318039 297028 314013 314014 352005.
PPC000 176009 PPC002 080006 120007 PPC002
PPC001 126006 PPC001 153004 291006 314009
339012 316016 329014 144013 309024 089017
171021 145009 144023 099013 096003 074003.
102013 097016 112016 105022 104011 109018
117018 104008 284013 327007 339003 PPC001
299014 043012 112015 087017 071011 108020
124022 108024 105012 106018 114029 090023.
096012 101028 114022 115025 123018 115014
108004 298008 PPC001 123011 096009 105020
069011 087023 102026 269008 139016 068011
112035 085028 093023 072026 085029 086021=
080007 PPC001 067004 PPC002 PPC000 277008
104004 221007 080004 074004 320006 314003
290011 119012 147013 108016 145023 152023
124011 132011 103008 101014 100009 105010.
112015 116014 230008 097013 326014 100006
182007 PPC000 PPC000 106005 139006 PPC002
306009 184011 107008 114014 352015 318014
303021 308025 206009 214020 226010 096009.
105009 103006 071003 113007 086005 PPC001
132008 127005 128006 147004 PPC001 261004
139013 015010 003011 121029 160031 114025
160015 099020 106033 104022 097015 107018.
107015 109016 PPC002 114006 PPC002 109010
142008 092005 128004 065004 062007 304010
287020 290020 358013 141027 089017 143026
106023 106024 112028 113016 110014 105007.
103012 103013 102010 123010 101010 194005
154010 PPC002 156006 PPC001 PPC000 347004
306016 359005 116017 137017 130020 135017
099012 111016 121016 115020 121010 129008.
109006 146011 108004 132005 097003 148003
PPC001 138007 105006 237004 358005 218005
288006 287016 302012 344013 154009 044014
112010 255012 129013 106016 102018 086004.
111007 326008 019042 116015 183012 160015
096008 206012 124007 180007 270005 310020
332016 271018 319021 310029 298034 305033
270031 268031 304029 280028 238007 103007.
089009 096009 314015 034010 ////// //////
////// 057008 056005 118009 109008 289008
299015 313029 317045 291042 288035 302047
299038 300040 305034 308027 340010 176010.
024021 052020 310012 044006 092009 102007
039004 083009 067008 263011 239009 326014
158008 233018 276018 277019 277036 286036
286036 272018 263017 243010 258037 261028.
258031 266031 258027 271031 250034 265026
266023 276019 299023 288026 281025 295022
274045 267042 302045 269042 271037 205035
228039 218027 239028 244036 248021 073009.
091012 023007 116012 PPC001 088007 108007
099009 140004 105005 005005 001003 313004
308012 305018 264010 353011 260034 280036
284044 291046 274045 274040 269029 295013.
196004 080006 072006 055007 336006 129004
272009 328006 142004 123003 PPC001 318007
288016 047014 097013 059012 074021 079015
097015 107022 102016 102024 114027 108020.
107016 108019 103018 102017 115015 112020
106013 113016 108013 114015 115014 113015
116025 106014 100013 107010 053009 108009
106008 073010 080009 112007 120019 098008.
102014 106015 115016 113020 117017 331008
150007 051008 180007 138003 022003 257004
279015 299017 067011 049016 054018 122031
099023 113038 103029 096027 096026 095023.
102029 109021 093023 048023 050019 044013
147007 152011 086008 127008 112009 097009
094011 052016 102014 109025 076022 112018
114025 121025 072022 035023 063028 029023.
027031 033031 034038 075033 079020 034015
031011 095016 085014 078011 077023 078019
091016 102026 072024 065023 041021 064024
076027 083035 086031 074030 076025 066025.
067029 085036 081025 068035 072035 081026
082025 104010 096009 311007 274011 329007
048015 317013 005015 333011 324014 014009
294016 271013 240009 170005 020004 190008.
105009 111007 096005 101004 PPC002 PPC002
112004 PPC002 075003 091004 063006 PPC001
202008 299018 020016 068009 075012 105014
060021 059012 058019 054011 055014 039009.
065006 089009 093009 030011 026005 045008
267006 050007 PPC001 135007 248009 200005
292011 114016 075011 089014 135032 120029
089014 119019 112024 106021 113025 104018.
102019 101020 109021 106019 104011 063011
083010 082015 080014 092011 095016 102011
099021 117017 131027 132026 142034 104024
067025 045020 042023 042025 042025 041017.
037016 042022 040015 039019 036011 030008
035010 035014 035010 031008 031012 040012
060013 062011 069010 053011 269026 271018
317020 313017 286016 270017 247024 231018.
287011 259013 254011 264022 300011 294011
303017 328018 324013 309011 287017 289015
266023 230025 269014 285030 216027 272027
246019 235015 230015 267026 266030 280022.
274040 285036 272033 290024 291030 290036
286036 278032 285030 285017 305019 293031
287015 285022 321029 313022 308008 315012
294009 276009 119011 160025 133010 105008.
098011 047007 097005 109009 ////// 119012
100006 138008 104011 117012 347006 292009
352007 162009 124028 071016 099015 114023
091011 098022 099021 107025 098032 085028.
038027 095015 169026 143029 349017 357016
262013 175013 180010 323010 074010 047013
111016 275011 073016 355011 042012 066012
017013 034010 344008 256007 PPC001 296008.
006005 275005 030007 349004 336009 322007
PPC001 PPC000 213003 248004 315011 301013
282014 336015 010005 291017 312014 350012
328018 269011 160018 164026 167025 119010.
107005 203006 116007 105005 005005 048003
324021 318023 344013 328012 001010 320024
319018 315024 309029 300034 307031 311035
315036 311037 297026 309014 309015 327006.
PPC001 189007 164005 083006 120007 110005
PPC002 114006 PPC001 156003 266007 313010
334014 334015 342015 137016 294025 086017
148025 188012 137019 110013 099004 086005.
102013 098015 110016 108020 125014 109018
115017 097009 291013 329007 350005 PPC001
305016 047011 111014 085017 071012 111020
124020 101019 097015 108020 110029 097019.
106015 102026 114019 115024 123019 114013
112005 357006 PPC001 121010 095009 102018
078014 086018 101022 219010 109018 095017
117034 083026 086025 075025 083024 084020=
030179 1405 064173 1406
035332 1309 053292 1325
043143 1246 089114 1714
034134 1205 067160 1333
024145 1232 045155 1309
028163 1308 052141 1307
048303 1635 093009 2255
059306 1322 099305 1303
043256 1311 069290 1332
057271 0952 095284 1223
054285 1546 096303 1353
040120 1827 094127 1819
029117 0731 061121 2022
042110 1524 084080 1446
036045 1853 089041 1838
038032 2219 116095 1649
040073 0058 103095 2208
028070 1634 052058 1651
039154 1431 070122 1719
041139 1306 083053 1705
030254 1328 055059 2011
041285 1238 074296 1236
049278 2056 082260 2053
041106 1931 102113 1830
065009 2143 111054 2129
031166 1928 046164 1815
045307 1529 087299 1529
031328 1237 058161 1455
035129 1325 087129 1821
039093 1709 090079 1711=
D=
K=
A=
S=
B=
??????
******
YF
O2192
河南省
豫宜阳赵堡
宜阳县赵堡乡烟叶收购站
丘陵；城镇；地面
空缺
计算机
计算机
计算机
计算机
计算机
20120208=
JY
8888=
GK
01/
05/=
BZ
BB/08/01时气温用正点前4分钟值代替。02时气温用正点前10分钟值代替。03时气温用正点前10分钟值代替。
BB/24/01时气温用正点前4分钟值代替。
00/342532/1120637
10/24/逐时观测
10/24/24时连续观测
11/不守班=
######
