O2198 3338N 11157E 005610 005610 105 000 S15 91999999919999199999 0 2012 03
P=
TB
0025 0022 0021 0018 0017 0014 0014 0014 0013 0014 0014 0018
0019 0023 0014 0013 0017 0023 0033 0036 0032 0030 0024 0033 0040 1606 0011 1227.
0031 0032 0029 0023 0022 0021 0025 0023 0024 0022 0019 0018
0017 0016 0017 0021 0022 0017 0024 0030 0028 0021 0015 0014 0033 2001 0014 1918.
0012 0011 0008 0005 0005 0004 0002 0002 0002 0003 0002 0002
0001 0006 0015 0021 0021 0019 0020 0018 0015 0007 0004 0002 0026 1139 0000 0835.
0002 0001 -001 -003 -004 -005 -007 -008 -009 -011 -010 -008
-007 -007 -001 -002 0003 0006 0009 0008 0007 0006 0006 0005 0014 1515 -012 0546.
0004 0004 0004 0003 0002 0002 0002 0000 -003 -002 -003 -001
0010 0021 0029 0062 0085 0098 0092 0091 0087 0078 0068 0037 0105 1329 -004 0509.
0027 0012 0005 -002 -007 -001 0005 0061 0061 0060 0062 0065
0072 0085 0103 0123 0124 0127 0132 0132 0116 0098 0087 0080 0141 1450 -009 0106.
0057 0053 0046 0043 0036 0039 0034 0032 0035 0021 0025 0032
0052 0077 0109 0117 0121 0119 0107 0099 0091 0083 0066 0065 0136 1238 0019 0605.
0063 0064 0059 0049 0045 0043 0031 0032 0027 0025 0027 0034
0052 0062 0077 0078 0080 0084 0065 0046 0048 0037 0032 0032 0088 1228 0024 0525.
0033 0029 0017 0013 0000 -007 -014 -015 -010 -006 -005 0000
0021 0043 0052 0060 0064 0065 0069 0071 0067 0060 0047 0029 0075 1519 -019 0417.
0015 0006 -004 -010 -010 -015 -013 -019 -022 -021 -026 -015
0020 0070 0126 0139 0149 0156 0153 0139 0124 0116 0085 0074 0167 1416 -028 0547.
0069 0052 0042 0033 0032 0021 0017 0020 0015 0018 0018 0023
0040 0044 0049 0068 0082 0094 0084 0078 0063 0049 0037 0028 0095 1402 0010 0550.
0009 -002 -014 -023 -023 -030 -028 -036 -037 -040 -040 -025
0001 0034 0051 0068 0089 0097 0099 0103 0090 0080 0050 0037 0106 1521 -044 0613.
0024 0018 0005 0003 0001 -003 -005 -008 -012 -018 -019 -004
0039 0099 0145 0156 0171 0170 0158 0151 0139 0127 0098 0076 0171 1227 -021 0639.
0057 0050 0042 0033 0021 0022 0014 0011 0005 0011 0010 0030
0058 0087 0133 0146 0148 0155 0154 0149 0145 0138 0130 0127 0164 1340 0004 0450.
0122 0116 0112 0108 0103 0095 0087 0084 0079 0070 0065 0062
0062 0059 0057 0057 0059 0063 0061 0058 0055 0055 0058 0052 0127 2001 0052 1959.
0055 0053 0046 0049 0041 0032 0017 0011 0005 0009 0010 0021
0051 0087 0147 0166 0167 0181 0172 0152 0139 0124 0101 0079 0189 1428 0002 0509.
0068 0061 0052 0046 0040 0035 0034 0030 0031 0027 0029 0043
0077 0112 0162 0181 0189 0192 0182 0175 0165 0154 0131 0100 0197 1406 0026 0547.
0094 0085 0076 0064 0068 0062 0054 0046 0042 0042 0038 0058
0103 0149 0149 0139 0139 0143 0133 0120 0107 0092 0082 0072 0154 1039 0037 0628.
0059 0049 0046 0046 0045 0044 0040 0042 0035 0032 0034 0034
0036 0031 0035 0040 0051 0058 0034 0021 0018 0027 0028 0031 0071 2001 0017 1634.
0023 0012 0012 0012 0009 0012 0014 0015 0008 0009 0009 0009
0021 0040 0050 0065 0062 0065 0057 0059 0056 0048 0044 0042 0070 1237 0006 0722.
0040 0040 0037 0035 0036 0037 0035 0040 0040 0034 0029 0027
0029 0029 0022 0014 0019 0021 0023 0027 0026 0020 0022 0024 0047 0429 0013 1118.
0025 0024 0027 0032 0033 0033 0039 0042 0050 0051 0048 0066
0072 0071 0075 0078 0081 0077 0077 0079 0080 0081 0081 0078 0083 1243 0023 2003.
0083 0063 0084 0084 0081 0080 0085 0091 0089 0089 0084 0088
0092 0097 0105 0109 0115 0118 0124 0123 0116 0109 0104 0097 0129 1521 0061 2206.
0097 0093 0094 0047 0037 0008 -001 0004 -011 -016 -013 0001
0063 0133 0185 0184 0200 0205 0196 0186 0169 0157 0121 0095 0205 1359 -021 0632.
0087 0066 0058 0044 0038 0025 0017 0011 0003 -002 -001 0019
0086 0154 0204 0207 0209 0212 0201 0188 0181 0172 0126 0099 0221 1233 -006 0618.
0077 0065 0068 0048 0041 0038 0025 0021 0021 0016 0019 0043
0096 0158 0202 0199 0201 0218 0214 0203 0194 0180 0149 0124 0220 1358 0013 0605.
0108 0097 0100 0099 0083 0079 0069 0058 0052 0051 0050 0072
0113 0172 0221 0225 0224 0221 0222 0223 0213 0207 0160 0131 0236 1152 0045 0626.
0120 0103 0096 0089 0084 0078 0069 0065 0062 0057 0063 0084
0118 0173 0183 0198 0203 0200 0211 0206 0199 0194 0187 0178 0216 1502 0056 0527.
0157 0131 0122 0117 0115 0116 0112 0109 0109 0108 0107 0113
0116 0125 0160 0170 0172 0191 0199 0198 0198 0191 0151 0138 0201 1502 0107 0642.
0129 0126 0113 0103 0096 0095 0098 0111 0164 0161 0157 0163
0162 0172 0185 0188 0193 0196 0189 0179 0171 0159 0151 0145 0197 1358 0091 0315.
0138 0127 0083 0071 0059 0049 0048 0035 0024 0018 0020 0054
0152 0166 0184 0200 0214 0225 0226 0229 0211 0200 0157 0122 0241 1450 0011 0626=
I=
E=
U=
N=
H=
C=
V=
R6
0000 0000 0000
0000 0000 0000
0000 0000 0000
0000 0000 0000
0000 0000 0000
0000 0000 0000
0000 0000 0000
0000 0000 0000
0000 0000 0000
0000 0000 0000
0000 0000 0000
0000 0000 0000
0000 0000 0000
0000 0000 0000
0020 0032 0052
0000 0000 0000
0000 0000 0000
0000 0000 0000
0034 0000 0034
0000 0000 0000
0000 0143 0143
0002 0002 0004
0004 0000 0004
0000 0000 0000
0000 0000 0000
0000 0000 0000
0000 0000 0000
0000 0000 0000
0018 0000 0018
0000 0000 0000
0000 0000 0000=
0000 0000 0000 0000 0000 0000 0000 0000 0000 0000 0000 0000
0000 0000 0000 0000 0000 0000 0000 0000 0000 0000 0000 0000.
0000 0000 0000 0000 0000 0000 0000 0000 0000 0000 0000 0000
0000 0000 0000 0000 0000 0000 0000 0000 0000 0000 0000 0000.
0000 0000 0000 0000 0000 0000 0000 0000 0000 0000 0000 0000
0000 0000 0000 0000 0000 0000 0000 0000 0000 0000 0000 0000.
0000 0000 0000 0000 0000 0000 0000 0000 0000 0000 0000 0000
0000 0000 0000 0000 0000 0000 0000 0000 0000 0000 0000 0000.
0000 0000 0000 0000 0000 0000 0000 0000 0000 0000 0000 0000
0000 0000 0000 0000 0000 0000 0000 0000 0000 0000 0000 0000.
0000 0000 0000 0000 0000 0000 0000 0000 0000 0000 0000 0000
0000 0000 0000 0000 0000 0000 0000 0000 0000 0000 0000 0000.
0000 0000 0000 0000 0000 0000 0000 0000 0000 0000 0000 0000
0000 0000 0000 0000 0000 0000 0000 0000 0000 0000 0000 0000.
0000 0000 0000 0000 0000 0000 0000 0000 0000 0000 0000 0000
0000 0000 0000 0000 0000 0000 0000 0000 0000 0000 0000 0000.
0000 0000 0000 0000 0000 0000 0000 0000 0000 0000 0000 0000
0000 0000 0000 0000 0000 0000 0000 0000 0000 0000 0000 0000.
0000 0000 0000 0000 0000 0000 0000 0000 0000 0000 0000 0000
0000 0000 0000 0000 0000 0000 0000 0000 0000 0000 0000 0000.
0000 0000 0000 0000 0000 0000 0000 0000 0000 0000 0000 0000
0000 0000 0000 0000 0000 0000 0000 0000 0000 0000 0000 0000.
0000 0000 0000 0000 0000 0000 0000 0000 0000 0000 0000 0000
0000 0000 0000 0000 0000 0000 0000 0000 0000 0000 0000 0000.
0000 0000 0000 0000 0000 0000 0000 0000 0000 0000 0000 0000
0000 0000 0000 0000 0000 0000 0000 0000 0000 0000 0000 0000.
0000 0000 0000 0000 0000 0000 0000 0000 0000 0000 0000 0000
0000 0000 0000 0000 0000 0000 0000 0000 0000 0000 0000 0000.
0000 0000 0000 0000 0000 0000 0000 0000 0000 0002 0007 0011
0002 0002 0004 0009 0012 0002 0001 0000 0000 0000 0000 0000.
0000 0000 0000 0000 0000 0000 0000 0000 0000 0000 0000 0000
0000 0000 0000 0000 0000 0000 0000 0000 0000 0000 0000 0000.
0000 0000 0000 0000 0000 0000 0000 0000 0000 0000 0000 0000
0000 0000 0000 0000 0000 0000 0000 0000 0000 0000 0000 0000.
0000 0000 0000 0000 0000 0000 0000 0000 0000 0000 0000 0000
0000 0000 0000 0000 0000 0000 0000 0000 0000 0000 0000 0000.
0000 0000 0001 0000 0001 0001 0000 0002 0013 0014 0002 0000
0000 0000 0000 0000 0000 0000 0000 0000 0000 0000 0000 0000.
0000 0000 0000 0000 0000 0000 0000 0000 0000 0000 0000 0000
0000 0000 0000 0000 0000 0000 0000 0000 0000 0000 0000 0000.
0000 0000 0000 0000 0000 0000 0000 0000 0000 0000 0000 0000
0000 0000 0003 0029 0014 0012 0009 0001 0002 0035 0034 0004.
0002 0000 0000 0000 0000 0000 0000 0000 0000 0000 0000 0000
0000 0000 0000 0000 0000 0000 0000 0000 0000 0000 0000 0002.
0000 0004 0000 0000 0000 0000 0000 0000 0000 0000 0000 0000
0000 0000 0000 0000 0000 0000 0000 0000 0000 0000 0000 0000.
0000 0000 0000 0000 0000 0000 0000 0000 0000 0000 0000 0000
0000 0000 0000 0000 0000 0000 0000 0000 0000 0000 0000 0000.
0000 0000 0000 0000 0000 0000 0000 0000 0000 0000 0000 0000
0000 0000 0000 0000 0000 0000 0000 0000 0000 0000 0000 0000.
0000 0000 0000 0000 0000 0000 0000 0000 0000 0000 0000 0000
0000 0000 0000 0000 0000 0000 0000 0000 0000 0000 0000 0000.
0000 0000 0000 0000 0000 0000 0000 0000 0000 0000 0000 0000
0000 0000 0000 0000 0000 0000 0000 0000 0000 0000 0000 0000.
0000 0000 0000 0000 0000 0000 0000 0000 0000 0000 0000 0000
0000 0000 0000 0000 0000 0000 0000 0000 0000 0000 0000 0000.
0000 0002 0011 0002 0002 0001 0000 0000 0000 0000 0000 0000
0000 0000 0000 0000 0000 0000 0000 0000 0000 0000 0000 0000.
0000 0000 0000 0000 0000 0000 0000 0000 0000 0000 0000 0000
0000 0000 0000 0000 0000 0000 0000 0000 0000 0000 0000 0000.
0000 0000 0000 0000 0000 0000 0000 0000 0000 0000 0000 0000
0000 0000 0000 0000 0000 0000 0000 0000 0000 0000 0000 0000=
0000 ////////// 00000=
W=
L=
Z=
G=
FN
250007 216009 024007 180007 219012 PPC000
324006 020008 245015 030012 308012 028015
PPC000 PPC002 228008 252006 067004 014009
027015 001019 031008 243004 039008 233033.
220010 213018 244012 012013 002011 031006
360006 235014 251006 221010 020008 035014
014011 043025 091008 246007 242013 044017
096010 253010 PPC001 077013 020028 030022.
035015 253009 004003 033011 205014 242009
240011 260004 040003 014014 033011 156006
233013 133005 088003 131004 211011 017027
226019 183016 246015 269003 017016 037018.
356006 248015 PPC002 242021 241012 314006
253020 242013 040012 255016 283008 344005
245021 029020 326013 042015 032025 005014
043010 253014 205009 322005 335009 PPC000.
PPC000 301005 028009 053006 217006 146003
PPC000 255006 053005 049015 008016 344008
PPC002 PPC001 272007 PPC000 033011 220036
222028 239034 241015 226016 124006 PPC002.
239008 095004 166005 PPC001 PPC002 288007
100005 233031 230034 246022 210023 217024
244019 275016 280025 341015 287026 211026
243022 253029 231032 039019 041016 332007.
188006 139004 066006 PPC001 PPC000 241007
340006 219004 085012 PPC001 254007 126003
262004 047007 298013 041012 229033 212029
030042 226027 341023 255020 088007 198018.
189021 232021 265018 258006 197031 229016
194011 PPC000 254008 209004 201006 PPC001
PPC000 229014 032027 027026 041058 030057
047054 029038 038007 201022 225012 188011.
214010 022019 278009 178007 130003 119003
077004 045004 295004 236008 211009 210008
015003 271011 345007 050022 002009 350028
018017 020015 075010 004011 090008 PPC002.
283004 189009 PPC000 203007 228010 222010
020014 131007 204006 189011 PPC002 228006
277004 003009 009010 010021 265029 209022
297020 036038 028037 028022 298006 177007.
161008 172007 PPC000 PPC001 264004 313005
212006 247013 178004 190006 200008 PPC002
037008 026021 015010 332013 246017 026022
030043 089018 034052 017022 049011 041021.
140004 213009 264011 254009 092008 PPC000
146006 PPC000 240009 237009 227007 272010
283006 340004 234021 021024 016020 016012
313016 315013 248027 356015 PPC000 PPC000.
162009 182004 PPC000 211007 228008 247006
PPC000 181007 217006 223004 227009 200006
PPC001 327004 042017 030036 024038 043023
047042 041028 036044 045017 285006 185007.
255009 PPC002 245006 147009 PPC002 171008
063004 006005 PPC000 PPC000 PPC002 199007
196003 034006 255022 026024 068013 021031
034041 053032 040029 027022 027021 029032.
027039 040026 030019 009022 058009 057006
197005 207008 266005 206017 147007 025003
014011 006008 068006 213022 231016 218015
272027 254019 243028 224023 218023 234032.
256014 274010 308007 222028 029008 143008
035008 222011 071004 226009 256007 211007
PPC002 014009 017016 207028 212036 239030
027025 035034 026021 034014 305011 PPC001.
061003 201004 244007 198007 PPC001 240009
198008 219012 022005 PPC000 PPC001 PPC001
PPC001 203010 240026 225020 358016 225030
026046 045032 011016 033024 054011 PPC000.
243003 178006 189008 285003 238011 216008
258003 PPC001 218007 209003 240006 075005
177003 028047 061035 036064 027030 044023
047036 042050 040049 037031 035035 044021.
192015 235016 273015 241015 353007 249007
181006 241011 325010 041005 226011 304012
223020 223030 257017 233016 233015 312023
243038 351016 020023 211020 327017 278010.
026007 037018 PPC002 023018 289004 335003
041006 329011 354010 202009 235013 038014
PPC001 062006 023027 017026 181018 038017
033027 016020 024016 019019 032020 009011.
004010 319009 280003 PPC001 295005 199005
001015 040012 250008 003022 023015 034026
035014 255010 251009 025012 053007 309004
351006 PPC000 027007 220022 038010 232005.
313008 186012 272015 215020 223019 007009
348015 315019 332011 213007 288013 257017
239026 232020 253021 267020 236031 225032
223017 197015 218021 222020 237044 221031.
213030 355012 221026 221018 208018 219017
214021 228036 233040 233036 211041 197034
295019 250051 300038 271035 258045 242038
247023 218021 204035 210036 209026 198027.
194048 220018 166017 341008 037008 265005
207006 228009 228009 203009 215010 229009
PPC002 338006 342009 024025 290016 148015
052028 104018 032026 035024 343004 169006.
166008 PPC000 209011 253003 207013 090003
214003 PPC001 202008 230006 213008 223005
247006 PPC001 004004 351014 166012 032006
034026 025049 025042 048035 091003 207009.
PPC000 217006 218013 226007 351008 191003
PPC002 PPC001 PPC001 290006 242003 248007
PPC000 233005 223016 210039 042010 001022
046033 043023 025030 022015 234006 282005.
271005 241007 054004 142007 202009 PPC002
103004 217008 013005 222013 225008 PPC002
015007 009005 233010 296023 221016 055027
034048 090018 033041 027013 236008 PPC002.
205007 251008 250005 192003 185009 202009
232008 224007 252011 251005 248010 235007
039006 038037 023060 214043 202028 026030
035032 038033 023058 022027 036024 086003.
004010 PPC000 060009 302004 PPC001 205014
143003 PPC000 244007 059007 PPC001 PPC002
228010 PPC000 284008 208035 222031 249025
211015 252031 231021 245012 PPC000 159008.
210005 184011 172007 239006 218005 PPC000
042003 194009 246024 257016 311017 247018
233036 234028 240022 205060 244079 246081
215057 224050 226056 206020 228028 214060.
211031 206011 072010 058003 060006 123007
026003 210008 253006 199004 159007 095008
211027 213053 213024 035012 173016 278015
357016 199014 021017 024008 124011 145011=
241008 229009 035007 324007 231010 319003
294009 015010 259012 023012 323013 034013
PPC001 289003 218008 235006 029003 008011
003013 004019 028009 190006 036006 219031.
231011 227015 249012 018011 017009 006006
355008 198012 265008 224010 028007 038012
023008 035021 071008 238007 244012 040016
160012 289010 338004 114011 025026 033024.
030014 266008 081006 048012 212015 215008
239009 249003 032005 017013 039011 139006
239014 182009 112005 176007 218012 028026
236021 217019 303016 341004 095013 002013.
340007 243012 286006 245018 240012 269004
266016 270012 347011 259014 265008 351006
257016 029017 284014 034018 027022 014016
034011 261014 201010 349008 340009 PPC001.
PPC001 305004 025006 076005 194003 PPC002
PPC002 251006 011004 043016 031010 008010
211006 PPC002 256007 PPC002 015013 220033
224031 230025 238018 221018 175007 190003.
224007 142004 184006 075003 101005 008005
093005 231031 247034 258021 208024 225027
242018 280017 277026 326016 292024 251022
240026 234024 203027 058020 032019 005012.
220004 085005 109006 PPC002 PPC000 234006
301006 298003 086011 PPC002 227006 PPC002
274004 036009 297010 029016 261032 180027
029040 209030 004027 284021 101008 203019.
197021 214018 244017 220005 208026 215015
180010 PPC002 240007 230004 189007 PPC001
PPC002 252013 023024 039030 046046 029049
049049 028035 035011 195022 235013 193012.
230010 026015 297009 203006 077004 157004
103003 315003 309003 246006 210009 234008
PPC002 259010 296009 050024 011012 347025
020015 021017 009013 015012 042008 251003.
PPC002 188007 PPC002 221007 239010 214009
041013 150007 150005 199010 183003 231006
271004 008005 007009 004022 288027 221024
261027 037033 031037 029023 355008 184007.
132009 208008 110003 142003 231007 029006
209005 256010 188004 179007 205008 123003
347009 025020 020011 323012 235016 027023
031039 055030 043043 023026 036016 045018.
222005 225010 260010 214007 118007 PPC001
181007 PPC001 233009 234009 221008 258011
297005 295004 232020 018023 105017 011011
035021 000012 243023 010018 PPC001 PPC002.
158006 195004 151003 211007 231010 245006
PPC001 191007 226006 219006 228007 210005
PPC001 340004 030018 023031 033035 028028
042039 042028 039034 041022 341008 196008.
212006 309006 260007 153010 096004 157010
206006 314007 PPC002 PPC002 181004 200003
190004 018004 234018 018021 041023 028032
030040 042042 032029 028026 028021 035034.
024035 036025 028019 020023 048012 057005
227005 209007 PPC002 210014 197006 344005
022010 018007 052005 220022 242014 234016
252030 248025 252025 217023 227019 227034.
250018 283009 231010 222026 357010 191010
016008 220009 025004 212007 238007 189006
328003 332007 018017 227027 213039 241035
018023 050026 020018 031017 299008 247003.
189004 188004 228007 205008 PPC002 224008
209009 238010 302004 PPC000 PPC001 321004
PPC001 205009 211022 230018 300022 220030
026051 042036 027026 033021 037012 PPC001.
216004 198007 189007 276005 211009 224009
238006 PPC002 228008 237003 199004 071003
230004 028046 056038 031063 022035 022023
050038 039053 033046 046027 032028 051020.
207018 225015 268012 248013 341007 319005
339005 219011 339010 001006 265012 300013
241021 238028 252020 237019 216014 300020
260029 003022 346018 223026 301016 275010.
008009 032020 012006 023021 283005 342004
027008 346015 354012 209012 297013 029015
PPC002 030006 005027 018028 233020 338020
029027 014017 043014 019022 031019 029011.
006012 335009 308004 PPC001 315005 312004
329011 052013 322009 030017 041014 035026
030016 246010 251008 007009 042008 325006
353007 PPC002 023008 220022 032009 270006.
284008 195011 255015 248018 231019 347010
306015 287016 300012 228009 309011 254015
235028 222021 234021 251022 232035 228028
228021 203017 222022 215024 220036 216036.
214027 024011 218025 210026 216019 223015
200020 224040 225036 220030 219029 226028
256027 241049 275043 246044 246043 245041
256028 228028 216033 214030 202028 208027.
201042 216019 181022 050005 035008 271005
203004 234011 215007 199007 225010 228009
270003 314007 344008 025022 269017 146015
040029 224024 036027 035021 010006 246005.
159009 PPC001 209010 238006 214012 171003
297003 194004 208006 222007 234008 216005
261005 PPC002 000004 353014 206013 349008
041028 027050 031038 046035 232004 248006.
186003 212007 218011 215006 232008 180003
253003 311003 238004 265006 227005 228005
PPC001 277004 253017 284029 131015 020024
034033 036032 037029 026014 249006 257005.
132005 262006 045006 168009 206005 249004
159006 223007 062004 222011 203006 285005
015006 013005 232010 249022 278020 057027
043040 078021 033036 050014 287007 PPC002.
198008 232006 262005 190003 203010 173008
224008 209005 241010 238005 239008 232007
031006 030043 029055 206042 157026 033035
098032 049030 026052 023023 030028 053013.
008010 PPC002 107009 280005 119003 216013
156006 PPC000 220007 040008 PPC002 046003
227009 PPC001 306007 216034 214033 260021
217015 250027 236023 239014 PPC000 137006.
211005 191010 208007 242005 214006 PPC002
016005 327007 248031 249023 291014 281018
247035 237025 244028 220055 247066 247061
226053 230047 228042 220021 227025 216050.
215031 199014 126009 190005 101007 167008
113006 220009 236006 207007 183007 029007
211031 207047 214029 359013 209014 247020
300019 108014 035014 045010 080007 143010=
031219 2000 062224 2000
032036 1819 080200 2014
030238 1532 049252 1529
028026 1327 045034 1121
045234 1521 080215 1518
054034 1739 088034 1730
049026 1515 084020 1515
066030 1206 139031 1458
038011 1327 060006 1326
052027 1534 093023 1604
048038 1701 101042 1648
031022 1249 051003 1227
053022 1437 096040 1452
053038 1618 100025 1630
044034 2006 081173 1945
046237 1408 092230 1408
057028 1455 093023 1451
075030 1219 118027 1158
040234 0944 070199 0922
043028 1436 074232 1241
035028 0751 061050 0811
042215 1912 106192 1912
065219 1206 168209 1007
051028 1545 088137 2100
055031 1506 098023 1502
052036 1329 091021 1316
040043 1500 081036 1546
060040 1126 106023 1123
038234 1211 084211 1252
087235 1306 174243 1423
051217 2002 133189 0950=
D=
K=
A=
S=
B=
??????
******
YF
O2198
河南省
豫嵩县白河
嵩县白河乡政府所在地公园内
山地；景区；地面
空缺
计算机
计算机
计算机
计算机
计算机
20120426=
JY
8888=
GK
01/
05/=
BZ
00/333821/1115648
10/24/逐时观测
10/24/24时连续观测
11/不守班=
######
