O2181 3421N 11113E 009810 009810 105 000 S15 91999999919999199999 0 2011 11
P=
TB
0103 0101 0101 0100 0099 0099 0107 0097 0096 0097 0096 0096
0097 0105 0112 0110 0107 0120 0115 0107 0103 0099 0098 0099 0123 1404 0095 0626.
0099 0098 0100 0098 0096 0094 0095 0092 0093 0089 0088 0089
0089 0090 0091 0093 0094 0096 0095 0094 0095 0091 0089 0088 0100 2047 0087 0640.
0087 0086 0084 0084 0083 0082 0082 0080 0078 0078 0076 0077
0078 0074 0075 0078 0080 0081 0081 0080 0080 0080 0080 0081 0089 2008 0073 1009.
0082 0082 0082 0082 0082 0081 0081 0081 0081 0080 0079 0081
0083 0084 0091 0092 0095 0094 0094 0093 0092 0092 0091 0090 0097 1235 0078 0642.
0089 0089 0089 0089 0089 0089 0092 0089 0090 0089 0089 0089
0091 0090 0093 0092 0091 0091 0091 0090 0086 0083 0081 0083 0094 1103 0081 1839.
0083 0083 0084 0083 0083 0082 0082 0082 0082 0081 0080 0079
0078 0077 0076 0071 0076 0073 0066 0064 0062 0062 0060 0061 0086 2026 0060 1818.
0060 0059 0058 0054 0056 0054 0054 0053 0053 0052 0051 0050
0052 0052 0055 0059 0058 0055 0055 0057 0055 0054 0053 0055 0061 2005 0050 0708.
0054 0055 0069 0070 0067 0066 0068 0064 0064 0066 0068 0069
0069 0064 0076 0092 0112 0112 0120 0106 0093 0082 0076 0073 0122 1457 0053 2017.
0074 0074 0051 0035 0026 0037 0027 0048 0027 0045 0045 0049
0091 0090 0103 0106 0122 0105 0110 0098 0083 0068 0057 0051 0125 1258 0016 0125.
0050 0044 0042 0044 0042 0041 0042 0039 0039 0038 0040 0043
0053 0071 0077 0082 0094 0097 0093 0081 0067 0054 0052 0054 0100 1404 0038 0414.
0051 0051 0048 0044 0040 0039 0039 0036 0047 0047 0046 0059
0083 0100 0114 0126 0133 0137 0131 0116 0095 0089 0089 0085 0143 1336 0034 0424.
0084 0087 0083 0079 0077 0069 0065 0062 0060 0057 0065 0067
0079 0094 0086 0092 0091 0090 0083 0081 0080 0072 0074 0077 0097 1143 0056 0507.
0077 0074 0072 0067 0067 0065 0063 0060 0062 0061 0059 0076
0098 0109 0120 0130 0132 0133 0125 0113 0100 0080 0074 0071 0142 1252 0056 0641.
0068 0064 0061 0055 0056 0051 0043 0056 0060 0063 0057 0087
0101 0104 0106 0116 0131 0117 0108 0101 0091 0078 0072 0066 0134 1251 0042 0247.
0059 0059 0062 0057 0058 0058 0060 0057 0058 0058 0058 0062
0071 0070 0071 0071 0071 0068 0070 0066 0061 0061 0061 0060 0075 1114 0056 0401.
0059 0060 0061 0060 0060 0059 0058 0058 0055 0054 0054 0053
0055 0055 0056 0057 0057 0057 0058 0060 0060 0060 0060 0061 0061 2229 0053 0603.
0062 0063 0060 0063 0062 0062 0063 0062 0062 0061 0061 0061
0064 0066 0076 0073 0087 0087 0082 0079 0075 0071 0069 0069 0094 1309 0060 2258.
0069 0069 0069 0069 0069 0073 0072 0082 0079 0079 0075 0079
0079 0078 0091 0094 0096 0100 0111 0097 0095 0092 0091 0087 0113 1452 0068 2018.
0089 0096 0095 0092 0075 0077 0064 0058 0054 0052 0044 0042
0048 0053 0084 0081 0088 0097 0098 0090 0070 0047 0046 0050 0105 1508 0037 0742.
0047 0043 0047 0042 0047 0044 0043 0040 0032 0017 0012 0012
0015 0026 0059 0081 0105 0117 0106 0088 0064 0044 0035 0028 0122 1358 0011 0626.
0027 0028 0025 0022 0022 0017 0024 0028 0016 0021 0038 0025
0036 0035 0037 0046 0052 0048 0046 0047 0042 0044 0048 0044 0055 1235 0013 0526.
0041 0043 0040 0044 0042 0039 0040 0043 0041 0036 0034 0037
0074 0079 0095 0098 0113 0107 0117 0107 0094 0080 0078 0077 0117 1455 0031 0711.
0068 0062 0061 0049 0044 0044 0034 0032 0033 0029 0024 0029
0039 0054 0066 0083 0079 0068 0064 0058 0042 0027 0012 0000 0084 1149 0000 1959.
-005 -013 -016 -024 -024 -026 -023 -024 -020 -017 -019 -011
0014 0005 0026 0040 0062 0075 0093 0076 0052 0039 0014 0006 0096 1518 -028 0229.
0014 0007 0006 0003 -002 0000 0000 0000 -001 0000 0000 -003
-001 -001 -002 -001 0000 0000 0001 0000 -001 -002 -002 0000 0015 2108 -004 0739.
0000 -001 0000 0001 0001 0000 0028 0001 0004 0021 0030 0011
0041 0051 0075 0076 0070 0080 0084 0076 0073 0069 0062 0058 0085 1450 -002 0313.
0069 0053 0061 0063 0067 0070 0066 0072 0056 0051 0064 0075
0065 0057 0064 0067 0077 0084 0088 0074 0061 0047 0042 0041 0091 1337 0039 1935.
0039 0038 0038 0038 0036 0036 0038 0039 0040 0044 0047 0050
0044 0042 0042 0043 0041 0038 0035 0032 0028 0027 0025 0026 0057 0719 0025 1819.
0026 0024 0024 0019 0016 0019 0019 0019 0018 0018 0015 0014
0015 0016 0016 0011 -003 -003 -003 -001 -001 0000 -002 -005 0026 2001 -006 1952.
-004 -002 0000 0008 0003 0003 0000 -005 -010 -010 -011 -011
-012 -011 -013 -016 -018 -015 -015 -023 -024 -026 -025 -024 0009 2347 -027 1907=
I=
E=
U=
N=
H=
C=
V=
R6
0001 0007 0008
0002 0000 0002
0000 0031 0031
0170 0002 0172
0032 0003 0035
0001 0029 0030
0074 0060 0134
0007 0000 0007
0000 0000 0000
0000 0000 0000
0000 0000 0000
0000 0000 0000
0000 0000 0000
0000 0004 0004
0010 0018 0028
0034 0028 0062
0024 0023 0047
0013 0000 0013
0001 0000 0001
0000 0000 0000
0000 0000 0000
0000 0000 0000
0000 0000 0000
0000 0000 0000
0000 0000 0000
0000 0000 0000
0000 0000 0000
0000 0000 0000
0000 0000 0000
0000 0000 0000=
0000 0000 0000 0000 0000 0000 0001 0000 0000 0000 0000 0000
0000 0000 0000 0000 0004 0002 0000 0000 0000 0000 0000 0001.
0000 0000 0001 0000 0000 0000 0000 0000 0001 0000 0000 0000
0000 0000 0000 0000 0000 0000 0000 0000 0000 0000 0000 0000.
0000 0000 0000 0000 0000 0000 0000 0000 0000 0000 0000 0000
0000 0000 0000 0000 0000 0000 0000 0000 0000 0007 0021 0003.
0000 0000 0001 0003 0026 0037 0039 0031 0020 0007 0005 0001
0000 0000 0000 0000 0000 0000 0000 0000 0000 0000 0001 0001.
0001 0009 0006 0002 0003 0006 0003 0001 0001 0000 0000 0000
0000 0000 0000 0000 0001 0001 0000 0000 0000 0000 0000 0001.
0000 0000 0000 0000 0000 0000 0000 0000 0000 0000 0001 0000
0000 0000 0000 0000 0004 0001 0000 0000 0000 0001 0009 0014.
0011 0021 0006 0013 0000 0001 0001 0001 0002 0001 0007 0010
0019 0013 0006 0008 0002 0002 0002 0002 0001 0001 0002 0002.
0002 0002 0003 0000 0000 0000 0000 0000 0000 0000 0000 0000
0000 0000 0000 0000 0000 0000 0000 0000 0000 0000 0000 0000.
0000 0000 0000 0000 0000 0000 0000 0000 0000 0000 0000 0000
0000 0000 0000 0000 0000 0000 0000 0000 0000 0000 0000 0000.
0000 0000 0000 0000 0000 0000 0000 0000 0000 0000 0000 0000
0000 0000 0000 0000 0000 0000 0000 0000 0000 0000 0000 0000.
0000 0000 0000 0000 0000 0000 0000 0000 0000 0000 0000 0000
0000 0000 0000 0000 0000 0000 0000 0000 0000 0000 0000 0000.
0000 0000 0000 0000 0000 0000 0000 0000 0000 0000 0000 0000
0000 0000 0000 0000 0000 0000 0000 0000 0000 0000 0000 0000.
0000 0000 0000 0000 0000 0000 0000 0000 0000 0000 0000 0000
0000 0000 0000 0000 0000 0000 0000 0000 0000 0000 0000 0000.
0000 0000 0000 0000 0000 0000 0000 0000 0000 0000 0000 0000
0000 0000 0000 0000 0000 0000 0000 0000 0000 0000 0000 0004.
0004 0002 0002 0002 0000 0000 0000 0000 0000 0000 0000 0000
0000 0000 0000 0000 0000 0000 0000 0000 0005 0003 0003 0007.
0004 0004 0007 0001 0001 0007 0001 0006 0002 0000 0000 0001
0001 0001 0000 0001 0003 0000 0003 0014 0003 0000 0001 0001.
0000 0001 0008 0008 0000 0000 0002 0001 0001 0001 0001 0001
0001 0000 0000 0000 0000 0001 0000 0000 0000 0003 0003 0015.
0012 0000 0000 0001 0000 0000 0000 0000 0000 0000 0000 0000
0000 0000 0000 0000 0000 0000 0000 0000 0000 0000 0000 0000.
0000 0000 0000 0000 0000 0000 0000 0000 0000 0000 0000 0001
0000 0000 0000 0000 0000 0000 0000 0000 0000 0000 0000 0000.
0000 0000 0000 0000 0000 0000 0000 0000 0000 0000 0000 0000
0000 0000 0000 0000 0000 0000 0000 0000 0000 0000 0000 0000.
0000 0000 0000 0000 0000 0000 0000 0000 0000 0000 0000 0000
0000 0000 0000 0000 0000 0000 0000 0000 0000 0000 0000 0000.
0000 0000 0000 0000 0000 0000 0000 0000 0000 0000 0000 0000
0000 0000 0000 0000 0000 0000 0000 0000 0000 0000 0000 0000.
0000 0000 0000 0000 0000 0000 0000 0000 0000 0000 0000 0000
0000 0000 0000 0000 0000 0000 0000 0000 0000 0000 0000 0000.
0000 0000 0000 0000 0000 0000 0000 0000 0000 0000 0000 0000
0000 0000 0000 0000 0000 0000 0000 0000 0000 0000 0000 0000.
0000 0000 0000 0000 0000 0000 0000 0000 0000 0000 0000 0000
0000 0000 0000 0000 0000 0000 0000 0000 0000 0000 0000 0000.
0000 0000 0000 0000 0000 0000 0000 0000 0000 0000 0000 0000
0000 0000 0000 0000 0000 0000 0000 0000 0000 0000 0000 0000.
0000 0000 0000 0000 0000 0000 0000 0000 0000 0000 0000 0000
0000 0000 0000 0000 0000 0000 0000 0000 0000 0000 0000 0000.
0000 0000 0000 0000 0000 0000 0000 0000 0000 0000 0000 0000
0000 0000 0000 0000 0000 0000 0000 0000 0000 0000 0000 0000.
0000 0000 0000 0000 0000 0000 0000 0000 0000 0000 0000 0000
0000 0000 0000 0000 0000 0000 0000 0000 0000 0000 0000 0000.
0000 0000 0000 0000 0000 0000 0000 0000 0000 0000 0000 0000
0000 0000 0000 0000 0000 0000 0000 0000 0000 0000 0000 0000=
0000 ////////// 00000=
W=
L=
Z=
G=
FN
074018 145012 082013 049009 193006 314006
265010 206004 090015 078016 107014 113020
125012 081012 146012 118012 135010 105015
090020 101020 110017 131012 102017 062010.
124013 083011 056013 104019 101024 071022
161010 080030 031021 107025 065026 083031
088050 071041 057060 061073 065041 066067
068058 066067 058062 069076 076064 073067.
068063 064069 065056 066065 085063 067057
066051 084053 071078 059056 062077 072056
059041 087054 069051 057046 068040 066042
074048 073048 070059 077041 076061 071045.
060053 059053 075044 064054 061045 054034
056041 075030 061026 061030 109018 070026
132014 143012 087011 192019 114009 189015
088017 102013 080013 104006 088008 227006.
090012 066009 070012 103010 060012 035018
036025 097018 073026 065019 062019 093022
085026 090033 058030 052050 075038 072036
058033 050040 061054 066057 051047 048038.
124026 061038 087028 089031 049043 056047
059041 053040 064052 088038 076044 075037
072040 064047 078058 099044 055068 072042
068050 060048 077064 065036 066066 073052.
071064 058052 061071 057072 072077 064079
059065 070066 051063 064035 046057 055051
060042 072058 051043 066048 067041 077039
088020 089016 069025 090013 107017 023005.
328006 232014 283033 279041 286059 290083
286058 317053 305031 299075 309052 273042
288074 245034 283028 280045 272052 282045
262037 293024 328052 300034 310031 260034.
276016 169006 107024 056010 091006 297010
297021 327022 046012 239016 102015 031008
156004 194016 136026 124028 125028 075031
081035 088028 087036 056030 066028 048035.
033037 061032 055038 060037 061021 022014
040008 075016 033003 PPC000 142011 089011
109011 226010 195019 232019 259023 244021
115033 062039 080039 105025 072014 082016.
081014 086008 PPC000 258019 258017 274025
230014 270021 257023 231030 262029 262009
227013 222031 265042 228041 235032 272036
277035 275040 311029 310034 291049 300018.
304023 290029 282029 285032 290041 288028
253025 284032 255024 271036 297033 319043
310041 259032 278032 251041 259034 249036
243030 283036 271019 263031 278023 280025.
291034 280025 271042 263026 273031 215018
028019 229007 348006 018011 336008 021017
198009 117019 148019 115027 094036 172029
109028 104042 086044 064035 046046 047047.
043039 049028 077016 047025 127011 261007
268023 265014 280029 262022 270019 PPC000
243018 209020 195020 155010 175028 146024
090018 089024 076024 244008 268045 034016.
061011 282012 337006 218005 019016 003016
010016 082012 251007 253010 PPC000 PPC000
055016 122010 086024 090013 080017 120009
083024 099016 081031 066031 067030 088025.
087030 069027 074025 086021 075033 092031
101025 075016 083033 094032 071033 068038
068042 059036 063035 074023 072023 072038
066043 064042 066058 077042 065056 059032.
061046 055050 072056 077034 072035 059031
070008 101013 108012 119013 090011 100017
080005 228010 022007 215013 349023 139014
094009 075024 089023 084024 122016 091012.
076014 PPC000 290006 233026 229025 281007
289016 316035 334028 266029 287035 301039
288042 278050 264033 294023 299017 290035
276030 270018 312016 267015 277023 261024.
268027 305022 274031 015028 246025 299027
267036 019019 288019 278016 251028 274034
316018 293012 014019 255036 298047 326029
274030 269032 240020 083023 017027 017022.
117016 359019 033018 244016 025024 085014
133012 052013 088030 065017 051011 207014
134016 219014 206016 190034 227034 221043
182038 116034 086026 070028 063013 086016.
359011 207006 074009 163004 321009 PPC001
022018 235011 070011 037011 027029 243007
034023 144011 088022 062023 200021 107006
087005 226011 026004 223011 255040 278044.
038009 353029 274057 186010 318043 265055
232050 225058 189060 226033 222027 214030
274028 284081 280066 281081 275053 272085
273048 292044 269035 286039 282041 289029.
238019 204014 129012 040017 012007 234010
095009 216013 041012 091013 042022 043019
073016 047016 094019 109026 108033 084049
076043 083036 083051 079036 076035 069027.
077038 061021 091022 074015 041012 067008
047012 121005 217011 055017 PPC002 268012
220016 210017 120015 207013 196018 177020
223023 128020 042012 061011 098017 073014.
PPC000 032014 099015 240007 062025 057023
078013 085036 076025 079019 085022 095029
091036 079034 100032 086034 083038 083033
083025 083028 083023 087013 114007 055016.
089009 109011 047007 056015 126006 263022
265005 092011 308006 289007 240031 211019
262014 262045 267040 252048 275083 265072
239030 246037 277028 055007 272023 084008.
174020 030017 348009 246005 331011 019010
276025 269010 219004 025015 242016 003009
079026 079035 076022 086023 086024 098030
064028 112034 109025 078021 116008 225006.
067024 089013 118010 079016 097017 079025
041013 043008 320025 257046 229015 019031
109029 078041 072021 110013 062046 082039
077067 077061 084057 051065 051064 056076.
067068 055059 054059 071071 060064 070060
068081 068073 066085 065083 054071 066071
062040 042044 084042 052017 074030 072036
079022 050030 038011 007008 127012 092013.
248011 230013 248015 016010 225004 151015
215009 126006 128017 072022 088016 083024
072038 075055 063055 088037 084033 110027
072038 081040 070030 101023 137018 070026=
083020 142012 080013 046009 212004 291003
272009 231005 098013 083014 113013 110020
122011 082013 128012 120011 121010 091015
095022 102020 117016 121013 105017 061010.
106014 078011 052014 107017 095022 071021
147010 080030 044027 100026 067028 081031
085045 068045 064058 061067 068051 067069
065056 064066 063063 068080 073064 068064.
067065 066074 068059 067059 083060 066055
066051 083050 070071 063061 060077 067057
067045 085049 071051 056045 066041 071038
069045 073045 067055 079038 073058 071048.
062052 058053 072050 064050 061045 057032
058043 072030 064026 062029 113018 070025
126014 132013 067013 163015 105012 171014
087017 098013 078013 106004 099008 206005.
086011 074010 069012 102010 065013 036018
034026 095019 072024 069018 063019 087021
082025 090030 063032 053046 069039 069040
060037 054039 064053 062052 054045 050037.
120024 059035 086034 087031 055043 056047
066039 054042 066051 085038 074045 074041
074042 064054 078057 089040 052070 067041
074048 067058 071063 064040 068062 067052.
070060 063058 059065 060079 071073 063079
061073 070066 057062 062037 050057 056052
054044 067060 053041 065050 062042 073044
093022 089016 075026 085014 101018 041005.
023007 225015 276026 287048 285056 290077
290063 308048 311042 294086 316046 279049
279067 256034 283030 293039 274046 280046
262036 302033 325048 301034 296036 252032.
273016 174006 104024 049011 078007 289011
278025 006016 049012 253012 066012 019010
180003 190017 142027 145023 108026 080030
081032 080033 084031 058030 064030 048037.
033038 060032 056036 057038 062022 029014
032007 074016 029004 PPC000 139010 078011
105008 183009 189017 244020 249025 246022
137025 070039 083042 102024 071015 077015.
082014 091010 277003 257019 257018 270024
229015 268022 261024 237030 258028 263009
236013 224033 263043 236040 229025 271038
277036 277041 314031 313043 299044 302024.
295030 301026 288029 290034 289039 287030
251027 282035 257022 271034 295033 315037
302044 263034 273033 247040 260036 257036
245028 279035 273022 261028 278024 278026.
293032 281028 270039 264024 275032 227015
020020 224008 343007 021011 333008 019016
195011 114018 131017 093025 087033 135027
110033 107041 082045 065035 043048 044049.
043042 047027 077016 045027 130011 236007
266022 267016 279029 262023 267019 PPC002
243017 215022 206020 151011 148019 141025
101019 087024 079023 245008 265046 032015.
050012 276012 323005 228006 018017 001017
010017 079011 243008 256010 PPC001 PPC000
048016 116011 097022 089011 081019 107012
080023 102018 083031 075033 072031 084026.
086028 079027 074026 086023 067031 093029
093021 072017 082032 088031 069035 067038
071040 059038 071035 080020 075025 075037
067042 065042 065057 072045 063058 064033.
059045 060048 066051 070036 076037 063033
062009 098012 112012 117014 100011 099019
099004 232009 029008 208012 353024 142015
102011 081023 087022 088025 120016 077013.
081011 329003 278008 227026 228025 302005
308013 321032 327031 267031 291036 294034
288043 285046 273040 296021 313018 291035
295022 272021 311013 280014 270022 256028.
258023 312022 279025 005026 248025 308031
273027 005018 277016 277015 252031 270025
307023 298018 006020 261039 299041 301031
287033 268030 241021 068018 019028 020021.
100013 000018 031018 243016 019022 089015
125011 043014 087028 064016 046012 211013
125015 204012 212016 198030 228034 217035
178036 114033 082029 076027 066013 088016.
013005 210006 082008 210004 299012 175004
023017 231013 095010 296008 018028 276007
023021 123011 090022 062024 200018 121005
080007 239010 043004 235011 256038 285043.
031012 341030 269051 138011 330045 266054
235047 220056 194057 220033 234024 217032
262029 281072 283061 284083 285058 271084
278051 287057 276037 286038 283043 293029.
238018 211015 133014 042016 022009 185008
087008 231017 035010 094011 038022 048021
075017 063018 103019 108027 104036 083050
079045 087037 081046 081036 076035 068027.
076037 066021 095022 071017 042010 067008
046013 108006 222010 056017 098003 252012
228018 207016 131013 200013 196020 176023
217023 129022 047012 044010 098016 070014.
PPC000 035013 106014 236008 064024 061022
077012 085034 077025 078022 089022 094028
089034 081035 097029 086034 084036 087031
094024 087026 086024 085013 107008 049013.
082009 105010 060007 056017 150005 267026
274009 068010 335008 271007 241026 226013
265017 259047 278036 252048 274081 263066
239030 250035 277029 032007 273023 125012.
092016 026018 343012 308007 346011 020010
275025 269013 237004 021015 248012 016010
081028 082033 091024 089024 082026 103027
067027 105032 105024 076021 099009 211006.
069021 082015 143009 074015 095018 075022
042011 072008 299027 211040 239020 020029
112028 075038 076020 099013 066046 083037
078060 074057 082055 051066 058066 062078.
068067 059060 057060 071077 056066 069056
067087 067079 065082 062083 060073 066074
068044 045043 080040 052021 078030 072041
081022 055031 051010 009006 127012 097013.
249008 235011 247014 353011 197008 063012
202008 122007 127018 073023 089017 084024
072035 070048 066054 086035 088034 111026
078038 084042 076032 095024 135016 067025=
033087 2003 043081 2004
087065 1807 130071 1801
091068 2113 145075 2112
062070 2017 086051 2255
059076 1743 079076 1739
082068 1026 109079 1025
093056 2342 132078 0222
118293 0544 176294 0548
044074 1523 067077 1523
048086 1627 064204 1325
062312 1819 110346 1824
054267 1235 091339 2005
055043 1904 071071 1653
054038 2014 067051 2015
040072 1812 054062 1811
070067 1707 092072 1707
064064 2118 083063 2117
052313 0436 092303 0945
051279 1319 100030 2326
050222 1255 074219 1303
045258 1905 065260 1905
093275 1342 157291 1154
050082 1358 075083 1153
039072 2103 051077 2052
045088 1330 055091 1018
082276 1255 107279 1252
038075 1508 051082 1502
081054 1921 105063 1833
108068 0314 142063 0314
059065 1055 076071 1054=
D=
K=
A=
S=
B=
??????
******
YF
O2181
河南省
豫洛宁上戈
洛宁县上戈乡里石头村人影基地
山地；乡村；地面
空缺
计算机
计算机
计算机
计算机
计算机
20120208=
JY
8888=
GK
01/
05/=
BZ
00/342106/1111307
10/24/逐时观测
10/24/24时连续观测
11/不守班=
######
