O2196 3409N 11155E 004650 004650 105 000 S15 91999999919999199999 0 2010 08
P=
TB
0263 0256 0253 0249 0245 0244 0241 0238 0237 0238 0246 0265
0285 0286 0295 0303 0305 0312 0311 0253 0252 0253 0250 0248 0320 1524 0236 0419.
0248 0246 0245 0247 0246 0244 0242 0239 0237 0233 0230 0224
0224 0224 0228 0230 0240 0248 0252 0255 0251 0255 0251 0245 0255 1519 0222 0822.
0244 0243 0242 0240 0236 0234 0235 0236 0235 0235 0239 0255
0273 0293 0309 0307 0315 0321 0332 0327 0328 0319 0303 0285 0336 1519 0233 0141.
0277 0269 0262 0260 0254 0249 0244 0240 0235 0232 0247 0282
0301 0330 0350 0358 0366 0367 0373 0365 0370 0347 0330 0297 0381 1431 0231 0558.
0289 0277 0274 0277 0267 0266 0263 0253 0245 0239 0244 0264
0273 0296 0323 0324 0332 0330 0334 0323 0319 0308 0274 0249 0346 1315 0237 0603.
0241 0242 0240 0234 0230 0221 0215 0209 0204 0200 0211 0229
0240 0253 0281 0283 0311 0306 0311 0303 0298 0287 0271 0253 0314 1432 0199 0555.
0250 0242 0243 0241 0244 0229 0223 0223 0226 0228 0231 0237
0238 0241 0254 0267 0273 0279 0277 0272 0274 0272 0262 0257 0282 1434 0222 0228.
0252 0241 0230 0226 0221 0219 0221 0224 0221 0215 0220 0236
0263 0287 0319 0328 0325 0339 0332 0328 0317 0318 0298 0278 0342 1445 0215 0600.
0265 0258 0257 0254 0243 0239 0233 0230 0228 0222 0235 0257
0285 0310 0325 0332 0333 0339 0319 0327 0307 0290 0270 0258 0348 1335 0222 0528.
0252 0249 0251 0247 0243 0240 0244 0242 0242 0240 0244 0256
0278 0297 0309 0323 0329 0335 0321 0315 0299 0255 0261 0260 0340 1415 0239 0140.
0258 0260 0260 0256 0256 0255 0253 0251 0253 0251 0249 0255
0272 0288 0309 0304 0296 0303 0306 0300 0291 0287 0281 0276 0313 1114 0248 0619.
0274 0271 0269 0268 0265 0266 0261 0261 0264 0261 0262 0269
0284 0278 0279 0287 0293 0291 0291 0303 0300 0295 0289 0274 0304 1613 0260 0252.
0268 0264 0261 0260 0257 0255 0257 0251 0248 0247 0261 0280
0285 0292 0317 0334 0332 0329 0315 0306 0286 0270 0268 0264 0336 1158 0246 0510.
0259 0252 0252 0253 0252 0250 0250 0251 0245 0239 0237 0238
0244 0257 0256 0269 0272 0270 0275 0271 0287 0274 0252 0238 0288 1634 0236 0641.
0231 0222 0215 0211 0209 0203 0200 0196 0193 0190 0190 0194
0206 0217 0232 0231 0242 0270 0277 0286 0286 0278 0233 0205 0294 1533 0189 0603.
0190 0185 0170 0161 0156 0153 0148 0144 0141 0138 0154 0189
0224 0252 0276 0306 0317 0322 0318 0320 0315 0297 0259 0233 0334 1313 0137 0551.
0204 0191 0182 0177 0171 0165 0160 0158 0156 0156 0170 0191
0228 0259 0273 0302 0324 0306 0309 0312 0301 0284 0270 0247 0327 1315 0155 0446.
0239 0237 0231 0230 0223 0219 0217 0215 0210 0205 0213 0248
0265 0289 0314 0318 0323 0324 0322 0326 0314 0314 0293 0270 0335 1534 0204 0614.
0259 0255 0251 0253 0254 0252 0240 0234 0233 0231 0233 0246
0251 0265 0286 0325 0320 0335 0305 0294 0270 0250 0244 0243 0339 1404 0227 0630.
0242 0237 0235 0234 0235 0236 0231 0232 0232 0229 0224 0225
0229 0233 0237 0244 0245 0241 0237 0236 0237 0236 0230 0229 0247 1205 0223 0721.
0228 0229 0231 0231 0230 0230 0231 0230 0230 0226 0230 0232
0241 0247 0266 0272 0276 0287 0269 0254 0252 0232 0230 0225 0291 1412 0225 1954.
0218 0216 0214 0211 0210 0209 0210 0209 0210 0208 0210 0212
0216 0220 0230 0227 0230 0235 0241 0236 0236 0225 0219 0217 0242 1501 0208 0203.
0214 0214 0211 0210 0210 0209 0205 0200 0198 0200 0200 0203
0206 0210 0210 0210 0210 0207 0199 0193 0177 0176 0175 0171 0217 2001 0171 1953.
0168 0159 0158 0159 0159 0160 0160 0157 0156 0155 0157 0160
0163 0166 0168 0170 0183 0176 0175 0174 0172 0171 0171 0169 0183 1256 0154 0603.
0168 0168 0169 0169 0169 0167 0166 0167 0167 0166 0170 0170
0173 0174 0180 0184 0184 0182 0179 0186 0189 0185 0179 0176 0189 1657 0166 0204.
0173 0172 0171 0170 0166 0159 0160 0149 0148 0148 0153 0177
0195 0220 0236 0255 0269 0257 0256 0255 0245 0240 0212 0201 0271 1301 0147 0419.
0191 0192 0194 0190 0182 0166 0160 0164 0157 0155 0162 0179
0212 0235 0247 0245 0235 0246 0244 0229 0254 0231 0199 0184 0276 1124 0152 0532.
0173 0164 0157 0149 0146 0147 0143 0137 0133 0128 0142 0175
0216 0241 0260 0283 0278 0300 0284 0283 0279 0261 0224 0204 0300 1357 0128 0553.
0189 0183 0173 0167 0161 0157 0152 0148 0143 0139 0148 0188
0224 0261 0269 0291 0304 0308 0307 0300 0292 0275 0233 0211 0316 1239 0139 0557.
0205 0193 0180 0171 0165 0159 0158 0155 0152 0151 0159 0173
0212 0231 0253 0285 0309 0311 0305 0296 0296 0284 0241 0225 0316 1323 0150 0522.
0208 0195 0189 0182 //// //// //// 0182 0183 0181 0185 0194
0211 0232 0254 0269 0273 0261 0250 0267 0273 0257 0240 0222 0293 1240 0181 0007=
I=
E=
U=
N=
H=
C=
V=
R6
0000 0048 0048
0000 0006 0006
0000 0000 0000
0000 0000 0000
0000 0000 0000
0000 0000 0000
0000 0000 0000
0000 0000 0000
0000 0000 0000
0000 0215 0215
0000 0000 0000
0000 0004 0004
0000 0002 0002
0009 0000 0009
0000 0000 0000
0000 0000 0000
0000 0000 0000
0000 0000 0000
0009 0014 0023
0036 0031 0067
0003 0022 0025
0050 0014 0064
0047 0036 0083
0236 0151 0387
0138 0019 0157
0000 0000 0000
0000 0000 0000
0000 0000 0000
0000 0000 0000
0000 0000 0000
//// 0000 ////=
0000 0000 0000 0000 0000 0000 0000 0000 0000 0000 0000 0000
0000 0000 0000 0000 0000 0000 0000 0009 0036 0003 0000 0000.
0000 0000 0000 0000 0000 0000 0000 0000 0000 0000 0000 0000
0002 0003 0000 0000 0000 0000 0001 0000 0000 0000 0000 0000.
0000 0000 0000 0000 0000 0000 0000 0000 0000 0000 0000 0000
0000 0000 0000 0000 0000 0000 0000 0000 0000 0000 0000 0000.
0000 0000 0000 0000 0000 0000 0000 0000 0000 0000 0000 0000
0000 0000 0000 0000 0000 0000 0000 0000 0000 0000 0000 0000.
0000 0000 0000 0000 0000 0000 0000 0000 0000 0000 0000 0000
0000 0000 0000 0000 0000 0000 0000 0000 0000 0000 0000 0000.
0000 0000 0000 0000 0000 0000 0000 0000 0000 0000 0000 0000
0000 0000 0000 0000 0000 0000 0000 0000 0000 0000 0000 0000.
0000 0000 0000 0000 0000 0000 0000 0000 0000 0000 0000 0000
0000 0000 0000 0000 0000 0000 0000 0000 0000 0000 0000 0000.
0000 0000 0000 0000 0000 0000 0000 0000 0000 0000 0000 0000
0000 0000 0000 0000 0000 0000 0000 0000 0000 0000 0000 0000.
0000 0000 0000 0000 0000 0000 0000 0000 0000 0000 0000 0000
0000 0000 0000 0000 0000 0000 0000 0000 0000 0000 0000 0000.
0000 0000 0000 0000 0000 0000 0000 0000 0000 0000 0000 0000
0000 0000 0000 0000 0000 0000 0000 0000 0000 0201 0014 0000.
0000 0000 0000 0000 0000 0000 0000 0000 0000 0000 0000 0000
0000 0000 0000 0000 0000 0000 0000 0000 0000 0000 0000 0000.
0000 0000 0000 0000 0000 0000 0000 0000 0000 0000 0000 0000
0000 0001 0003 0000 0000 0000 0000 0000 0000 0000 0000 0000.
0000 0000 0000 0000 0000 0000 0000 0000 0000 0000 0000 0000
0000 0000 0000 0000 0000 0000 0000 0000 0002 0000 0000 0000.
0000 0000 0000 0000 0001 0000 0000 0001 0006 0000 0001 0000
0000 0000 0000 0000 0000 0000 0000 0000 0000 0000 0000 0000.
0000 0000 0000 0000 0000 0000 0000 0000 0000 0000 0000 0000
0000 0000 0000 0000 0000 0000 0000 0000 0000 0000 0000 0000.
0000 0000 0000 0000 0000 0000 0000 0000 0000 0000 0000 0000
0000 0000 0000 0000 0000 0000 0000 0000 0000 0000 0000 0000.
0000 0000 0000 0000 0000 0000 0000 0000 0000 0000 0000 0000
0000 0000 0000 0000 0000 0000 0000 0000 0000 0000 0000 0000.
0000 0000 0000 0000 0000 0000 0000 0000 0000 0000 0000 0000
0000 0000 0000 0000 0000 0000 0000 0000 0000 0000 0000 0000.
0000 0000 0000 0000 0000 0000 0007 0002 0000 0000 0000 0000
0000 0000 0000 0000 0000 0000 0000 0000 0000 0003 0007 0004.
0001 0001 0004 0000 0000 0000 0000 0000 0002 0025 0003 0000
0000 0000 0000 0000 0002 0000 0001 0000 0000 0000 0027 0001.
0000 0001 0000 0001 0001 0000 0000 0000 0000 0000 0000 0000
0000 0001 0000 0000 0000 0000 0000 0000 0000 0004 0000 0017.
0033 0010 0001 0000 0001 0000 0000 0000 0002 0001 0001 0001
0003 0001 0000 0003 0002 0000 0001 0001 0000 0001 0001 0001.
0001 0001 0000 0000 0000 0000 0003 0023 0018 0000 0001 0000
0000 0001 0001 0003 0003 0007 0008 0008 0003 0001 0001 0000.
0003 0040 0017 0016 0010 0004 0015 0034 0023 0029 0029 0016
0020 0017 0016 0015 0013 0009 0014 0020 0011 0006 0004 0006.
0001 0003 0000 0002 0013 0026 0014 0013 0014 0016 0024 0012
0008 0006 0003 0001 0001 0000 0000 0000 0000 0000 0000 0000.
0000 0000 0000 0000 0000 0000 0000 0000 0000 0000 0000 0000
0000 0000 0000 0000 0000 0000 0000 0000 0000 0000 0000 0000.
0000 0000 0000 0000 0000 0000 0000 0000 0000 0000 0000 0000
0000 0000 0000 0000 0000 0000 0000 0000 0000 0000 0000 0000.
0000 0000 0000 0000 0000 0000 0000 0000 0000 0000 0000 0000
0000 0000 0000 0000 0000 0000 0000 0000 0000 0000 0000 0000.
0000 0000 0000 0000 0000 0000 0000 0000 0000 0000 0000 0000
0000 0000 0000 0000 0000 0000 0000 0000 0000 0000 0000 0000.
0000 0000 0000 0000 0000 0000 0000 0000 0000 0000 0000 0000
0000 0000 0000 0000 0000 0000 0000 0000 0000 0000 0000 0000.
0000 0000 0000 0000 0000 //// //// 0000 0000 0000 0000 0000
0000 0000 0000 0000 0000 0000 0000 0000 0000 0000 0000 0000=
0000 ////////// 00000=
W=
L=
Z=
G=
FN
336011 186007 300010 353006 061005 013010
281010 066005 276006 296012 179004 108004
193005 129012 082018 018031 080018 064025
085038 180016 139016 ////// 113012 013010.
135005 194009 158020 075015 340007 064021
084015 056026 040020 012021 011009 073013
176008 064008 069006 118014 096011 026009
098020 101009 146010 088008 347006 285005.
336010 294007 185006 PPC000 285004 268005
206005 300007 PPC000 PPC000 353009 PPC000
167009 164020 055008 084022 111027 130023
119018 142016 020022 344008 PPC000 023007.
024007 044004 127004 030005 055007 305006
PPC000 PPC000 020005 PPC000 327010 PPC000
296006 114014 156012 115018 354010 128016
337011 108012 195013 083010 332010 279006.
PPC000 PPC000 059016 061012 ////// 299009
290008 332018 333010 072006 207007 281006
162017 095009 311022 289023 012014 316021
294018 305022 307022 332009 032010 343007.
297008 275012 316012 302008 292011 219005
PPC000 038006 069011 350006 355006 285008
165009 182007 071017 077016 086012 059010
028024 064019 053017 015015 005011 043009.
070009 349011 349015 PPC000 312006 289008
085007 PPC000 PPC000 180005 294006 063011
326009 012014 352010 182007 311008 026018
105024 094017 076016 013015 027012 302006.
286007 272009 023008 065009 080006 314004
300007 301009 197011 225005 266010 PPC000
280009 010009 214012 ////// 104033 100022
122018 099013 021013 045016 013009 255005.
PPC000 022005 026007 019006 040006 PPC000
PPC000 005005 312005 072006 PPC000 138013
142011 156012 079026 103021 030024 084017
021011 029013 299010 180028 094010 074008.
088012 333007 294007 189013 154016 066005
195009 203007 113011 PPC000 140012 138015
118011 ////// 092021 134011 059016 114025
017021 056018 059023 301017 296011 208005.
207004 103009 097007 PPC000 204009 334007
315004 092006 296007 080007 012008 277006
092010 136014 091018 060026 053016 090018
076014 093021 066009 100012 116010 130006.
160009 103006 212006 170009 290008 336006
074006 PPC000 326010 308005 279010 142009
282006 297009 296008 107007 095007 124015
123018 110010 114014 PPC000 004006 061007.
064009 077007 264008 295009 305011 295009
134006 261004 301009 143007 248006 151007
122009 096010 188011 125014 122011 125036
085024 087017 138010 110016 105007 206011.
137013 071009 PPC000 139004 187014 317008
215004 PPC000 185011 281007 276008 PPC000
023007 151018 158015 153008 256005 //////
141018 124020 227006 302005 PPC000 184006.
131012 288011 084007 PPC000 323010 311014
358007 285009 306012 015007 280010 347012
238005 074004 197005 141014 199008 166021
157027 164032 172012 187012 314007 071008.
039005 276008 341008 330005 PPC000 PPC000
059006 064006 032006 080005 PPC000 283006
149011 212008 124010 152012 124011 072017
130031 075018 013022 036012 296005 268007.
081008 065005 033006 060008 007007 339005
049009 074005 PPC000 084005 079006 //////
178010 315006 145019 130008 230014 078024
077019 093018 071011 069020 310011 048005.
326005 321016 136007 355005 PPC000 044005
PPC000 012004 037004 PPC000 086005 133006
203007 181012 273010 099025 082018 127025
113021 097017 ////// 172012 164007 041005.
288009 PPC000 012009 304005 204013 272008
174014 036007 021005 204008 PPC000 241004
161013 149008 354008 212009 093015 154011
082015 013012 330039 191006 025007 075005.
156015 301007 049008 014006 135008 157012
PPC000 137014 PPC000 134006 104014 104006
012011 019008 PPC000 060010 238008 084007
099014 PPC000 119011 219010 ////// PPC000.
315004 ////// ////// 197005 356010 163007
215008 330007 PPC000 ////// PPC000 015009
094006 013008 224007 018011 122007 275004
357019 315020 027016 128023 PPC000 //////.
////// 151011 161020 116008 148010 070005
015005 PPC000 084005 PPC000 137012 //////
////// 101007 ////// 167012 154018 137015
220012 157010 190010 154010 077009 330005.
PPC000 094007 088009 080007 021008 060006
////// ////// PPC000 ////// 146007 //////
////// 221008 ////// ////// 195013 //////
////// 327014 330020 ////// 332010 //////.
300010 305008 ////// 246005 PPC000 202009
219007 203010 ////// ////// ////// //////
PPC000 ////// ////// 171009 ////// //////
////// 156006 140008 ////// 203007 PPC000.
079004 PPC000 PPC000 PPC000 ////// 095005
150007 PPC000 141006 PPC000 ////// //////
////// ////// 165007 ////// ////// //////
////// ////// ////// ////// ////// 151009.
////// ////// ////// ////// 024005 //////
322006 306009 PPC000 298007 265007 230005
////// 146016 ////// 137018 310007 068020
126020 159017 009012 102011 PPC000 054023.
319012 335012 292007 306005 324010 065007
068004 301007 279007 339007 PPC000 130005
135013 143017 ////// 088018 135013 132011
073037 035009 206011 195009 PPC000 117006.
315007 326007 ////// 303007 003005 PPC000
034007 PPC000 045005 ////// 337005 //////
147004 ////// ////// ////// ////// //////
////// 117021 106013 ////// ////// //////.
////// 086006 040006 ////// ////// //////
PPC000 ////// ////// ////// ////// 294007
174008 164014 173008 166009 237012 024006
115009 095023 088019 020013 326011 002012.
307017 285013 060008 090004 026006 049005
PPC000 097004 078007 005005 031004 PPC000
141007 149006 150015 153013 232010 044018
095018 104016 103014 079007 330015 304016.
331012 021004 PPC000 359006 ////// //////
////// 097005 PPC000 PPC000 017005 PPC000
161006 149012 222009 146012 089017 084014
345013 ////// PPC000 087017 075017 PPC000=
028007 199006 281008 329008 039004 354010
332008 065004 239005 269008 196005 094006
176007 102014 075016 016027 060021 065024
080034 163018 123013 ////// 117008 033010.
154005 183008 159018 074018 008009 057022
079015 046025 023019 012018 002010 063013
275006 086005 069008 119014 104011 024010
090020 109012 118011 084007 035007 290007.
315009 304007 148005 206004 237004 327005
205005 334005 144004 PPC000 343008 PPC000
170009 152013 027010 088022 110026 115024
109018 121021 055017 349009 284005 015008.
003006 007004 PPC000 046004 019007 325005
345005 305004 017006 PPC000 314009 PPC000
241005 114013 155010 122018 050012 146017
317012 073012 199014 060009 340009 291008.
069004 012004 067015 068011 ////// 300011
269005 319015 003009 017007 204008 265007
172015 099012 320018 290021 329014 319024
284016 308020 304019 338009 025008 326008.
311010 284012 304013 306009 293011 346007
PPC000 038006 075009 003006 345007 282009
151008 213008 036014 090022 122011 078017
055019 049018 063017 029015 356013 044010.
054011 343010 346013 PPC000 319007 313007
095005 PPC000 PPC000 181004 290006 041011
328010 012014 353010 230007 041007 030017
103022 092018 091013 024013 014011 003006.
283005 281007 020008 069008 092006 353004
334006 298008 200010 213007 265008 259006
271010 036010 247009 ////// 111031 100023
115021 116014 030013 059014 005010 281006.
023004 009005 013008 005006 047007 PPC000
040005 060004 299006 066006 PPC000 143015
157011 153012 097022 092019 048024 077021
023011 023013 302011 179027 094010 070008.
090011 027005 282006 192014 144012 072004
201010 195007 115010 PPC000 144011 129015
153010 ////// 086018 139011 067021 111026
049027 083026 054022 289018 294012 209007.
PPC000 108009 077005 042004 178007 338008
PPC000 126006 286007 086007 005008 314007
114009 143013 102014 055024 043018 071016
090014 092020 052012 101012 111008 133006.
156008 102006 208006 173009 281008 332007
124005 PPC000 328010 288005 213006 147009
326006 297009 298009 107007 100007 112017
115018 118010 121011 PPC000 023004 034006.
043008 065006 284006 292008 298011 291008
148006 282005 301007 107005 227007 124008
118008 099007 179012 134012 108013 117032
097021 090015 103010 101015 092009 209010.
138013 068008 PPC000 172005 178011 313009
195005 PPC000 201010 301008 272008 249005
009008 159019 155018 173007 234008 //////
152018 134018 201009 285007 PPC000 175008.
135012 276008 064007 267004 011007 306013
343008 300005 289011 329006 290011 337011
268005 015006 182004 136015 190008 157019
155028 162028 172016 183012 319009 061007.
061006 293007 018005 311004 034004 PPC000
074006 059006 039006 076004 057005 227007
167010 164009 134012 152013 155015 081018
129029 090017 044019 038013 306007 280009.
033008 053006 015005 060008 015007 346004
052008 089006 PPC000 061006 050005 //////
175010 130008 154017 143011 223013 078021
090016 105021 061011 056019 330010 046005.
359004 316015 094006 359005 013004 056006
048004 PPC000 033005 022004 077006 140005
188008 185012 243013 113022 085020 118026
112019 093019 ////// 176014 140007 007007.
289009 247005 016008 267006 176009 268008
161017 053008 356005 182008 329004 279005
170013 152010 008008 206011 109016 130014
088019 017013 330035 201008 009006 080007.
157014 299007 036008 026008 154007 156013
PPC000 138012 PPC000 142007 107017 086008
013009 021010 PPC000 065011 229008 061010
105014 343004 129011 213008 ////// PPC000.
PPC000 ////// ////// 213004 346009 165006
244008 331009 PPC000 ////// 253004 014011
076009 017007 158006 040008 106006 192005
001018 321018 043014 124020 PPC000 //////.
////// 155011 164019 116009 142008 PPC000
357005 PPC000 141004 156005 156009 //////
////// 132007 ////// 175014 156017 151015
208014 150011 197010 141009 073008 319006.
PPC000 093005 097010 072007 024007 076005
////// ////// PPC000 ////// 167005 //////
////// 218006 ////// ////// 190012 //////
////// 327013 332020 ////// 332011 //////.
318010 296008 ////// 234005 PPC000 165008
217009 209009 ////// ////// ////// //////
PPC000 ////// ////// 168008 ////// //////
////// 163007 114008 ////// 214007 PPC000.
093004 PPC000 PPC000 PPC000 ////// 104005
143006 PPC000 155005 PPC000 ////// //////
////// ////// 153007 ////// ////// //////
////// ////// ////// ////// ////// 153009.
////// ////// ////// ////// PPC000 //////
317006 300010 PPC000 280005 223005 206006
////// 145016 ////// 156014 243008 079023
116024 152018 045011 106013 PPC000 051010.
314011 326012 309007 302009 332009 071006
035005 302004 284007 330007 PPC000 147005
141012 155015 ////// 112013 136016 129009
059031 033009 206009 183011 043004 057006.
325008 345007 ////// 314007 013006 PPC000
028007 PPC000 043004 ////// PPC000 //////
095005 ////// ////// ////// ////// //////
////// 107017 100013 ////// ////// //////.
////// 004007 027006 ////// ////// //////
PPC000 ////// ////// ////// ////// 235004
120007 151010 136007 169009 230013 055007
063010 087019 092016 019013 328012 006011.
303016 292012 027008 043005 005005 051006
230004 062005 066007 035005 046004 PPC000
181007 135007 143013 141015 213010 038018
096018 099017 108013 079008 332013 299015.
333010 011004 314004 356006 ////// //////
////// 140005 PPC000 PPC000 048004 PPC000
164007 177010 188009 143013 093018 091013
346015 ////// 126004 088015 069019 031005=
059089 1545 074076 1543
026040 0359 045046 0211
031117 1313 045121 1313
021137 1134 031196 1314
032329 1356 045356 1331
034078 1412 048016 1517
024101 1449 032095 1449
031111 1257 044093 1410
034106 1130 048100 1335
045140 1718 064155 1714
038092 1221 048086 1216
023110 1356 033120 1354
034150 1724 066137 1724
029158 1008 045162 1005
034149 1456 048143 1554
032139 1416 043131 1416
030103 1425 042077 1446
031103 1352 044152 1344
041326 1710 062274 1644
020116 0656 036106 0656
029335 1515 037059 1446
022153 2303 029168 1306
021328 1701 028345 1703
015326 2112 020332 2044
024012 1411 039037 1416
027119 1424 037095 1454
031059 1500 042079 1500
024144 1247 039100 1454
022109 1544 038122 1541
024101 1442 035330 2109
024332 1514 049066 1857=
D=
K=
A=
S=
B=
??????
******
YF
O2196
河南省
豫嵩县德亭
嵩县德亭镇德亭村
丘陵；乡村；地面
空缺
计算机
计算机
计算机
计算机
计算机
20100926=
JY
8888=
GK
01/
05/=
BZ
BB/01/18时温度用正点前3分钟值代替。
BB/05/01时温度用正点后4分钟值代替。
BB/08/12时温度用正点前3分钟值代替。
BB/10/10时温度用正点前2分钟值代替。
BB/14/14时温度用正点前1分钟值代替。
BB/17/08时温度用正点前3分钟值代替。
BB/18/17时温度用正点前1分钟值代替。
BB/20/19时温度用正点前1分钟值代替。
BB/21/22时温度用正点前3分钟值代替。23时温度用正点前1分钟值代替。06时温度用正点前1分钟值代替。20时温度用正点前4分钟值代替。
BB/22/21时温度用正点前1分钟值代替。08时温度用正点前4分钟值代替。09时温度用正点前1分钟值代替。11时温度用正点前1分钟值代替。
BB/23/03时温度用正点前2分钟值代替。04时温度用正点前2分钟值代替。06时温度用正点前1分钟值代替。08时温度用正点前1分钟值代替。09时温度用正点前3分钟值代替。11时温度用正点前3分钟值代替。12时温度用正点前1分钟值代替。14时温度用正点前2分钟值代替。15时温度用正点前1分钟值代替。18时温度用正点前3分钟值代替。20时温度用正点前1分钟值代替。
BB/24/23时温度用正点前3分钟值代替。05时温度用正点前3分钟值代替。06时温度用正点前3分钟值代替。07时温度用正点前4分钟值代替。08时温度用正点前2分钟值代替。10时温度用正点前4分钟值代替。11时温度用正点前2分钟值代替。13时温度用正点前3分钟值代替。14时温度用正点前3分钟值代替。15时温度用正点前3分钟值代替。18时温度用正点前1分钟值代替。
BB/25/01时温度用正点前1分钟值代替。07时温度用正点前3分钟值代替。08时温度用正点前3分钟值代替。09时温度用正点前3分钟值代替。10时温度用正点前3分钟值代替。12时温度用正点前3分钟值代替。13时温度用正点前3分钟值代替。14时温度用正点前4分钟值代替。15时温度用正点前1分钟值代替。16时温度用正点前4分钟值代替。17时温度用正点前3分钟值代替。18时温度用正点前2分钟值代替。19时温度用正点前3分钟值代替。
BB/26/21时温度用正点前3分钟值代替。22时温度用正点前3分钟值代替。23时温度用正点前3分钟值代替。24时温度用正点前3分钟值代替。02时温度用正点前3分钟值代替。09时温度用正点前1分钟值代替。11时温度用正点前1分钟值代替。
BB/27/11时温度用正点前1分钟值代替。
BB/28/23时温度用正点后5分钟值代替。06时温度用正点前1分钟值代替。08时温度用正点前1分钟值代替。10时温度用正点前1分钟值代替。11时温度用正点前3分钟值代替。12时温度用正点前2分钟值代替。13时温度用正点前1分钟值代替。14时温度用正点前3分钟值代替。15时温度用正点前1分钟值代替。18时温度用正点前1分钟值代替。19时温度用正点前2分钟值代替。20时温度用正点前1分钟值代替。
BB/29/21时温度用正点前2分钟值代替。24时温度用正点前2分钟值代替。01时温度用正点前2分钟值代替。02时温度用正点前1分钟值代替。04时温度用正点前1分钟值代替。05时温度用正点前1分钟值代替。06时温度用正点前1分钟值代替。07时温度用正点前3分钟值代替。
BB/31/16时温度用正点前3分钟值代替。
00/340843/1115458
10/24/逐时观测
10/24/24时连续观测
11/不守班=
######
