O2192 3426N 11207E 003810 003810 105 000 S15 91999999919999199999 0 2011 09
P=
TB
0220 0211 0202 0194 0191 0184 0179 0176 0173 0169 0175 0209
0243 0282 0311 0327 0333 0327 0329 0330 0313 0294 0268 0257 0336 1223 0169 0538.
0249 0236 0233 0225 0221 0215 0211 0208 0203 0203 0202 0203
0204 0205 0217 0249 0257 0266 0264 0259 0254 0250 0237 0227 0278 1415 0200 0618.
0222 0230 0226 0224 0224 0222 0219 0216 0212 0208 0212 0229
0246 0259 0287 0288 0283 0293 0284 0256 0249 0238 0235 0228 0297 1107 0207 0553.
0223 0218 0212 0208 0201 0195 0192 0188 0181 0178 0177 0175
0176 0175 0177 0178 0179 0178 0179 0176 0177 0178 0177 0178 0228 2001 0174 1032.
0177 0178 0177 0177 0177 0178 0177 0177 0178 0175 0177 0173
0164 0169 0174 0177 0178 0185 0180 0177 0181 0180 0178 0174 0189 1329 0162 0831.
0170 0169 0169 0167 0167 0167 0166 0165 0164 0161 0158 0159
0161 0161 0165 0170 0172 0169 0165 0163 0163 0162 0158 0156 0174 1215 0156 1916.
0155 0154 0154 0151 0148 0150 0151 0151 0152 0151 0152 0154
0157 0158 0160 0163 0166 0172 0186 0197 0198 0196 0182 0175 0201 1611 0148 0034.
0173 0168 0165 0162 0157 0156 0155 0156 0153 0152 0152 0165
0180 0198 0203 0202 0206 0209 0222 0212 0208 0198 0188 0181 0228 1517 0150 0607.
0180 0178 0178 0180 0177 0174 0173 0174 0174 0173 0168 0176
0193 0208 0223 0234 0236 0244 0248 0232 0221 0210 0199 0192 0252 1502 0168 0648.
0183 0178 0177 0174 0175 0174 0174 0173 0173 0174 0176 0182
0188 0205 0212 0227 0216 0220 0233 0217 0208 0199 0188 0185 0235 1502 0173 0252.
0181 0177 0172 0163 0161 0155 0152 0153 0145 0147 0145 0141
0143 0146 0144 0146 0146 0137 0136 0138 0137 0138 0137 0137 0185 2001 0135 1638.
0137 0139 0140 0140 0142 0141 0141 0142 0143 0143 0143 0143
0145 0148 0151 0160 0171 0188 0198 0204 0205 0204 0179 0168 0211 1745 0136 2004.
0169 0170 0170 0171 0170 0167 0165 0165 0164 0164 0164 0166
0170 0171 0174 0172 0173 0172 0173 0173 0173 0168 0163 0164 0174 1039 0163 1857.
0163 0163 0163 0161 0160 0159 0158 0158 0158 0158 0158 0160
0163 0164 0176 0183 0188 0198 0188 0192 0184 0178 0173 0169 0198 1357 0158 0211.
0166 0165 0163 0163 0164 0164 0164 0165 0164 0163 0164 0167
0175 0176 0192 0207 0204 0206 0211 0217 0215 0208 0197 0191 0219 1607 0162 0511.
0185 0172 0167 0167 0162 0153 0150 0144 0142 0137 0142 0169
0211 0226 0222 0234 0241 0230 0228 0216 0199 0196 0193 0192 0242 1229 0137 0552.
0190 0189 0188 0187 0187 0187 0184 0174 0157 0152 0149 0142
0137 0138 0145 0142 0133 0131 0129 0130 0127 0126 0125 0123 0192 2001 0123 1840.
0120 0119 0118 0118 0115 0109 0103 0104 0101 0094 0091 0092
0094 0099 0100 0097 0097 0104 0103 0093 0093 0093 0093 0089 0123 2001 0089 1938.
0085 0084 0085 0086 0083 0081 0081 0081 0083 0083 0088 0096
0117 0135 0146 0150 0173 0168 0171 0175 0178 0146 0128 0121 0195 1532 0080 0341.
0119 0117 0115 0113 0113 0112 0112 0110 0109 0108 0111 0131
0156 0177 0188 0203 0208 0219 0223 0224 0233 0184 0145 0137 0233 1700 0107 0520.
0121 0110 0106 0101 0093 0092 0089 0087 0082 0080 0096 0118
0158 0192 0211 0223 0234 0245 0255 0242 0247 0204 0162 0155 0260 1521 0080 0557.
0150 0144 0140 0138 0134 0129 0124 0121 0116 0119 0122 0139
0185 0211 0226 0242 0255 0265 0266 0266 0256 0212 0165 0148 0281 1519 0115 0415.
0136 0142 0133 0127 0122 0117 0113 0109 0109 0109 0113 0143
0197 0209 0233 0247 0257 0268 0269 0268 0250 0216 0184 0167 0277 1539 0106 0406.
0156 0157 0152 0135 0123 0119 0115 0110 0107 0104 0107 0131
0186 0215 0233 0256 0264 0277 0276 0251 0233 0210 0197 0188 0282 1424 0103 0604.
0186 0181 0177 0171 0160 0148 0146 0142 0132 0122 0123 0145
0192 0222 0244 0253 0264 0270 0276 0259 0242 0210 0189 0176 0284 1448 0121 0618.
0169 0164 0175 0176 0170 0166 0161 0149 0132 0122 0120 0142
0194 0228 0236 0239 0251 0252 0238 0231 0223 0203 0187 0184 0256 1356 0119 0619.
0182 0180 0177 0169 0162 0156 0145 0144 0154 0150 0155 0168
0180 0176 0186 0185 0185 0188 0181 0172 0167 0166 0166 0165 0201 1329 0141 0345.
0162 0160 0160 0160 0158 0156 0155 0155 0155 0155 0155 0156
0156 0157 0160 0162 0164 0166 0163 0168 0169 0168 0164 0163 0169 1534 0154 0249.
0166 0165 0167 0165 0165 0162 0163 0162 0161 0163 0169 0174
0187 0196 0197 0202 0208 0213 0218 0212 0208 0186 0168 0152 0222 1508 0152 1958.
0150 0141 0131 0121 0116 0115 0112 0103 0097 0105 0099 0118
0154 0215 0225 0230 0243 0251 0257 0250 0226 0202 0188 0180 0261 1503 0097 0500=
I=
E=
U=
N=
H=
C=
V=
R6
0000 0000 0000
0000 0000 0000
0000 0000 0000
0000 0023 0023
0186 0127 0313
0127 0130 0257
0102 0128 0230
0000 0001 0001
0000 0000 0000
0048 0000 0048
0068 0421 0489
0241 0007 0248
0086 0522 0608
0657 0098 0755
0120 0000 0120
0000 0037 0037
0253 0088 0341
0172 0334 0506
0042 0001 0043
0000 0000 0000
0000 0000 0000
0000 0000 0000
0000 0000 0000
0000 0000 0000
0000 0000 0000
0000 0000 0000
0000 0088 0088
0049 0038 0087
0000 0000 0000
0000 0000 0000=
0000 0000 0000 0000 0000 0000 0000 0000 0000 0000 0000 0000
0000 0000 0000 0000 0000 0000 0000 0000 0000 0000 0000 0000.
0000 0000 0000 0000 0000 0000 0000 0000 0000 0000 0000 0000
0000 0000 0000 0000 0000 0000 0000 0000 0000 0000 0000 0000.
0000 0000 0000 0000 0000 0000 0000 0000 0000 0000 0000 0000
0000 0000 0000 0000 0000 0000 0000 0000 0000 0000 0000 0000.
0000 0000 0000 0000 0000 0000 0000 0000 0000 0000 0000 0000
0000 0000 0000 0000 0000 0000 0000 0000 0003 0009 0005 0006.
0001 0002 0027 0033 0015 0019 0015 0000 0001 0004 0005 0064
0041 0012 0002 0000 0003 0001 0015 0003 0007 0003 0014 0026.
0020 0007 0003 0000 0000 0013 0019 0002 0002 0003 0026 0032
0005 0012 0025 0012 0004 0001 0024 0023 0013 0005 0002 0004.
0004 0002 0002 0023 0005 0006 0011 0020 0014 0008 0003 0004
0004 0013 0018 0021 0030 0036 0005 0000 0000 0000 0001 0000.
0000 0000 0000 0000 0000 0000 0000 0000 0000 0000 0000 0000
0000 0001 0000 0000 0000 0000 0000 0000 0000 0000 0000 0000.
0000 0000 0000 0000 0000 0000 0000 0000 0000 0000 0000 0000
0000 0000 0000 0000 0000 0000 0000 0000 0000 0000 0000 0000.
0003 0010 0001 0029 0003 0001 0001 0000 0000 0000 0000 0000
0000 0000 0000 0000 0000 0000 0000 0000 0000 0000 0000 0000.
0000 0000 0000 0000 0001 0001 0009 0019 0007 0002 0006 0023
0077 0035 0009 0004 0006 0031 0033 0040 0046 0073 0034 0033.
0017 0021 0028 0026 0038 0019 0038 0027 0005 0004 0014 0004
0002 0002 0002 0000 0000 0000 0000 0000 0001 0000 0000 0000.
0000 0000 0000 0000 0000 0001 0000 0002 0007 0013 0029 0034
0056 0029 0062 0044 0027 0051 0028 0044 0042 0052 0048 0039.
0141 0086 0114 0117 0092 0062 0030 0008 0003 0003 0000 0001
0000 0007 0007 0007 0003 0001 0001 0000 0000 0011 0029 0032.
0028 0037 0049 0004 0001 0000 0000 0000 0000 0001 0000 0000
0000 0000 0000 0000 0000 0000 0000 0000 0000 0000 0000 0000.
0000 0000 0000 0000 0000 0000 0000 0000 0000 0000 0000 0000
0000 0000 0000 0000 0000 0000 0000 0000 0012 0022 0002 0001.
0005 0001 0003 0017 0005 0004 0074 0062 0038 0009 0022 0013
0015 0010 0004 0001 0002 0009 0008 0013 0014 0004 0002 0006.
0009 0012 0007 0008 0020 0016 0010 0016 0013 0012 0029 0020
0031 0023 0019 0037 0035 0034 0024 0020 0026 0030 0032 0023.
0016 0011 0003 0002 0004 0003 0001 0000 0001 0000 0001 0000
0000 0000 0000 0000 0000 0000 0001 0000 0000 0000 0000 0000.
0000 0000 0000 0000 0000 0000 0000 0000 0000 0000 0000 0000
0000 0000 0000 0000 0000 0000 0000 0000 0000 0000 0000 0000.
0000 0000 0000 0000 0000 0000 0000 0000 0000 0000 0000 0000
0000 0000 0000 0000 0000 0000 0000 0000 0000 0000 0000 0000.
0000 0000 0000 0000 0000 0000 0000 0000 0000 0000 0000 0000
0000 0000 0000 0000 0000 0000 0000 0000 0000 0000 0000 0000.
0000 0000 0000 0000 0000 0000 0000 0000 0000 0000 0000 0000
0000 0000 0000 0000 0000 0000 0000 0000 0000 0000 0000 0000.
0000 0000 0000 0000 0000 0000 0000 0000 0000 0000 0000 0000
0000 0000 0000 0000 0000 0000 0000 0000 0000 0000 0000 0000.
0000 0000 0000 0000 0000 0000 0000 0000 0000 0000 0000 0000
0000 0000 0000 0000 0000 0000 0000 0000 0000 0000 0000 0000.
0000 0000 0000 0000 0000 0000 0000 0000 0000 0000 0000 0000
0000 0000 0000 0000 0000 0000 0000 0000 0000 0000 0000 0000.
0000 0000 0000 0000 0000 0000 0000 0000 0000 0000 0000 0000
0000 0000 0000 0000 0000 0000 0000 0000 0002 0029 0029 0028.
0004 0000 0009 0005 0001 0000 0000 0000 0005 0011 0010 0004
0000 0023 0015 0000 0000 0000 0000 0000 0000 0000 0000 0000.
0000 0000 0000 0000 0000 0000 0000 0000 0000 0000 0000 0000
0000 0000 0000 0000 0000 0000 0000 0000 0000 0000 0000 0000.
0000 0000 0000 0000 0000 0000 0000 0000 0000 0000 0000 0000
0000 0000 0000 0000 0000 0000 0000 0000 0000 0000 0000 0000=
0000 ////////// 00000=
W=
L=
Z=
G=
FN
097005 095005 087006 133008 078008 060006
PPC000 PPC000 088004 092003 093005 324007
282010 291008 288009 017006 063011 099012
090010 086015 104008 094007 091005 104013.
094014 159007 007021 017031 033020 002021
005017 042016 057027 249006 322010 033007
049020 052023 035013 043014 103014 070012
317016 358017 025020 038016 PPC002 042013.
211006 055012 079012 131004 095009 090005
090007 109011 084009 083010 108007 083012
095014 070016 108016 081012 066013 327009
100012 042022 289008 103013 009015 010010.
060013 037024 061016 318014 293015 298013
002025 358013 329013 071013 291017 314017
357021 324018 018008 298011 334015 008013
325015 341013 309007 300014 310010 264010.
289013 300012 297014 302011 311012 255010
231011 PPC000 304015 359006 307020 120011
087016 140011 165011 089007 123009 317006
292010 171007 PPC000 201003 126008 069012.
143008 114009 PPC000 117013 108012 108012
122018 106022 135010 110010 104013 092006
087010 096023 097024 095015 100014 070021
094012 082017 093021 091019 111021 102016.
101012 109020 095015 093003 055011 093005
189008 PPC000 220008 304005 PPC001 299010
238015 237011 298010 030005 084004 038005
315017 257012 300023 349009 113007 107009.
PPC001 123004 199005 PPC000 PPC000 349008
PPC000 172008 166009 259005 156007 216004
117005 276013 360014 109025 115017 124013
121010 054015 037012 333012 PPC002 132007.
325008 157009 164009 143012 113007 159010
145009 102005 050003 116007 160014 124017
114016 103019 113009 109017 108019 113010
084009 066027 045017 100010 114014 096020.
103005 030006 109004 098005 100009 115008
261009 PPC000 161006 138010 142016 126014
141011 126011 146013 111013 100020 063013
054017 117027 043008 300005 263013 033012.
016012 014011 038012 050022 027015 012015
060011 119007 029018 196005 301009 090010
246005 108011 114011 136007 133006 065025
049018 201004 223007 PPC000 116004 293011.
289012 222007 PPC002 166006 296005 240013
296006 275013 289018 268012 298015 294014
304020 324019 273025 286018 288022 306029
318018 306023 310017 346003 PPC002 PPC001.
107008 101006 102006 115011 160007 279005
310007 321010 237007 326007 314006 058006
107009 017004 290006 308018 296011 306015
311014 355011 328013 310011 281009 242006.
324011 229012 293014 311009 289017 262008
277007 288012 PPC001 PPC000 298007 326007
PPC002 323008 PPC001 122006 107012 339003
106012 143013 125010 017009 340014 275011.
276011 284012 257009 324011 188005 102003
184004 310014 292016 257007 293007 PPC002
112003 310007 220004 306014 314012 278012
PPC001 305008 137006 PPC000 333008 347007.
076005 129008 PPC001 123008 289016 149005
121005 137005 PPC000 PPC000 109005 001005
278004 121015 110014 106006 094004 154010
104006 128008 106008 183004 PPC000 301004.
121010 PPC000 117008 095006 PPC002 268008
319012 067045 064041 083031 103018 001008
075031 053020 088050 081027 025014 058018
035010 060015 175015 352006 062017 099007.
089013 063012 149007 PPC000 060011 099016
095027 084023 060013 106018 139017 158016
148015 117009 359006 349018 063041 010016
348017 056024 036015 185008 316014 293019.
282012 166012 PPC002 162003 266009 312009
296006 PPC000 339010 313013 346005 329013
310016 282019 311031 294027 122014 058015
117007 051010 090005 108005 110003 119004.
113008 247006 108006 002006 PPC000 320005
PPC000 PPC001 338007 316011 PPC001 296009
279018 313034 308019 272023 290017 141009
010009 171011 271010 143008 155004 PPC000.
118008 092003 118005 119008 149007 138005
157007 152005 006004 054007 293006 288018
289017 337023 294020 307023 292025 250016
265011 164010 153006 099004 141013 PPC001.
094006 305009 109009 122005 PPC000 PPC001
118006 PPC000 088005 PPC000 PPC000 233012
277017 266019 297036 305030 289021 310016
001011 041010 045008 081005 194009 101005.
025010 PPC000 024003 PPC000 PPC001 077003
PPC000 PPC002 072003 074003 PPC001 203004
273009 278016 287015 344007 159019 117009
131013 110007 125012 105012 109012 110012.
118008 101008 186003 100004 PPC000 PPC000
PPC000 009004 PPC002 004005 PPC000 PPC001
252010 171007 161015 043011 040013 052007
041012 039012 030009 031011 039011 031008.
036015 029015 037009 023011 PPC001 025004
PPC001 043003 012006 PPC002 002006 290008
192007 276014 198010 137019 068024 063009
052010 073013 067006 060006 070004 PPC000.
034009 030011 055012 047010 028012 031010
035006 PPC002 081005 005005 093005 PPC001
280011 098016 058023 043020 051017 079010
045014 028017 050010 042003 041014 040014.
034013 034016 035013 039011 040007 PPC000
PPC000 142009 066005 054006 060007 055005
092011 027009 259007 085003 301009 292015
246013 047013 123013 091003 002003 285012.
026008 186012 026015 004009 PPC002 326010
290011 001008 301014 298008 297005 272008
252020 260018 275017 288018 251014 258018
354010 281016 310008 328007 337010 339013.
329016 001015 341012 331016 346017 330021
325021 328016 341013 319018 359010 288012
328019 323016 321019 212013 298019 316020
324022 127004 PPC002 124007 121007 133009.
093006 PPC000 324006 PPC000 PPC002 029005
104005 PPC000 133007 224005 312011 022006
204004 187006 109020 129021 115025 075009
101011 111010 087005 111010 098018 101015=
094007 083004 070004 125008 067006 031004
PPC001 PPC000 PPC002 091004 090004 323007
288010 289009 294009 041008 063013 108016
093010 085014 098009 089008 093006 103014.
076012 140008 003021 023030 037018 011025
008017 029017 053025 229006 313011 031007
052019 048021 022013 043015 100016 079016
333016 012019 029020 039013 039005 034009.
248005 054011 105009 196004 096010 087008
096007 108011 087009 088010 109008 089012
094016 086019 107014 079011 068011 036010
088013 040025 354011 068014 000015 011011.
047012 001018 054017 334014 297015 310013
345020 360015 332016 048013 294016 306016
347018 325017 011007 300013 344013 008017
327016 344015 324008 301014 309012 257009.
290012 300013 293013 295013 303014 249011
249008 PPC001 309014 003009 310018 105010
092017 137012 160012 096007 125011 324007
292013 172008 PPC002 217003 125008 075010.
135008 106009 PPC002 115012 104012 107013
115018 105021 134008 108011 099014 090007
083011 094024 096021 097019 090016 072020
083012 080018 096017 091017 109019 111019.
109015 106018 092016 081007 064011 093006
181006 PPC000 226008 315006 PPC001 303010
245013 244012 273009 014005 088005 030004
314017 270015 302021 341010 107007 101007.
084003 PPC002 205006 PPC000 PPC000 353009
PPC002 180008 150007 245004 167006 266003
123005 278015 021014 105020 110016 125015
113009 047013 047013 330011 099004 141009.
340007 161007 137006 142014 109006 158010
141010 102005 073004 122008 172012 130017
129018 107018 120013 117016 113015 115011
093011 076025 124016 110011 117013 094017.
071007 037010 103005 096006 101010 120008
252010 PPC000 220006 136010 143016 115013
142012 117009 151014 098013 091015 072013
078018 111024 096008 286004 253011 024012.
016011 007011 042013 035018 037015 020013
066012 116005 024018 170005 284010 076012
188005 102012 115010 137005 122007 063023
055018 168004 258006 PPC001 165006 291012.
283012 213006 PPC001 163006 286004 236012
300007 274012 290015 270012 297016 297013
302019 321018 279026 283020 288025 307025
316018 310021 313018 343005 PPC001 PPC001.
103007 087006 104007 119010 152007 272005
289008 326009 243007 359005 353007 032007
097007 072003 004005 315016 305011 303020
308014 000010 317013 295012 243009 255006.
325011 207010 299013 310008 294016 266010
283007 279010 245004 PPC001 284007 319008
334004 321007 034003 136005 105010 026004
121013 128012 123009 003010 343014 279010.
273012 282013 260009 319011 160005 120004
156004 310013 301016 279009 306005 353004
069004 309009 257005 306014 321013 269012
258004 297008 131006 PPC001 324009 350006.
083004 139008 PPC001 121009 282013 136005
128007 132006 PPC000 PPC001 091006 025005
278004 121015 102012 106008 109009 131011
102007 135009 101007 178006 PPC002 296006.
120009 PPC000 068006 104007 PPC001 259005
324012 067048 065060 079043 085022 071010
060025 047018 083053 084032 048019 056021
047011 068018 192014 066005 065016 094007.
090014 087013 157007 PPC002 080011 097018
091028 086021 070016 097013 138016 147013
153018 130011 054004 349018 064034 016015
006016 053021 035018 221007 322014 299018.
327008 168012 208004 211004 260007 312009
295007 PPC002 341009 316013 342007 328012
303013 282020 314027 286029 103015 057021
101011 054012 095006 105004 104004 121005.
109006 257007 122007 329006 PPC002 328004
PPC001 126003 336005 322010 166003 306009
293017 310032 298021 288018 285017 123010
336012 223012 225008 154008 212004 PPC001.
126009 PPC002 110005 112006 153007 144006
164007 152006 PPC002 077005 305007 294017
299017 333019 307024 307024 293019 251014
237009 147011 151005 103004 142011 104003.
097007 013008 108008 124006 PPC001 111003
115005 PPC001 094004 PPC000 PPC000 228010
278015 277020 298033 299025 294017 318014
018014 066008 056009 082004 190008 104006.
042008 PPC000 338003 PPC001 PPC002 082003
PPC000 PPC002 095003 072003 PPC001 PPC002
265009 283015 298016 308010 131016 089011
126013 114009 110012 108011 106011 110012.
117009 102008 196006 107006 PPC000 PPC001
PPC001 007003 PPC002 004003 PPC001 PPC001
251007 166010 155015 045010 042015 047009
046012 039011 031010 032012 034011 031009.
034015 028013 040009 025010 273003 026004
PPC002 043003 019005 PPC001 002003 296008
168007 284013 173012 128019 063022 060013
055010 075013 063006 065008 058004 PPC000.
036008 031010 053013 048012 029012 030012
027008 007004 074003 005004 084005 PPC002
276008 192011 053021 043017 047015 061011
046014 040017 048009 036005 042013 039015.
036014 034015 035014 040010 042007 PPC000
PPC002 132009 064005 046005 064007 055004
091009 047007 280005 073004 311007 291016
276012 037012 112013 059004 293005 271012.
019009 194014 001016 276011 001004 314010
281011 351009 298012 300010 291006 285008
261017 263017 277018 284016 260016 256017
347010 283018 305009 326007 338010 348014.
338017 357014 349014 310015 346017 330021
325022 328016 339012 329018 350012 300011
323020 321018 309020 223014 294019 315020
322022 094004 028005 115005 114006 120007.
100007 PPC000 344006 116003 PPC002 PPC002
096004 PPC000 129006 189007 321012 031005
218005 175006 113018 132020 110022 093010
101012 112014 082008 113009 108018 110016=
027112 1417 058103 1419
034019 0208 051059 0142
035049 1539 066061 1533
029037 2114 049040 2114
025111 0910 050132 0905
037085 1221 072108 1211
027302 1513 054130 2024
023114 1308 039113 1200
037076 1606 082046 1540
026100 2138 052121 1554
030054 1445 054057 1444
031284 1148 051277 1147
025307 1346 041305 1350
020233 2216 029224 2214
022297 1213 034285 1221
020122 1009 038129 1313
104066 0515 185047 0522
048061 1330 113056 0301
030281 1158 053297 1100
032310 1000 052302 1009
034291 1133 058292 1112
033298 1100 053323 1139
021140 1412 037151 1411
020047 1430 038061 1317
026084 1242 053138 1137
024045 1126 052036 1119
022357 1931 042036 2102
025266 1425 046270 1422
029316 1019 055301 1011
026119 1440 062114 1221=
D=
K=
A=
S=
B=
??????
******
YF
O2192
河南省
豫宜阳赵堡
宜阳县赵堡乡烟叶收购站
丘陵；城镇；地面
空缺
计算机
计算机
计算机
计算机
计算机
20120208=
JY
8888=
GK
01/
05/=
BZ
00/342532/1120637
10/24/逐时观测
10/24/24时连续观测
11/不守班=
######
