O2195 3347N 11207E 006636 006636 105 000 S15 91999999919999199999 1 2008 10
P=
TB
0122 0113 0108 0102 0101 0100 0097 0097 0094 0090 0092 0098
0122 0161 0214 0240 0243 0252 0261 0219 0201 0176 0166 0155 0267 1413 0085 0636.
0144 0137 0135 0133 0129 0127 0125 0123 0120 0113 0118 0128
0153 0182 0201 0216 0217 0225 0230 0218 0204 0181 0170 0165 0232 1440 0113 0552.
0152 0137 0133 0126 0122 0118 0120 0115 0115 0116 0117 0119
0127 0151 0201 0230 0250 0244 0233 0221 0200 0186 0180 0173 0257 1330 0110 0419.
0173 0161 0157 0154 0154 0155 0154 0150 0148 0146 0145 0148
0149 0154 0161 0179 0210 0219 0237 0231 0199 0179 0157 0135 0242 1536 0135 2000.
0125 0121 0111 0107 0102 0101 0099 0094 0088 0095 0096 0103
0161 0185 0202 0211 0216 0226 0225 0219 0204 0167 0132 0116 0236 1515 0087 0514.
0101 0084 0075 0069 0064 0059 0054 0051 0046 0043 0044 0063
0101 0142 //// //// //// 0205 0201 0179 0156 0135 0124 0112 0217 1229 0040 0609.
0103 0093 0087 0086 0090 0093 0094 //// //// 0077 0086 0094
0140 0148 0156 0157 0151 0148 0144 0136 0136 0133 0123 0120 0164 1110 0070 0634.
0119 0116 0115 0114 0112 0107 0102 0100 0100 0099 0103 0109
0116 0129 0141 0163 0169 0197 0209 0209 0196 0155 0144 0139 0224 1529 0098 0540.
0137 0125 0118 0115 0107 0098 0093 0096 0099 0102 0105 0122
0146 0171 0205 0204 0213 0225 0222 0208 0181 0168 0162 0156 0234 1418 0091 0252.
0146 0132 0126 0122 0115 0107 0102 0103 0104 0103 0104 0109
0120 0147 0182 0203 0199 0193 0190 0181 0166 0154 0146 0139 0214 1241 0100 0246.
0134 0129 0125 0121 0120 0118 0116 0116 0115 0111 0111 0115
0127 0141 0149 0155 0171 0160 0158 0152 0145 0133 0125 0119 0178 1240 0111 0549.
0112 0094 0079 0071 0065 0058 0053 0048 0042 0047 0049 0058
0076 0127 0182 0218 0224 0239 0228 0205 0185 0168 0152 0117 0240 1358 0042 0459.
0108 0103 0094 0087 0083 0076 0073 0066 0065 0065 0066 0076
0098 0144 0211 0248 0260 0250 0259 0255 0233 0185 0152 0128 0269 1234 0062 0437.
0112 0101 0095 0083 0077 0073 0066 0063 //// //// //// ////
//// //// //// //// //// //// //// //// //// //// //// //// 0130 2007 0059 0431.
//// //// //// //// //// //// //// //// //// //// //// ////
//// //// //// //// //// //// //// //// //// 0202 0173 0160 0216 1726 0155 1942.
0150 0144 0136 0126 0127 0127 0116 0114 0112 0111 0107 0132
0160 0191 0230 0255 0262 0265 0259 0235 0211 0178 0162 0132 0270 1418 0105 0651.
0121 0105 0096 0082 0073 0068 0062 0055 0051 0046 0045 0062
0098 0142 0199 0240 0251 0257 0250 0214 0199 0174 0159 0126 0258 1429 0043 0623.
0110 0101 0090 0086 0089 0085 0084 0085 0089 0092 0091 0103
0121 0154 0201 0211 0209 0218 0225 0214 0208 0179 0149 0143 0229 1452 0081 0229.
0139 0123 0113 0098 0088 0080 0071 0064 0061 0055 0055 0075
0107 0143 0154 0179 0201 0209 0209 0191 0170 0152 0142 0137 0222 1440 0053 0621.
0133 0132 0130 0129 0129 0128 0128 0126 0124 0124 0124 0127
0129 0131 0129 0135 0140 0146 0147 0146 0145 0143 0141 0141 0153 1515 0122 0632.
0140 0137 0136 0135 0135 0136 0135 0135 0135 0135 0135 0136
0137 0137 0141 0148 0166 0173 0185 0183 0175 0165 0157 0152 0187 1503 0134 0050.
0148 0140 0138 0140 0140 0140 0140 0140 0141 0140 0140 0143
0146 0147 0146 0139 0136 0135 0115 0104 0099 0097 //// //// 0152 2001 0095 1808.
//// //// //// //// //// //// //// //// //// //// //// 0084
0099 0119 0133 0156 0163 0176 0183 0177 0152 0115 0083 0072 0193 1451 0062 0718.
0056 0045 0034 0030 0030 0031 0031 0030 0029 0028 0031 ////
//// //// 0101 0133 0157 0157 0185 0161 0140 0106 0092 0070 0187 1458 0026 0451.
0058 0048 0045 0041 0042 0040 0038 0035 0034 0034 0035 ////
//// //// 0122 0141 0154 0151 0159 0162 0151 0121 0103 0093 0169 1614 0032 0535.
0084 0075 0068 0055 0048 0041 0032 0027 0024 0018 0016 0029
0059 0109 0139 0177 0209 0214 0200 0196 0179 0136 0116 0100 0224 1347 0014 0652.
0085 0079 0072 0072 0066 0063 0058 0054 0052 0049 0049 0073
0096 0122 0170 0181 0201 0196 0181 0160 0149 0134 0128 0116 0203 1246 0046 0633.
0106 0098 0094 0093 0091 0090 0090 0088 0088 0088 0088 0090
0092 0095 0107 0110 0122 0125 0131 0129 0125 0115 0107 0107 0133 1452 0087 0414.
0104 0100 0095 0093 0092 0090 0088 0084 0084 0085 0086 0090
0100 0119 0139 0162 0186 0194 0201 0192 0154 0129 0123 0101 0206 1503 0084 0400.
0090 0081 0075 0066 0061 0058 0062 0061 0063 0064 0066 0071
0076 0089 0107 0125 0145 0169 0172 0160 0130 0121 0118 0118 0188 1434 0057 0124.
0113 0110 0108 0105 0093 0092 0093 0094 0093 0090 0089 0092
0096 0107 0135 0187 0191 0204 0200 0184 0152 0133 0123 0100 0219 1427 0087 0726=
I=
E=
U=
N=
H=
C=
V=
R6
//// 0000 ////
0000 0000 0000
0000 0000 0000
0008 0000 0008
0000 0000 0000
0000 //// ////
//// //// ////
0000 0002 0002
//// 0000 ////
0000 0000 0000
0000 0000 0000
0000 0000 0000
0000 0000 0000
//// //// ////
//// //// ////
0000 0003 0003
0000 0000 0000
0000 //// ////
0000 0005 0005
0074 0051 0125
0010 0005 0015
0000 0199 0199
//// 0000 ////
//// //// ////
//// //// ////
0000 0000 0000
0000 0000 0000
0085 0002 0087
0001 0000 0001
0000 0000 0000
0000 0000 0000=
0000 0000 0000 0000 0000 0000 0000 //// //// 0000 0000 0000
0000 0000 0000 0000 0000 0000 0000 0000 0000 0000 0000 0000.
0000 0000 0000 0000 0000 0000 0000 0000 0000 0000 0000 0000
0000 0000 0000 0000 0000 0000 0000 0000 0000 0000 0000 0000.
0000 0000 0000 0000 0000 0000 0000 0000 0000 0000 0000 0000
0000 0000 0000 0000 0000 0000 0000 0000 0000 0000 0000 0000.
0000 0000 0000 0000 0000 0000 0000 0000 0000 0001 0007 0000
0000 0000 0000 0000 0000 0000 0000 0000 0000 0000 0000 0000.
0000 0000 0000 0000 0000 0000 0000 0000 0000 0000 0000 0000
0000 0000 0000 0000 0000 0000 0000 0000 0000 0000 0000 0000.
0000 0000 0000 0000 0000 0000 0000 0000 0000 0000 0000 0000
0000 0000 //// 0000 //// //// //// //// //// //// //// ////.
//// //// //// //// //// //// //// //// //// //// //// ////
//// //// //// 0000 0000 0000 0000 0000 0000 0000 0000 0000.
0000 0000 0000 0000 0000 0000 0000 0000 0000 0000 0000 0000
0000 0000 0002 0000 0000 0000 0000 0000 0000 //// 0000 0000.
0000 0000 0000 0000 //// 0000 0000 //// 0000 0000 0000 0000
0000 0000 0000 0000 0000 0000 0000 0000 0000 0000 0000 0000.
0000 0000 0000 0000 0000 0000 0000 0000 0000 0000 0000 0000
0000 0000 0000 0000 0000 0000 0000 0000 0000 0000 0000 0000.
0000 0000 0000 0000 0000 0000 0000 0000 0000 0000 0000 0000
0000 0000 0000 0000 0000 0000 0000 0000 0000 0000 0000 0000.
0000 0000 0000 0000 0000 0000 0000 0000 0000 0000 0000 0000
0000 0000 0000 0000 0000 0000 0000 0000 0000 0000 0000 0000.
0000 0000 0000 0000 0000 0000 0000 0000 0000 0000 0000 0000
0000 0000 0000 0000 0000 0000 0000 0000 0000 0000 0000 0000.
0000 0000 0000 0000 0000 0000 0000 0000 //// //// //// ////
//// //// //// //// //// //// //// //// //// //// //// ////.
//// //// //// //// //// //// //// //// //// //// //// ////
//// //// //// //// //// //// //// //// //// 0000 0000 0000.
0000 0000 0000 0000 0000 0000 0000 0000 0000 0000 0000 0000
0000 0000 0000 0000 0003 0000 0000 0000 0000 0000 0000 0000.
0000 0000 0000 0000 0000 0000 0000 0000 0000 0000 0000 0000
0000 0000 0000 0000 0000 0000 0000 0000 0000 0000 0000 0000.
0000 0000 0000 0000 0000 0000 0000 0000 0000 0000 0000 0000
0000 0000 0000 //// 0000 0000 0000 0000 0000 0000 0000 0000.
0000 0000 0000 0000 0000 0000 0000 0000 0000 0000 0000 0000
//// 0000 0000 0000 0000 //// 0000 0000 0000 0001 0003 0001.
0008 0009 0018 0008 0009 0000 0003 0018 0000 0001 0000 0000
0000 0002 0009 0021 0013 0001 0000 0002 0000 0002 0001 0000.
0000 0000 0000 0001 0000 0000 0002 0001 0001 0000 0000 0005
0002 0000 0002 0001 0000 0000 0000 0000 0000 0000 0000 0000.
0000 0000 0000 0000 0000 0000 0000 0000 0000 0000 0000 0000
//// 0000 0000 0006 0054 0035 0084 0010 0009 0001 //// ////.
//// //// //// //// //// //// //// //// //// //// //// 0000
0000 0000 0000 0000 0000 0000 0000 0000 0000 0000 0000 0000.
0000 0000 0000 0000 0000 0000 0000 0000 //// 0000 //// ////
//// //// 0000 0000 0000 0000 0000 //// 0000 0000 0000 0000.
0000 0000 0000 0000 0000 0000 0000 0000 //// 0000 0000 ////
//// //// 0000 0000 0000 0000 0000 0000 0000 0000 0000 0000.
0000 0000 0000 0000 0000 0000 0000 0000 0000 0000 0000 0000
0000 0000 0000 0000 0000 0000 0000 0000 0000 0000 0000 0000.
0000 0000 0000 0000 0000 0000 0000 0000 0000 0000 0000 0000
0000 0000 0000 0000 0000 0000 0000 0000 0000 0000 0000 0000.
0001 0003 0003 0004 0006 0012 0019 0019 0003 0009 0004 0002
0002 0000 0000 0000 0000 0000 0000 0000 0000 0000 0000 0000.
0000 0000 0000 0000 0000 0000 0000 0001 0000 0000 0000 0000
0000 0000 0000 0000 0000 0000 0000 0000 0000 0000 0000 0000.
0000 0000 0000 0000 0000 0000 0000 0000 0000 0000 0000 0000
0000 0000 0000 0000 0000 0000 0000 0000 0000 0000 0000 0000.
0000 0000 0000 0000 0000 0000 0000 0000 0000 0000 0000 0000
0000 0000 0000 0000 0000 0000 0000 0000 0000 0000 0000 0000=
0000 ////////// 00000=
W=
L=
Z=
G=
FN
118007 187004 PPC001 100009 249006 069008
159004 PPC000 080008 058006 PPC000 057004
268010 294012 209006 023007 072008 332008
194009 064046 073031 075024 072011 129006.
218004 191013 033006 PPC001 189014 011007
180011 057021 164010 022012 059006 224012
184008 208008 050006 300010 250015 139006
049012 059018 085017 073024 106020 101018.
135005 103014 239005 001007 061009 109009
PPC001 191008 PPC000 061010 060010 225008
075007 227007 207007 006007 001008 062036
071038 067038 053039 099018 066018 090011.
PPC000 121004 PPC001 166008 160006 108009
184007 PPC002 PPC002 105008 104005 259010
237007 095008 PPC000 061003 310020 232021
082008 214011 121016 170008 151011 110011.
156009 102009 078009 009006 PPC000 003009
079010 149006 001005 328009 289006 183010
288016 228040 229037 246079 248035 258042
243066 229039 277018 241016 191017 153010.
PPC000 252012 323008 204003 075007 PPC000
199010 355007 211008 071005 091006 210007
236010 111010 ////// ////// ////// 076042
062035 ////// 075026 078026 ////// 076022.
////// 107008 229015 081008 195009 102006
069011 ////// ////// 181010 ////// 060008
050011 018016 090028 052016 079017 069031
112013 019015 029017 013022 351005 122011.
082014 178012 050013 216007 PPC000 240003
140005 112006 092007 048005 303009 PPC000
233009 292005 209005 038008 209009 046015
328010 331010 097010 070031 079026 074009.
268003 092007 130004 188010 ////// 084007
289009 ////// PPC001 205008 240005 261009
259008 226012 144006 281013 230016 054011
022007 327003 069034 081027 073019 122011.
094007 115008 182010 086008 102008 040007
PPC000 286003 072005 077014 179010 090005
201007 281007 295010 239023 356023 057021
057038 051020 101011 084022 PPC000 135008.
087008 158006 PPC002 032005 PPC000 095008
153011 063007 186013 289005 034007 PPC000
PPC001 186005 054017 083010 070014 345010
083013 099013 070010 090019 078021 101010.
147004 080008 172009 063005 299006 063009
257007 PPC001 214003 PPC000 PPC001 304005
240008 292011 008004 299008 136008 067009
156015 074016 072013 136010 200008 104014.
174008 163010 237013 274004 085004 216009
PPC001 PPC001 198009 PPC001 068003 138005
077006 294011 312010 341011 356016 233012
327025 264032 256012 066018 178013 093008.
127005 115004 132009 PPC000 PPC000 081004
087007 245005 ////// ////// ////// //////
////// ////// ////// ////// ////// //////
////// ////// ////// ////// ////// //////.
////// ////// ////// ////// ////// //////
////// ////// ////// ////// ////// //////
////// ////// ////// ////// ////// //////
////// ////// ////// 037011 071010 093006.
145012 256009 085010 166019 111011 066007
202007 159008 079010 352008 068008 237008
061009 265010 235011 299018 048018 073042
047038 056044 069024 084019 095009 083011.
PPC002 232005 PPC000 219010 132004 060008
225009 010007 195010 240007 PPC002 PPC001
205007 308005 229009 265011 069027 059027
070036 077042 060024 074017 096005 130006.
140007 PPC000 275007 191008 084006 149007
087011 PPC001 124006 077009 177006 317007
075005 293009 302007 224034 215034 187022
152015 235017 229014 189011 109005 073007.
123010 209007 000009 079015 004007 PPC001
219006 043004 292003 235011 PPC000 PPC001
355003 265004 251007 295003 314013 155007
056033 076019 109016 099013 188010 114006.
241012 057008 PPC002 189008 236007 059010
254006 245009 076007 358007 257012 029003
PPC000 223011 203009 026011 071007 213018
145006 092010 274014 323006 062015 109011.
092013 091023 095022 065017 PPC002 134009
081003 052007 PPC000 224003 224006 250005
332005 230008 056003 062005 341006 171005
171008 213008 085004 092007 185006 212008.
225006 091010 080005 PPC001 PPC000 PPC001
213003 PPC000 045003 343007 278008 252005
279006 059035 065027 133011 050015 PPC000
209058 198040 211046 212037 ////// //////.
////// ////// ////// ////// ////// //////
////// ////// ////// ////// ////// 211029
214023 214036 208036 239033 171038 180030
238037 246020 183012 190005 113014 104012.
161007 150004 105010 189003 043003 144006
073003 PPC000 ////// 258006 091005 //////
////// ////// 168007 351011 309007 209008
066014 260005 077013 100015 161007 114007.
115010 275003 150004 046007 181007 070008
062009 333003 194009 064006 050008 //////
////// ////// 028005 279010 235007 332003
329004 PPC000 PPC000 079013 109010 111009.
206008 160004 155008 PPC001 091009 PPC001
081009 065007 PPC000 289004 063005 240005
246009 026008 012007 308007 332013 206014
261022 244021 221011 097014 344003 057009.
162010 059010 055014 080011 189009 199004
121014 206006 050006 103009 142003 065009
026009 219003 177007 347004 038013 070018
077019 091015 080024 101019 122017 097010.
105011 254009 326004 074010 255004 177003
071010 106003 217006 224003 117004 333007
220011 161006 097007 346011 221007 303007
310007 332008 001008 287005 236009 098006.
147009 200009 PPC000 219006 088008 096009
023004 252011 PPC000 079008 200011 257009
294004 PPC002 259009 012009 292008 043008
269005 076020 074030 087021 135009 105009.
148007 079008 252008 042010 339005 036005
PPC000 PPC000 069007 171006 016007 276004
241005 242007 191006 228006 297010 262011
064007 073021 047021 006034 068007 237014.
096011 039009 141003 173008 109010 326007
106004 187008 057011 PPC000 253005 069007
227008 074008 260007 282006 229007 329014
069038 080019 082023 073034 123014 PPC000=
105006 163006 132006 086009 241006 071008
169006 PPC002 086008 090006 214003 018004
315006 298009 233008 026006 087007 063008
196011 072039 070028 074024 092015 126006.
218007 189011 065009 081005 232009 032004
176014 054014 174009 032009 079007 235007
177009 244007 007005 348005 265011 152003
068009 061019 081017 071026 101018 103016.
136003 101010 212004 023007 098008 116007
PPC002 209004 PPC001 071007 058011 223007
071005 226008 229007 021008 026009 065031
069038 070032 057032 099017 072022 085012.
113003 159009 118007 188006 174007 110008
170007 289003 183003 PPC002 116005 250010
205006 088005 030004 073006 314019 250019
074013 204009 098018 160008 123009 113008.
123010 112008 083008 046007 014006 026007
089008 170005 049006 224008 271006 231007
253018 234053 227044 245057 253056 255047
243047 243037 252025 246016 198012 173009.
137007 292006 008007 192004 073006 PPC000
210009 357005 207007 064003 083007 216008
231008 068009 ////// ////// ////// 068037
067037 ////// 077028 073027 ////// 078020.
////// 105008 232011 083008 181007 126004
065009 ////// ////// 188012 ////// 053004
058009 353014 100033 140009 089021 066030
100013 033015 021012 015014 264005 121009.
102012 170012 055012 206005 PPC001 185005
141005 098003 078007 075007 296010 103003
233006 PPC001 143005 020006 233006 038010
003008 262010 117008 068037 079022 073011.
PPC002 085006 104005 202010 ////// 086009
295005 ////// 168004 197006 224004 244005
250006 245011 137010 270011 316015 033013
056010 006005 066035 075025 076019 118013.
100007 105008 177009 101007 091008 076005
187004 165004 069004 068009 188008 098005
209004 323007 282008 254018 008022 030021
052032 054023 084018 081023 147003 122010.
090007 108007 120005 PPC002 PPC001 081008
171012 051004 228008 257006 066007 088003
066007 214006 065015 087009 067015 032007
092012 098010 057008 095019 082019 088009.
127006 086006 165007 104006 309004 067009
265007 108006 172003 PPC001 PPC000 307005
233007 294007 351007 344007 069008 053010
150020 063026 083015 122012 219004 100011.
197006 159008 238008 302005 PPC001 254005
339004 078003 216007 255006 PPC001 189003
061006 305012 327009 341010 352015 266025
330032 268022 258011 068016 199012 077007.
154004 091008 155007 PPC000 PPC000 PPC001
077004 293005 ////// ////// ////// //////
////// ////// ////// ////// ////// //////
////// ////// ////// ////// ////// //////.
////// ////// ////// ////// ////// //////
////// ////// ////// ////// ////// //////
////// ////// ////// ////// ////// //////
////// ////// ////// 340011 034007 148007.
106008 281007 156014 212013 148008 056005
157004 162009 075006 039007 100005 255006
060007 301008 235010 310012 057022 070046
058035 054041 066031 087020 116007 114007.
124006 258003 PPC000 217011 098007 053006
211007 036009 218008 PPC001 047003 188003
214005 275008 254008 248010 066025 059031
070036 070045 070025 087013 130003 104009.
107007 PPC002 199006 206010 111006 152006
079006 261005 149004 078005 189009 332003
027003 305008 213007 227027 210036 184028
173017 236021 226020 192011 090008 099007.
148005 191006 026008 084011 PPC001 086004
163005 049007 241003 220007 092004 PPC001
PPC002 287007 245006 247004 298011 213008
060031 076019 103017 101019 184010 110006.
218011 PPC002 PPC002 204007 233007 058010
221007 254009 098006 349009 277008 172007
PPC002 231008 201010 027008 054003 212014
126007 094012 285012 318005 057011 122014.
072013 090019 094017 074019 250005 150009
PPC000 061007 PPC001 249003 213006 237003
332005 227009 042003 056003 000005 316003
217010 241007 PPC001 095007 216004 163007.
207007 089010 076003 PPC002 PPC001 206003
PPC001 228004 PPC001 342008 272007 242005
314005 054029 065032 118010 045013 006004
210058 199041 206051 209036 ////// //////.
////// ////// ////// ////// ////// //////
////// ////// ////// ////// ////// 212029
215025 211029 197034 220036 184028 194030
235030 243025 200013 222008 116013 115009.
184006 043003 096009 192007 061006 146005
074007 062004 ////// 206007 075004 //////
////// ////// 228008 347008 273007 235008
063011 234008 072016 093019 PPC002 110011.
101011 PPC002 164004 051009 209008 104006
069007 183011 194008 060010 070007 //////
////// ////// 023004 267007 250004 345003
312003 PPC000 070004 072012 101006 108011.
214006 150003 119004 111007 PPC002 040004
074006 PPC002 001003 PPC001 053005 218006
249006 020009 332007 326008 347012 208015
272026 236021 237012 105012 264003 058007.
170008 079007 066010 096006 213009 200003
095008 247007 057007 113006 142005 050008
322006 244004 202008 267006 046010 070021
071023 093018 077021 097021 105018 091010.
116008 237007 326007 072012 223004 150005
063012 092004 160007 204005 139003 064006
212011 184005 088005 357008 231008 301011
311007 348014 337005 270006 237006 110007.
126007 194007 343004 176003 101006 149006
060004 245009 098003 115009 150006 243007
306006 167005 265007 005008 324007 070007
258005 081023 075032 078026 131012 102009.
141007 095009 269004 063010 040006 045005
PPC000 062005 054007 177006 028006 222003
291006 246007 213007 287009 279011 243009
020006 081021 057019 018021 061011 225012.
118006 059007 162006 122005 109010 274007
015003 178003 062008 085004 226010 064008
214005 055006 231007 304007 266013 317007
074047 077026 078033 091026 125011 271008=
044072 1605 063065 1600
030074 1840 046062 1838
040059 1418 065082 1438
020136 1646 036143 1647
077243 1254 118248 1232
043074 1337 061076 1525
033100 1100 056124 1053
038071 1758 056070 1802
036064 1701 049076 1647
039060 1505 058065 1413
028061 1242 044059 1239
029138 1523 050124 1617
032322 1455 056295 1417
010067 2118 013065 2116
019312 1726 027315 1729
049059 1609 067059 1604
046066 1559 067076 1622
049219 1230 070217 1224
037059 1515 050056 1507
015089 1552 023068 1858
022072 2036 034070 2029
067202 1504 113211 1455
042203 1008 088208 1155
021078 1740 032098 1723
014066 0529 018056 0524
034252 1525 050315 1427
029065 1523 037070 1516
015348 1558 024346 1553
034079 1655 053068 1648
029068 1617 043062 1608
052065 1455 072079 1655=
D=
K=
A=
S=
B=
??????
QP=
QTB
099 099 099 099 099 099 099 099 099 099 099 099 099 099 099 099 099 099 099 099 099 099 099 099 099 099 099 099
099 099 099 099 099 099 099 099 099 099 099 099 099 099 099 099 099 099 099 099 099 099 099 099 099 099 099 099
099 099 099 099 099 099 099 099 099 099 099 099 099 099 099 099 099 099 099 099 099 099 099 099 099 099 099 099
099 099 099 099 099 099 099 099 099 099 099 099 099 099 099 099 099 099 099 099 099 099 099 099 099 099 099 099
099 099 099 099 099 099 099 099 099 099 099 099 099 099 099 099 099 099 099 099 099 099 099 099 099 099 099 099
099 099 099 099 099 099 099 099 099 099 099 099 099 099 899 899 899 099 099 099 099 099 099 099 099 099 099 099
099 099 099 099 099 099 099 899 899 099 099 099 099 099 099 099 099 099 099 099 099 099 099 099 099 099 099 099
099 099 099 099 099 099 099 099 099 099 099 099 099 099 099 099 099 099 099 099 099 099 099 099 099 099 099 099
099 099 099 099 099 099 099 099 099 099 099 099 099 099 099 099 099 099 099 099 099 099 099 099 099 099 099 099
099 099 099 099 099 099 099 099 099 099 099 099 099 099 099 099 099 099 099 099 099 099 099 099 099 099 099 099
099 099 099 099 099 099 099 099 099 099 099 099 099 099 099 099 099 099 099 099 099 099 099 099 099 099 099 099
099 099 099 099 099 099 099 099 099 099 099 099 099 099 099 099 099 099 099 099 099 099 099 099 099 099 099 099
099 099 099 099 099 099 099 099 099 099 099 099 099 099 099 099 099 099 099 099 099 099 099 099 099 099 099 099
099 099 099 099 099 099 099 099 899 899 899 899 899 899 899 899 899 899 899 899 899 899 899 899 099 099 099 099
899 899 899 899 899 899 899 899 899 899 899 899 899 899 899 899 899 899 899 899 899 099 099 099 099 099 099 099
099 099 099 099 099 099 099 099 099 099 099 099 099 099 099 099 099 099 099 099 099 099 099 099 099 099 099 099
099 099 099 099 099 099 099 099 099 099 099 099 099 099 099 099 099 099 099 099 099 099 099 099 099 099 099 099
099 099 099 099 099 099 099 099 099 099 099 099 099 099 099 099 099 099 099 099 099 099 099 099 099 099 099 099
099 099 099 099 099 099 099 099 099 099 099 099 099 099 099 099 099 099 099 099 099 099 099 099 099 099 099 099
099 099 099 099 099 099 099 099 099 099 099 099 099 099 099 099 099 099 099 099 099 099 099 099 099 099 099 099
099 099 099 099 099 099 099 099 099 099 099 099 099 099 099 099 099 099 099 099 099 099 099 099 099 099 099 099
099 099 099 099 099 099 099 099 099 099 099 099 099 099 099 099 099 099 099 099 099 099 899 899 099 099 099 099
899 899 899 899 899 899 899 899 899 899 899 099 099 099 099 099 099 099 099 099 099 099 099 099 099 099 099 099
099 099 099 099 099 099 099 099 099 099 099 899 899 899 099 099 099 099 099 099 099 099 099 099 099 099 099 099
099 099 099 099 099 099 099 099 099 099 099 899 899 899 099 099 099 099 099 099 099 099 099 099 099 099 099 099
099 099 099 099 099 099 099 099 099 099 099 099 099 099 099 099 099 099 099 099 099 099 099 099 099 099 099 099
099 099 099 099 099 099 099 099 099 099 099 099 099 099 099 099 099 099 099 099 099 099 099 099 099 099 099 099
099 099 099 099 099 099 099 099 099 099 099 099 099 099 099 099 099 099 099 099 099 099 099 099 099 099 099 099
099 099 099 099 099 099 099 099 099 099 099 099 099 099 099 099 099 099 099 099 099 099 099 099 099 099 099 099
099 099 099 099 099 099 099 099 099 099 099 099 099 099 099 099 099 099 099 099 099 099 099 099 099 099 099 099
099 099 099 099 099 099 099 099 099 099 099 099 099 099 099 099 099 099 099 099 099 099 099 099 099 099 099 099=
QI=
QE=
QU=
QN=
QH=
QC=
QV=
QR6
899 099 899
099 099 099
099 099 099
099 099 099
099 099 099
099 899 899
899 899 899
099 099 099
899 099 899
099 099 099
099 099 099
099 099 099
099 099 099
899 899 899
899 899 899
099 099 099
099 099 099
099 899 899
099 099 099
099 099 099
099 099 099
099 099 099
899 099 899
899 899 899
899 899 899
099 099 099
099 099 099
099 099 099
099 099 099
099 099 099
099 099 099=
099 099 099 099 099 099 099 899 899 099 099 099 099 099 099 099 099 099 099 099 099 099 099 099
099 099 099 099 099 099 099 099 099 099 099 099 099 099 099 099 099 099 099 099 099 099 099 099
099 099 099 099 099 099 099 099 099 099 099 099 099 099 099 099 099 099 099 099 099 099 099 099
099 099 099 099 099 099 099 099 099 099 099 099 099 099 099 099 099 099 099 099 099 099 099 099
099 099 099 099 099 099 099 099 099 099 099 099 099 099 099 099 099 099 099 099 099 099 099 099
099 099 099 099 099 099 099 099 099 099 099 099 099 099 899 099 899 899 899 899 899 899 899 899
899 899 899 899 899 899 899 899 899 899 899 899 899 899 899 099 099 099 099 099 099 099 099 099
099 099 099 099 099 099 099 099 099 099 099 099 099 099 099 099 099 099 099 099 099 899 099 099
099 099 099 099 899 099 099 899 099 099 099 099 099 099 099 099 099 099 099 099 099 099 099 099
099 099 099 099 099 099 099 099 099 099 099 099 099 099 099 099 099 099 099 099 099 099 099 099
099 099 099 099 099 099 099 099 099 099 099 099 099 099 099 099 099 099 099 099 099 099 099 099
099 099 099 099 099 099 099 099 099 099 099 099 099 099 099 099 099 099 099 099 099 099 099 099
099 099 099 099 099 099 099 099 099 099 099 099 099 099 099 099 099 099 099 099 099 099 099 099
099 099 099 099 099 099 099 099 899 899 899 899 899 899 899 899 899 899 899 899 899 899 899 899
899 899 899 899 899 899 899 899 899 899 899 899 899 899 899 899 899 899 899 899 899 099 099 099
099 099 099 099 099 099 099 099 099 099 099 099 099 099 099 099 099 099 099 099 099 099 099 099
099 099 099 099 099 099 099 099 099 099 099 099 099 099 099 099 099 099 099 099 099 099 099 099
099 099 099 099 099 099 099 099 099 099 099 099 099 099 099 899 099 099 099 099 099 099 099 099
099 099 099 099 099 099 099 099 099 099 099 099 899 099 099 099 099 899 099 099 099 099 099 099
099 099 099 099 099 099 099 099 099 099 099 099 099 099 099 099 099 099 099 099 099 099 099 099
099 099 099 099 099 099 099 099 099 099 099 099 099 099 099 099 099 099 099 099 099 099 099 099
099 099 099 099 099 099 099 099 099 099 099 099 899 099 099 099 099 099 099 099 099 099 899 899
899 899 899 899 899 899 899 899 899 899 899 099 099 099 099 099 099 099 099 099 099 099 099 099
099 099 099 099 099 099 099 099 899 099 899 899 899 899 099 099 099 099 099 899 099 099 099 099
099 099 099 099 099 099 099 099 899 099 099 899 899 899 099 099 099 099 099 099 099 099 099 099
099 099 099 099 099 099 099 099 099 099 099 099 099 099 099 099 099 099 099 099 099 099 099 099
099 099 099 099 099 099 099 099 099 099 099 099 099 099 099 099 099 099 099 099 099 099 099 099
099 099 099 099 099 099 099 099 099 099 099 099 099 099 099 099 099 099 099 099 099 099 099 099
099 099 099 099 099 099 099 099 099 099 099 099 099 099 099 099 099 099 099 099 099 099 099 099
099 099 099 099 099 099 099 099 099 099 099 099 099 099 099 099 099 099 099 099 099 099 099 099
099 099 099 099 099 099 099 099 099 099 099 099 099 099 099 099 099 099 099 099 099 099 099 099=
099 899 099=
QW=
QL=
QZ=
QG=
QFN
099 099 099 099 099 099 099 099 099 099 099 099 099 099 099 099 099 099 099 099 099 099 099 099
099 099 099 099 099 099 099 099 099 099 099 099 099 099 099 099 099 099 099 099 099 099 099 099
099 099 099 099 099 099 099 099 099 099 099 099 099 099 099 099 099 099 099 099 099 099 099 099
099 099 099 099 099 099 099 099 099 099 099 099 099 099 099 099 099 099 099 099 099 099 099 099
099 099 099 099 099 099 099 099 099 099 099 099 099 099 099 099 099 099 099 099 099 099 099 099
099 099 099 099 099 099 099 099 099 099 099 099 099 099 899 899 899 099 099 899 099 099 899 099
899 099 099 099 099 099 099 899 899 099 899 099 099 099 099 099 099 099 099 099 099 099 099 099
099 099 099 099 099 099 099 099 099 099 099 099 099 099 099 099 099 099 099 099 099 099 099 099
099 099 099 099 899 099 099 899 099 099 099 099 099 099 099 099 099 099 099 099 099 099 099 099
099 099 099 099 099 099 099 099 099 099 099 099 099 099 099 099 099 099 099 099 099 099 099 099
099 099 099 099 099 099 099 099 099 099 099 099 099 099 099 099 099 099 099 099 099 099 099 099
099 099 099 099 099 099 099 099 099 099 099 099 099 099 099 099 099 099 099 099 099 099 099 099
099 099 099 099 099 099 099 099 099 099 099 099 099 099 099 099 099 099 099 099 099 099 099 099
099 099 099 099 099 099 099 099 899 899 899 899 899 899 899 899 899 899 899 899 899 899 899 899
899 899 899 899 899 899 899 899 899 899 899 899 899 899 899 899 899 899 899 899 899 099 099 099
099 099 099 099 099 099 099 099 099 099 099 099 099 099 099 099 099 099 099 099 099 099 099 099
099 099 099 099 099 099 099 099 099 099 099 099 099 099 099 099 099 099 099 099 099 099 099 099
099 099 099 099 099 099 099 099 099 099 099 099 099 099 099 099 099 099 099 099 099 099 099 099
099 099 099 099 099 099 099 099 099 099 099 099 099 099 099 099 099 099 099 099 099 099 099 099
099 099 099 099 099 099 099 099 099 099 099 099 099 099 099 099 099 099 099 099 099 099 099 099
099 099 099 099 099 099 099 099 099 099 099 099 099 099 099 099 099 099 099 099 099 099 099 099
099 099 099 099 099 099 099 099 099 099 099 099 099 099 099 099 099 099 099 099 099 099 899 899
899 899 899 899 899 899 899 899 899 899 899 099 099 099 099 099 099 099 099 099 099 099 099 099
099 099 099 099 099 099 099 099 899 099 099 899 899 899 099 099 099 099 099 099 099 099 099 099
099 099 099 099 099 099 099 099 099 099 099 899 899 899 099 099 099 099 099 099 099 099 099 099
099 099 099 099 099 099 099 099 099 099 099 099 099 099 099 099 099 099 099 099 099 099 099 099
099 099 099 099 099 099 099 099 099 099 099 099 099 099 099 099 099 099 099 099 099 099 099 099
099 099 099 099 099 099 099 099 099 099 099 099 099 099 099 099 099 099 099 099 099 099 099 099
099 099 099 099 099 099 099 099 099 099 099 099 099 099 099 099 099 099 099 099 099 099 099 099
099 099 099 099 099 099 099 099 099 099 099 099 099 099 099 099 099 099 099 099 099 099 099 099
099 099 099 099 099 099 099 099 099 099 099 099 099 099 099 099 099 099 099 099 099 099 099 099=
099 099 099 099 099 099 099 099 099 099 099 099 099 099 099 099 099 099 099 099 099 099 099 099
099 099 099 099 099 099 099 099 099 099 099 099 099 099 099 099 099 099 099 099 099 099 099 099
099 099 099 099 099 099 099 099 099 099 099 099 099 099 099 099 099 099 099 099 099 099 099 099
099 099 099 099 099 099 099 099 099 099 099 099 099 099 099 099 099 099 099 099 099 099 099 099
099 099 099 099 099 099 099 099 099 099 099 099 099 099 099 099 099 099 099 099 099 099 099 099
099 099 099 099 099 099 099 099 099 099 099 099 099 099 899 899 899 099 099 899 099 099 899 099
899 099 099 099 099 099 099 899 899 099 899 099 099 099 099 099 099 099 099 099 099 099 099 099
099 099 099 099 099 099 099 099 099 099 099 099 099 099 099 099 099 099 099 099 099 099 099 099
099 099 099 099 899 099 099 899 099 099 099 099 099 099 099 099 099 099 099 099 099 099 099 099
099 099 099 099 099 099 099 099 099 099 099 099 099 099 099 099 099 099 099 099 099 099 099 099
099 099 099 099 099 099 099 099 099 099 099 099 099 099 099 099 099 099 099 099 099 099 099 099
099 099 099 099 099 099 099 099 099 099 099 099 099 099 099 099 099 099 099 099 099 099 099 099
099 099 099 099 099 099 099 099 099 099 099 099 099 099 099 099 099 099 099 099 099 099 099 099
099 099 099 099 099 099 099 099 899 899 899 899 899 899 899 899 899 899 899 899 899 899 899 899
899 899 899 899 899 899 899 899 899 899 899 899 899 899 899 899 899 899 899 899 899 099 099 099
099 099 099 099 099 099 099 099 099 099 099 099 099 099 099 099 099 099 099 099 099 099 099 099
099 099 099 099 099 099 099 099 099 099 099 099 099 099 099 099 099 099 099 099 099 099 099 099
099 099 099 099 099 099 099 099 099 099 099 099 099 099 099 099 099 099 099 099 099 099 099 099
099 099 099 099 099 099 099 099 099 099 099 099 099 099 099 099 099 099 099 099 099 099 099 099
099 099 099 099 099 099 099 099 099 099 099 099 099 099 099 099 099 099 099 099 099 099 099 099
099 099 099 099 099 099 099 099 099 099 099 099 099 099 099 099 099 099 099 099 099 099 099 099
099 099 099 099 099 099 099 099 099 099 099 099 099 099 099 099 099 099 099 099 099 099 899 899
899 899 899 899 899 899 899 899 899 899 899 099 099 099 099 099 099 099 099 099 099 099 099 099
099 099 099 099 099 099 099 099 899 099 099 899 899 899 099 099 099 099 099 099 099 099 099 099
099 099 099 099 099 099 099 099 099 099 099 899 899 899 099 099 099 099 099 099 099 099 099 099
099 099 099 099 099 099 099 099 099 099 099 099 099 099 099 099 099 099 099 099 099 099 099 099
099 099 099 099 099 099 099 099 099 099 099 099 099 099 099 099 099 099 099 099 099 099 099 099
099 099 099 099 099 099 099 099 099 099 099 099 099 099 099 099 099 099 099 099 099 099 099 099
099 099 099 099 099 099 099 099 099 099 099 099 099 099 099 099 099 099 099 099 099 099 099 099
099 099 099 099 099 099 099 099 099 099 099 099 099 099 099 099 099 099 099 099 099 099 099 099
099 099 099 099 099 099 099 099 099 099 099 099 099 099 099 099 099 099 099 099 099 099 099 099=
099 099 099 099
099 099 099 099
099 099 099 099
099 099 099 099
099 099 099 099
099 099 099 099
099 099 099 099
099 099 099 099
099 099 099 099
099 099 099 099
099 099 099 099
099 099 099 099
099 099 099 099
099 099 099 099
099 099 099 099
099 099 099 099
099 099 099 099
099 099 099 099
099 099 099 099
099 099 099 099
099 099 099 099
099 099 099 099
099 099 099 099
099 099 099 099
099 099 099 099
099 099 099 099
099 099 099 099
099 099 099 099
099 099 099 099
099 099 099 099
099 099 099 099=
QD=
QK=
QA=
QS=
QB=
=
******
YF
O2195
河南省
豫嵩县车村
嵩县车村镇卫生院后山
山顶、地面、村镇
时修礼
李志锋
李志锋
李志锋
王国安
李志锋
20081129=
JY
8888=
GK
01/本月平均气温13.0度，月极端最高气温27.0度，月极端最低气温1.4度。
02/本月主要降水过程出现在：19-22日。
05/=
BZ
BB/06/16时、19时气温内插求得
BB/07/21时、7时气温内插求得
BB/09/1时、4时气温内插求得
BB/24/5时气温内插求得
00/334700/1120700
10/334700/1120700
10/24/24小时连续观测
11/不守班=
######
