O2183 3435N 11148E 004120 004120 105 000 S15 91999999919999199999 0 2010 07
P=
TB
0256 0258 0255 0252 0250 0248 0245 0249 0248 0246 0256 0266
0277 0298 0287 0295 0325 0333 0320 0331 0329 0324 0303 0296 0339 1339 0245 0217.
0287 0283 0270 0269 0261 0261 0256 0251 0250 0250 0247 0249
0255 0264 0270 0279 0290 0296 0308 0315 0307 0300 0296 0289 0321 1605 0246 0633.
0283 0269 0267 0270 0254 0255 0250 0240 0242 0229 0224 0226
0228 0227 0238 0243 0251 0263 0265 0271 0272 0272 0276 0258 0289 2001 0223 0643.
0250 0241 0238 0234 0232 0227 0227 0228 0228 0231 0241 0261
0280 0299 0310 0316 0338 0329 0317 0340 0335 0318 0302 0289 0346 1614 0225 0247.
0280 0273 0265 0256 0252 0250 0250 0242 0244 0239 0247 0255
0263 0299 0303 0317 0323 0337 0332 0331 0327 0319 0301 0285 0343 1405 0236 0540.
0266 0251 0242 0236 0229 0224 0219 0215 0209 0209 0224 0257
0279 0306 0325 0331 0353 0363 0369 0372 0364 0352 0334 0318 0374 1439 0207 0543.
0293 0286 0252 0241 0231 0220 0212 0209 0205 0202 0213 0253
0290 0304 0319 0328 0357 0362 0362 0359 0342 0332 0320 0309 0370 1349 0201 0515.
0293 0283 0282 0281 0271 0266 0261 0261 0259 0243 0219 0214
0210 0213 0214 0217 0226 0235 0232 0234 0238 0239 0235 0233 0309 2001 0209 0933.
0226 0223 0221 0216 0215 0214 0213 0212 0210 0211 0216 0223
0236 0253 0269 0283 0291 0283 0285 0283 0274 0260 0222 0220 0297 1321 0210 0414.
0220 0214 0213 0211 0210 0211 0210 0208 0206 0202 0203 0203
0206 0212 0237 0252 0265 0279 0287 0298 0308 0294 0266 0257 0310 1658 0199 0724.
0245 0242 0237 0228 0220 0220 0219 0220 0222 0222 0221 0227
0234 0247 0261 0265 0277 0283 0285 0288 0287 0282 0270 0255 0292 1617 0217 0217.
0249 0242 0239 0232 0224 0218 0220 0221 0217 0217 0225 0232
0249 0266 0280 0286 0294 0300 0306 0308 0290 0286 0277 0264 0310 1559 0215 0531.
0254 0250 0241 0231 0229 0228 0226 0233 0230 0233 0236 0242
0243 0241 0250 0270 0277 0274 0278 0278 0275 0276 0268 0255 0283 1522 0225 0226.
0252 0252 0244 0240 0235 0230 0225 0222 0220 0220 0225 0243
0257 0274 0286 0291 0298 0308 0300 0300 0288 0278 0270 0255 0312 1425 0214 0610.
0237 0236 0232 0229 0227 0224 0226 0225 0213 0208 0204 0209
0206 0207 0210 0210 0206 0205 0203 0202 0203 0204 0203 0198 0256 2003 0198 1949.
0198 0197 0195 0196 0194 0196 0197 0196 0198 0197 0202 0213
0213 0218 0232 0242 0277 0274 0278 0295 0274 0270 0266 0253 0295 1558 0190 2056.
0245 0239 0235 0232 0231 0233 0232 0230 0229 0228 0229 0231
0229 0230 0235 0235 0240 0238 0240 0239 0241 0243 0239 0233 0254 2002 0227 0529.
0230 0227 0219 0216 0211 0204 0202 0201 0200 0199 0208 0221
0232 0239 0245 0259 0276 0278 0271 0259 0257 0249 0244 0234 0282 1305 0199 0243.
0230 0227 0225 0222 0220 0215 0196 0202 0200 0194 0197 0199
0199 0215 0236 0272 0285 0290 0287 0278 0285 0286 0262 0247 0301 1450 0191 0635.
0237 0230 0224 0219 0211 0212 0212 0209 0208 0209 0218 0228
0252 0265 0274 0287 0291 0298 0303 0300 0302 0293 0275 0253 0310 1546 0207 0536.
0246 0241 0229 0225 0220 0221 0225 0228 0227 0227 0235 0250
0269 0277 0273 0286 0296 0308 0313 0312 0308 0298 0279 0265 0316 1533 0216 0216.
0259 0247 0249 0242 0234 0230 0228 0231 0230 0234 0239 0244
0258 0274 0271 0277 0256 0303 0302 0301 0293 0284 0274 0259 0307 1435 0226 0339.
0249 0245 0240 0234 0230 0228 0227 0227 0229 0230 0232 0236
0238 0236 0247 0255 //// //// 0247 0242 0237 0231 0228 0227 0270 1330 0226 0252.
0225 0224 0223 0221 0219 0217 0221 0220 0218 0214 0214 0212
0216 0218 0221 0222 0222 0219 0218 0218 //// //// 0232 0225 0235 1820 0212 0612.
0224 0225 0227 0225 0223 0223 0217 0218 0218 0215 0219 0229
0233 0237 0242 0250 0257 0264 0272 0275 0272 0270 0262 0250 0283 1513 0213 0614.
0247 0245 0245 0242 0236 0232 0229 0226 0223 0225 0231 0240
0264 0286 0288 0299 0304 0305 0303 0307 0301 0295 0280 0268 0312 1326 0223 0428.
0259 0255 0253 0249 0247 0241 0236 0233 0234 0237 0242 0254
0259 0282 0288 0294 0297 0306 0307 0305 0302 0293 0280 0274 0309 1410 0233 0330.
0263 0255 0248 0253 0252 0244 0236 0234 0236 0235 0239 0251
0268 0289 0308 0310 0311 0318 0316 0316 0313 0306 0293 0280 0332 1343 0233 0331.
0273 0266 0266 0255 0254 0248 0251 0252 0252 0247 0253 0269
0292 0303 0320 0320 0335 0341 0333 0333 0329 0321 0308 0293 0345 1427 0246 0612.
0284 0280 0273 0268 0264 0259 0261 0263 0261 0263 0268 0274
0281 0291 0326 0326 0331 0340 0338 0336 0332 0323 0313 0304 0342 1417 0258 0149.
0296 0290 0281 0279 0271 0265 0260 0257 0255 0256 0263 0270
0308 0319 0322 0331 0335 0338 0341 0339 0330 0317 0309 0287 0342 1336 0253 0453=
I=
E=
U=
N=
H=
C=
V=
R6
0058 0000 0058
0000 0000 0000
0174 0199 0373
0000 0000 0000
0000 0000 0000
0000 0000 0000
0000 0000 0000
0051 0076 0127
0000 0148 0148
0228 0003 0231
0001 0000 0001
0000 0000 0000
0000 0006 0006
0000 0002 0002
0030 0042 0072
0000 0000 0000
0000 0136 0136
0000 0000 0000
0186 0001 0187
0000 0000 0000
0000 0000 0000
0000 0000 0000
0000 0014 0014
0054 0559 0613
0005 0001 0006
0000 0001 0001
0000 0000 0000
0000 0000 0000
0000 0000 0000
0000 0000 0000
0000 0000 0000=
0006 0047 0000 0005 0000 0000 0000 0000 0000 0000 0000 0000
0000 0000 0000 0000 0000 0000 0000 0000 0000 0000 0000 0000.
0000 0000 0000 0000 0000 0000 0000 0000 0000 0000 0000 0000
0000 0000 0000 0000 0000 0000 0000 0000 0000 0000 0000 0000.
0000 0000 0000 0000 0000 0000 0000 0001 0000 0005 0163 0005
0024 0124 0051 0000 0000 0000 0000 0000 0000 0000 0000 0000.
0000 0000 0000 0000 0000 0000 0000 0000 0000 0000 0000 0000
0000 0000 0000 0000 0000 0000 0000 0000 0000 0000 0000 0000.
0000 0000 0000 0000 0000 0000 0000 0000 0000 0000 0000 0000
0000 0000 0000 0000 0000 0000 0000 0000 0000 0000 0000 0000.
0000 0000 0000 0000 0000 0000 0000 0000 0000 0000 0000 0000
0000 0000 0000 0000 0000 0000 0000 0000 0000 0000 0000 0000.
0000 0000 0000 0000 0000 0000 0000 0000 0000 0000 0000 0000
0000 0000 0000 0000 0000 0000 0000 0000 0000 0000 0000 0000.
0000 0000 0000 0000 0000 0000 0000 0000 0000 0001 0018 0032
0039 0025 0009 0003 0000 0000 0000 0000 0000 0000 0000 0000.
0000 0000 0000 0000 0000 0000 0000 0000 0000 0000 0000 0000
0000 0000 0000 0000 0000 0000 0000 0000 0000 0001 0014 0133.
0016 0002 0008 0027 0018 0007 0014 0022 0028 0045 0028 0013
0001 0002 0000 0000 0000 0000 0000 0000 0000 0000 0000 0000.
0000 0000 0000 0000 0000 0001 0000 0000 0000 0000 0000 0000
0000 0000 0000 0000 0000 0000 0000 0000 0000 0000 0000 0000.
0000 0000 0000 0000 0000 0000 0000 0000 0000 0000 0000 0000
0000 0000 0000 0000 0000 0000 0000 0000 0000 0000 0000 0000.
0000 0000 0000 0000 0000 0000 0000 0000 0000 0000 0000 0000
0001 0001 0002 0002 0000 0000 0000 0000 0000 0000 0000 0000.
0000 0000 0000 0000 0000 0000 0000 0000 0000 0000 0000 0000
0000 0000 0000 0000 0000 0000 0000 0000 0000 0000 0000 0002.
0016 0007 0001 0000 0000 0002 0000 0001 0001 0001 0001 0000
0002 0000 0000 0003 0003 0014 0008 0006 0006 0000 0000 0000.
0000 0000 0000 0000 0000 0000 0000 0000 0000 0000 0000 0000
0000 0000 0000 0000 0000 0000 0000 0000 0000 0000 0000 0000.
0000 0000 0000 0000 0000 0000 0000 0000 0000 0000 0000 0000
0049 0042 0029 0005 0003 0005 0002 0000 0000 0001 0000 0000.
0000 0000 0000 0000 0000 0000 0000 0000 0000 0000 0000 0000
0000 0000 0000 0000 0000 0000 0000 0000 0000 0000 0000 0000.
0000 0002 0012 0006 0020 0049 0064 0007 0017 0004 0000 0005
0000 0001 0000 0000 0000 0000 0000 0000 0000 0000 0000 0000.
0000 0000 0000 0000 0000 0000 0000 0000 0000 0000 0000 0000
0000 0000 0000 0000 0000 0000 0000 0000 0000 0000 0000 0000.
0000 0000 0000 0000 0000 0000 0000 0000 0000 0000 0000 0000
0000 0000 0000 0000 0000 0000 0000 0000 0000 0000 0000 0000.
0000 0000 0000 0000 0000 0000 0000 0000 0000 0000 0000 0000
0000 0000 0000 0000 0000 0000 0000 0000 0000 0000 0000 0000.
0000 0000 0000 0000 0000 0000 0000 0000 0000 0000 0000 0000
0003 0001 0000 0000 0000 0000 0005 0000 0003 0001 0001 0000.
0002 0000 0000 0005 0002 0005 0002 0001 0001 0006 0012 0018
0015 0015 0017 0131 0245 0050 0042 0042 0000 0000 0000 0002.
0000 0001 0000 0000 0001 0001 0000 0001 0000 0001 0000 0000
0001 0000 0000 0000 0000 0000 0000 0000 0000 0000 0000 0000.
0000 0000 0000 0000 0000 0000 0000 0000 0000 0000 0000 0000
0000 0000 0000 0000 0000 0000 0000 0000 0000 0000 0000 0001.
0000 0000 0000 0000 0000 0000 0000 0000 0000 0000 0000 0000
0000 0000 0000 0000 0000 0000 0000 0000 0000 0000 0000 0000.
0000 0000 0000 0000 0000 0000 0000 0000 0000 0000 0000 0000
0000 0000 0000 0000 0000 0000 0000 0000 0000 0000 0000 0000.
0000 0000 0000 0000 0000 0000 0000 0000 0000 0000 0000 0000
0000 0000 0000 0000 0000 0000 0000 0000 0000 0000 0000 0000.
0000 0000 0000 0000 0000 0000 0000 0000 0000 0000 0000 0000
0000 0000 0000 0000 0000 0000 0000 0000 0000 0000 0000 0000.
0000 0000 0000 0000 0000 0000 0000 0000 0000 0000 0000 0000
0000 0000 0000 0000 0000 0000 0000 0000 0000 0000 0000 0000=
0000 ////////// 00000=
W=
L=
Z=
G=
FN
270040 034035 180017 124011 052015 041010
020011 PPC000 252007 260022 288017 246009
254017 265034 293064 282103 264075 310094
307077 302063 296069 312073 326057 319037.
273015 253019 277022 295028 302037 295018
087015 090008 107012 080032 080029 079030
060028 042033 007042 002039 001028 004018
094025 093031 112026 014033 001021 001010.
002011 072013 155013 128022 095017 098020
084020 099035 072025 079016 116018 076018
174017 230022 244021 227019 242032 290043
211034 196017 176013 194009 014004 085013.
064010 002007 222016 271020 168017 157017
112022 120017 150009 201011 182011 174012
194019 221058 224040 211035 267066 260039
229029 213027 ////// 205014 237029 253024.
239019 100015 307012 264012 256034 262024
260021 250023 277011 271023 266024 248015
235018 224026 212032 190031 131052 143028
016025 018031 010027 ////// 010024 025014.
051009 177013 218023 235018 254023 256025
263020 255025 271022 265024 268022 256017
267008 077005 101014 044019 030022 046034
057038 045038 041044 021032 008041 001051.
001018 002006 106024 136022 156024 189026
200026 207024 225015 232021 ////// 112008
037015 057012 023026 011028 018051 021049
030050 045019 040027 040044 059016 018013.
024015 028013 012015 009015 001033 001040
002036 009034 021041 012075 003057 009054
027067 035045 042035 036060 023045 025026
010022 020013 007019 005017 008008 006006.
153008 133013 126008 126022 125024 123020
128019 129016 141010 ////// 136009 083009
126013 129010 093014 004011 016020 006021
030010 006021 014009 178010 208035 201039.
201040 203047 177021 206036 189017 190017
192010 223024 220038 226033 225016 225025
220029 205030 205046 184037 224031 191040
223037 252036 243022 088005 099021 092022.
075015 040042 068045 041043 123012 139005
205004 248006 059007 129012 038010 063014
////// 080013 076023 071018 079020 081038
085030 072033 067033 055049 051033 049031.
048033 055027 020027 PPC000 234016 242019
241013 254012 269010 044007 053014 215007
093016 089008 053029 092025 078039 078045
082034 079041 076046 077033 075032 059030.
107015 076022 184004 265012 251020 259016
107012 078011 012021 063014 094018 144008
127004 089009 PPC000 075046 067041 064036
074047 092038 084039 078041 063040 085021.
085015 096018 071018 108013 091020 064011
015009 047022 050026 071023 096014 098019
////// 086052 112054 089063 080057 067061
055050 059059 030035 043016 013016 031015.
250008 146007 188011 180021 186028 042005
104011 007018 029028 115005 033026 046030
088015 103016 045029 035054 061039 051019
043041 046031 064032 053027 068027 067016.
051016 063014 095012 197007 PPC000 147007
201007 188010 116007 PPC000 084008 PPC000
068010 078010 069016 086007 101013 117020
091022 083011 120016 098017 076009 101021.
095017 074015 032018 308006 028011 272006
056011 164007 000008 226011 230020 224012
244021 251015 138004 216018 211006 190012
194028 166011 208007 268009 123011 161032.
238017 180012 273026 216014 PPC000 270025
227015 220017 218021 230013 222016 238013
172010 100010 ////// 076012 306004 127009
059006 122010 073027 061026 060033 065020.
061010 004010 024019 213012 202016 221034
245044 224029 212031 203026 ////// //////
159055 184032 161035 121022 196030 211026
212024 223018 204026 PPC000 079035 075038.
069048 054045 059053 038026 108011 346018
352009 027024 218009 119008 163008 166008
316011 278014 135017 113012 130017 123022
142023 142023 098017 112038 091036 063025.
020021 098008 288013 274012 290007 290012
305009 300010 275010 269011 199009 009006
083013 120023 034026 109029 100043 106051
////// 110043 112049 119039 100042 066051.
077041 111021 072051 091025 002015 003017
004013 004031 004027 005026 005023 008029
004035 001049 002060 001060 002046 001045
001054 001056 001032 001018 002039 002034.
002017 003017 006017 008027 027026 015030
018024 020026 021035 020030 024053 022047
026027 009046 011042 008050 ////// //////
002044 ////// 007063 006060 005053 //////.
008060 008060 066072 064065 028049 024046
016046 019057 019059 018054 087048 077074
085071 106049 098062 134033 136020 125033
PPC000 342023 ////// ////// 102039 075042.
093034 086022 093035 114037 085037 069041
098027 089040 116018 122018 139018 116025
093013 114016 074029 073031 088038 090041
103031 094039 080039 097034 086027 095018.
058031 056025 055031 075020 255004 350013
317010 324014 287018 302015 057005 181004
178005 091012 133015 151022 110021 066018
085037 091022 095034 097025 092031 092030.
102015 100021 071036 065037 061046 119011
215008 274008 263009 110010 128010 130013
114013 120035 111040 104040 107050 108045
108046 105050 105043 094036 083032 016043.
002023 001019 069025 072009 059019 034016
046011 012016 269009 PPC000 078009 PPC000
167011 158009 148020 089017 060018 087022
106029 100029 078041 070037 031026 008016.
051021 027016 043036 261011 274014 282016
293012 295012 321012 253014 236008 077007
136013 148013 033009 216027 107021 142009
089028 090034 084028 088029 031026 107011.
032012 021016 237015 075008 146011 183013
181010 177014 176006 PPC000 173009 072008
189007 101013 103013 090030 067047 078048
088043 098057 091053 080039 078026 051042.
029041 008034 002023 002032 023011 351005
022011 189017 212009 048009 007004 057005
029008 275008 136011 104027 062036 084035
073021 092028 084047 108021 099014 099024=
274036 035034 162017 123016 067015 047010
010012 PPC000 250005 259021 287019 238007
251016 272032 292060 282094 270078 311091
308077 305068 300072 312057 327059 319036.
274015 253019 273021 296028 298035 294020
077015 069010 114011 081029 077033 079029
058028 047031 007039 002037 001028 004025
086028 095030 112026 017032 001021 001013.
002010 073012 143012 119020 098018 102022
086020 103034 075030 080017 115019 077020
178017 239023 236021 227018 255035 293044
217036 155017 177012 194011 PPC000 088012.
062010 336007 221016 272018 163017 159014
121022 120017 149009 202012 181013 176012
195018 216055 223044 212038 258063 252038
226032 225032 ////// 207014 235027 251023.
234018 100015 289011 266013 256034 264024
262022 251023 272013 269024 263022 250016
241018 225023 199034 187031 133050 147031
012024 017029 012029 ////// 009023 028014.
073007 179013 218022 225019 253023 256024
263019 255024 268022 264024 270021 255016
274010 087005 138013 052020 029025 046027
053036 045040 039044 025029 007038 001055.
002019 002010 106023 136022 149023 193024
201025 203026 223016 231022 ////// 112009
037011 050016 019024 022025 021046 019044
032052 048023 039030 040043 062017 017012.
020015 039011 011015 017016 002036 001042
002034 008033 020043 012071 003051 008060
026064 038046 040044 034059 024044 025028
009023 017016 007019 006020 007009 007005.
120009 135014 120007 126023 127023 125020
129019 129017 144011 ////// 135009 086009
130012 126008 100014 013011 017018 007021
016011 006022 014010 173009 201044 198038.
198039 205043 185019 203036 190018 189015
191010 224024 221036 225032 222016 223024
218031 206030 206043 182041 215027 196031
226038 247034 241023 098005 098021 088022.
073016 040043 068041 041043 122012 112005
PPC000 234005 070007 118013 046010 066013
////// 074013 076020 070017 073022 068028
080032 071034 067035 057048 052032 049032.
049034 053026 020027 318005 235015 241017
246013 264012 266010 020011 048015 207006
082013 091011 061032 084032 074041 077043
079037 079040 075046 075037 077035 057032.
101014 079023 318006 256012 245020 257016
144010 074012 016021 069015 094017 138008
144005 093010 PPC000 073041 071043 067039
075047 089038 083041 077044 065038 088021.
085014 101018 075017 098014 090019 052010
002008 054019 050024 064029 099014 101021
////// 085054 106053 089058 083060 068062
056049 058060 029031 043018 015017 027016.
245008 090005 190011 183018 185023 069005
102012 011018 026030 118005 036026 049028
078015 097016 040028 039054 059034 051021
042041 044030 064028 053029 068025 069015.
057016 065013 093011 197008 098004 152007
200008 181010 122007 PPC000 085009 077004
073008 073009 075016 107009 118013 116021
091020 064014 113019 099018 079010 102020.
093019 072016 035017 325006 002011 266005
055012 174007 339007 223010 228020 225012
240022 263016 142004 214017 190006 196014
193027 170013 196009 268011 125012 163030.
240022 187012 267024 224015 PPC000 260022
232014 224016 220021 236014 223016 246015
138007 104011 ////// 089009 326004 130010
059009 119012 075028 066024 058032 064022.
067011 004008 019019 208012 210015 221032
245044 225032 212033 200024 ////// //////
158050 192033 163035 129024 190030 214026
213028 221023 215025 PPC000 086034 073040.
065047 054043 060051 038028 107013 349018
337009 024022 189009 118008 169008 145006
288007 276012 146020 115014 121019 119022
139026 132026 101019 111036 094036 063024.
024021 095009 287011 282012 304008 288013
306010 305011 273008 270012 190009 057008
087015 112023 054028 101036 097042 104051
////// 104049 112050 115043 102043 067052.
075041 110022 070052 089027 002018 002017
004014 004027 005026 005025 005024 008030
005035 001050 002057 001053 002047 001043
001053 001054 001034 001018 002040 002034.
002017 003018 006020 008024 025027 015033
018024 019023 020032 019035 024049 022044
025030 010045 011042 008052 ////// //////
001051 ////// 007061 006056 005052 //////.
008053 009061 066069 067064 032048 023047
018047 020060 019062 018060 085052 079070
084072 109052 097067 130035 135024 127032
224007 355024 ////// ////// 104040 075046.
093034 093020 091036 116035 083038 071036
097024 090033 113023 119017 137018 116022
095015 116014 078032 074034 093037 091041
101029 093041 087040 093035 087030 093019.
061030 056027 055032 072020 265006 341014
318010 319013 287016 297013 051006 188005
126008 114014 134018 141023 109023 070019
091037 096026 094035 092027 089031 092030.
100016 100021 071037 068034 061048 107013
186009 283008 248008 107013 126013 133015
115015 113038 110043 100045 110050 101042
104047 101050 108044 096039 087033 027042.
002024 001021 079021 088010 068015 024015
031010 017014 269009 PPC000 086006 141004
177011 118009 138022 112017 072022 087027
110029 102029 084039 072036 030027 008017.
052022 038012 041034 262012 271012 287014
295011 296011 325012 255014 233008 047006
122013 160011 082010 213023 116019 138014
092028 084034 085030 083032 034024 080010.
028016 016021 213013 072007 151010 182014
177011 178011 171006 107004 173010 076008
179007 091012 119012 080027 073043 077044
087040 093050 093045 083038 078027 051041.
031039 008032 005024 002030 020012 313006
020012 184015 206010 042008 004004 066007
017007 337009 124014 103028 067034 086035
089022 087027 084047 112022 089015 093023=
100313 1422 138311 1321
044064 0930 053083 0652
054247 1424 070097 0423
066260 1302 074233 1131
050133 1300 061185 1330
064002 1953 082001 1946
064040 1425 098046 1424
081007 0745 109007 0745
093140 1824 116147 1823
056235 1119 066231 1106
050056 1802 068055 2310
052074 1653 071073 1534
054079 1736 063067 1327
072059 1439 094066 1437
056040 1157 070046 1155
027107 1441 044099 1437
034222 1519 043231 1519
043229 0425 050061 1745
061158 0904 074159 0901
052060 2301 064060 2234
066102 1514 089102 1513
059001 1417 074001 1425
073007 1707 094007 1707
081079 0811 107069 0811
052081 0131 064088 0125
043067 2047 059065 2047
054096 1643 075094 1643
047006 2005 057001 2005
041068 1729 053071 1729
060078 1613 071081 1610
049083 1659 063081 1659=
D=
K=
A=
S=
B=
??????
******
YF
O2183
河南省
豫洛宁河底
洛宁县河底乡下营村
丘陵；乡村；地面
王林香
计算机
计算机
计算机
计算机
计算机
20100805=
JY
8888=
GK
01/
05/=
BZ
BB/04/17时温度用正点后2分钟值代替。
BB/05/18时温度用正点前3分钟值代替。
BB/07/07时温度用正点前3分钟值代替。
BB/09/06时温度用正点前3分钟值代替。
BB/11/09时温度用正点前2分钟值代替。
BB/14/09时温度用正点前7分钟值代替。
BB/18/11时温度用正点前1分钟值代替。
BB/19/08时温度用正点后4分钟值代替。07时温度用前后正点数据内插。
BB/21/15时温度用正点后1分钟值代替。
BB/23/16时温度用前后正点数据内插。20时温度用前后正点数据内插。
00/343430/1114744
10/24/逐时观测
10/24/24时连续观测
11/不守班=
######
