O2184 3415N 11128E 006672 006672 105 000 S15 91999999919999199999 0 2011 08
P=
TB
0182 0180 0181 0171 0169 0169 0167 0167 0165 0166 0161 0162
0163 0165 0164 0165 0165 0167 0167 0169 0169 0167 0168 0168 0186 2001 0160 0658.
0167 0166 0166 0167 0167 0168 0168 0167 0167 0167 0168 0169
0169 0172 0174 0177 0184 0195 0192 0191 0184 0182 0178 0175 0196 1355 0166 2043.
0175 0173 0173 0172 0172 0172 0171 0171 0170 0171 0178 0177
0199 0216 0225 0241 0254 0267 0269 0269 0270 0261 0240 0228 0274 1435 0170 0447.
0224 0216 0207 0211 0197 0191 0195 0189 0184 0183 0184 0195
0203 0214 0220 0224 0229 0228 0231 0237 0227 0223 0218 0215 0238 1554 0183 0559.
0211 0207 0203 0199 0196 0191 0190 0192 0190 0191 0188 0187
0188 0195 0199 0204 0208 0211 0206 0201 0199 0197 0197 0196 0215 2001 0185 0837.
0193 0193 0193 0191 0187 0186 0182 0182 0181 0180 0182 0184
0186 0192 0199 0217 0223 0242 0244 0249 0253 0242 0230 0216 0255 1643 0180 0423.
0212 0210 0207 0202 0196 0197 0199 0200 0197 0195 0200 0204
0214 0222 0234 0245 0255 0262 0267 0266 0260 0256 0240 0226 0268 1444 0193 0523.
0224 0213 0209 0205 0201 0198 0189 0187 0186 0183 0189 0209
0233 0259 0274 0288 0303 0303 0310 0301 0298 0287 0266 0252 0315 1508 0183 0600.
0244 0242 0225 0217 0207 0200 0215 0193 0192 0192 0204 0226
0252 0270 0287 0304 0314 0313 0312 0311 0307 0299 0276 0256 0318 1424 0188 0520.
0252 0242 0229 0223 0214 0211 0204 0204 0200 0194 0199 0232
0243 0234 0238 0261 0276 0280 0284 0282 0278 0270 0256 0245 0285 1434 0191 0539.
0239 0231 0229 0226 0223 0217 0213 0211 0205 0208 0212 0223
0241 0249 0247 0268 0275 0285 0279 0281 0277 0268 0254 0243 0285 1400 0205 0459.
0236 0234 0226 0222 0217 0219 0216 0213 0212 0210 0214 0223
0240 0262 0270 0282 0288 0289 0292 0293 0288 0280 0267 0257 0295 1448 0209 0538.
0253 0245 0243 0238 0233 0233 0233 0233 0228 0225 0231 0236
0250 0266 0276 0292 0291 0294 0296 0296 0293 0282 0272 0263 0299 1430 0224 0554.
0262 0254 0247 0245 0241 0243 0238 0239 0234 0232 0232 0247
0267 0282 0293 0302 0314 0319 0323 0316 0306 0299 0291 0280 0324 1447 0229 0538.
0275 0267 0262 0264 0254 0251 0242 0240 0236 0237 0247 0263
0282 0306 0329 0344 0354 0354 0345 0341 0327 0316 0296 0284 0358 1327 0234 0456.
0280 0271 0267 0264 0257 0259 0259 0255 0265 0258 0260 0266
0273 0288 0293 0300 0316 0308 0287 0276 0272 0266 0260 0256 0323 1342 0254 1939.
0257 0250 0239 0232 0227 0222 0218 0216 0215 0215 0214 0214
0216 0217 0219 0223 0223 0225 0226 0222 0222 0222 0219 0217 0258 2043 0214 0452.
0216 0213 0210 0208 0206 0202 0193 0188 0186 0183 0183 0184
0183 0181 0178 0176 0175 0176 0176 0175 0172 0171 0172 0172 0217 2022 0171 1753.
0172 0173 0172 0171 0171 0171 0171 0171 0171 0171 0172 0172
0173 0173 0174 0175 0174 0175 0174 0176 0176 0175 0175 0174 0177 1712 0170 0139.
0175 0173 0173 0172 0172 0171 0170 0169 0167 0167 0166 0168
0169 0171 0169 0168 0171 0171 0168 0167 0167 0167 0169 0169 0175 2057 0165 1533.
0168 0168 0168 0167 0166 0165 0165 0164 0165 0164 0165 0166
0167 0168 0169 0171 0171 0174 0171 0168 0166 0164 0161 0161 0175 1401 0161 1857.
0161 0161 0161 0161 0158 0159 0154 0150 0146 0148 0150 0165
0174 0194 0203 0210 0209 0211 0207 0205 0202 0194 0188 0185 0215 1207 0143 0531.
0180 0180 0175 0170 0171 0171 0169 0168 0166 0165 0168 0176
0177 0195 0203 0222 0223 0223 0231 0233 0228 0216 0197 0190 0236 1634 0163 0541.
0185 0180 0169 0162 0161 0154 0152 0152 0148 0140 0147 0166
0194 0213 0231 0238 0243 0249 0235 0236 0241 0228 0220 0207 0249 1400 0140 0557.
0204 0196 0191 0184 0186 0181 0183 0183 0179 0176 0182 0187
0204 0214 0221 0234 0241 0245 0252 0250 0243 0229 0220 0215 0255 1512 0176 0558.
0207 0200 0197 0192 0193 0186 0183 0182 0179 0180 0181 0187
0201 0217 0223 0238 0234 0243 0235 0231 0232 0225 0212 0202 0249 1424 0179 0459.
0201 0198 0188 0189 0185 0182 0184 0176 0175 0175 0172 0188
0200 0224 0234 0243 0247 0253 0254 0252 0244 0232 0217 0215 0256 1432 0171 0529.
0201 0198 0194 0187 0181 0181 0177 0180 0179 0180 0183 0187
0201 0212 0222 0232 0237 0245 0244 0232 0231 0236 0224 0212 0249 1448 0174 0251.
0203 0193 0189 0183 0179 0172 0169 0166 0164 0163 0168 0185
0211 0230 0239 0244 0254 0257 0258 0261 0254 0244 0231 0226 0261 1437 0162 0604.
0218 0211 0208 0201 0199 0192 0194 0195 0189 0188 0187 0196
0204 0207 0217 0235 0248 0258 0263 0266 0260 0249 0229 0220 0269 1522 0187 0530.
0214 0208 0203 0196 0189 0189 0182 0177 0178 0170 0173 0195
0218 0252 0262 0277 0281 0288 0292 0287 0282 0274 0239 0227 0295 1440 0167 0533=
I=
E=
U=
N=
H=
C=
V=
R6
0226 0167 0393
0139 0005 0144
0006 0001 0007
0000 0000 0000
0023 0028 0051
0057 0000 0057
0002 0000 0002
0000 0000 0000
0000 0000 0000
0000 0000 0000
0000 0000 0000
0000 0000 0000
0000 0000 0000
0000 0000 0000
0000 0000 0000
0000 0000 0000
0002 0003 0005
0010 0042 0052
0008 0028 0036
0030 0028 0058
0216 0152 0368
0001 0000 0001
0000 0000 0000
0000 0000 0000
0000 0000 0000
0000 0000 0000
0000 0000 0000
0000 0000 0000
0000 0000 0000
0000 0000 0000
0000 0000 0000=
0003 0004 0012 0048 0048 0021 0062 0004 0008 0007 0003 0006
0000 0004 0031 0047 0034 0023 0013 0007 0008 0000 0000 0000.
0000 0001 0000 0003 0008 0002 0028 0053 0010 0024 0010 0000
0001 0000 0000 0001 0001 0000 0000 0000 0000 0000 0001 0001.
0000 0001 0000 0000 0000 0000 0002 0003 0000 0000 0000 0000
0000 0001 0000 0000 0000 0000 0000 0000 0000 0000 0000 0000.
0000 0000 0000 0000 0000 0000 0000 0000 0000 0000 0000 0000
0000 0000 0000 0000 0000 0000 0000 0000 0000 0000 0000 0000.
0000 0000 0000 0000 0004 0001 0000 0000 0000 0001 0005 0012
0002 0000 0000 0003 0002 0000 0003 0003 0011 0003 0000 0001.
0000 0000 0000 0008 0010 0009 0004 0014 0004 0004 0002 0002
0000 0000 0000 0000 0000 0000 0000 0000 0000 0000 0000 0000.
0000 0000 0000 0000 0000 0000 0000 0000 0000 0000 0000 0002
0000 0000 0000 0000 0000 0000 0000 0000 0000 0000 0000 0000.
0000 0000 0000 0000 0000 0000 0000 0000 0000 0000 0000 0000
0000 0000 0000 0000 0000 0000 0000 0000 0000 0000 0000 0000.
0000 0000 0000 0000 0000 0000 0000 0000 0000 0000 0000 0000
0000 0000 0000 0000 0000 0000 0000 0000 0000 0000 0000 0000.
0000 0000 0000 0000 0000 0000 0000 0000 0000 0000 0000 0000
0000 0000 0000 0000 0000 0000 0000 0000 0000 0000 0000 0000.
0000 0000 0000 0000 0000 0000 0000 0000 0000 0000 0000 0000
0000 0000 0000 0000 0000 0000 0000 0000 0000 0000 0000 0000.
0000 0000 0000 0000 0000 0000 0000 0000 0000 0000 0000 0000
0000 0000 0000 0000 0000 0000 0000 0000 0000 0000 0000 0000.
0000 0000 0000 0000 0000 0000 0000 0000 0000 0000 0000 0000
0000 0000 0000 0000 0000 0000 0000 0000 0000 0000 0000 0000.
0000 0000 0000 0000 0000 0000 0000 0000 0000 0000 0000 0000
0000 0000 0000 0000 0000 0000 0000 0000 0000 0000 0000 0000.
0000 0000 0000 0000 0000 0000 0000 0000 0000 0000 0000 0000
0000 0000 0000 0000 0000 0000 0000 0000 0000 0000 0000 0000.
0000 0000 0000 0000 0000 0000 0000 0000 0000 0000 0000 0000
0000 0000 0000 0000 0000 0000 0000 0000 0000 0000 0000 0000.
0000 0000 0000 0000 0000 0000 0000 0000 0000 0001 0001 0000
0000 0002 0000 0000 0000 0001 0000 0000 0000 0000 0000 0000.
0000 0000 0000 0000 0000 0000 0000 0002 0001 0003 0003 0001
0006 0003 0003 0004 0006 0004 0002 0002 0004 0004 0004 0000.
0001 0000 0001 0000 0000 0000 0000 0000 0000 0000 0004 0002
0003 0002 0002 0006 0005 0006 0001 0000 0000 0000 0001 0002.
0000 0003 0002 0002 0003 0002 0003 0004 0002 0003 0004 0002
0002 0008 0007 0002 0000 0001 0004 0002 0001 0000 0000 0001.
0001 0000 0000 0000 0000 0000 0000 0002 0013 0086 0065 0049
0026 0015 0007 0031 0014 0024 0004 0010 0002 0007 0008 0004.
0000 0001 0000 0000 0000 0000 0000 0000 0000 0000 0000 0000
0000 0000 0000 0000 0000 0000 0000 0000 0000 0000 0000 0000.
0000 0000 0000 0000 0000 0000 0000 0000 0000 0000 0000 0000
0000 0000 0000 0000 0000 0000 0000 0000 0000 0000 0000 0000.
0000 0000 0000 0000 0000 0000 0000 0000 0000 0000 0000 0000
0000 0000 0000 0000 0000 0000 0000 0000 0000 0000 0000 0000.
0000 0000 0000 0000 0000 0000 0000 0000 0000 0000 0000 0000
0000 0000 0000 0000 0000 0000 0000 0000 0000 0000 0000 0000.
0000 0000 0000 0000 0000 0000 0000 0000 0000 0000 0000 0000
0000 0000 0000 0000 0000 0000 0000 0000 0000 0000 0000 0000.
0000 0000 0000 0000 0000 0000 0000 0000 0000 0000 0000 0000
0000 0000 0000 0000 0000 0000 0000 0000 0000 0000 0000 0000.
0000 0000 0000 0000 0000 0000 0000 0000 0000 0000 0000 0000
0000 0000 0000 0000 0000 0000 0000 0000 0000 0000 0000 0000.
0000 0000 0000 0000 0000 0000 0000 0000 0000 0000 0000 0000
0000 0000 0000 0000 0000 0000 0000 0000 0000 0000 0000 0000.
0000 0000 0000 0000 0000 0000 0000 0000 0000 0000 0000 0000
0000 0000 0000 0000 0000 0000 0000 0000 0000 0000 0000 0000.
0000 0000 0000 0000 0000 0000 0000 0000 0000 0000 0000 0000
0000 0000 0000 0000 0000 0000 0000 0000 0000 0000 0000 0000=
0000 ////////// 00000=
W=
L=
Z=
G=
FN
062012 128013 PPC001 293015 097028 104024
114047 097046 087054 095036 093032 084029
105028 081032 098032 107029 124022 111017
111009 095024 118025 085020 054005 019005.
083005 123008 PPC000 239003 101011 PPC002
162006 128011 102012 105017 PPC000 095012
104007 067010 085003 111016 103013 101023
079024 077025 096034 114019 098035 119019.
101023 108034 109021 100019 093015 078014
120014 112017 088014 083013 251010 310011
297015 250010 165014 PPC002 356012 066017
014011 085020 088010 090025 121014 184033.
190029 160013 203008 358004 281009 290011
174007 298014 315010 287020 283014 286020
268013 283017 302029 284022 298025 301015
284017 288008 290012 PPC001 PPC000 171014.
155011 291013 299009 173016 204011 176019
181029 163013 286007 295013 298018 291022
282015 284015 297015 296020 318015 351014
319006 300016 296011 272006 167004 333008.
309006 PPC000 096011 116010 138017 072024
100013 071021 081019 073014 084009 099008
203010 262009 287011 189008 298010 292010
089019 159003 042008 063009 111019 133013.
172016 PPC000 187011 296012 295012 286010
261008 317009 287015 297014 281009 333010
013008 005007 122015 135018 104025 095031
096024 109024 090017 071006 077010 167021.
178013 174013 168010 230008 280013 283012
292018 285015 287019 307013 291021 289005
317031 282029 289036 308019 282019 198010
306013 114020 087007 101012 169025 190032.
192018 181019 292018 185010 249013 285016
271009 286018 289025 295025 294020 277016
267012 298030 291017 270012 166006 070033
085033 106016 076019 071016 179013 181027.
306013 195010 301017 297018 294020 288016
294018 283012 297009 302009 285010 114007
111029 110044 084020 PPC001 080030 121021
110042 105029 102040 079048 104033 108019.
PPC000 055008 153010 062009 147012 166017
186010 214004 171017 156011 075013 292009
013008 297006 088018 121024 073020 119031
083039 080034 099039 089039 090030 334008.
271006 103005 349006 300008 177017 223007
190017 167014 167013 214007 184006 150009
090017 078021 104030 136022 120042 122025
109035 107034 104023 087030 079022 124010.
133005 010005 187012 291010 175014 163009
215006 162011 172015 211007 300004 160006
141008 064014 017010 145010 148012 110023
100033 100030 093036 087030 101024 137011.
015004 237008 211006 272007 181006 227011
196011 180012 292009 260006 289011 280011
104017 115020 086030 106033 101023 101031
089041 110039 077032 088015 092030 069011.
165009 223005 170010 PPC000 183014 314010
204009 267009 359010 214018 143005 281008
304015 242011 042007 348031 319015 079018
101030 082026 072029 122021 184023 174010.
080006 171017 257009 327014 217011 263011
302007 294023 290038 270026 284022 258016
286031 275032 277029 289020 283025 283013
258013 248016 246016 197013 094005 175021.
144015 100034 095042 090043 117036 080033
114023 111022 109024 112011 077027 111019
090019 103012 074010 327007 026008 089013
080018 141011 112019 148012 103028 100021.
096025 097016 084013 078010 097028 079028
093026 086023 089037 103033 083017 074035
096039 093041 095051 093039 116037 066019
082042 077040 068027 104035 089021 094025.
075022 105013 076012 032008 090018 080029
069014 041006 108017 097008 096025 071013
073023 086023 088021 076030 080027 088020
102018 113017 115015 124020 096012 109017.
094013 064019 092020 117019 129010 104016
077026 082024 090024 089022 067027 096018
072015 078018 112032 074035 098032 097028
090038 073023 056008 075013 347005 063017.
084027 096029 068012 022006 100016 061010
104020 096026 107015 080021 072018 100036
090028 089028 079029 076010 065010 097039
076021 073027 090041 097036 098032 100031.
007004 324013 296013 308012 297007 PPC000
170015 182007 287013 PPC001 280009 284017
286012 177007 119025 076022 091035 111033
105040 119022 102015 071022 165010 120013.
162017 164015 177015 046004 162007 201008
106008 054008 220006 265010 165010 286008
232006 353008 080016 067017 079031 105044
127034 093026 068037 100032 112023 153017.
151014 PPC000 294010 177016 255007 297014
280011 163012 167020 282014 281015 283020
287007 286013 041011 123024 116035 100039
076030 072027 114028 113022 093016 PPC002.
286003 137009 178014 228011 260007 176019
294009 167009 172014 170020 106010 092014
065010 107010 096025 074022 151016 128021
109028 079042 103026 089015 202009 307011.
290009 283009 286009 212004 271010 299009
272011 178009 156025 087014 162016 122009
114015 075024 084022 105025 113029 126023
077039 116024 092025 092016 080018 105014.
307005 341007 186011 PPC001 287007 171014
179007 180023 158012 285006 179018 PPC000
091021 132012 235007 086017 085013 097030
111043 075031 090036 099033 088020 162010.
190015 280008 PPC000 252007 300011 292006
184012 254010 174012 310008 277010 181009
133009 127010 126027 133018 089026 091036
105030 115034 148019 083007 PPC001 183014.
189023 286015 306013 294010 311010 287016
306011 292017 279014 287015 294021 292024
268010 122015 120028 124030 113038 080040
091031 098040 101026 103032 114020 188010.
160013 335006 222008 197009 273009 177022
PPC001 179013 186014 173012 320007 PPC000
135013 082016 143006 097016 116032 109024
109026 106041 102041 109033 129016 176023.
190015 304011 260007 191011 187017 242006
299008 294014 299013 292014 269006 278008
292013 270007 039007 074008 101014 146006
080036 103029 109024 140012 185036 188032=
068010 126013 052004 293014 103028 097024
111045 097048 087053 096039 093034 089029
100029 085031 091034 101026 113023 116017
109008 092025 113024 082020 072009 047007.
077005 118008 PPC001 251003 107010 PPC002
149009 124011 106014 106018 125003 101013
116008 061009 083005 113016 100014 099023
076025 079026 094033 114020 097031 116019.
104024 109033 106023 095021 094014 070011
119014 112017 084015 080015 223010 316013
292014 275010 151014 093007 309014 060014
036014 085019 100013 096021 120015 183033.
190028 163012 216009 073003 279011 291013
185007 292014 310010 293018 282014 285020
268015 292018 300027 290021 292023 299016
288016 289008 288014 166004 PPC002 177013.
146013 288012 294010 174016 254010 176018
177027 165013 285008 288013 297020 291023
281014 283015 295016 294019 313015 268013
328006 297017 296011 273006 175005 317008.
313006 PPC000 109010 133010 142017 073023
096013 072020 086018 072013 092008 100007
200012 279008 287009 191008 284009 287011
097019 173005 111006 062010 112019 126014.
167014 PPC000 181012 296012 292012 285010
265007 319009 287015 296014 286009 327008
352009 336006 091015 125022 094022 094033
095025 106025 085018 061007 080011 168021.
176013 177014 172010 214008 282012 275011
292018 287015 288020 299011 290020 276006
313030 281026 289031 301021 285019 231011
306011 107018 081008 100012 165022 188030.
188017 185019 290016 219011 258014 285015
256010 287019 290024 294022 293022 281016
273015 298029 294024 289016 160006 083030
085030 098023 072019 076014 179013 181025.
276010 197010 298017 297018 291020 289016
294019 291015 296011 298009 285011 110008
114029 109039 088020 107006 085027 122023
109042 091030 102040 078043 103033 106022.
PPC001 050007 137009 086008 155010 167017
182012 166004 165017 156011 072014 288009
337010 283007 083018 118027 085025 106031
090038 087036 098039 096039 090032 001008.
257006 072005 295006 300008 178016 219008
186017 169014 167013 229007 208006 140008
102018 081021 109025 124021 118033 120028
106038 104035 100024 089029 082021 106012.
246003 356005 186012 301010 176012 171009
203008 145009 171016 207008 287006 159007
114007 052011 312009 072010 140014 112029
104035 100032 094035 085030 098025 128012.
048003 257008 194007 259006 187007 224010
189012 193009 292010 264007 291012 281011
115016 107019 089026 110031 106023 109031
091040 101040 082034 088017 092030 070012.
178009 228005 177010 PPC001 184015 315011
218010 268009 329008 207018 163006 257007
294014 262012 333009 292027 284015 073017
108033 094028 074032 113021 181022 173012.
065006 167015 260009 304013 236011 277010
261006 293023 288037 273025 285020 266016
288027 274033 279027 285028 277022 274018
248019 252016 248016 197012 139003 172021.
147015 102035 097044 090044 114037 081033
106023 111023 104024 111011 082029 100022
086018 088012 079011 290008 059007 080015
081018 128012 110018 145012 101031 100023.
093025 103017 087013 079011 100030 078030
087024 081025 088033 101029 094020 077030
092036 094039 094051 096041 114036 067023
080038 081039 072029 099038 086023 097025.
074021 095012 068011 050010 083019 081026
084014 111005 102015 084009 090024 075014
076021 084023 078021 077031 079027 084023
095022 112017 111014 127019 103013 110017.
093013 064017 089021 110021 123011 097017
074023 092023 087021 093020 074026 092019
075016 076020 113031 073035 095031 095031
092036 079024 060010 067010 073004 067017.
084025 094029 070013 029005 098015 067010
102020 093027 104016 071017 071018 104034
089028 085030 077025 079011 072010 100036
077022 075029 087040 103037 100034 095031.
021005 318013 293012 307014 295007 PPC001
169013 183008 288012 110004 292010 286019
281014 204007 117025 081024 086036 102033
101038 115022 107015 073021 159010 118012.
169018 165014 174015 317004 167008 196009
088007 061008 220009 270008 159010 284008
229008 001009 087015 038015 081031 099044
116038 100031 069036 096028 110021 150016.
152014 342003 267010 179016 265008 294013
276010 165010 173019 282015 282015 285020
271008 292014 090009 122024 119034 102035
070026 075026 115024 112023 094016 PPC002.
279005 122008 171015 222012 252006 176019
267010 161009 170013 168020 095012 094014
079010 114012 098024 081024 131019 126023
110031 079041 098028 081014 266006 310009.
298008 288009 283009 224004 275010 299009
272011 177011 157025 083015 162013 121010
125016 077021 074024 089025 110029 138027
083036 108025 088024 090016 078017 100017.
309005 315007 181009 197003 272006 174016
182008 180024 164011 269005 176017 PPC000
096017 119013 183010 085016 086020 095030
110039 084032 086037 099033 089019 158010.
178015 295007 PPC000 244005 301011 281006
186013 244009 170012 302007 281010 173009
136009 126008 117027 120026 100025 088034
107032 114030 152018 067006 PPC001 191012.
187023 286015 308012 298011 305010 288017
301010 293017 282015 289016 294020 288022
254010 120020 116030 116033 115036 083037
100036 096034 104027 104032 114022 181010.
158011 325006 223008 209008 289009 176021
261004 179014 184015 172012 314009 PPC001
149012 091015 129009 089015 118023 109025
096027 105035 102042 110032 127017 174022.
186017 295011 270008 225009 183017 262007
296007 296012 299012 294014 279008 279009
281012 274007 033010 079009 102018 096011
079026 102026 111021 132013 187036 188032=
055091 0510 077108 0510
034110 1632 043086 1513
037187 1955 046187 1955
037184 2002 050286 1052
032294 0814 049297 0805
024080 0208 035125 1512
036098 1423 051100 1423
041289 1007 074302 1117
039100 1517 058297 1025
069089 1012 089086 1018
046115 1452 067114 1427
042091 1523 062094 1320
040114 1527 055071 1732
047096 1631 060103 1133
043088 1451 072088 1452
045290 0518 075275 0454
047093 0010 061100 2248
055094 1045 075066 1035
034079 1155 046054 1304
045091 1408 060094 1432
047089 1726 065097 1616
043100 1503 055097 1519
050124 1514 067116 1453
046092 1433 062080 1213
048080 1553 066102 1621
046081 1522 063074 1513
043108 1518 059111 1342
045100 1431 067127 1427
044115 1453 064091 1334
043103 1659 055089 1656
042189 1924 055207 1919=
D=
K=
A=
S=
B=
??????
******
YF
O2184
河南省
豫洛宁兴华
洛宁县兴华乡瓦寨庙村
山地；乡村；地面
空缺
计算机
计算机
计算机
计算机
计算机
20120208=
JY
8888=
GK
01/
05/=
BZ
00/341517/1112740
10/24/逐时观测
10/24/24时连续观测
11/不守班=
######
