O2181 3421N 11113E 009810 009810 105 000 S15 91999999919999199999 0 2012 04
P=
TB
0138 0127 0126 0123 0115 0118 0114 0116 0102 0101 0105 0124
0138 0153 0167 0179 0189 0209 0218 0217 0215 0173 0146 0130 0227 1456 0097 0632.
0119 0114 0100 0104 0100 0085 0079 0075 0074 0070 0067 0077
0092 0116 0143 0119 0095 0114 0137 0131 0129 0117 0103 0101 0162 1028 0066 0646.
0091 0090 0093 0092 0085 0072 0078 0056 0058 0047 0064 0080
0105 0116 0135 0143 0160 0160 0153 0158 0160 0148 0132 0119 0169 1229 0044 0602.
0115 0122 0119 0112 0110 0114 0101 0100 0099 0096 0108 0124
0134 0145 0153 0170 0170 0193 0189 0185 0180 0175 0159 0153 0198 1509 0093 0536.
0132 0143 0144 0156 0150 0156 0135 0139 0134 0117 0116 0144
0142 0151 0181 0186 0191 0200 0197 0185 0184 0170 0158 0143 0208 1409 0115 0543.
0142 0141 0145 0141 0142 0129 0122 0129 0121 0117 0115 0141
0145 0158 0172 0187 0190 0188 0190 0180 0176 0163 0151 0146 0206 1334 0106 0650.
0147 0138 0139 0140 0143 0143 0141 0121 0117 0124 0126 0131
0143 0170 0184 0201 0214 0207 0219 0216 0206 0194 0171 0158 0229 1435 0114 0639.
0159 0156 0142 0141 0137 0139 0136 0135 0139 0132 0136 0160
0177 0193 0213 0212 0224 0233 0230 0223 0211 0197 0181 0170 0241 1424 0127 0616.
0160 0160 0153 0140 0138 0138 0135 0135 0134 0131 0133 0152
0147 0165 0156 0155 0135 0127 0124 0116 0102 0098 0096 0094 0174 1008 0094 1958.
0093 0083 0088 0088 0090 0097 0098 0104 0109 0102 0111 0114
0124 0161 0151 0159 0180 0185 0179 0174 0178 0164 0148 0139 0190 1353 0082 2159.
0131 0126 0143 0136 0139 0137 0136 0138 0136 0138 0136 0140
0149 0161 0160 0173 0183 0188 0179 0174 0166 0146 0130 0121 0203 1329 0118 0636.
0113 0105 0100 0105 0074 0064 0054 0050 0039 0029 0027 0022
0022 0025 0029 0035 0049 0053 0056 0071 0080 0077 0075 0078 0120 2001 0020 0834.
0073 0084 0087 0085 0083 0084 0085 0078 0078 0084 0088 0095
0111 0134 0155 0165 0175 0179 0179 0188 0179 0169 0146 0146 0192 1630 0070 2115.
0137 0128 0129 0137 0129 0123 0127 0126 0121 0125 0132 0145
0160 0164 0168 0172 0174 0180 0179 0185 0193 0181 0155 0141 0199 1616 0120 0453.
0133 0129 0132 0138 0131 0135 0134 0129 0119 0126 0129 0146
0159 0184 0187 0191 0207 0213 0230 0228 0222 0217 0191 0182 0234 1552 0106 0516.
0180 0183 0188 0186 0188 0176 0167 0164 0166 0149 0131 0146
0155 0163 0173 0181 0183 0182 0183 0171 0161 0150 0137 0126 0191 0055 0124 1957.
0117 0111 0102 0096 0090 0087 0084 0081 0081 0082 0086 0093
0118 0142 0175 0173 0158 0167 0161 0150 0154 0137 0127 0123 0177 1136 0080 0333.
0116 0119 0126 0128 0129 0137 0127 0129 0125 0122 0125 0133
0161 0174 0179 0181 0182 0189 0191 0204 0191 0182 0169 0154 0208 1549 0112 2216.
0150 0156 0157 0154 0145 0134 0135 0132 0140 0127 0142 0151
0179 0203 0212 0225 0204 0218 0206 0207 0204 0194 0177 0177 0240 1132 0126 0611.
0170 0162 0160 0159 0150 0148 0141 0137 0122 0121 0115 0128
0139 0149 0167 0175 0152 0151 0162 0168 0167 0160 0143 0115 0181 1553 0107 0657.
0120 0117 0113 0108 0103 0102 0098 0111 0108 0092 0106 0126
0146 0169 0192 0211 0226 0214 0206 0192 0186 0174 0157 0138 0247 1346 0090 0556.
0127 0119 0116 0120 0121 0115 0121 0113 0111 0106 0109 0126
0157 0191 0197 0224 0254 0233 0237 0230 0227 0204 0184 0167 0257 1259 0100 0553.
0161 0152 0145 0141 0139 0141 0156 0162 0126 0123 0127 0142
0184 0187 0204 0212 0203 0211 0201 0205 0203 0192 0187 0182 0219 1331 0120 0646.
0183 0173 0163 0157 0152 0155 0153 0156 0153 0132 0120 0116
0111 0111 0108 0116 0109 0106 0120 0127 0133 0132 0132 0133 0183 2010 0103 1352.
0134 0136 0128 0138 0135 0130 0121 0117 0115 0103 0107 0106
0119 0128 0142 0148 0154 0164 0169 0170 0168 0161 0144 0139 0179 1429 0097 0640.
0131 0130 0128 0131 0133 0125 0126 0141 0131 0132 0143 0164
0178 0200 0224 0239 0251 0247 0253 0246 0235 0223 0199 0187 0262 1418 0121 0205.
0182 0176 0173 0174 0173 0164 0165 0155 0156 0162 0175 0191
0217 0233 0260 0258 0279 0276 0270 0273 0269 0237 0218 0212 0285 1354 0153 0357.
0207 0198 0191 0187 0178 0187 0177 0174 0186 0183 0197 0192
0210 0221 0222 0236 0236 0240 0235 0224 0214 0193 0171 0156 0242 1257 0156 2000.
0143 0140 0134 0128 0114 0106 0102 0097 0094 0087 0105 0113
0133 0160 0180 0200 0201 0212 0205 0200 0195 0184 0172 0164 0219 1349 0086 0552.
0159 0149 0132 0128 0127 0119 0118 0107 0105 0105 0108 0112
0125 0126 0134 0134 0145 0129 0132 0132 0131 0132 0132 0133 0164 2002 0101 0627=
I=
E=
U=
N=
H=
C=
V=
R6
0000 0000 0000
0000 0000 0000
0000 0000 0000
0000 0000 0000
0000 0000 0000
0000 0000 0000
0000 0000 0000
0000 0000 0000
0000 0002 0002
0001 0000 0001
0000 0000 0000
0016 0001 0017
0000 0000 0000
0000 0000 0000
0000 0000 0000
0000 0000 0000
0000 0006 0006
0000 0001 0001
0000 0001 0001
0017 0021 0038
0000 0000 0000
0000 0000 0000
0000 0000 0000
0053 0006 0059
0000 0000 0000
0000 0000 0000
0000 0000 0000
0000 0000 0000
0000 0000 0000
0000 0000 0000=
0000 0000 0000 0000 0000 0000 0000 0000 0000 0000 0000 0000
0000 0000 0000 0000 0000 0000 0000 0000 0000 0000 0000 0000.
0000 0000 0000 0000 0000 0000 0000 0000 0000 0000 0000 0000
0000 0000 0000 0000 0000 0000 0000 0000 0000 0000 0000 0000.
0000 0000 0000 0000 0000 0000 0000 0000 0000 0000 0000 0000
0000 0000 0000 0000 0000 0000 0000 0000 0000 0000 0000 0000.
0000 0000 0000 0000 0000 0000 0000 0000 0000 0000 0000 0000
0000 0000 0000 0000 0000 0000 0000 0000 0000 0000 0000 0000.
0000 0000 0000 0000 0000 0000 0000 0000 0000 0000 0000 0000
0000 0000 0000 0000 0000 0000 0000 0000 0000 0000 0000 0000.
0000 0000 0000 0000 0000 0000 0000 0000 0000 0000 0000 0000
0000 0000 0000 0000 0000 0000 0000 0000 0000 0000 0000 0000.
0000 0000 0000 0000 0000 0000 0000 0000 0000 0000 0000 0000
0000 0000 0000 0000 0000 0000 0000 0000 0000 0000 0000 0000.
0000 0000 0000 0000 0000 0000 0000 0000 0000 0000 0000 0000
0000 0000 0000 0000 0000 0000 0000 0000 0000 0000 0000 0000.
0000 0000 0000 0000 0000 0000 0000 0000 0000 0000 0000 0000
0000 0000 0000 0000 0000 0000 0000 0000 0001 0001 0000 0000.
0000 0000 0000 0000 0000 0001 0000 0000 0000 0000 0000 0000
0000 0000 0000 0000 0000 0000 0000 0000 0000 0000 0000 0000.
0000 0000 0000 0000 0000 0000 0000 0000 0000 0000 0000 0000
0000 0000 0000 0000 0000 0000 0000 0000 0000 0000 0000 0000.
0000 0000 0000 0000 0000 0000 0001 0000 0000 0006 0007 0002
0001 0000 0000 0000 0000 0000 0000 0000 0000 0000 0000 0000.
0000 0000 0000 0000 0000 0000 0000 0000 0000 0000 0000 0000
0000 0000 0000 0000 0000 0000 0000 0000 0000 0000 0000 0000.
0000 0000 0000 0000 0000 0000 0000 0000 0000 0000 0000 0000
0000 0000 0000 0000 0000 0000 0000 0000 0000 0000 0000 0000.
0000 0000 0000 0000 0000 0000 0000 0000 0000 0000 0000 0000
0000 0000 0000 0000 0000 0000 0000 0000 0000 0000 0000 0000.
0000 0000 0000 0000 0000 0000 0000 0000 0000 0000 0000 0000
0000 0000 0000 0000 0000 0000 0000 0000 0000 0000 0000 0000.
0000 0000 0000 0000 0000 0000 0000 0000 0000 0000 0000 0000
0000 0000 0000 0000 0000 0000 0000 0006 0000 0000 0000 0000.
0000 0000 0000 0000 0000 0000 0000 0000 0000 0000 0000 0000
0001 0000 0000 0000 0000 0000 0000 0000 0000 0000 0000 0000.
0000 0000 0000 0000 0000 0000 0000 0000 0000 0000 0000 0000
0000 0000 0000 0000 0001 0000 0000 0000 0000 0000 0000 0000.
0000 0000 0000 0000 0000 0000 0000 0000 0001 0016 0000 0000
0000 0000 0000 0000 0002 0007 0000 0001 0000 0000 0000 0011.
0000 0000 0000 0000 0000 0000 0000 0000 0000 0000 0000 0000
0000 0000 0000 0000 0000 0000 0000 0000 0000 0000 0000 0000.
0000 0000 0000 0000 0000 0000 0000 0000 0000 0000 0000 0000
0000 0000 0000 0000 0000 0000 0000 0000 0000 0000 0000 0000.
0000 0000 0000 0000 0000 0000 0000 0000 0000 0000 0000 0000
0000 0000 0000 0000 0000 0000 0000 0000 0000 0000 0000 0000.
0000 0000 0003 0003 0013 0008 0003 0001 0006 0016 0000 0000
0000 0000 0000 0000 0000 0005 0001 0000 0000 0000 0000 0000.
0000 0000 0000 0000 0000 0000 0000 0000 0000 0000 0000 0000
0000 0000 0000 0000 0000 0000 0000 0000 0000 0000 0000 0000.
0000 0000 0000 0000 0000 0000 0000 0000 0000 0000 0000 0000
0000 0000 0000 0000 0000 0000 0000 0000 0000 0000 0000 0000.
0000 0000 0000 0000 0000 0000 0000 0000 0000 0000 0000 0000
0000 0000 0000 0000 0000 0000 0000 0000 0000 0000 0000 0000.
0000 0000 0000 0000 0000 0000 0000 0000 0000 0000 0000 0000
0000 0000 0000 0000 0000 0000 0000 0000 0000 0000 0000 0000.
0000 0000 0000 0000 0000 0000 0000 0000 0000 0000 0000 0000
0000 0000 0000 0000 0000 0000 0000 0000 0000 0000 0000 0000.
0000 0000 0000 0000 0000 0000 0000 0000 0000 0000 0000 0000
0000 0000 0000 0000 0000 0000 0000 0000 0000 0000 0000 0000=
0000 ////////// 00000=
W=
L=
Z=
G=
FN
249027 323013 265042 254025 249025 271025
259025 263048 267026 272045 276032 239030
221032 225028 201046 216051 215045 214015
226090 209061 234041 098041 109031 069028.
047035 215007 249013 245021 084014 046038
116007 246022 036028 206014 127011 287010
189015 213024 323105 296051 281095 287076
282087 295092 314081 349068 021047 360028.
282025 268036 350061 322036 008059 247017
316022 236032 249032 267040 294036 287029
272042 263044 280029 304045 268046 268040
357044 285032 269029 274029 315039 167032.
046012 009014 338013 026022 032012 243016
272025 241027 272031 266032 283030 284031
283035 312025 322024 284032 242032 328037
290045 311046 319014 258025 281018 319031.
241019 263038 270030 291029 275027 297043
231014 109026 033050 243032 358011 119015
212022 203032 255022 281052 301048 286039
290038 329045 329018 293013 299011 161012.
157024 236007 266015 292026 278021 284038
284039 308020 346024 357031 038012 045029
196032 160029 203036 321036 353046 297038
266058 281053 324039 326025 001028 007033.
PPC002 247020 257025 257036 291016 309039
284033 293023 262030 289044 283034 256036
213035 218033 264024 252042 245037 191031
075039 164022 158021 060028 019022 034019.
259022 244026 267035 286029 284027 279023
281037 279039 266052 265040 270026 229027
202020 115015 089034 186045 203032 084031
054037 090052 109044 079069 050069 056051.
028026 220036 223042 249021 248025 269016
249029 280023 257017 248018 283010 301004
123025 099027 086023 081039 099050 059055
064051 091048 073030 064034 044039 057031.
069023 092021 111007 198013 299015 265011
244020 278029 262034 255031 280025 193035
171026 285052 279049 299047 265037 321040
278052 303059 286026 296039 288058 245041.
240026 296013 333011 008029 044011 228007
286022 209012 015014 001019 224024 002012
042039 116031 106045 067054 096047 052057
073067 082081 068055 054061 062045 065037.
060047 052015 036012 235014 272071 292105
318080 281053 317041 264054 249047 250058
279052 281023 277070 304049 264045 296031
282055 296058 294046 285055 311029 263038.
239031 275023 299062 292074 308055 312069
322075 291056 305056 313067 293066 289047
324081 326044 258038 326059 261058 280054
257016 263043 256058 262043 315035 336026.
109005 017004 037018 326003 242016 286009
281019 290033 299033 281034 276024 274021
249012 227019 228026 231053 229050 233037
193035 199040 295052 298034 299025 171023.
271026 267031 268019 282031 260027 261037
285041 271047 245022 263048 258034 270028
203033 349047 314063 299056 297047 314044
354022 339037 344018 260021 319029 275017.
290030 295039 300047 303039 306038 253009
147027 031011 292006 031049 102024 085031
073067 071076 072064 067067 066063 060055
073088 065070 091076 082058 070047 078035.
059041 071031 052043 081025 060016 063024
077021 075023 086011 025014 102007 115007
056021 102021 230024 145026 136024 129020
140029 358025 074027 173025 115015 018012.
275027 048016 018018 360015 019018 PPC000
252016 290022 248010 265015 262023 279021
269027 248025 246055 056031 096032 085041
087025 061028 205016 083021 028016 079013.
025022 357019 315008 067003 045011 039020
097007 279023 264025 242015 251016 248022
201019 182026 181020 267025 077019 347020
277022 271018 211025 236019 277026 279036.
046008 224010 286052 303055 294048 289011
228012 062044 159014 188030 081012 338022
208016 205014 146014 196011 311033 053050
049047 147019 158017 216016 058047 250030.
232012 067008 032022 225008 173006 PPC000
266023 295024 288028 087011 244017 242014
145009 098019 090019 084044 252048 077032
092041 089046 091037 086043 114033 060043.
061035 091023 057018 039021 076008 015014
267014 215018 238010 247005 018019 087010
176017 180017 185028 077042 127035 107044
104049 123041 065044 072043 078030 045024.
041037 053019 057022 081018 032020 024015
236008 279012 021019 040016 292010 077014
088016 090021 083025 090028 081058 087042
090065 056061 053068 069057 052041 026018.
022021 043024 060013 053031 015019 022022
273027 294007 274032 288092 288111 296112
291109 298069 026054 289040 302087 247050
248041 275052 342057 327026 328019 295026.
329066 340057 330048 330050 343074 288033
268030 043024 336031 306026 259013 222022
243025 278050 255030 318030 255052 298057
305063 279066 280045 296030 277024 315022.
280029 276016 281026 267031 272026 263031
271021 261052 256037 280037 258041 243019
217033 227035 211030 213038 202052 270044
301034 320036 255037 277020 244023 251025.
283032 272033 272028 277031 273029 257023
275033 266022 278031 284033 279031 250026
237029 260034 041019 286030 017024 026020
187048 095012 187042 080046 052034 015026.
004011 255025 267031 266026 249029 280035
268026 278039 287044 284035 281023 278009
106017 094029 108028 078048 076058 066056
059063 065079 065060 068070 072071 064049.
077041 071038 096039 091018 063011 035013
042009 066019 098022 041020 058016 115009
087021 093030 074038 076038 077052 083049
119050 084060 050056 065047 062046 061049.
067049 067037 051043 061030 047040 070036
063048 060033 062040 068049 036050 096030
105029 091037 088029 091035 079038 070053
072037 081028 087032 081045 076055 070049=
250027 296012 270040 257028 253025 268026
261025 265044 266027 271043 273033 236028
215032 221034 208045 218051 216045 193024
227079 209064 235048 097041 105030 073030.
045033 205008 299011 245021 072014 046035
142008 259017 055023 209015 140012 270010
206015 209026 315089 290063 279090 288079
280080 296085 314082 351065 025059 353027.
283023 270034 351061 334043 005055 260021
314031 246028 253030 263038 292035 292032
277047 273049 275032 290042 271040 272044
354049 267040 268031 272027 317040 179030.
039012 001014 336013 028023 030012 246015
270027 244030 265030 263034 277027 282033
283032 307027 312026 277040 248042 325034
310037 315040 323021 259024 282017 319031.
247021 262039 271031 297028 276029 298045
232015 118024 048035 236032 013015 120014
206022 200033 184018 272056 306047 272041
301032 328045 343022 300015 279011 200010.
147025 263007 264013 298023 281020 284038
283040 322021 342027 351031 044015 037026
183027 170025 212036 312040 327037 293043
263052 272054 310038 326028 000029 007030.
249006 251021 259024 265034 300019 306040
281034 279019 260029 289043 286033 256035
215033 215033 257026 233034 235041 196037
056029 126022 170025 059030 017021 036021.
255022 246028 267034 287028 285028 281024
282038 278038 267054 265042 270028 232027
196018 116018 097036 169043 176026 121028
072036 079054 108050 079073 053069 058054.
030029 221037 226041 253020 248024 260019
254028 284021 255018 243019 283010 358005
120026 093024 093026 084038 094050 062049
063050 087048 075032 054036 046037 060031.
068022 089020 104010 196013 283011 259013
244021 277032 261035 258031 280025 204030
170026 273041 279046 300049 268042 316040
282061 305059 292033 295038 287061 245037.
237024 314013 333014 010029 033014 229008
281022 235014 019014 005017 261017 011013
043042 109028 107043 076056 081056 061067
072068 074074 066057 056064 061045 060043.
057047 053016 011009 236015 276075 292101
309073 279048 296039 267046 252044 249058
266055 280031 279053 286046 276046 294034
284055 289048 289041 285048 299037 265046.
228030 278026 293061 300064 311056 312066
321077 295055 298055 313068 298059 291048
321065 327042 272034 313048 261058 284048
284024 261034 255056 264040 313036 339026.
089006 024005 035018 335005 236016 281009
272018 293034 296035 280034 278026 278023
259018 228020 231027 231048 229049 230037
202032 203043 289047 299033 295027 209021.
272028 266029 268019 283033 260027 261040
282040 269044 243022 265048 260033 268028
208032 346039 308054 293061 299045 320048
317020 347038 352023 259021 316029 275015.
291030 295036 300048 302041 307038 269015
142024 030012 316010 033045 098021 086031
078071 070073 069071 075067 063074 070066
071081 072070 083069 085054 069050 077037.
059040 073032 054043 085024 060016 061023
075022 081024 087012 028016 119007 137009
088019 082018 243019 163025 134023 152019
118027 348029 074027 162023 069012 346010.
266025 045014 019017 004016 018017 PPC001
253017 286022 262009 268014 261023 278021
268028 246026 237053 051035 088034 084037
084025 057029 192016 094019 068014 073014.
026021 358020 293005 020003 061010 036019
097007 275024 264025 247016 256015 248021
206018 189026 182023 273024 071024 354022
277024 270018 212026 234023 270026 291034.
351011 242013 287054 310052 297042 220014
230014 059045 142017 222028 093013 332021
212015 197012 156012 213012 287029 051053
049049 137023 157020 218017 060043 247030.
226010 095004 030021 250006 175007 040003
264022 292023 284027 093013 247015 235014
140011 100020 103020 088036 257049 082034
092042 087044 090035 090039 128035 060043.
063037 091023 065018 037022 063010 247011
273013 216016 243009 236005 014018 068010
165016 195017 164027 099032 112033 113045
103047 115039 066043 079042 070033 048022.
040037 050021 056022 076020 033019 028016
243008 284013 027019 037017 246010 065014
084018 104019 085030 084027 083053 085040
091060 061058 058067 072060 052044 033019.
020022 045023 063013 053031 028017 029022
272024 300008 278036 288094 288105 292103
288102 294079 353046 306043 305082 248040
286032 274044 310048 296023 314020 318031.
330064 337055 327048 322056 328065 284028
268027 339025 351031 323026 285014 239019
249021 271047 270037 304036 267054 297052
312053 280068 283046 288033 288020 313022.
283029 273017 281027 269027 274026 262029
275020 263047 255036 278037 258040 248022
215032 221035 215032 210037 208049 273043
304035 321034 274037 283023 244026 250026.
287030 273030 273030 276033 274034 258025
274034 271023 278029 284033 277033 248026
242030 253034 114016 285037 012023 031021
187042 096012 172030 085046 054034 019027.
020012 253025 267031 265027 248028 277039
265029 276038 290047 287038 285025 267009
108017 101033 103031 080044 073054 059059
068058 067071 069060 066072 073071 061057.
074039 071041 094034 093020 065011 036014
058009 071018 094021 040021 053019 111011
090023 088029 077038 073037 084050 083048
113045 084053 059058 067049 062048 061048.
065050 065041 054042 058031 048044 073037
062049 062038 062042 067048 046052 091032
093032 087034 086032 093038 084036 071055
073040 082032 088031 076044 076051 073050=
081226 1501 115226 1623
124277 1518 217276 1518
083351 2317 144350 2258
069279 1539 100285 1539
069267 1155 099271 1155
065250 1540 105254 1538
052268 2327 091190 1308
079079 1803 118059 1902
062078 1548 082078 1258
071319 1538 131332 1537
089075 1605 116072 1548
119291 0138 170282 0138
083289 0433 160326 0001
056221 1551 084207 1548
073293 1156 128305 1115
089072 1005 119091 1347
073215 1521 147209 1520
054230 1059 089247 1019
050055 1237 084354 1342
093046 0523 122054 0523
057269 1252 107082 1232
056081 1725 080118 1443
080061 1616 112049 1715
111287 0915 227285 0759
130335 0020 196331 0020
059218 1251 099305 1435
060089 1746 090085 1425
084074 1607 114073 1603
067081 1538 088071 1624
068077 1416 094073 1414=
D=
K=
A=
S=
B=
??????
******
YF
O2181
河南省
豫洛宁上戈
洛宁县上戈乡里石头村人影基地
山地；乡村；地面
空缺
计算机
计算机
计算机
计算机
计算机
20120511=
JY
8888=
GK
01/
05/=
BZ
00/342106/1111307
10/24/逐时观测
10/24/24时连续观测
11/不守班=
######
