O2195 3348N 11207E 006636 006636 105 000 S15 91999999919999199999 0 2010 08
P=
TB
0234 0231 0227 0221 0219 0216 0217 0215 0211 0211 0219 0228
0256 0286 0315 0311 0305 0330 0294 0299 0284 0274 0261 0248 0333 1137 0209 0529.
0241 0239 0236 0229 0228 0226 0224 0215 0212 0211 0212 0215
0212 0224 0239 0243 0275 0297 0310 0301 0278 0256 0242 0231 0317 1526 0210 0602.
0227 0225 0224 0226 0226 0226 0226 0225 0223 0223 0225 0233
0262 0294 0328 0335 0332 0346 0350 0338 0319 0308 0296 0278 0356 1533 0222 0504.
0260 0254 0243 0237 0234 0230 0224 0220 0219 0215 0230 0257
0289 0319 0339 0347 0348 0365 0364 0367 0332 0319 0301 0283 0375 1520 0215 0531.
0278 0273 0272 0265 0263 0257 0252 0249 0244 0240 0243 0263
0281 0274 0311 0297 0305 0314 0300 0299 0286 0273 0254 0229 0325 1337 0229 1959.
0214 0208 0207 0209 0209 0203 0195 0191 0187 0191 0200 0214
0243 0272 0276 0275 0283 0280 0293 0289 0264 0257 0244 0233 0297 1419 0186 0437.
0223 0222 0215 0210 0209 0205 0208 0212 0212 0209 0212 0215
0219 0226 0237 0261 0281 0288 0282 0273 0266 0252 0244 0236 0305 1415 0204 0153.
0229 0220 0213 0205 0202 0203 0199 0203 0204 0203 0207 0219
0239 0275 0315 0333 0329 0345 0340 0317 0302 0281 0270 0250 0357 1412 0199 0240.
0237 0235 0229 0226 0222 0219 0216 0217 0215 0213 0219 0227
0262 0299 0319 0338 0344 0305 0317 0298 0283 0262 0255 0248 0352 1306 0212 0609.
0243 0238 0230 0224 0219 0220 0218 0213 0214 0218 0228 0240
0267 0294 0306 0339 0345 0317 0279 0262 0270 0259 0255 0247 0352 1229 0213 0343.
0243 0240 0237 0237 0237 0228 0224 0221 0221 0223 0227 0241
0263 0287 0310 0337 0336 0348 0329 0322 0311 0296 0280 0264 0356 1407 0221 0358.
0255 0246 0245 0241 0239 0234 0234 0235 0236 0237 0242 0251
0267 0280 0297 0308 0317 0333 0338 0298 0286 0281 0272 0262 0341 1334 0233 0207.
0254 0249 0243 0240 0239 0242 0242 0242 0243 0243 0247 0262
0280 0290 0330 0343 0352 0349 0328 0311 0296 0241 0232 0233 0371 1346 0231 1837.
0231 0231 0233 0231 0232 0232 0232 0231 0231 0232 0233 0219
0202 0197 0217 0224 0246 0264 0253 0258 0249 0246 0228 0216 0270 1430 0195 0926.
0207 0207 0203 0199 0196 0194 0192 0187 0186 0184 0184 0189
0204 0207 0216 0223 0231 0232 0229 0240 0243 0228 0194 0168 0253 1634 0168 2000.
0156 0145 0136 0129 0121 0117 0112 0109 0105 0103 0120 0145
0190 0238 0271 0306 0302 0321 0317 0302 0275 0258 0231 0205 0326 1407 0102 0553.
0190 0178 0169 0161 0156 0149 0147 0141 0139 0135 0145 0169
0204 0237 0262 0289 0310 0318 0312 0300 0280 0256 0238 0230 0318 1248 0134 0553.
0225 0220 0215 0210 0205 0198 0192 0188 0183 0183 0197 0215
0248 0287 0293 0320 0319 0324 0317 0313 0296 0281 0268 0259 0326 1320 0181 0527.
0230 0231 0230 0225 0225 0226 0225 0223 0220 0220 0223 0230
0243 0277 0292 0311 0324 0323 0325 0296 0285 0269 0216 0226 0336 1318 0216 1900.
0222 0222 0219 0222 0222 0221 0221 0219 0213 0211 0213 0215
0218 0222 0229 0239 0245 0258 0260 0253 0245 0242 0232 0227 0270 1514 0211 0524.
0225 0224 0221 0219 0216 0214 0213 0210 0211 0215 0217 0225
0232 0268 0260 0260 0268 0276 0275 0286 0261 0234 0208 0206 0297 1552 0206 1953.
0208 0207 0204 0202 0201 0197 0198 0197 0198 0196 0195 0190
0194 0195 0194 0203 0195 0199 0204 0204 0207 0202 0200 0196 0209 2033 0188 0743.
0194 0194 0195 0194 0194 0194 0194 0192 0191 0190 0189 0193
0191 0183 0186 0184 0188 0180 0171 0171 0166 0164 0155 0156 0196 2001 0154 1921.
0157 0154 0146 0146 0144 0145 0146 0147 0147 0146 0147 0146
0151 0157 0154 0157 0163 0162 0160 0159 0157 0157 0157 0156 0164 1314 0143 0101.
0155 0157 //// //// //// //// //// //// //// //// //// ////
//// //// //// 0169 0170 0171 //// //// //// //// //// //// 0175 1133 0154 2236.
//// //// //// //// //// //// //// //// //// //// //// ////
0167 0200 0234 0221 0235 0238 0242 0235 0225 0213 0190 0179 0251 1339 0165 0855.
0174 0169 0163 0165 0162 0153 0153 0156 0149 0153 0156 0159
0176 0215 0229 0221 0216 0224 0211 0211 0196 0196 0177 0160 0239 1133 0147 0450.
0149 0141 0135 0129 0126 0122 0121 0117 0116 0117 0120 0134
0164 0219 0255 0268 0269 0280 0277 0274 0255 0229 0200 0179 0287 1442 0113 0524.
0168 0157 0152 0146 0140 0136 0132 0129 0129 0127 0134 0149
0187 0225 0259 0289 0291 0297 0296 0287 0258 0241 0219 0198 0305 1349 0126 0429.
0182 0174 0169 0163 0157 0152 0148 0141 0143 0140 0143 0166
0174 0227 0233 0284 0285 0289 0277 0284 0256 0237 0222 0202 0302 1333 0138 0625.
0188 0173 0164 0161 //// //// //// 0147 0144 0144 0154 0168
0187 0211 0235 0256 0268 0268 0242 0228 0225 0222 0210 0197 0284 1247 0142 0538=
I=
E=
U=
N=
H=
C=
V=
R6
0000 0000 0000
0095 0067 0162
0000 0000 0000
0000 0000 0000
0000 0000 0000
0000 0000 0000
0000 0000 0000
0000 0000 0000
0000 0000 0000
0000 0000 0000
0004 0000 0004
0000 0000 0000
0000 0038 0038
0011 0041 0052
0000 0000 0000
0000 0000 0000
0000 0000 0000
0000 0000 0000
0013 0124 0137
0276 0027 0303
0027 0313 0340
0110 0069 0179
0016 0079 0095
0343 0237 0580
0017 0038 0055
//// 0001 0001
0021 0001 0022
0000 0001 0001
0000 0000 0000
0001 0000 0001
//// 0001 0001=
0000 0000 0000 0000 0000 0000 0000 0000 0000 0000 0000 0000
0000 0000 0000 0000 0000 0000 0000 0000 0000 0000 0000 0000.
0000 0000 0000 0000 0000 0001 0000 0082 0000 0000 0000 0012
0050 0017 0000 0000 0000 0000 0000 0000 0000 0000 0000 0000.
0000 0000 0000 0000 0000 0000 0000 0000 0000 0000 0000 0000
0000 0000 0000 0000 0000 0000 0000 0000 0000 0000 0000 0000.
0000 0000 0000 0000 0000 0000 0000 0000 0000 0000 0000 0000
0000 0000 0000 0000 0000 0000 0000 0000 0000 0000 0000 0000.
0000 0000 0000 0000 0000 0000 0000 0000 0000 0000 0000 0000
0000 0000 0000 0000 0000 0000 0000 0000 0000 0000 0000 0000.
0000 0000 0000 0000 0000 0000 0000 0000 0000 0000 0000 0000
0000 0000 0000 0000 0000 0000 0000 0000 0000 0000 0000 0000.
0000 0000 0000 0000 0000 0000 0000 0000 0000 0000 0000 0000
0000 0000 0000 0000 0000 0000 0000 0000 0000 0000 0000 0000.
0000 0000 0000 0000 0000 0000 0000 0000 0000 0000 0000 0000
0000 0000 0000 0000 0000 0000 0000 0000 0000 0000 0000 0000.
0000 0000 0000 0000 0000 0000 0000 0000 0000 0000 0000 0000
0000 0000 0000 0000 0000 0000 0000 0000 0000 0000 0000 0000.
0000 0000 0000 0000 0000 0000 0000 0000 0000 0000 0000 0000
0000 0000 0000 0000 0000 0000 0000 0000 0000 0000 0000 0000.
0000 0000 0002 0001 0000 0000 0000 0000 0000 0000 0000 0001
0000 0000 0000 0000 0000 0000 0000 0000 0000 0000 0000 0000.
0000 0000 0000 0000 0000 0000 0000 0000 0000 0000 0000 0000
0000 0000 0000 0000 0000 0000 0000 0000 0000 0000 0000 0000.
0000 0000 0000 0000 0000 0000 0000 0000 0000 0000 0000 0000
0000 0000 0000 0000 0000 0000 0000 0000 0000 0033 0005 0000.
0000 0000 0000 0000 0000 0000 0000 0002 0004 0000 0000 0005
0027 0012 0001 0001 0000 0000 0000 0000 0000 0000 0000 0000.
0000 0000 0000 0000 0000 0000 0000 0000 0000 0000 0000 0000
0000 0000 0000 0000 0000 0000 0000 0000 0000 0000 0000 0000.
0000 0000 0000 0000 0000 0000 0000 0000 0000 0000 0000 0000
0000 0000 0000 0000 0000 0000 0000 0000 0000 0000 0000 0000.
0000 0000 0000 0000 0000 0000 0000 0000 0000 0000 0000 0000
0000 0000 0000 0000 0000 0000 0000 0000 0000 0000 0000 0000.
0000 0000 0000 0000 0000 0000 0000 0000 0000 0000 0000 0000
0000 0000 0000 0000 0000 0000 0000 0000 0000 0000 0000 0000.
0005 0000 0002 0003 0000 0000 0003 0000 0000 0000 0000 0000
0000 0000 0000 0000 0000 0000 0000 0000 0000 0000 0111 0013.
0006 0193 0016 0000 0000 0009 0010 0026 0005 0005 0003 0003
0003 0018 0001 0002 0001 0000 0001 0000 0001 0000 0000 0000.
0001 0000 0000 0020 0004 0001 0000 0000 0000 0001 0000 0000
0000 0000 0001 0000 0000 0000 0000 0000 0000 0000 0247 0065.
0060 0008 0001 0001 0000 0000 0000 0001 0001 0001 0010 0027
0005 0002 0042 0015 0002 0001 0001 0000 0001 0000 0000 0000.
0000 0000 0000 0000 0000 0001 0000 0000 0001 0000 0008 0006
0000 0007 0008 0001 0001 0019 0024 0009 0003 0003 0003 0001.
0003 0005 0031 0024 0035 0013 0030 0029 0034 0042 0042 0055
0042 0021 0023 0034 0021 0011 0008 0025 0018 0015 0012 0007.
0003 0001 0013 //// //// //// //// //// //// //// //// ////
//// //// //// 0005 0011 0013 0009 //// //// //// //// ////.
//// //// //// //// //// //// //// //// //// //// //// ////
0000 0000 0001 0000 0000 0000 0000 0000 0000 0000 0000 0000.
0000 0000 0019 0001 0000 0000 0000 0001 0000 0000 0000 0000
0000 0000 0000 0000 0000 0000 0000 0000 0001 0000 0000 0000.
0000 0000 0000 0000 0000 0000 0000 0000 0000 0000 0000 0000
0000 0000 0000 0000 0000 0000 0000 0001 0000 0000 0000 0000.
0000 0000 0000 0000 0000 0000 0000 0000 0000 0000 0000 0000
0000 0000 0000 0000 0000 0000 0000 0000 0000 0000 0000 0000.
0000 0000 0000 0000 0000 0000 0000 0000 0000 0000 0001 0000
0000 0000 0000 0000 0000 0000 0000 0000 0000 0000 0000 0000.
0000 0000 0000 0000 0000 //// //// 0000 0000 0000 0000 0000
0000 0000 0000 0000 0000 0000 0000 0000 0000 0000 0001 0000=
0000 ////////// 00000=
W=
L=
Z=
G=
FN
161006 079009 243006 PPC000 147010 187012
122005 PPC002 205007 205013 081011 PPC002
198005 310007 309016 056025 056042 093011
069038 063028 074027 068021 077014 066017.
254007 199009 061033 063030 078011 062016
077013 PPC000 056029 070028 116008 070016
061014 074012 069020 057019 056011 049009
047009 052016 034014 070025 045009 070016.
065014 077015 PPC002 065004 064009 071010
165006 202007 157006 099006 190007 051007
071011 057008 235009 209024 230027 211024
178025 150027 139038 146023 186017 190007.
085005 262007 PPC001 PPC001 PPC000 PPC001
PPC000 PPC000 127004 231008 001004 058009
199009 329009 183017 167009 218006 059008
292008 172011 094008 079012 084013 122003.
129005 204022 177007 220009 171008 218009
111004 244007 177008 187005 184014 034003
206027 213026 190008 347026 301027 041023
012032 016039 032040 041014 112003 120005.
110006 220007 077012 PPC001 179011 161006
053004 077009 164005 PPC000 161011 177008
282007 359012 008021 043020 035028 356029
339036 046017 049014 058035 064038 073022.
128008 055015 184013 157003 203009 PPC001
175008 070016 103006 203007 071003 049012
003008 116006 236008 118008 014008 071014
065024 065020 073016 063028 095010 069016.
074013 144008 PPC002 126006 146007 079006
PPC001 009005 PPC002 243006 197008 068006
048010 053011 042012 325009 181015 213017
057032 060030 069028 070025 093011 156015.
320005 195013 PPC002 134005 101005 209009
PPC000 200006 PPC000 078007 068006 196003
089009 036009 034004 253011 060018 067024
066039 073019 050011 122006 163006 199012.
085012 146007 156010 145007 095004 206009
PPC000 052008 168009 107006 122004 PPC001
048008 191010 273005 074013 136011 036011
283031 338007 067025 078027 087016 057014.
PPC001 173012 121003 019007 081007 068029
080009 059005 PPC001 268006 061012 068012
251016 053011 355008 089026 254013 154018
157018 178014 105008 087010 110004 081012.
173006 234003 053003 182004 110005 247007
140004 202011 227010 223006 PPC000 211005
287006 213006 193005 228004 294015 195013
287009 356018 069016 061011 084007 PPC002.
107004 127006 109008 158003 203010 197009
162009 188009 PPC000 061009 195008 223009
301008 242010 030006 287011 074021 069031
061030 068014 262015 330014 272009 057009.
116005 163007 044009 PPC000 198011 PPC000
141006 230007 PPC002 PPC002 235010 219034
164027 069007 080005 065009 309003 250010
212016 198016 197018 293006 122004 113004.
073008 119007 148008 092003 173004 PPC000
176009 283003 062005 089009 157008 095009
227007 270021 084009 040012 263008 256012
////// 036006 078010 140004 120007 163007.
073003 120004 181006 182005 114007 105005
154005 226009 049003 PPC000 068008 288009
023008 073010 352004 342012 296020 054046
057021 045036 069035 078029 099011 140003.
PPC001 PPC000 083007 167006 105007 262007
070005 PPC000 124006 027006 313007 159006
189010 270007 014009 358005 068015 088018
121012 070022 066011 067035 110010 057011.
258010 078013 257004 216010 015005 235007
PPC000 064004 198009 106004 PPC000 289007
168009 173020 008008 082023 150031 119032
141032 170033 173012 125016 115006 055018.
081016 071003 010015 083012 150012 029006
061003 189009 PPC000 176007 249007 068008
037010 059009 105005 044010 145011 059017
086012 039010 011014 324012 012009 057007.
173016 PPC000 086004 154006 055010 155008
PPC000 PPC000 PPC000 061008 083004 158004
256009 113003 264005 276009 137003 231010
075015 065035 077016 063019 058021 023011.
154009 093012 071009 302023 076007 059021
079012 227008 068020 ////// 126008 071015
060012 101022 083018 254014 056011 074015
101011 070014 065028 007043 136007 307014.
////// 195007 258007 224007 083005 212012
160006 075007 234005 224010 206007 078013
049005 PPC000 075007 062012 293008 235004
250005 271003 253006 137004 192012 106003.
PPC000 127006 069008 PPC000 PPC000 PPC001
052007 084005 057009 PPC001 067005 046004
085013 278013 006010 066007 147005 331021
227012 123004 209010 264012 090006 PPC001.
PPC002 199020 210009 282008 209006 211004
019005 PPC000 PPC002 PPC000 070003 145006
PPC000 056009 222010 046006 041004 313009
323006 PPC000 219009 217008 182006 PPC001.
PPC000 PPC002 ////// ////// ////// //////
////// ////// ////// ////// ////// //////
////// ////// ////// 184007 348005 352011
////// ////// ////// ////// ////// //////.
////// ////// ////// ////// ////// //////
////// ////// ////// ////// ////// //////
PPC002 076004 084010 282016 318011 039024
010033 026022 030024 046008 102006 209008.
199009 205009 074009 242007 019004 099005
139007 279003 095004 PPC000 PPC002 251006
309003 072009 001010 002011 040016 078013
266016 339014 186007 077006 PPC001 PPC002.
127007 PPC000 PPC000 125004 217009 071011
PPC000 PPC000 PPC001 079005 PPC001 083004
324010 289006 103009 150008 106010 321014
026025 323017 012014 114006 079010 209003.
255004 PPC000 233007 PPC000 PPC000 065008
PPC001 095004 081008 061005 215007 002004
264007 249006 009006 058007 212008 055039
060038 117007 141013 210009 119007 PPC001.
105009 211004 111006 193005 110006 167005
088005 PPC000 178006 213007 PPC001 063008
265005 307012 077006 229003 308012 200017
152013 057016 125012 107011 160008 077008.
PPC000 173008 087007 189015 ////// //////
////// 050005 PPC002 161007 093006 237006
202005 001006 276009 179006 PPC001 205012
067021 067020 331012 067013 PPC002 101007=
139004 104009 217005 147003 148007 181009
093007 164008 256006 213008 064009 184005
194004 337009 323012 067023 060039 097012
067041 054018 061035 064020 075011 070016.
195006 PPC002 063030 059027 075012 060016
076018 063006 060024 070021 110010 072015
068018 067008 069021 058022 046011 077007
063010 057021 042021 064018 062009 074015.
081012 079011 079006 060008 078007 070005
161007 196006 166006 091008 172006 046006
048009 013009 264006 213016 221022 212022
187020 143020 146029 152026 175016 186012.
139008 240006 180004 114004 PPC001 305003
PPC002 PPC000 133005 234008 207004 058008
204007 312007 198016 151010 188009 082007
299011 197010 076011 078010 081014 111006.
123005 202021 196006 207008 166011 223009
107006 245007 181008 208005 186013 045004
211013 205023 207008 338030 299029 035015
025027 017032 025039 042019 121005 114005.
103005 215007 083006 PPC001 174009 154007
043005 101007 130008 122003 183008 184008
234007 011012 015017 035024 021023 355029
326027 040017 054017 057032 057032 067020.
116007 062013 192013 148004 199005 067004
177008 075012 140006 202006 058004 057011
044009 128005 194008 012010 009010 024010
067019 066027 072016 066025 094010 070016.
077012 161007 134004 119005 118006 077003
212004 PPC002 112003 229004 193007 043003
018007 052010 047008 019008 186015 237011
057026 057037 064028 068022 095013 161016.
002004 196010 146003 095007 157006 217009
PPC002 158004 PPC000 PPC002 068004 195005
089006 350007 200008 250009 044013 065020
060033 067022 109011 174011 159005 207010.
076015 162007 159006 143004 117005 190010
PPC000 054009 176010 082015 098004 PPC002
030008 236009 231007 071010 104011 053016
295027 305012 063022 070021 089014 058014.
105006 177010 PPC002 032005 067008 068023
083010 069007 072005 PPC002 079005 077009
228011 063015 352009 081019 233009 147018
138020 166019 129012 094010 105007 085008.
170004 176005 086006 122005 102007 206005
146005 194010 206006 186004 PPC002 215005
283006 220006 255007 198005 284012 214009
318006 015021 064020 071014 085013 086003.
118003 166007 101006 172004 188005 192008
156006 197008 195003 060008 213008 239008
298011 250009 090008 134007 062019 064024
069022 085012 291009 016013 266008 056011.
109006 162004 058009 355003 187007 161006
133003 221010 077006 350006 226007 212033
156024 065006 039005 067012 004005 289009
223015 201018 199016 PPC002 118004 115005.
076007 133010 138003 126005 164007 116003
175004 196004 091004 064008 179010 116009
218005 287013 135012 057009 271010 278009
////// 051010 076007 140004 112008 144007.
085005 126005 163006 154005 PPC002 109005
175006 220005 073005 PPC002 074007 246006
045008 057007 321005 005004 294013 061035
066032 057035 065033 076021 089013 169005.
067003 PPC001 071009 PPC002 099006 232005
074004 PPC001 161008 042005 338006 109007
208009 255008 353005 000007 078015 094024
112014 069021 063017 074024 086013 074011.
300010 082009 216007 210010 015007 236007
108004 063005 192006 121006 120003 247008
170006 137014 014010 106018 123022 105029
130025 135022 147017 119019 101007 065018.
070016 051006 014012 089008 037008 013004
076004 060008 039003 206007 PPC002 070007
306004 062010 108006 015007 069009 049015
095013 018006 017012 340016 092010 057007.
186013 063003 104004 156005 056008 199007
095005 124003 017003 061007 PPC002 PPC002
241010 112003 275006 265006 273007 243010
093011 065033 068024 064017 060025 041011.
130003 084015 072009 299020 094005 060025
083009 238007 068013 ////// 147012 077011
082010 094029 089019 215006 064010 093015
099008 100010 065025 007040 175013 283010.
////// 202004 243007 221006 PPC001 207010
161003 077006 232006 201009 243006 073011
052009 PPC000 081004 060011 323004 210005
234003 255003 PPC002 146006 194009 108003.
PPC001 142004 072007 PPC000 PPC000 PPC001
057007 077005 048008 009006 060004 044005
071009 278012 351008 061004 153004 353018
248010 118005 190010 307012 074009 122003.
PPC002 206015 202009 277007 206005 197006
PPC001 PPC001 PPC000 PPC000 PPC001 201003
PPC000 068004 220006 046003 053005 304010
340005 PPC000 218008 225007 PPC002 336004.
PPC000 PPC000 ////// ////// ////// //////
////// ////// ////// ////// ////// //////
////// ////// ////// 201004 008003 345006
////// ////// ////// ////// ////// //////.
////// ////// ////// ////// ////// //////
////// ////// ////// ////// ////// //////
PPC001 048008 079009 300013 307009 032030
018035 027020 032023 030013 118005 PPC002.
186010 214010 141008 255006 PPC002 136005
122005 247005 PPC002 PPC000 PPC002 242007
PPC002 047008 358010 356007 040016 059011
274018 320011 173007 077005 PPC002 150005.
136006 PPC001 PPC000 PPC002 218008 063008
PPC000 PPC000 147003 079004 PPC002 072003
317010 279003 080007 125008 105011 007013
031018 018014 354016 116007 078008 190006.
205007 PPC000 PPC002 PPC000 PPC000 077006
PPC001 PPC002 072006 057005 227005 PPC001
287008 259005 001007 035007 257007 056025
063021 094009 138018 244010 131007 218006.
086009 192003 114004 PPC001 110004 166006
PPC002 PPC001 199004 211005 PPC000 055007
291005 337008 035007 225004 295010 222008
152013 067020 137012 091011 144004 085006.
PPC000 182007 138003 196014 ////// //////
////// 000004 050004 174010 065005 238006
190004 341006 284003 215004 194008 253008
063029 072018 342010 075008 048005 095008=
045067 1457 060070 1253
040065 2306 057084 2345
031146 1702 054129 1611
019071 1819 034068 1727
040017 1550 057301 1152
041063 1738 059068 1720
044066 1538 059115 1533
042062 1553 057084 1634
048065 1517 069065 1514
032323 1448 067287 1443
028138 1452 053146 1451
023058 1521 043357 1553
051301 1726 084273 1720
043211 0817 060231 0748
017300 1039 025277 0959
041058 1648 066000 1600
033061 1611 062056 1610
038099 1239 071149 1424
037238 1834 062228 1825
037067 1627 050065 1621
044003 1753 071003 1800
013067 0818 021065 0809
024004 1420 038357 1408
018201 2227 028214 2223
011296 1408 018295 1401
038021 1437 059010 1433
027017 1223 040017 1233
020352 1505 039000 1422
039056 1508 063065 1502
020076 1555 030149 1424
032060 1458 045059 1514=
D=
K=
A=
S=
B=
??????
******
YF
O2195
河南省
豫嵩县车村
嵩县车村镇卫生院后山
山地；城镇；地面
空缺
计算机
计算机
计算机
计算机
计算机
20100926=
JY
8888=
GK
01/
05/=
BZ
BB/15/15时温度用正点前2分钟值代替。
BB/21/06时温度用正点前1分钟值代替。
BB/22/21时温度用正点前3分钟值代替。
00/334738/1120701
10/24/逐时观测
10/24/24时连续观测
11/不守班=
######
