O2196 3409N 11155E 004650 004650 105 000 S15 91999999919999199999 0 2010 01
P=
TB
-023 -033 //// //// -060 //// //// //// -068 //// //// -061
//// //// //// 0137 0154 0171 //// //// 0132 0084 0036 0007 0174 1401 -069 0507.
//// //// //// -023 //// //// -029 //// //// //// //// ////
//// //// 0100 0149 0142 0146 0147 0143 0129 0079 0049 0024 0155 1431 -040 0413.
-001 -017 -023 -037 -041 -052 -059 -059 -061 -060 -050 -045
-043 -040 -033 -017 0003 0023 0043 0030 0010 -008 -017 -025 0046 1525 -065 0509.
-029 -031 -031 -036 -031 -040 -042 -042 -050 -052 -054 -055
-035 0003 0051 0060 0065 0071 0070 0061 0037 0016 -001 -020 0077 1417 -060 0740.
-029 -035 -038 -045 -052 -058 -065 -072 -079 -075 -067 -066
-062 -059 -051 -036 -029 -025 -028 -028 -035 -042 -051 -058 -020 2001 -079 0500.
-069 -080 -086 -089 -095 -096 -102 -104 -106 -107 -107 -110
-085 -063 -045 -034 -021 -014 -013 -017 -021 -033 -045 -061 -010 1513 -112 0750.
-070 -078 -083 -091 -094 -099 -102 -105 -103 -098 -090 -084
-071 -061 -053 -046 -044 -038 -036 -035 -033 -041 -049 -068 -032 1629 -106 0420.
-079 -083 -091 -094 -098 -101 -106 -105 -108 -112 -114 -114
-097 -073 //// //// -022 -013 -009 -014 -019 -033 -053 -062 -009 1459 -117 0718.
-073 -078 -082 -085 -089 -093 -099 -099 -099 -100 -099 -094
-081 -059 -032 -015 -017 -017 -018 -018 -019 -025 -027 -030 -011 1212 -107 0432.
-032 -034 -033 -033 -033 -033 -036 -038 -040 -042 -041 -041
-038 -033 -024 -009 0000 0018 0024 0021 0008 -014 -027 -028 0028 1519 -042 0546.
-036 -042 -049 -049 -054 -055 -060 -062 -057 -051 -052 -052
-038 -013 0024 0059 0057 0057 0059 0051 0038 0031 0020 0011 0065 1244 -063 0404.
-003 -016 -032 -032 -033 -033 0026 0018 0021 0015 0012 -024
0020 0055 0066 0073 0080 0082 0084 0066 0045 //// //// //// 0085 1423 -045 0114.
//// //// //// //// //// //// //// //// //// //// //// ////
//// //// 0001 0023 0042 0042 0048 0047 0037 -010 -036 -050 0051 1521 -050 1953.
-065 -072 -079 -079 -084 -086 -085 -095 -094 -101 -103 -101
-066 -006 0042 0089 //// //// 0120 0124 0103 0056 0023 0014 0129 1537 -105 0705.
0004 0000 -008 -012 -022 -028 -041 -045 -056 -063 -070 -070
-043 -021 0013 0033 0040 0044 0044 0038 0020 -015 -027 -043 0051 1444 -074 0717.
-057 -062 -067 -076 -080 -083 -090 -088 -095 -098 -102 -100
-073 -033 0000 0035 0048 0057 0058 0062 0051 0011 -017 -023 0064 1447 -102 0629.
-034 -039 -048 -053 -056 -063 -066 -067 -069 -077 -078 -078
-047 -008 0034 0077 0096 0104 0105 0101 0090 0037 0019 -003 0107 1412 -080 0653.
-012 -020 -028 -028 -039 -045 -047 -049 -053 -054 -059 -056
-031 -003 0050 0080 0089 0082 0079 0065 0056 0040 0022 0033 0090 1301 -064 0737.
0032 0031 0032 0030 0033 0033 0030 0030 0033 0030 0028 0028
0032 0037 0043 0055 0070 0071 0065 0062 0055 0050 0044 0043 0073 1334 0026 0720.
0042 0039 0039 0037 0038 0035 0026 0026 0017 0054 0041 0046
0079 0086 0086 0085 0083 0080 0073 0064 0051 0048 0046 0039 0087 0940 0016 0455.
0036 0031 0029 0026 0019 0008 0002 -001 -006 -005 -008 -008
-006 -001 0006 0015 0023 0028 0028 0022 0016 0007 0004 0001 0036 2100 -008 0700.
0000 -002 -004 -006 -008 -009 -007 -005 0011 0011 0004 -011
0002 0014 0023 0034 0045 0043 0054 0048 0040 0020 -004 -013 0057 1355 -018 1956.
-025 -036 -053 //// //// -074 -081 -082 //// //// //// ////
//// -036 -008 0023 0030 0039 0040 0036 0031 0026 0016 0014 0043 1350 -085 0318.
0001 -023 -036 -042 -048 -061 -060 -065 -066 -063 -068 -062
-040 -006 0031 0065 0094 0110 0120 0114 0101 0081 0075 0066 0127 1346 -069 0701.
0036 0021 0005 -011 -004 -016 -023 -033 -041 -046 -051 0000
0034 0051 0058 0060 0073 0087 0085 0078 0067 0043 0019 -013 0096 1441 -053 0651.
-021 -031 -046 -054 -057 -065 -069 -069 -062 -059 -059 -055
-039 -013 0022 0051 0055 0059 0066 0067 0066 0050 0007 0000 0071 1446 -070 0312.
0001 0008 0006 0004 0003 0002 -019 -023 -023 -017 -016 -011
0012 0054 0100 0108 0126 0139 0131 0132 0119 0088 0047 0021 0143 1449 -026 0330.
0006 0001 -005 -020 -025 -022 -016 -010 0000 0004 -001 -006
0019 0054 0078 0090 0117 0129 0122 0122 0120 0077 0046 0034 0134 1410 -026 0230.
0012 0002 -011 -010 -011 -014 -008 -016 -017 -020 -031 -037
-013 0012 0037 0054 0067 0090 0091 0089 0081 0059 0044 0045 0096 1405 -038 0750.
0045 0042 0039 0038 0026 0015 0001 -004 -010 -019 -026 -030
-009 0035 0078 0112 0118 0127 0127 0124 0114 0087 0042 0032 0134 1239 -036 0746.
0020 0008 -001 -002 -008 -016 -011 -013 -022 -028 -040 -038
-019 0023 0056 0081 0079 0082 0082 0079 0076 0067 0066 0045 0085 1219 -045 0727=
I=
E=
U=
N=
H=
C=
V=
R6
=
=
0000 ////////// 00000=
W=
L=
Z=
G=
FN
////// ////// ////// ////// ////// //////
////// ////// ////// ////// ////// //////
////// ////// ////// ////// ////// //////
////// ////// ////// ////// ////// //////.
////// ////// ////// ////// ////// //////
////// ////// ////// ////// ////// //////
////// ////// 208012 200012 111036 //////
////// 097037 ////// 053012 085016 288006.
052009 356007 030009 299006 352004 PPC000
033007 038016 291007 003006 034006 304009
281014 307013 325006 131011 201019 217009
234012 109033 150009 181006 068005 011005.
077009 ////// 210018 069007 327007 327007
PPC000 349008 145006 ////// PPC000 PPC000
086008 ////// ////// 275020 326022 309029
303026 308033 141019 359016 057030 047027.
077023 052013 006011 072008 036015 022006
069007 034006 PPC000 PPC000 064006 087012
042010 ////// ////// ////// ////// //////
////// ////// ////// 046014 354008 //////.
PPC000 ////// ////// 073005 ////// PPC000
////// ////// ////// ////// ////// //////
////// ////// ////// 075011 ////// //////
////// ////// ////// ////// PPC000 //////.
////// ////// 031006 ////// PPC000 //////
////// 318004 ////// ////// ////// //////
////// 142008 157012 023006 080013 095013
174012 117011 031010 078023 064008 088010.
356011 022004 041005 062007 303005 041007
290007 062004 037004 071006 008005 064007
PPC000 201010 ////// ////// 036021 095024
085018 ////// 092013 093009 033007 314006.
PPC000 PPC000 012006 PPC000 PPC000 052005
PPC000 060010 119007 061007 040007 273007
256005 198012 223010 198010 149017 114018
098023 083015 089016 080016 136012 082010.
150017 134012 PPC000 PPC000 198008 110014
052007 088018 169008 104009 135007 091011
195006 330006 004006 264006 031009 231007
////// 097012 103005 048014 054008 050010.
048007 PPC000 PPC000 PPC000 205007 311011
PPC000 073004 331013 358008 315017 314004
251005 266008 166015 201012 283033 288047
308048 294040 267026 316019 061007 091008.
304009 002005 279007 043010 ////// 079018
315040 324024 309010 315018 160012 173011
000012 256039 313034 287031 302049 284055
////// 347044 000022 ////// ////// //////.
////// ////// ////// ////// ////// //////
////// ////// ////// ////// ////// //////
////// ////// ////// 046011 137021 085031
073027 090017 091020 PPC000 277005 068004.
PPC000 052013 011006 042012 108006 PPC000
336006 011005 135005 061008 PPC000 PPC000
076009 ////// ////// ////// ////// //////
138022 150026 088019 PPC000 324004 306006.
202005 341011 114005 PPC000 138004 232007
PPC000 352009 013008 056006 PPC000 PPC000
140005 356006 190014 105014 116019 104032
092028 073030 ////// PPC000 320004 049004.
031006 PPC000 041007 PPC000 096012 067007
032007 033005 046005 PPC000 222006 077009
PPC000 173008 203009 199014 110028 063023
107021 039023 072012 322006 PPC000 317010.
PPC000 PPC000 012004 345009 PPC000 PPC000
017006 042007 053011 PPC000 PPC000 004006
PPC000 207007 154006 171017 087017 107032
////// 085022 356009 332006 070008 PPC000.
013010 030010 PPC000 055010 036008 PPC000
PPC000 205007 044013 020007 102010 074006
PPC000 174006 178007 084036 037021 045023
029019 021030 070022 054008 013006 PPC000.
PPC000 PPC000 PPC000 PPC000 PPC000 166010
PPC000 215006 PPC000 PPC000 267005 PPC000
PPC000 137012 023015 200014 014013 119027
106025 139011 093013 104007 190010 154008.
PPC000 335005 PPC000 301009 057011 109007
PPC000 027013 202013 042016 098007 159022
282019 261014 290038 293025 304017 302038
291048 296042 279034 287021 267020 149010.
041009 PPC000 029004 120011 091015 104018
130013 107005 112019 082018 056005 132014
PPC000 022010 043012 064017 036013 006014
070026 081049 061024 040018 064013 074016.
129008 115014 121007 PPC000 297012 264009
312005 345014 290052 314024 343022 320013
315022 301042 309024 342027 331023 320031
342029 294016 330014 323006 059022 346018.
////// 150012 ////// ////// ////// 058008
359009 051007 ////// ////// ////// //////
////// 311008 182016 179010 189008 168015
083019 112031 074019 018006 PPC000 051011.
PPC000 PPC000 011005 086008 266006 001009
070006 014006 PPC000 148008 305010 357006
213008 171010 294008 091006 238006 151019
119020 308041 288025 292033 270011 134009.
111013 080015 123006 031006 003010 272007
PPC000 057004 229006 PPC000 342010 328019
105005 301018 343027 238011 325029 //////
182009 087041 090026 079011 316008 168005.
PPC000 355007 309007 221006 081010 PPC000
PPC000 031004 011006 033006 110005 326007
254005 ////// 189012 117025 082040 062022
////// 012015 041009 ////// 340016 321008.
PPC000 181009 352006 PPC000 217005 PPC000
021009 327004 247005 317012 PPC000 153009
333013 278007 170019 144019 154011 198019
108033 075019 071030 113007 084007 327007.
227004 106006 041009 333004 PPC000 244006
033010 303007 047006 340010 PPC000 351009
////// PPC000 163013 244008 163009 171009
121013 103019 111015 031005 300011 359011.
024011 067005 PPC000 136004 319009 PPC000
038006 PPC000 190007 015007 PPC000 108004
PPC000 PPC000 161012 176005 233007 058005
076021 066018 020016 PPC000 302005 336007.
PPC000 PPC000 178006 041005 304004 291007
293007 201004 064011 050009 019006 029007
163021 161004 258010 172017 093035 134019
143026 128030 108015 280005 259005 135005.
PPC000 049008 PPC000 178005 102008 PPC000
314011 232008 215010 040013 001005 357011
198015 193008 235009 251011 091016 091029
032025 ////// 006010 352009 336014 PPC000=
////// ////// ////// ////// ////// //////
////// ////// ////// ////// ////// //////
////// ////// ////// ////// ////// //////
////// ////// ////// ////// ////// //////.
////// ////// ////// ////// ////// //////
////// ////// ////// ////// ////// //////
////// ////// 208011 220011 107032 //////
////// 097035 ////// 063014 094015 338005.
053009 012008 033008 315006 000005 PPC000
073005 037018 293005 348007 347007 328009
293013 309014 321007 103010 194016 196012
236012 110030 134010 173008 028006 026007.
044007 ////// 173016 023009 015009 277007
008004 343007 220005 ////// 025005 152007
185009 ////// ////// 277021 330025 333024
305027 305029 129022 073015 055035 033028.
074020 028010 013011 078009 041012 023007
042007 043006 PPC000 PPC000 050006 096011
051008 ////// ////// ////// ////// //////
////// ////// ////// 053013 015008 //////.
PPC000 ////// ////// PPC000 ////// PPC000
////// ////// ////// ////// ////// //////
////// ////// ////// 070016 ////// //////
////// ////// ////// ////// 353005 //////.
////// ////// 025005 ////// PPC000 //////
////// 327004 ////// ////// ////// //////
////// 141009 165014 114005 081013 100014
179011 132009 033010 081024 070011 083008.
341010 048004 045006 059008 351005 048006
348006 054005 059005 085005 PPC000 062007
PPC000 202009 ////// ////// 039017 095020
077016 ////// 079014 098011 024006 322008.
PPC000 PPC000 030005 PPC000 PPC000 052005
PPC000 058010 132007 058007 035007 310007
244005 198012 232007 181010 150017 137016
099022 083015 091015 086014 120013 091011.
152014 126012 306004 PPC000 195007 105014
054010 088016 148008 105008 133007 083010
201005 342005 359007 278007 064010 270006
////// 104011 085005 053014 011006 053009.
042005 PPC000 029005 019005 195005 317011
PPC000 107004 338011 321008 020015 289007
236006 263009 171018 209011 297031 288045
300044 297042 277025 302020 058008 084008.
321010 033006 334007 043010 ////// 063016
307035 326026 297018 291016 185011 256010
292014 273039 295038 290044 304045 285050
////// 346042 346026 ////// ////// //////.
////// ////// ////// ////// ////// //////
////// ////// ////// ////// ////// //////
////// ////// ////// 079009 133021 093031
069025 089020 089019 356004 254004 PPC000.
PPC000 048010 024008 042010 091005 039005
012007 018004 103007 030007 PPC000 295004
067008 ////// ////// ////// ////// //////
128021 146025 089021 PPC000 346006 340008.
150006 359009 062006 PPC000 PPC000 212005
PPC000 011009 032007 081005 048004 PPC000
138004 291004 198013 127013 116021 083026
077024 078030 ////// 256004 335006 PPC000.
023006 031004 046008 PPC000 096009 057007
030004 030007 PPC000 PPC000 265005 100006
PPC000 159008 212009 197016 093022 069021
095024 031023 054010 005006 PPC000 351009.
067005 PPC000 013004 353008 106005 PPC000
336006 047007 046010 PPC000 PPC000 359004
PPC000 175007 175007 192015 081021 108027
////// 077022 354010 326007 088006 PPC000.
030009 047008 343006 062010 049007 PPC000
PPC000 129008 033011 044007 075007 074005
PPC000 177006 178008 088032 044024 045024
037024 015025 063024 047008 021007 336005.
PPC000 PPC000 247004 PPC000 329004 167011
PPC000 208007 058004 PPC000 259004 PPC000
241004 142012 023014 197013 023013 116026
096029 118014 099014 104008 189010 158006.
PPC000 327007 PPC000 315009 061010 092006
PPC000 020012 202011 101020 089008 154019
285015 276019 280035 291024 314013 302038
291039 296036 278034 281022 268012 144009.
049007 PPC000 022005 148010 119011 112012
123011 113004 109018 088019 123005 124014
PPC000 028010 060013 077015 039014 017014
072026 069038 062023 039019 058011 081014.
121010 109014 117006 080004 305010 278009
175005 016016 288046 288023 340017 327010
316023 311039 314030 346026 334023 325032
332024 305022 325014 006008 052018 326016.
////// 131012 ////// ////// ////// 075007
030011 048008 ////// ////// ////// //////
////// 310009 177014 178010 182008 149012
099021 112029 091018 018007 PPC000 048009.
PPC000 014004 024007 080008 288007 331007
069007 034004 PPC000 141006 300008 017006
198008 174010 264008 110008 247007 159020
127018 315032 299027 301035 267012 153011.
174011 064014 167007 016007 023013 200007
059005 PPC000 062007 PPC000 335009 334018
146007 294016 334023 224010 319026 //////
175011 084035 091027 070012 344008 145005.
PPC000 354007 356007 172005 070008 PPC000
PPC000 PPC000 028006 047006 091005 325007
237004 ////// 179011 110023 096038 062024
////// 017016 056008 ////// 319012 352009.
PPC000 179009 011007 PPC000 220005 057004
043010 130006 255007 313011 160004 088009
329013 256007 159019 130020 164014 157014
112032 084019 076029 125008 048007 331007.
287004 078008 045011 340005 PPC000 289006
041009 310010 023006 336010 PPC000 017012
////// PPC000 168013 240007 188009 156011
116010 101022 115015 011007 344011 005013.
027011 070006 PPC000 103005 315010 PPC000
130008 PPC000 174007 003007 PPC000 PPC000
PPC000 PPC000 170013 189005 248008 040007
078020 071016 052014 342004 PPC000 329008.
PPC000 PPC000 181006 006006 331004 PPC000
347005 146005 042011 040009 035006 032007
174017 173006 246010 171016 098032 133020
140026 133024 107015 262006 306007 PPC000.
PPC000 056009 048005 PPC000 174008 356005
313010 236008 266008 036012 316004 025011
225012 152006 240008 232010 089021 093025
032022 ////// 027011 343010 336013 PPC000=
028099 1427 036107 1427
042091 1622 057125 1409
031108 1601 050110 1545
055092 1832 065100 1829
031041 2009 040038 2023
032096 1525 041083 1524
027085 1748 034089 1740
030083 1448 049095 1446
027094 1414 036136 1232
019083 1627 023125 2102
057274 1342 084284 1544
068274 1437 118317 1208
033082 1416 050091 1531
029102 1649 038159 1558
036089 1429 046084 1428
033086 1307 046083 1527
031104 1349 043135 1345
042076 1320 059105 1215
034101 1456 046102 1450
053296 1617 092283 1630
040076 1602 055080 1600
048297 0513 063257 0538
029112 1600 040118 1534
040300 1536 065316 1751
044102 1526 064342 1038
041097 1343 050092 1313
034115 1502 047102 1457
032134 1634 038120 1634
033091 1541 040114 1529
041103 1303 051108 1301
032019 1524 042016 1524=
D=
K=
A=
S=
B=
??????
******
YF
O2196
河南省
豫嵩县德亭
嵩县德亭镇德亭村
丘陵；乡村；地面
空缺
计算机
计算机
计算机
计算机
计算机
20100309=
JY
8888=
GK
01/
05/=
BZ
BB/01/21时温度用正点前2分钟值代替。22时温度用正点后6分钟值代替。01时温度用正点后3分钟值代替。05时温度用正点前4分钟值代替。08时温度用正点后10分钟值代替。12时温度用正点前3分钟值代替。14时温度用正点前2分钟值代替。17时温度用正点前2分钟值代替。19时温度用正点前2分钟值代替。20时温度用正点前1分钟值代替。13时温度用前后正点数据内插。18时温度用前后正点数据内插。
BB/02/24时温度用正点前1分钟值代替。03时温度用正点后1分钟值代替。14时温度用正点前4分钟值代替。15时温度用正点前9分钟值代替。17时温度用正点前7分钟值代替。
BB/04/22时温度用正点前5分钟值代替。06时温度用正点前4分钟值代替。10时温度用正点前4分钟值代替。11时温度用正点前2分钟值代替。
BB/05/10时温度用正点前1分钟值代替。11时温度用正点后6分钟值代替。12时温度用正点前5分钟值代替。13时温度用正点前7分钟值代替。14时温度用正点后4分钟值代替。15时温度用正点前4分钟值代替。16时温度用正点前3分钟值代替。20时温度用正点后2分钟值代替。17时温度用前后正点数据内插。
BB/06/22时温度用正点前1分钟值代替。23时温度用正点前4分钟值代替。01时温度用正点前1分钟值代替。03时温度用正点前3分钟值代替。05时温度用正点前1分钟值代替。07时温度用正点前1分钟值代替。08时温度用正点前1分钟值代替。09时温度用正点后3分钟值代替。10时温度用正点前8分钟值代替。11时温度用正点前3分钟值代替。13时温度用正点前10分钟值代替。14时温度用正点前1分钟值代替。15时温度用正点后5分钟值代替。17时温度用正点前4分钟值代替。18时温度用正点前6分钟值代替。20时温度用正点前7分钟值代替。04时温度用前后正点数据内插。06时温度用前后正点数据内插。16时温度用前后正点数据内插。
BB/07/21时温度用正点前10分钟值代替。22时温度用正点前2分钟值代替。24时温度用正点后5分钟值代替。02时温度用正点前2分钟值代替。05时温度用正点前2分钟值代替。06时温度用正点前7分钟值代替。07时温度用正点前1分钟值代替。08时温度用正点前5分钟值代替。09时温度用正点前3分钟值代替。03时温度用前后正点数据内插。
BB/08/16时温度用正点前2分钟值代替。
BB/10/15时温度用正点前7分钟值代替。
BB/12/15时温度用正点前1分钟值代替。01时温度用前后正点数据内插。
BB/13/11时温度用正点后7分钟值代替。
BB/14/10时温度用正点前4分钟值代替。12时温度用正点前10分钟值代替。11时温度用前后正点数据内插。
BB/15/17时温度用正点前2分钟值代替。
BB/17/15时温度用正点前5分钟值代替。
BB/23/23时温度用正点前4分钟值代替。21时温度用前后正点数据内插。
BB/25/14时温度用正点前3分钟值代替。
BB/26/10时温度用正点前6分钟值代替。15时温度用正点前1分钟值代替。18时温度用正点前4分钟值代替。
BB/28/09时温度用正点前2分钟值代替。
BB/31/16时温度用正点前3分钟值代替。
00/340843/1115458
10/24/逐时观测
10/24/24时连续观测
11/不守班=
######
