O2193 3433N 11200E 004230 004230 105 000 S15 91999999919999199999 0 2012 02
P=
TB
0023 0000 -012 -020 -026 -026 -024 -023 -024 -025 -026 -029
-031 -030 -026 -018 -010 -002 0009 0004 0003 -005 -010 -020 0038 2001 -031 0858.
-026 -029 -038 -047 -054 -057 -059 -062 -073 -071 -074 -073
-062 -045 -024 -016 0000 0011 0014 0010 0010 -004 -015 -018 0016 1445 -077 0713.
-022 -026 -031 -037 -040 -041 -049 -060 -058 -061 -060 -060
-051 -026 0000 0022 0046 0065 0075 0073 0068 0046 0032 0028 0078 1449 -063 0649.
0019 0014 0009 0003 -014 -010 -011 -016 -019 -022 -027 -029
-016 -012 0001 -002 0001 -007 -010 -010 -011 -014 -015 -014 0028 2002 -031 0756.
-014 -012 -013 -014 -015 -014 -017 -019 -025 -026 -026 -024
-016 -002 0023 0045 0076 0088 0081 0076 0072 0062 0054 0047 0091 1414 -028 0725.
0044 0041 0024 0019 0010 -003 0000 0020 0032 0037 0041 0042
0047 0053 0060 0057 0056 0059 0069 0058 0054 0038 0024 0014 0073 1450 -003 0200.
0001 -003 -011 -015 -023 -030 -033 -037 -044 -047 -052 -056
-044 -026 -018 0000 0008 0014 0017 0016 0004 -011 -015 -024 0022 1451 -057 0740.
-025 -023 -025 -030 -028 -031 -031 -033 -037 -034 -036 -037
-034 -027 -010 0001 0008 0018 0020 0020 0012 -002 -012 -019 0021 1459 -038 0737.
-020 -022 -025 -026 -031 -021 -037 -041 -035 -039 -039 -045
-029 -013 0002 0013 0021 0025 0031 0027 0021 0012 0003 -003 0034 1442 -045 0757.
-008 -005 -002 -004 -006 -011 -013 -012 -014 -017 -022 -019
-001 0013 0028 0047 0045 0049 0060 0055 0047 0026 0013 0005 0062 1531 -023 0729.
0000 -002 -009 -014 -023 -022 -032 -044 -052 -054 -054 -053
-034 -002 0026 0049 0062 0074 0080 0076 0067 0052 0047 0040 0084 1536 -061 0633.
0035 0033 0035 0034 0032 0030 0027 0025 0023 0022 0019 0013
0015 0021 0033 0042 0044 0051 0056 0054 0047 0032 0020 0006 0060 1412 0006 2000.
0008 0010 0002 -007 -006 -005 -020 -022 -027 -031 -029 -036
-015 -007 0020 0043 0050 0070 0079 0076 0070 0059 0048 0043 0084 1504 -038 0728.
0040 0037 0024 0018 0010 0003 -004 0001 -004 -004 -003 -005
0010 0036 0069 0094 0096 0109 0108 0098 0085 0070 0056 0048 0112 1503 -007 0550.
0039 0029 0020 0015 0015 0015 0015 0014 0013 0011 0010 0009
0010 0016 0026 0032 0037 0039 0045 0050 0050 0041 0030 0024 0052 1604 0009 0800.
0019 0014 0013 0010 0003 0000 0005 0008 0012 0009 0008 0013
0024 0049 0065 0067 0069 0066 0072 0069 0059 0046 0035 0024 0078 1505 -002 0150.
0020 0007 0004 0005 0001 -006 -005 -002 -003 -007 -010 -008
0015 0024 0029 0037 0047 0059 0059 0056 0039 0025 0016 0010 0062 1337 -011 0704.
0004 0003 -005 -002 -002 -005 -006 -009 -017 -023 -023 -026
-006 0014 0035 0046 0059 0069 0068 0068 0062 0048 0031 0020 0074 1418 -028 0749.
0008 0003 0004 0000 -010 -011 -028 -034 -037 -040 -038 -033
-023 -001 0036 0057 0078 0089 0094 0095 0089 0066 0058 0055 0099 1537 -041 0608.
0049 0050 0042 0037 0028 0027 0017 0008 -001 -009 -013 -010
0004 0030 0062 0074 0081 0087 0093 0092 0093 0082 0075 0069 0095 1517 -015 0722.
0063 0062 0061 0057 0057 0052 0050 0039 0038 0021 0030 0018
0036 0050 0078 0090 0103 0106 0106 0087 0078 0068 0062 0057 0109 1332 0013 0746.
0056 0054 0048 0038 0033 0021 0016 0018 0014 0009 0010 0012
0018 0029 0057 0076 0099 0117 0143 0155 0135 0122 0110 0103 0157 1553 0008 0709.
0092 0093 0098 0094 0093 0076 0067 0068 0069 0060 0049 0042
0037 0044 0038 0041 0048 0051 0050 0046 0042 0039 0036 0032 0103 2001 0032 1956.
0029 0030 0027 0024 0022 0020 0017 0014 0013 0012 0008 0010
0018 0024 0028 0035 0042 0047 0055 0063 0065 0062 0058 0058 0066 1642 0008 0658.
0056 0044 0042 0038 0033 0024 0017 0008 0007 0005 0005 0005
0012 0022 0026 0030 0034 0034 0032 0026 0023 0019 0017 0013 0058 2003 0004 0734.
0011 0010 0009 0009 0003 -005 -006 -004 -010 -010 -011 -013
-005 -001 0005 0012 0024 0037 0040 0041 0039 0028 0020 0018 0047 1533 -014 0750.
0014 0009 0005 0004 -004 -013 -012 -032 -026 -029 -029 -030
-019 0016 0035 0057 0071 0082 0080 0077 0064 0054 0043 0039 0087 1406 -035 0636.
0033 0026 0021 0010 0002 -002 -007 -014 -018 -025 -025 -015
0005 0023 0039 0046 0052 0063 0062 0065 0062 0054 0049 0044 0067 1419 -026 0625.
0040 0034 0038 0037 0034 0034 0034 0029 0026 0021 0018 0024
0034 0051 0060 0070 0067 0066 0064 0064 0059 0055 0051 0047 0076 1217 0018 0659=
I=
E=
U=
N=
H=
C=
V=
R6
=
=
0000 ////////// 00000=
W=
L=
Z=
G=
FN
069066 072080 064064 072059 059046 060041
053027 059024 045029 055026 053033 058029
071045 069024 085030 093036 080023 018008
174020 165022 130020 103026 076039 046018.
068028 064027 054035 057035 051028 046033
049034 047032 020011 045013 290011 307013
274010 273016 330020 034023 068007 143014
147023 112023 105020 105027 066029 043024.
074025 053023 050021 348014 278005 136010
217009 280007 270015 228013 288015 286020
270011 277019 264025 249011 204019 165020
164029 114032 103026 140024 068026 043024.
040021 097027 048021 078025 067009 069020
083028 054034 089027 057014 219012 313004
020026 058025 198016 159013 092009 107015
048008 077021 056029 117013 090011 054012.
064005 075007 243009 252012 257017 295020
272016 286021 287018 297013 243014 242033
245026 263031 181025 190027 173024 132022
101055 101040 059023 075022 032021 024020.
032022 040010 303018 298023 267026 303038
278043 292058 286073 277061 291070 284071
284093 283098 281091 279106 272087 292076
303093 316095 311117 299058 291082 289074.
295053 296065 298073 292062 269072 258044
277073 264049 277065 270054 277061 289059
284051 298091 272094 296066 282064 299073
288083 292087 290089 302095 284052 263023.
291056 299067 284073 281060 300049 250024
279078 281063 283058 284070 277079 280076
282082 277065 280081 281099 303089 294067
285077 284061 299072 281056 282048 286057.
272082 298062 295068 291061 301036 284060
290036 300042 312045 289012 305019 050006
264023 222025 266018 262017 278019 313039
305044 320046 310074 294052 304058 298047.
258028 265044 272066 279056 283058 271047
275055 280045 274044 276045 265022 268025
273047 273037 268027 281015 297016 021017
088029 187029 126021 116021 119027 130027.
117022 057024 064023 046022 068018 052011
047006 PPC000 313010 200007 267024 270021
282010 247013 075017 147024 121028 090044
099053 095065 089057 087055 089048 083053.
078041 074037 099058 100073 097059 096058
105074 110068 099058 104049 085026 071029
053022 070037 091044 096041 115048 125041
110042 081054 091045 105037 078030 087031.
061031 030027 047021 056025 072029 043030
174012 324010 106012 300012 301019 200015
244019 277016 203009 053008 213016 139029
127010 097036 075027 073028 092031 072018.
103026 037009 340004 266013 289009 306021
270021 269027 280024 261022 268030 276019
267024 263024 227015 238013 021036 063047
079029 077064 073066 070070 061065 059059.
062071 059047 045047 064058 073046 062022
070039 071029 069023 076038 053032 088027
067043 095027 046027 040032 062023 068013
019012 112008 314003 213020 252017 267026.
257025 266023 270024 263032 247026 256030
265035 278030 276032 286039 258045 285034
297031 248022 209016 306045 284044 289063
266038 290073 281060 278063 274053 299042.
292030 317042 313036 314045 311052 307050
296044 289032 266017 296013 262022 297044
297053 292063 314080 313065 272065 291062
303086 279072 292072 295058 297051 272040.
293045 291043 286038 278044 274049 294040
323021 302029 304044 310033 326025 304020
216009 248024 251022 239051 254022 305054
284031 309054 311050 303045 317042 290033.
298030 281019 237022 289026 296022 248025
043006 240025 286019 306021 297015 259020
256014 243017 350007 075017 111048 114041
088037 094049 097049 084037 071050 082041.
074024 048035 041018 044019 192009 206011
255016 266019 239019 277019 270017 264019
254015 260008 130013 120012 089018 127017
112032 098030 091040 089034 087032 118028.
088021 080026 058019 092016 048012 132015
192010 278010 219005 294011 216017 220015
354008 326011 125030 071034 105044 070062
095052 072062 081049 070053 063053 071058.
053034 064047 066045 067041 048022 070027
301015 302013 272018 260023 286025 279024
255030 267030 276030 317012 334020 206029
243031 304057 307092 296078 297055 293050.
287038 282035 282042 275022 354054 051040
083061 096068 091085 079105 088066 077083
091093 085079 084106 083072 085078 071053
072065 089057 085049 090039 092039 099031.
077033 060019 059018 055024 053037 065030
042024 032013 053021 034011 178007 265011
282018 278039 271036 276044 270043 262045
286054 301091 292047 282034 262027 279026.
357022 088036 071049 057028 065046 056050
044037 062020 023026 029013 053016 082017
074030 085061 102070 083059 070060 078046
067051 075058 073051 066039 062033 072029.
051022 046022 049021 174030 140019 086014
010014 236014 260013 264015 269014 254014
088012 152018 019004 173026 074011 151018
034009 149015 120017 117019 088020 057015.
084017 094022 065025 051016 038019 348009
039013 163013 259007 298011 253011 218012
268011 133015 082024 087025 092026 098039
095036 118064 117061 114064 102048 097053.
100050 100049 095058 099041 104031 102034
098030 085026 114013 072030 063027 078038
090041 101048 081066 088051 066025 071047
107058 081044 088050 091047 098028 076039.
071035 085026 091032 083036 083032 098044
097033 112016 133025 100031 102032 119020
092022 087033 112032 065023 131042 135036
118035 120034 120028 126031 129019 120016=
064054 073075 062051 066055 065042 059042
054029 053027 047031 060026 052031 057032
072042 070028 079033 080035 072023 054012
156019 150020 130020 103025 074041 045022.
064027 058030 049037 059035 055029 044034
050036 047032 026010 039013 271012 308014
277011 254018 280016 051022 128007 161016
125022 118024 109020 104029 067026 047025.
077027 056023 054021 326012 282005 154009
214008 249006 271015 227013 287015 286020
264012 268018 257025 260013 204019 147017
171026 123029 108026 136025 067025 042023.
040021 093026 051021 074025 091009 071022
081029 054031 086027 057016 214013 271007
025026 054027 182016 167013 109013 098015
057010 085021 062027 114013 087011 055011.
060007 073009 236012 257013 254017 294019
275016 286021 286019 295013 248015 235030
246026 256031 191024 190024 168025 112022
097054 099040 060025 077022 028020 026020.
031021 042011 304018 297020 269025 304035
273041 292059 284066 279060 289077 285074
287095 284099 282086 279103 273087 288075
306092 317105 310110 299062 288075 289072.
296053 295064 298065 290061 269069 261049
277066 265047 276060 270054 279059 291066
286057 297087 273089 296065 284065 302078
283080 291079 292091 303091 286055 268025.
290058 299069 284076 281060 299053 256023
280077 279061 283054 284069 279074 280073
282082 277067 277088 287090 297082 299071
286077 286064 301076 282056 283050 286059.
273079 297061 297069 288062 303038 285057
290033 298045 315043 286013 310017 073005
266024 231021 249017 261017 276024 310038
307047 316048 308072 294052 304061 296044.
258030 267049 273065 280059 281061 271053
275055 279051 277047 280044 265025 272026
274043 266037 269032 231014 278016 001021
101023 176030 124023 117021 118027 129027.
115023 063024 058023 048023 069020 046012
039009 PPC000 302009 189007 263024 271021
281011 241011 061016 130022 100033 089048
097055 096065 093053 088051 091047 083051.
081042 075034 099056 099071 096055 097060
105065 108063 098058 104050 083029 079030
060021 070034 092041 100046 112055 122045
111043 088049 092043 105040 076035 087032.
065029 031029 054021 057023 073029 045031
182013 313011 110011 305011 304018 199015
245016 277018 192008 064008 214018 141023
127012 110036 079029 071029 089031 075020.
100024 042011 212006 278013 286011 302021
269022 270028 282025 260023 269032 276018
273025 264023 228017 261015 011029 060040
067035 077065 070063 071068 061068 061066.
062070 059050 056049 063056 073048 063023
068033 075031 070026 076035 052029 080027
068042 092025 052029 052030 061023 070016
045016 096007 346004 213019 258017 267026.
261025 266023 271023 261029 246026 257029
265035 279033 274032 288038 259041 282031
296032 250021 228017 306049 280045 291063
272045 283071 283067 279062 273049 301042.
289033 316041 314035 314046 312052 307051
296044 284031 273020 296017 264022 298041
295055 297065 314081 311066 280073 291063
285073 277069 293073 295069 296051 269038.
291042 288045 284041 278042 273051 295040
316024 296029 304044 310033 320027 304022
202010 253024 250027 258046 256032 299056
279045 311052 309048 302045 315046 288033.
297031 282019 239023 287026 296024 246028
046007 235024 290018 305021 293015 268020
259015 239019 099007 085020 116042 102037
081038 090045 099048 084038 073046 079045.
087025 051030 044021 035021 194009 206013
253017 266022 241019 274019 270016 265020
263015 244009 111015 119020 085019 115022
106036 102030 090036 090031 087033 115031.
094022 081024 062019 088018 051013 131014
190010 279009 252004 298011 223016 221014
345007 319013 111026 086038 091046 069056
085058 076062 080057 072055 064057 074056.
059038 066047 069044 065042 045023 070027
301015 300013 270017 260022 282026 279022
260031 270029 276029 302016 311018 211033
248029 296055 305082 297072 296060 292051.
285038 285041 284043 280023 338051 055045
084060 095067 089086 081106 085069 076089
090098 083080 082104 078077 086079 075062
081056 089062 084050 089041 093040 096029.
078032 064021 056019 054024 052035 060031
038025 052017 063021 046013 179007 273011
283018 277033 269040 265041 263037 260039
287065 299083 290048 282032 261028 276027.
351022 088038 071048 061026 069044 053048
048038 057019 020023 027018 051016 084017
070028 086060 098071 082063 070058 072046
073053 072058 068045 066041 064034 073032.
056024 047020 048021 155023 146016 090014
015014 241017 255014 264016 278015 255014
080011 135020 069008 164025 099011 137014
074011 169018 122018 114019 090019 056015.
084017 097022 068025 054017 038019 341008
044012 165013 258008 294010 254012 214013
262010 120013 082025 094027 085031 101045
101040 119057 116069 116064 102050 097055.
103054 100047 099056 097039 105034 102037
100029 089028 121012 072029 061026 076038
085038 097049 089067 088050 067031 075046
103057 080043 087050 088046 099032 075040.
067036 083027 091036 087035 086033 100041
099033 110015 132027 100029 103031 115021
088025 089033 093035 081029 133038 133033
121035 122034 120029 127029 127022 123015=
076072 2209 108065 2139
043049 2307 059040 2305
034075 2121 045059 2121
038105 0342 047057 0932
055093 1454 068082 1506
127309 1609 173299 1607
105307 1815 142308 2031
114312 1230 160294 1211
092305 1724 125296 0140
069281 2325 105277 2351
066096 1604 094085 1519
080104 0239 111108 0239
040023 2210 066142 1520
078061 1928 107079 1902
073065 2024 103060 2016
081283 1654 123305 1534
091308 1235 140308 1116
064311 1425 103308 1513
063071 1926 088071 1908
046100 1947 061133 1441
073072 1604 098077 1602
102306 1742 139305 1640
110082 0558 162075 0606
093304 1609 131311 1554
083093 1022 116080 1022
033073 2002 046136 2349
074115 1658 097102 1659
072092 1105 102085 1120
047100 2331 067065 2113=
D=
K=
A=
S=
B=
??????
******
YF
O2193
河南省
豫宜阳高坡垴
宜阳县柳泉镇高坡垴村
丘陵；乡村；地面
空缺
计算机
计算机
计算机
计算机
计算机
20120319=
JY
8888=
GK
01/
05/=
BZ
00/343300/1115940
10/24/逐时观测
10/24/24时连续观测
11/不守班=
######
