O2196 3409N 11155E 004650 004650 105 000 S15 91999999919999199999 0 2011 06
P=
TB
0179 0160 0150 0137 0131 0121 0118 0122 0110 0111 0148 0183
0220 0267 0283 0303 0303 0302 0309 0297 0294 0291 0265 0225 0316 1448 0105 0525.
0196 0178 0169 0151 0153 0150 0146 0143 0141 0142 0159 0184
0206 0235 0260 0278 0313 0342 0335 0335 0302 0298 0280 0241 0351 1417 0140 0435.
0204 0183 0169 0159 0148 0140 0132 0125 0120 0120 0165 0219
0256 0305 0326 0327 0337 0322 0317 0334 0321 0301 0280 0250 0345 1317 0114 0529.
0234 0215 0203 0180 0161 0148 0135 0129 0128 0135 0160 0199
0235 0265 0278 0286 0301 0302 0309 0303 0295 0285 0276 0256 0323 1412 0125 0446.
0251 0242 0225 0209 0195 0188 0184 0174 0168 0165 0183 0214
0235 0275 0285 0296 0293 0296 0297 0289 0284 0277 0260 0248 0307 1228 0164 0541.
0234 0225 0215 0203 0197 0191 0187 0175 0164 0163 0182 0204
0237 0262 0298 0319 0345 0345 0344 0345 0343 0319 0297 0275 0349 1358 0162 0519.
0253 0244 0222 0221 0244 0216 0199 0187 0172 0170 0201 0241
0283 0321 0353 0362 0381 0374 0405 0383 0386 0374 0346 0292 0411 1456 0165 0530.
0262 0237 0231 0225 0215 0202 0193 0185 0180 0180 0221 0264
0330 0362 0383 0382 0392 0409 0393 0392 0378 0364 0342 0300 0413 1356 0177 0523.
0280 0270 0258 0249 0235 0235 0266 0259 0252 0240 0239 0253
0263 0271 0285 0304 0305 0308 0300 0285 0282 0277 0271 0254 0310 1420 0232 0129.
0247 0239 0219 0200 0190 0182 0179 0174 0165 0176 0200 0219
0255 0286 0315 0321 0336 0338 0337 0338 0338 0327 0315 0273 0349 1353 0164 0453.
0243 0223 0210 0196 0191 0185 0174 0173 0163 0165 0216 0234
0264 0303 0340 0347 0358 0376 0375 0364 0358 0346 0326 0284 0382 1405 0163 0459.
0276 0249 0231 0216 0206 0192 0184 0177 0173 0175 0194 0228
0258 0292 0300 0317 0319 0330 0333 0321 0321 0310 0285 0271 0338 1511 0172 0510.
0250 0233 0225 0217 0210 0205 0201 0201 0194 0191 0209 0226
0253 0280 0290 0305 0303 0300 0302 0303 0302 0297 0288 0259 0308 1157 0190 0555.
0246 0236 0223 0222 0224 0214 0205 0200 0194 0199 0207 0224
0243 0267 0279 0275 0279 0280 0293 0288 0280 0273 0265 0250 0297 1458 0192 0513.
0227 0218 0200 0188 0184 0170 0165 0162 0159 0159 0182 0216
0241 0283 0295 0308 0328 0328 0340 0334 0330 0318 0303 0285 0345 1420 0157 0437.
0258 0239 0232 0216 0207 0199 0193 0187 0182 0180 0201 0232
0260 0292 0289 0305 0309 0301 0316 0305 0299 0295 0286 0277 0318 1456 0178 0544.
0270 0261 0251 0238 0242 0226 0222 0215 0211 0209 0216 0226
0238 0242 0243 0239 0236 0230 0229 0223 0218 0202 0196 0191 0277 2001 0191 1941.
0189 0190 0189 0188 0186 0187 0185 0185 0184 0183 0195 0205
0228 0259 0265 0278 0287 0294 0287 0278 0284 0277 0270 0243 0300 1442 0182 0508.
0229 0212 0201 0194 0187 0182 0176 0172 0169 0168 0181 0205
0232 0262 0288 0299 0316 0321 0325 0317 0317 0309 0297 0276 0341 1523 0167 0517.
0249 0243 0234 0231 0224 0216 0203 0199 0196 0200 0211 0215
0219 0244 0267 0276 0288 0303 0313 0293 0288 0284 0276 0264 0330 1427 0195 0455.
0259 0250 0246 0236 0232 0228 0225 0224 0222 0222 0228 0240
0248 0254 0261 0265 0270 0277 0274 0268 0265 0263 0257 0252 0291 1321 0219 0527.
0249 0245 0237 0235 0233 0229 0226 0225 0222 0221 0231 0236
0240 0243 0244 0255 0265 0280 0269 0279 0280 0268 0264 0258 0286 1642 0220 0515.
0245 0240 0234 0224 0218 0217 0216 0215 0215 0212 0208 0213
0210 0218 0216 0217 0225 0238 0244 0246 0258 0261 0251 0227 0265 1645 0207 0645.
0208 0201 0192 0186 0180 0171 0164 0159 0156 0160 0196 0228
0264 0304 0306 0316 0326 0338 0343 0337 0325 0304 0289 0276 0347 1507 0156 0427.
0273 0267 0191 0199 0199 0212 0207 0200 0190 0187 0187 0189
0191 0189 0191 0187 0188 0184 0187 0189 0188 0193 0192 0193 0276 2001 0182 2235.
0191 0190 0190 0186 0182 0175 0174 0176 0175 0175 0182 0193
0209 0220 0250 0268 0277 0291 0282 0287 0285 0280 0265 0247 0298 1528 0173 0225.
0226 0212 0207 0197 0196 0197 0198 0191 0188 0189 0194 0198
0209 0237 0224 0261 0260 0266 0284 0277 0272 0274 0269 0242 0296 1513 0188 0448.
0224 0208 0198 0187 0183 0174 0170 0166 0161 0160 0193 0220
0254 0290 0301 0309 0312 0319 0333 0338 0333 0324 0316 0273 0341 1506 0158 0524.
0237 0220 0212 0205 0200 0195 0190 0185 0181 0181 0204 0235
0267 0302 0313 0320 0331 0335 0347 0337 0335 0321 0315 0300 0348 1426 0180 0506.
0290 0286 0280 0259 0244 0236 0227 0214 0205 0202 0222 0261
0301 0336 0341 0356 0373 0375 0374 0375 0357 0342 0329 0317 0378 1434 0201 0601=
I=
E=
U=
N=
H=
C=
V=
R6
0000 0000 0000
0000 0000 0000
0000 0000 0000
0000 0000 0000
0000 0000 0000
0000 0000 0000
0000 0000 0000
//// 0000 ////
0000 0000 0000
0000 0000 0000
0000 0000 0000
0000 0000 0000
0000 0000 0000
0000 0000 0000
0000 0000 0000
0000 0000 0000
0000 0036 0036
0002 0000 0002
0000 0000 0000
0000 0001 0001
0000 0000 0000
0000 0000 0000
0113 0025 0138
0000 0000 0000
0039 0000 0039
0000 0001 0001
0009 0012 0021
0000 0000 0000
0000 0000 0000
0000 0000 0000=
0000 0000 0000 0000 0000 0000 0000 0000 0000 0000 0000 0000
0000 0000 0000 0000 0000 0000 0000 0000 0000 0000 0000 0000.
0000 0000 0000 0000 0000 0000 0000 0000 0000 0000 0000 0000
0000 0000 0000 0000 0000 0000 0000 0000 0000 0000 0000 0000.
0000 0000 0000 0000 0000 0000 0000 0000 0000 0000 0000 0000
0000 0000 0000 0000 0000 0000 0000 0000 0000 0000 0000 0000.
0000 0000 0000 0000 0000 0000 0000 0000 0000 0000 0000 0000
0000 0000 0000 0000 0000 0000 0000 0000 0000 0000 0000 0000.
0000 0000 0000 0000 0000 0000 0000 0000 0000 0000 0000 0000
0000 0000 0000 0000 0000 0000 0000 0000 0000 0000 0000 0000.
0000 0000 0000 0000 0000 0000 0000 0000 0000 0000 0000 0000
0000 0000 0000 0000 0000 0000 0000 0000 0000 0000 0000 0000.
0000 0000 0000 0000 0000 0000 0000 0000 0000 0000 0000 0000
0000 0000 0000 0000 0000 0000 0000 0000 0000 0000 0000 0000.
0000 0000 0000 0000 //// //// //// 0000 0000 0000 0000 0000
0000 0000 0000 0000 0000 0000 0000 0000 0000 0000 0000 0000.
0000 0000 0000 0000 0000 0000 0000 0000 0000 0000 0000 0000
0000 0000 0000 0000 0000 0000 0000 0000 0000 0000 0000 0000.
0000 0000 0000 0000 0000 0000 0000 0000 0000 0000 0000 0000
0000 0000 0000 0000 0000 0000 0000 0000 0000 0000 0000 0000.
0000 0000 0000 0000 0000 0000 0000 0000 0000 0000 0000 0000
0000 0000 0000 0000 0000 0000 0000 0000 0000 0000 0000 0000.
0000 0000 0000 0000 0000 0000 0000 0000 0000 0000 0000 0000
0000 0000 0000 0000 0000 0000 0000 0000 0000 0000 0000 0000.
0000 0000 0000 0000 0000 0000 0000 0000 0000 0000 0000 0000
0000 0000 0000 0000 0000 0000 0000 0000 0000 0000 0000 0000.
0000 0000 0000 0000 0000 0000 0000 0000 0000 0000 0000 0000
0000 0000 0000 0000 0000 0000 0000 0000 0000 0000 0000 0000.
0000 0000 0000 0000 0000 0000 0000 0000 0000 0000 0000 0000
0000 0000 0000 0000 0000 0000 0000 0000 0000 0000 0000 0000.
0000 0000 0000 0000 0000 0000 0000 0000 0000 0000 0000 0000
0000 0000 0000 0000 0000 0000 0000 0000 0000 0000 0000 0000.
0000 0000 0000 0000 0000 0000 0000 0000 0000 0000 0000 0000
0000 0000 0000 0000 0000 0002 0004 0005 0010 0008 0004 0003.
0001 0000 0000 0000 0000 0000 0000 0001 0000 0000 0000 0000
0000 0000 0000 0000 0000 0000 0000 0000 0000 0000 0000 0000.
0000 0000 0000 0000 0000 0000 0000 0000 0000 0000 0000 0000
0000 0000 0000 0000 0000 0000 0000 0000 0000 0000 0000 0000.
0000 0000 0000 0000 0000 0000 0000 0000 0000 0000 0000 0000
0000 0001 0000 0000 0000 0000 0000 0000 0000 0000 0000 0000.
0000 0000 0000 0000 0000 0000 0000 0000 0000 0000 0000 0000
0000 0000 0000 0000 0000 0000 0000 0000 0000 0000 0000 0000.
0000 0000 0000 0000 0000 0000 0000 0000 0000 0000 0000 0000
0000 0000 0000 0000 0000 0000 0000 0000 0000 0000 0000 0000.
0000 0000 0007 0002 0014 0000 0000 0016 0001 0047 0019 0007
0008 0001 0003 0008 0003 0001 0001 0000 0000 0000 0000 0000.
0000 0000 0000 0000 0000 0000 0000 0000 0000 0000 0000 0000
0000 0000 0000 0000 0000 0000 0000 0000 0000 0000 0000 0000.
0000 0000 0035 0000 0000 0000 0000 0000 0003 0001 0000 0000
0000 0000 0000 0000 0000 0000 0000 0000 0000 0000 0000 0000.
0000 0000 0000 0000 0000 0000 0000 0000 0000 0000 0000 0000
0000 0001 0000 0000 0000 0000 0000 0000 0000 0000 0000 0000.
0000 0000 0000 0000 0000 0000 0000 0003 0005 0000 0001 0000
0000 0000 0011 0001 0000 0000 0000 0000 0000 0000 0000 0000.
0000 0000 0000 0000 0000 0000 0000 0000 0000 0000 0000 0000
0000 0000 0000 0000 0000 0000 0000 0000 0000 0000 0000 0000.
0000 0000 0000 0000 0000 0000 0000 0000 0000 0000 0000 0000
0000 0000 0000 0000 0000 0000 0000 0000 0000 0000 0000 0000.
0000 0000 0000 0000 0000 0000 0000 0000 0000 0000 0000 0000
0000 0000 0000 0000 0000 0000 0000 0000 0000 0000 0000 0000=
0000 ////////// 00000=
W=
L=
Z=
G=
FN
089006 059012 061011 085005 056004 328003
357003 PPC000 087010 076006 PPC000 217008
102008 165004 110015 092027 087020 081020
094013 068016 076012 019009 084003 341014.
016011 078007 PPC002 072007 243003 PPC001
PPC001 029006 045007 055006 010007 PPC002
205005 088006 175012 108010 135013 177030
242017 193025 217023 240016 251011 305016.
059006 040007 068006 051004 047010 059008
046007 043009 014004 041005 336004 351006
311010 173017 236016 169021 205015 325013
197025 211015 253013 231010 207013 049008.
336008 005004 019003 320003 114007 004006
070010 078011 299003 029005 002006 141003
331006 239004 098019 001020 038017 085017
120025 093028 085025 020019 348008 016008.
336009 334014 334010 PPC000 085009 025006
039006 060007 060007 024006 PPC000 299004
126009 207009 001014 010019 102015 152008
173016 194009 PPC002 308004 081006 296006.
049007 340012 072008 079010 PPC002 350006
341005 002003 012005 342006 PPC002 325007
104007 129008 181017 190019 193012 176019
158016 276006 187016 277006 220010 312008.
306016 182003 322008 052007 321012 282007
046007 295009 024007 323009 005004 PPC001
108006 172011 010009 129033 318021 012010
303022 053011 287010 315012 316007 356007.
080004 058011 045007 054007 ////// //////
////// 353006 024005 052005 009009 331010
351003 109015 109018 061008 159026 334023
322014 323022 023025 019011 039006 PPC000.
058007 PPC000 330009 PPC000 049008 027009
334022 348016 349007 093004 182010 PPC001
323008 009011 340009 030013 118011 069017
036017 355016 349014 032008 023008 337006.
310006 326009 308006 011003 PPC002 015007
331009 099003 PPC000 348004 017004 114011
132009 138020 196021 191015 150015 157012
184007 286012 335031 343016 327006 270005.
039009 067015 037006 PPC000 080005 063009
088009 082006 PPC002 057005 355003 198009
140012 344006 172015 162018 031029 026018
343024 338015 350020 328013 024007 093003.
222014 099007 088007 010008 PPC001 040005
037006 110008 PPC002 060005 359005 PPC000
068007 316009 113013 305016 027016 100035
097022 092021 126028 125018 216018 234007.
048007 065008 020003 044003 063007 092004
PPC000 090007 229003 007005 116005 110005
187014 101008 182008 239005 134015 130009
046012 072019 079018 113014 265003 048011.
354008 305004 113006 339012 PPC002 304011
059007 347004 016007 310010 299003 261006
142009 143008 019022 015021 034014 083020
307008 133019 044017 026015 040014 302010.
063006 102003 PPC001 PPC000 PPC002 033005
027005 111007 334005 041007 034005 000007
098009 154009 088022 291011 003015 138016
112028 135028 089028 099019 042010 014013.
322010 310008 013005 043003 065007 079005
PPC000 015006 045006 064007 PPC002 163006
242009 209009 103025 080017 118014 070024
076020 013019 338020 358019 030017 349016.
353007 325019 299016 360010 273007 276009
318012 321007 315008 331008 PPC002 131004
PPC000 089008 167017 095009 109007 075012
203004 006009 310007 347019 337008 290013.
248005 262006 214004 063004 118004 220007
048003 020008 PPC002 PPC002 PPC000 238005
217007 170008 135012 117021 058011 095030
094035 087020 136013 127010 018012 302011.
266005 346013 049004 116004 081004 117003
063004 059008 056006 324004 302004 276005
137009 173009 167012 123021 082014 112024
329014 107016 068029 070022 149015 PPC001.
PPC001 067004 061010 PPC000 360008 PPC000
323004 064007 048007 327005 PPC002 322009
147003 187009 271016 239012 150022 115018
099035 094025 109018 101017 PPC000 232005.
176007 254005 319003 PPC000 304011 060006
023003 PPC000 334004 PPC000 358007 214006
207007 242005 PPC002 183006 127011 131019
133010 099014 023017 044014 105012 143008.
140007 075006 073008 PPC001 017005 333003
PPC002 PPC000 PPC000 066005 PPC001 131006
PPC002 PPC002 114011 065008 183015 198005
301010 331008 323010 115014 139014 001007.
106006 109005 228008 001005 091003 103006
038006 PPC000 209008 PPC002 155010 185010
151020 168010 172019 165016 147019 165012
169022 187010 173025 214016 186015 233005.
333008 320008 334004 293008 349008 289007
PPC001 PPC000 334008 PPC002 356007 209010
291008 173013 065021 066042 045028 077017
054029 131020 056034 072033 039023 055023.
039020 012022 309014 199012 161034 081034
012025 071026 135006 080007 101009 157004
358012 076018 028017 035022 092018 121019
010015 116017 095008 113011 326007 302004.
061004 PPC000 135008 109010 077006 PPC000
018006 344005 311006 258006 305006 PPC000
203006 110006 202011 167015 164013 260011
106015 071013 126011 125013 PPC000 341006.
018005 PPC000 116005 018008 356007 326004
053004 PPC002 012005 070006 PPC000 165007
136004 266009 202009 104009 138019 122027
084019 138022 111022 111014 099011 313011.
121006 147006 050007 078005 295007 029007
114007 PPC000 307005 PPC001 086003 162010
115007 060008 090017 159018 115020 147024
091022 075024 063016 082019 014007 345012.
059009 080013 347009 PPC000 PPC000 PPC000
PPC000 080007 333004 058003 PPC001 110008
116010 161011 066017 082023 075013 083027
105034 080021 097022 103021 063014 276008.
308014 220004 294010 301015 295009 325013
280007 PPC002 320009 076005 340008 131009
139019 166024 093025 027022 099021 103032
090032 116026 100019 243020 217020 221016=
069007 068011 055010 075005 064005 356004
PPC002 029004 075009 040005 PPC001 191008
111008 203006 126017 064022 087020 096015
072016 071021 083014 052009 038005 340009.
010010 057009 116005 026005 319005 031005
PPC002 042005 065006 063006 016006 135003
161005 175006 162011 119010 111012 185026
226021 195023 213021 231016 242011 310012.
028008 056008 037006 070005 043009 049008
041009 043009 028006 045004 349004 337006
304008 174018 252016 156020 215015 333013
202023 208018 236013 239011 212012 046008.
002006 026006 294003 281003 110006 031005
055008 042008 010003 046006 023005 122004
293007 210005 110015 027021 070018 071020
112026 088028 090026 041018 355009 004008.
323011 326012 328008 PPC000 076009 024006
027006 060005 049005 039006 PPC000 331004
131010 197008 019012 010017 106019 119010
160013 201008 PPC002 317004 067005 310007.
057006 328009 065008 057007 PPC002 021006
009005 035005 004006 357007 PPC002 321007
125008 195007 170018 168020 194014 165017
148016 257008 173014 278007 243008 296006.
310012 196005 315008 048007 325010 268007
079007 315008 031006 337007 339005 331003
103007 162011 095008 127031 008019 007014
323020 356013 298015 319013 318008 010008.
045004 046010 047006 037006 ////// //////
////// 011007 042007 039007 342008 328010
004005 113015 101020 051010 146023 322018
000018 335022 013023 004014 038007 PPC000.
061007 PPC002 344009 PPC000 050008 024009
327021 343018 347007 123004 167011 228004
325007 017013 331009 052013 105011 065018
018020 352016 346016 027008 012009 000005.
300007 353009 232003 032005 347004 045008
344008 072003 PPC000 348006 038004 135010
121011 145020 205019 212012 144021 135011
181009 233016 340026 341020 321009 170004.
051008 054013 032007 PPC000 077007 058008
086008 332007 336003 062007 356003 189008
158009 298007 159017 157019 043026 332016
343024 336016 343023 324014 002006 094003.
188013 088007 089007 002007 352003 042005
042005 074005 004005 055005 340006 PPC000
042007 220008 089019 357017 006019 107031
085023 074022 105027 117022 217019 264009.
059007 063008 044005 057004 068006 071006
PPC000 079005 292005 033005 097003 116006
185011 143008 155012 044009 144013 113013
050013 043019 083018 120013 232006 051011.
023010 341006 085005 350008 112005 311008
048008 020003 005006 294009 296005 281004
126008 161011 033017 023017 110010 039020
280010 125020 041016 042017 020012 299010.
034006 090004 PPC002 PPC000 235003 039006
032005 096006 353006 027005 049005 324006
116009 176010 121017 292011 050014 127017
111026 130026 065026 101019 054013 356010.
318009 337006 351007 044005 062005 063005
PPC000 028006 039006 068005 353003 166007
218009 247009 094023 071021 145018 048022
065020 023020 017023 001018 353020 344015.
345009 325018 304014 336009 312011 318005
315012 343008 316007 341007 009004 117004
184003 085008 171015 106014 074008 064009
174005 004008 323007 339020 331010 298012.
166005 316007 236003 003004 057003 204007
035005 079005 PPC002 253005 PPC001 226005
198008 083008 128017 104024 018014 059024
098032 087019 111015 108012 023011 298008.
310004 349010 023005 101003 066005 055005
042003 067006 055004 345004 337003 307005
114008 161009 162015 119021 102014 143018
004013 090017 076024 052020 153018 346004.
049003 049004 064011 PPC001 027007 PPC001
344005 066007 047008 358004 PPC002 318008
123003 175012 223016 234012 158017 124023
103028 089023 099021 101017 246004 217007.
179006 228004 272003 PPC002 314008 033006
PPC001 PPC000 336005 PPC000 019005 254005
202006 213007 150004 193006 117013 108015
143012 107015 029015 062013 092012 140008.
140006 081005 081007 PPC001 009005 344004
PPC002 PPC001 PPC000 030005 217003 138005
241004 129004 118011 093007 176015 227006
309010 314007 318007 126013 137013 010007.
067006 102004 228006 006007 120003 059004
006007 PPC001 204007 274004 173008 194009
153020 172012 165020 176017 154019 174013
176020 179013 174022 187018 185015 230005.
336008 314009 329006 296009 340009 300006
PPC002 003003 341007 PPC002 360005 178010
124008 174012 078022 064034 060030 105023
056026 113024 063031 073035 053023 049024.
048021 018019 304020 214011 174026 079035
039020 070021 108007 094008 111008 126006
026013 072015 020017 050020 086017 101019
037012 115018 063007 094009 324007 304004.
038004 005003 151007 124010 079004 PPC000
006007 331006 330005 277006 316005 PPC002
187006 124009 198011 187014 160012 239012
086014 093013 124011 131012 PPC000 353007.
004005 PPC002 088004 015008 019007 351003
045005 354003 345005 082006 PPC000 193005
127003 271009 214008 105011 122021 118025
091021 129019 118021 130018 113011 326009.
087005 128005 353007 061005 313008 040007
102007 PPC001 305004 PPC002 040003 161009
073006 087007 088016 142019 122024 135028
085022 055021 056015 087020 031008 346014.
041009 072013 021006 PPC000 PPC000 PPC000
PPC000 085005 PPC002 056004 PPC002 070007
142010 193010 098020 084021 092023 077027
083024 094024 086021 092021 078014 272009.
305013 210007 271008 303013 302009 316012
191009 026005 337007 071006 332009 129009
148022 166021 103027 038023 074017 114030
099031 110023 098019 269016 217019 230018=
029138 1323 067160 1318
041184 1424 097167 1454
031177 1442 056145 1201
038088 1618 063012 1215
027099 1250 050077 1236
027155 1153 048171 1221
035344 1542 082345 1541
038118 1118 061140 1244
031007 1540 053052 1527
033349 1706 078082 1510
042316 1426 086306 1616
038091 1708 084357 1606
025114 1226 045095 1226
025107 1551 055005 1359
030114 1612 062103 1522
033076 1524 082101 1518
024346 1808 040334 1803
039090 1505 063006 1326
027153 1846 055083 1110
032124 1355 058095 1459
020085 1554 044339 1754
016149 1329 025196 1258
026154 1738 048187 1655
046099 1538 083125 1503
072057 2219 136059 2217
022133 1334 041010 1540
031132 1423 059159 1418
036133 1355 058140 1354
035105 1343 066080 1254
042083 1449 076105 1508=
D=
K=
A=
S=
B=
??????
******
YF
O2196
河南省
豫嵩县德亭
嵩县德亭镇德亭村
丘陵；乡村；地面
空缺
计算机
计算机
计算机
计算机
计算机
20120208=
JY
8888=
GK
01/
05/=
BZ
BB/08/01时气温用正点前4分钟值代替。02时气温用正点前10分钟值代替。03时气温用正点前10分钟值代替。
BB/09/日最高气温用14时20分数据代替。
00/340843/1115458
10/24/逐时观测
10/24/24时连续观测
11/不守班=
######
