O2196 3409N 11155E 004650 004650 105 000 S15 91999999919999199999 0 2011 08
P=
TB
0200 0194 0191 0187 0182 0181 0181 0181 0181 0179 0180 0180
0182 0184 0186 0186 0187 0190 0189 0188 0187 0185 0184 0186 0207 2001 0178 0439.
0183 0183 0182 0182 0181 0180 0182 0179 0179 0178 0178 0182
0183 0189 0196 0195 0214 0201 0201 0203 0198 0194 0193 0193 0219 1305 0178 0336.
0191 0191 0189 0188 0188 0188 0188 0188 0188 0187 0193 0212
0217 0247 0247 0238 0276 0279 0289 0285 0273 0268 0254 0233 0296 1415 0187 0043.
0220 0216 0209 0203 0200 0196 0192 0190 0187 0187 0194 0205
0215 0236 0251 0251 0257 0256 0259 0259 0257 0248 0238 0231 0265 1617 0186 0506.
0229 0222 0222 0220 0216 0215 0212 0208 0205 0206 0202 0205
0206 0208 0219 0221 0224 0222 0220 0215 0211 0211 0207 0204 0231 2001 0202 0648.
0200 0195 0193 0192 0192 0192 0190 0193 0191 0192 0193 0206
0215 0218 0226 0234 0238 0243 0251 0247 0252 0249 0240 0224 0263 1444 0190 0259.
0218 0216 0216 0215 0214 0213 0212 0212 0211 0211 0215 0222
0228 0242 0251 0243 0245 0261 0275 0275 0269 0264 0249 0232 0282 1514 0211 0432.
0225 0213 0211 0204 0200 0197 0193 0190 0186 0185 0190 0211
0241 0264 0285 0304 0318 0317 0311 0314 0307 0299 0274 0254 0326 1322 0184 0545.
0237 0227 0221 0210 0206 0200 0194 0190 0184 0180 0190 0224
0258 0285 0303 0328 0341 0342 0339 0332 0326 0316 0285 0268 0349 1317 0179 0552.
0245 0232 0223 0217 0211 0204 0200 0198 0193 0193 0200 0230
0255 0253 0268 0291 0303 0312 0308 0306 0299 0284 0275 0270 0320 1432 0191 0551.
0259 0248 0242 0234 0232 0222 0223 0223 0221 0222 0227 0238
0249 0274 0287 0305 0309 0308 0298 0304 0295 0286 0277 0262 0313 1320 0217 0250.
0250 0243 0240 0234 0224 0220 0215 0210 0209 0211 0218 0238
0260 0283 0295 0304 0316 0310 0319 0314 0306 0297 0288 0278 0321 1314 0207 0433.
0267 0263 0249 0240 0236 0240 0241 0236 0231 0234 0239 0247
0270 0280 0300 0309 0316 0320 0319 0317 0309 0305 0297 0284 0322 1414 0230 0516.
0273 0268 0262 0252 0246 0242 0241 0235 0232 0229 0236 0258
0282 0304 0321 0332 0332 0337 0334 0323 0282 0279 0263 0263 0339 1415 0228 0557.
0262 0259 0257 0257 0252 0247 0243 0240 0238 0238 0243 0268
0287 0310 0326 0348 0363 0342 0344 0340 0334 0325 0311 0293 0368 1306 0237 0454.
0288 0278 0274 0268 0264 0263 0260 0257 0254 0255 0262 0276
0293 0315 0320 0312 0330 0314 0301 0292 0283 0272 0266 0263 0335 1255 0253 0457.
0262 0259 0260 0255 0254 0248 0244 0245 0240 0236 0239 0235
0241 0246 0257 0255 0262 0265 0260 0259 0261 0257 0253 0250 0265 1359 0234 0752.
0249 0245 0243 0241 0238 0234 0223 0215 0211 0209 0208 0205
0206 0205 0206 0205 0204 0205 0203 0201 0200 0196 0194 0193 0250 2001 0193 1928.
0192 0193 0189 0189 0190 0191 0191 0192 0193 0193 0196 0198
0200 0200 0200 0202 0205 0202 0208 0202 0199 0199 0192 0194 0208 1451 0188 2309.
0195 0195 0192 0191 0189 0188 0189 0188 0188 0186 0184 0183
0185 0185 0188 0197 0196 0201 0193 0188 0187 0192 0192 0191 0201 1400 0183 0738.
0186 0185 0184 0182 0184 0183 0184 0183 0183 0182 0181 0179
0180 0183 0186 0188 0188 0191 0191 0193 0188 0187 0183 0179 0194 1608 0178 0717.
0177 0176 0177 0173 0169 0172 0167 0169 0169 0167 0165 0176
0193 0218 0233 0236 0231 0233 0229 0226 0222 0216 0206 0199 0247 1222 0163 0646.
0196 0191 0191 0187 0175 0175 0179 0179 0179 0179 0180 0194
0204 0211 0219 0226 0222 0224 0222 0236 0234 0233 0214 0189 0237 1541 0174 0128.
0181 0171 0164 0161 0153 0148 0147 0142 0140 0136 0141 0169
0211 0229 0254 0272 0281 0271 0273 0270 0263 0254 0230 0209 0287 1215 0133 0609.
0197 0188 0178 0175 0169 0167 0164 0162 0160 0160 0168 0201
0225 0254 0270 0285 0286 0286 0283 0277 0269 0258 0245 0238 0289 1205 0159 0423.
0222 0211 0200 0186 0180 0173 0168 0162 0159 0166 0169 0175
0199 0236 0268 0265 0271 0267 0269 0269 0261 0252 0238 0221 0282 1310 0159 0500.
0205 0203 0193 0187 0178 0172 0168 0165 0161 0156 0162 0189
0215 0245 0270 0273 0276 0275 0277 0269 0268 0260 0236 0221 0294 1237 0155 0606.
0204 0197 0189 0189 0183 0182 0179 0173 0169 0165 0170 0189
0219 0247 0254 0265 0275 0276 0264 0260 0261 0254 0239 0227 0280 1328 0165 0553.
0218 0211 0204 0196 0190 0183 0177 0171 0168 0178 0175 0187
0219 0252 0267 0276 0281 0288 0285 0282 0278 0271 0256 0232 0293 1342 0168 0500.
0219 0215 0206 0198 0193 0189 0184 0180 0176 0172 0180 0195
0207 0231 0265 0291 0293 0303 0303 0292 0287 0280 0251 0230 0312 1419 0172 0600.
0219 0203 0196 0190 0185 0179 0175 0171 0165 0161 0167 0198
0230 0259 0284 0309 0318 0327 0330 0314 0302 0292 0248 0222 0333 1504 0161 0536=
I=
E=
U=
N=
H=
C=
V=
R6
0201 0110 0311
0238 0029 0267
0000 0000 0000
0000 0000 0000
0024 0034 0058
0167 0000 0167
0000 0000 0000
0000 0000 0000
0000 0000 0000
0000 0000 0000
0000 0000 0000
0000 0000 0000
0000 0000 0000
0000 0013 0013
0001 0000 0001
0000 0000 0000
0000 0000 0000
0010 0001 0011
0000 0000 0000
0001 0002 0003
0100 0189 0289
0000 0000 0000
0000 0000 0000
0000 0000 0000
0000 0000 0000
0000 0000 0000
0000 0000 0000
0000 0000 0000
0000 0000 0000
0000 0000 0000
0000 0000 0000=
0002 0004 0002 0035 0054 0046 0033 0010 0002 0012 0001 0000
0000 0000 0002 0001 0010 0035 0020 0019 0016 0007 0000 0000.
0000 0001 0000 0006 0023 0011 0012 0068 0061 0045 0002 0009
0011 0004 0001 0003 0003 0000 0000 0000 0000 0007 0000 0000.
0000 0000 0000 0000 0000 0000 0000 0000 0000 0000 0000 0000
0000 0000 0000 0000 0000 0000 0000 0000 0000 0000 0000 0000.
0000 0000 0000 0000 0000 0000 0000 0000 0000 0000 0000 0000
0000 0000 0000 0000 0000 0000 0000 0000 0000 0000 0000 0000.
0000 0001 0001 0004 0002 0003 0000 0000 0000 0001 0010 0002
0000 0000 0000 0001 0001 0000 0001 0013 0013 0002 0002 0001.
0015 0012 0022 0037 0031 0027 0009 0010 0004 0000 0000 0000
0000 0000 0000 0000 0000 0000 0000 0000 0000 0000 0000 0000.
0000 0000 0000 0000 0000 0000 0000 0000 0000 0000 0000 0000
0000 0000 0000 0000 0000 0000 0000 0000 0000 0000 0000 0000.
0000 0000 0000 0000 0000 0000 0000 0000 0000 0000 0000 0000
0000 0000 0000 0000 0000 0000 0000 0000 0000 0000 0000 0000.
0000 0000 0000 0000 0000 0000 0000 0000 0000 0000 0000 0000
0000 0000 0000 0000 0000 0000 0000 0000 0000 0000 0000 0000.
0000 0000 0000 0000 0000 0000 0000 0000 0000 0000 0000 0000
0000 0000 0000 0000 0000 0000 0000 0000 0000 0000 0000 0000.
0000 0000 0000 0000 0000 0000 0000 0000 0000 0000 0000 0000
0000 0000 0000 0000 0000 0000 0000 0000 0000 0000 0000 0000.
0000 0000 0000 0000 0000 0000 0000 0000 0000 0000 0000 0000
0000 0000 0000 0000 0000 0000 0000 0000 0000 0000 0000 0000.
0000 0000 0000 0000 0000 0000 0000 0000 0000 0000 0000 0000
0000 0000 0000 0000 0000 0000 0000 0000 0000 0000 0000 0000.
0000 0000 0000 0000 0000 0000 0000 0000 0000 0000 0000 0000
0000 0000 0000 0000 0000 0000 0000 0000 0000 0008 0005 0000.
0000 0001 0000 0000 0000 0000 0000 0000 0000 0000 0000 0000
0000 0000 0000 0000 0000 0000 0000 0000 0000 0000 0000 0000.
0000 0000 0000 0000 0000 0000 0000 0000 0000 0000 0000 0000
0000 0000 0000 0000 0000 0000 0000 0000 0000 0000 0000 0000.
0000 0000 0000 0000 0000 0000 0000 0000 0000 0000 0000 0000
0000 0000 0000 0000 0000 0000 0000 0000 0000 0000 0000 0000.
0000 0000 0000 0000 0000 0000 0000 0000 0002 0003 0004 0001
0001 0000 0000 0000 0000 0000 0000 0000 0000 0000 0000 0000.
0000 0000 0000 0000 0000 0000 0000 0000 0000 0000 0000 0000
0000 0000 0000 0000 0000 0000 0000 0000 0000 0000 0000 0000.
0000 0000 0000 0000 0000 0000 0000 0000 0000 0000 0000 0001
0000 0001 0001 0000 0000 0000 0000 0000 0000 0000 0000 0000.
0000 0000 0000 0000 0000 0000 0000 0000 0000 0013 0044 0043
0074 0039 0019 0011 0018 0011 0012 0004 0001 0000 0000 0000.
0000 0000 0000 0000 0000 0000 0000 0000 0000 0000 0000 0000
0000 0000 0000 0000 0000 0000 0000 0000 0000 0000 0000 0000.
0000 0000 0000 0000 0000 0000 0000 0000 0000 0000 0000 0000
0000 0000 0000 0000 0000 0000 0000 0000 0000 0000 0000 0000.
0000 0000 0000 0000 0000 0000 0000 0000 0000 0000 0000 0000
0000 0000 0000 0000 0000 0000 0000 0000 0000 0000 0000 0000.
0000 0000 0000 0000 0000 0000 0000 0000 0000 0000 0000 0000
0000 0000 0000 0000 0000 0000 0000 0000 0000 0000 0000 0000.
0000 0000 0000 0000 0000 0000 0000 0000 0000 0000 0000 0000
0000 0000 0000 0000 0000 0000 0000 0000 0000 0000 0000 0000.
0000 0000 0000 0000 0000 0000 0000 0000 0000 0000 0000 0000
0000 0000 0000 0000 0000 0000 0000 0000 0000 0000 0000 0000.
0000 0000 0000 0000 0000 0000 0000 0000 0000 0000 0000 0000
0000 0000 0000 0000 0000 0000 0000 0000 0000 0000 0000 0000.
0000 0000 0000 0000 0000 0000 0000 0000 0000 0000 0000 0000
0000 0000 0000 0000 0000 0000 0000 0000 0000 0000 0000 0000.
0000 0000 0000 0000 0000 0000 0000 0000 0000 0000 0000 0000
0000 0000 0000 0000 0000 0000 0000 0000 0000 0000 0000 0000.
0000 0000 0000 0000 0000 0000 0000 0000 0000 0000 0000 0000
0000 0000 0000 0000 0000 0000 0000 0000 0000 0000 0000 0000=
0000 ////////// 00000=
W=
L=
Z=
G=
FN
PPC001 309009 PPC000 294015 348005 300009
136007 271003 PPC000 PPC000 012009 059008
022008 091011 077011 151008 PPC002 205007
159010 126008 074007 285006 135006 225005.
017008 PPC000 254003 181005 PPC000 PPC001
271004 205008 PPC001 291003 079008 PPC000
PPC001 330006 188004 099009 190012 138017
110007 162012 203007 139005 116010 129012.
127011 147006 131010 PPC000 180007 PPC002
243005 117004 188006 PPC000 PPC000 356006
178015 255004 118011 130012 193010 157019
325009 050007 091018 096014 014008 326008.
009009 314008 219003 344007 301005 342005
PPC000 073004 005006 PPC000 PPC001 000004
320007 137006 155008 164011 161006 PPC000
PPC000 196004 212005 PPC000 150008 210006.
326006 319007 PPC000 160010 PPC000 PPC001
186004 157005 005004 132006 156006 151009
135010 138011 126008 135014 136013 261005
PPC000 274004 322015 332012 343009 330005.
335006 353005 063004 025004 333008 288006
096007 PPC001 PPC000 PPC002 147005 097010
187007 085013 081007 087009 059007 PPC000
102004 170010 151008 118005 208004 318009.
257009 253009 251007 272003 299003 324004
323005 PPC002 233004 263003 PPC000 PPC000
PPC000 162003 035017 025009 021012 281009
107008 043012 081014 058015 020010 021006.
PPC000 PPC000 190003 PPC001 062005 315007
012004 PPC000 PPC000 305013 PPC001 322008
339004 042012 090007 103006 099008 070017
052012 057009 039015 021009 016008 332007.
312008 PPC000 303005 PPC001 287012 PPC002
138003 280010 PPC002 012006 311011 309008
265008 273006 144010 297007 102005 091018
012011 110016 016011 360008 311012 332007.
094005 085005 333003 004010 030006 085007
003003 341007 016007 PPC000 114006 131005
169009 084035 111011 106008 342012 306007
122023 102015 049019 041019 029008 123014.
276009 PPC000 229006 088007 174004 077010
202010 002006 177008 082007 274007 159013
140010 146021 066013 152006 091017 108028
079020 057009 021023 075014 009010 009006.
PPC001 001009 318008 164005 331006 301006
306007 PPC001 318006 253011 242005 308005
152006 142010 175008 079016 298007 070027
078021 066015 014018 359008 022006 069009.
297007 107003 047004 PPC001 091009 016010
188006 078005 PPC000 PPC000 305006 188003
001005 146010 120018 117018 095022 106018
122017 116015 048012 041012 300008 313010.
354007 308009 011008 089008 054010 004006
324007 064004 017003 PPC000 PPC000 PPC002
327008 208005 069016 117013 084015 105018
055015 079022 340021 325013 050005 076009.
071006 088006 355005 316009 045006 PPC000
PPC002 164005 341006 PPC002 002005 PPC000
130008 218005 145014 142013 185010 079026
011030 038018 359014 020018 309005 070005.
329007 073008 004009 PPC000 PPC002 PPC000
PPC000 PPC000 347004 PPC002 PPC000 178006
111013 174011 110012 044028 089018 095019
110029 139006 246006 136014 140014 104008.
130010 282010 073012 001006 281009 084016
072012 143009 131014 027014 058008 345007
015011 003014 032019 340019 303014 308010
003021 333016 349010 061012 092007 PPC002.
094010 224003 PPC002 080008 349011 335009
114006 111013 117006 163006 099006 105011
092007 101017 055012 062015 017013 080024
066019 052010 069020 058015 328011 PPC000.
PPC000 192005 PPC000 016003 PPC001 PPC000
134007 151005 PPC000 105009 346008 327012
340010 117013 035011 313011 014008 038014
015014 052010 093010 100013 335009 286003.
190003 PPC001 PPC000 053004 PPC000 095006
PPC002 PPC000 111006 108011 123006 PPC001
217007 331010 335007 038010 321010 104007
021017 026012 329012 320006 334010 315008.
111004 PPC001 301009 327008 147009 PPC001
077006 306006 029005 300008 313010 038005
PPC002 PPC002 PPC000 PPC000 PPC000 155005
002010 278004 089009 003007 119007 120008.
155007 PPC000 PPC000 PPC001 032006 124004
PPC000 103003 186006 PPC000 149003 PPC000
181013 057009 148014 104022 041015 273013
062011 335012 030011 087007 PPC000 128003.
274007 354009 PPC000 PPC000 084008 070005
309003 324005 009006 232008 PPC000 008008
PPC001 187011 024014 154007 308003 101012
100009 001007 281007 165003 099009 315003.
309007 PPC000 PPC002 083003 PPC000 014004
PPC000 239007 188005 327006 PPC000 PPC001
050010 091011 025007 127010 096018 081019
061022 079015 352010 038012 046003 PPC000.
298006 088008 PPC000 PPC000 PPC000 020010
043005 338007 333005 PPC000 182009 347005
161007 151012 227010 102018 078023 051017
053022 352015 079023 048018 015013 346008.
296007 307006 285006 PPC000 PPC002 PPC002
PPC002 006004 PPC000 180007 185008 210011
081008 151009 102007 042012 066029 054024
065017 329021 077012 084020 207011 195005.
042008 PPC001 029006 018003 PPC000 PPC000
PPC000 PPC000 020004 PPC000 PPC000 PPC000
191006 147009 149019 299011 109020 119026
005016 110021 005015 002007 014005 312008.
074010 325003 341004 135004 059008 PPC000
PPC000 PPC000 027007 010003 089005 294005
305008 165013 083018 111019 014028 125012
113019 344010 322004 098010 344005 311010.
333011 329005 331007 048005 PPC000 PPC000
027003 PPC001 PPC000 307006 PPC000 337008
129010 104008 101011 053016 123013 084031
036018 013027 067013 031012 337009 356007.
071006 113009 055007 PPC000 PPC001 PPC000
PPC000 PPC001 PPC000 PPC000 PPC000 PPC000
PPC000 211005 273008 242011 070014 333015
105020 113025 084018 345009 296007 356007.
306010 060007 PPC000 080009 PPC000 011003
038005 PPC001 077007 045008 PPC002 PPC001
128007 137015 182011 208010 266009 260008
215012 095018 101017 016008 PPC002 001007=
PPC002 294010 PPC000 309013 038006 303007
153008 238004 PPC000 PPC000 023009 062011
048007 083010 088010 151008 084003 209008
159010 141009 008010 334004 129007 225005.
360007 110003 PPC002 PPC002 PPC001 147003
242004 179005 PPC001 294003 091007 PPC001
PPC002 329006 221004 103010 183014 134019
126005 152012 179009 196005 128011 136010.
135012 166006 138008 PPC001 168007 PPC002
237005 110004 191006 PPC001 PPC000 046005
169015 251005 122013 124015 186014 153017
024011 063008 085018 093014 022008 333008.
012008 321008 PPC002 346007 234004 005005
PPC000 047004 037006 PPC001 359003 339005
290007 133005 111008 159008 172004 PPC002
PPC000 197004 208005 PPC000 142003 261006.
342006 323008 PPC000 169008 PPC002 152003
173004 161005 PPC002 154005 144007 167009
129010 142011 148008 134012 145012 242005
PPC000 265004 325013 336012 339010 329004.
331005 329005 053004 031003 341009 296006
092006 PPC002 PPC001 PPC002 133005 100009
151008 081012 076009 098008 074009 PPC000
214005 168009 164009 151007 229005 326008.
242008 248010 246007 274003 PPC002 PPC002
329005 PPC002 227005 240003 PPC000 PPC000
PPC000 132003 030015 026009 026013 347009
097008 038012 069015 061012 023008 346006.
251003 PPC000 206004 PPC002 047005 333006
PPC002 PPC001 PPC000 307013 009004 326007
340006 047013 353007 099007 089009 063017
058014 048012 045013 026009 018007 334007.
338007 PPC000 290006 059004 274011 035004
014003 324008 322003 020006 333008 325006
285008 339006 142010 240008 044006 080015
009012 109017 041010 354007 308011 345007.
108004 056005 029005 007009 024006 076006
010003 007005 013007 PPC000 085004 113005
162009 086032 105014 105011 018011 233007
118020 112018 068018 060021 349010 132013.
291008 PPC001 234007 104008 165005 070009
178009 004005 150008 076006 031004 157013
134014 133019 131011 162008 083014 084022
076022 070013 039019 070014 015012 336006.
031004 359008 323009 011006 350005 333006
307005 001003 325006 259010 255005 253005
166007 120010 162010 078016 116008 074026
086021 036016 027015 021009 003007 064008.
306005 180004 027005 PPC002 075008 020008
177006 073004 PPC000 PPC000 308007 191004
343005 139010 119017 109017 105019 098018
110018 108016 062014 039012 325009 321009.
341008 325007 358008 072007 065009 033006
338006 067004 047005 PPC000 PPC000 302003
336007 171006 061014 114014 098018 104019
056018 046021 321020 342013 068007 072008.
048005 073004 349005 313009 088003 PPC000
PPC002 353003 328007 032004 002005 PPC000
110008 286006 152015 143011 197010 073021
014025 035018 011014 027018 320007 069007.
332007 064008 016009 PPC000 034004 PPC000
PPC002 PPC000 039004 PPC001 PPC001 199007
131015 151009 088010 051024 085018 096019
111027 129008 276007 131018 135014 051008.
117010 343009 075010 344006 302008 062016
065014 144012 126014 017014 021009 336007
351011 001015 028018 358021 314014 323011
357018 331014 006011 069013 084007 002003.
099008 192004 002003 024007 021011 325008
106007 124014 100006 155006 104008 092011
061009 105015 081014 064016 034012 081021
064016 062013 075021 050016 043012 PPC001.
004003 198005 PPC000 PPC002 PPC002 PPC002
132007 126005 PPC000 096008 359008 340011
334010 024016 045013 002011 021010 024014
053012 065012 055013 096011 346009 289006.
199003 PPC002 PPC002 072005 PPC000 093005
270003 PPC000 128005 123007 116006 PPC002
219006 313009 001010 063010 010010 085010
030016 034011 327011 328009 333010 325008.
106004 PPC001 307008 332007 146009 139003
084005 325006 002005 303008 321007 027005
297004 310004 PPC000 PPC000 PPC001 149005
060009 255004 088009 038007 121005 131009.
146007 PPC000 PPC000 PPC001 031005 113004
PPC000 125004 199006 PPC000 155005 PPC000
173013 054010 170012 108017 058016 314014
061014 354011 034011 086007 PPC000 022003.
273009 340009 PPC000 PPC002 069007 PPC002
276003 336006 340005 211007 PPC000 004007
207003 182010 046016 128009 341004 100011
100011 007008 269007 224004 098008 322007.
334006 PPC002 074005 300004 PPC000 356004
302003 288005 247003 312006 PPC001 311003
051009 089010 150007 147012 106016 067021
067021 084016 027012 023010 016005 PPC000.
294005 061006 PPC002 PPC001 PPC002 038007
042006 325007 333006 PPC000 168006 293005
159007 162011 189012 105017 045018 049017
049019 001018 059020 029022 007012 351007.
302006 327004 300006 PPC001 PPC002 PPC001
030004 013005 PPC000 196006 178008 199011
078008 135008 111008 018013 067030 053022
059020 347019 060012 028017 223011 220004.
046007 034004 026006 110003 PPC000 PPC000
PPC000 PPC000 017004 PPC000 PPC000 PPC000
200007 188009 130015 340013 100020 105024
011016 104022 008016 353009 358005 291009.
081009 340006 358005 120004 063006 PPC000
PPC000 PPC000 043006 PPC002 089006 027004
306008 166012 081019 115018 043020 105015
099020 004012 002006 103008 344005 322012.
341009 001004 358004 022005 PPC002 PPC000
032003 PPC001 PPC001 313007 PPC002 328008
204008 162007 101012 068016 113019 087026
052016 027023 071014 022013 337008 259005.
069005 093007 055006 PPC000 029004 PPC000
PPC000 PPC002 067003 PPC000 PPC000 PPC000
PPC000 218005 266008 216011 091014 350015
096019 108023 095017 349010 303008 001006.
309009 076007 PPC000 075008 PPC000 034004
054005 PPC002 067007 051008 PPC002 204003
118008 132014 157013 225011 266009 251011
221011 108015 091014 014009 014003 009007=
020095 0625 037109 0623
023137 1355 038173 1354
027118 1144 045135 1142
012174 1211 025306 2205
022140 1217 032145 1216
014070 0922 025066 1229
017061 1658 030078 1657
022050 1545 035044 1407
019004 1531 044184 1531
032086 1000 063037 1717
028086 1444 058080 1421
029094 1425 049094 1425
027124 1505 050116 1235
028099 1425 055285 1633
030079 1345 052002 1514
028105 1503 054029 1158
028009 1131 047008 1437
025081 1402 057088 1404
021033 0954 040052 1015
021019 1506 041014 1438
016089 1642 033106 1916
029089 1138 051103 1135
026094 1036 045124 1036
027116 1353 047120 1244
027032 1520 056049 1605
032063 1409 066006 1523
027112 1423 052048 1452
028116 1415 051142 1237
026087 1400 050347 1600
025088 1641 046096 1638
023094 1607 044157 1341=
D=
K=
A=
S=
B=
??????
******
YF
O2196
河南省
豫嵩县德亭
嵩县德亭镇德亭村
丘陵；乡村；地面
空缺
计算机
计算机
计算机
计算机
计算机
20120208=
JY
8888=
GK
01/
05/=
BZ
00/340843/1115458
10/24/逐时观测
10/24/24时连续观测
11/不守班=
######
