O2190 3435N 11152E 004500 004500 105 000 S15 91999999919999199999 0 2011 07
P=
TB
0314 0302 0292 0278 0262 0259 0256 0250 0239 0242 0263 0275
0285 0314 0322 0345 0351 0368 0371 0365 0354 0338 0328 0317 0380 1533 0235 0536.
0308 0301 0296 0289 0289 0288 0278 0272 0273 0269 0277 0288
0302 0301 0328 0336 0362 0357 0357 0349 0337 0328 0310 0298 0367 1512 0268 0539.
0284 0273 0258 0252 0248 0246 0243 0242 0235 0225 0223 0220
0221 0220 0219 0217 0218 0217 0218 0218 0217 0218 0217 0216 0298 2003 0215 1731.
0217 0216 0216 0217 0217 0218 0218 0217 0219 0219 0219 0221
0225 0231 0234 0237 0241 0246 0241 0227 0226 0219 0217 0213 0248 1428 0213 2000.
0211 0208 0206 0207 0206 0206 0206 0206 0202 0206 0213 0233
0242 0251 0269 0299 0311 0306 0293 0282 0264 0255 0247 0245 0319 1327 0201 0534.
0243 0241 0239 0238 0235 0234 0233 0233 0228 0226 0224 0226
0233 0232 0223 0212 0213 0217 0217 0214 0209 0205 0202 0197 0245 2027 0197 2000.
0194 0192 0189 0188 0187 0184 0181 0192 0193 0196 0213 0225
0243 0257 0267 0279 0293 0287 0303 0302 0311 0302 0280 0252 0319 1638 0179 0256.
0242 0244 0230 0215 0214 0208 0204 0191 0198 0202 0226 0249
0280 0312 0325 0339 0352 0362 0369 0364 0362 0354 0328 0289 0374 1451 0187 0354.
0276 0268 0265 0257 0239 0220 0217 0201 0203 0204 0233 0238
0276 0301 0314 0322 0344 0327 0340 0340 0341 0336 0312 0285 0352 1529 0197 0446.
0271 0268 0271 0262 0258 0254 0246 0245 0239 0240 0244 0265
0288 0320 0331 0331 0340 0338 0331 0324 0318 0312 0299 0285 0344 1256 0227 0523.
0271 0275 0268 0264 0255 0254 0246 0245 0240 0234 0246 0262
0285 0305 0312 0331 0342 0347 0347 0354 0331 0324 0318 0284 0362 1552 0229 0547.
0279 0270 0262 0266 0237 0243 0212 0210 0215 0220 0227 0234
0253 0263 0275 0293 0297 0304 0308 0309 0306 0302 0294 0232 0311 1557 0210 0400.
0227 0231 0233 0228 0225 0224 0221 0222 0221 0216 0232 0239
0258 0263 0274 0285 0300 0318 0320 0321 0323 0315 0299 0273 0330 1654 0215 0616.
0248 0243 0239 0237 0236 0227 0230 0241 0225 0226 0235 0255
0279 0294 0308 0330 0332 0341 0329 0325 0329 0328 0310 0290 0346 1223 0223 0457.
0273 0252 0243 0235 0234 0231 0211 0215 0206 0210 0229 0245
0273 0289 0299 0316 0331 0334 0344 0346 0340 0322 0299 0266 0355 1540 0205 0443.
0269 0256 0249 0244 0241 0236 0229 0224 0223 0222 0233 0237
0256 0279 0280 0309 0318 0306 0315 0315 0308 0302 0294 0277 0325 1321 0222 0352.
0264 0253 0242 0226 0229 0214 0214 0217 0204 0207 0225 0252
0269 0286 0297 0313 0311 0326 0333 0312 0313 0312 0302 0289 0338 1448 0204 0500.
0279 0267 0256 0250 0251 0242 0227 0227 0223 0231 0238 0248
0265 0276 0280 0295 0302 0314 0313 0323 0317 0301 0286 0241 0325 1527 0221 0444.
0222 0221 0225 0219 0226 0224 0222 0228 0226 0221 0227 0233
0236 0244 0258 0274 0289 0287 0299 0303 0300 0296 0275 0261 0308 1548 0214 2350.
0250 0244 0237 0232 0228 0226 0226 0222 0214 0214 0225 0239
0255 0267 0284 0300 0299 0309 0325 0322 0319 0309 0297 0287 0328 1459 0212 0531.
0276 0257 0252 0245 0237 0237 0228 0228 0223 0213 0233 0252
0266 0284 0300 0302 0307 0311 0320 0319 0315 0309 0305 0274 0334 1536 0213 0600.
0224 0223 0224 0225 0225 0224 0222 0220 0221 0217 0222 0241
0260 0259 0258 0278 0295 0308 0314 0321 0321 0317 0275 0255 0330 1627 0217 0600.
0221 0221 0221 0218 0214 0212 0210 0206 0211 0212 0222 0234
0257 0276 0292 0300 0300 0318 0329 0331 0325 0322 0308 0296 0337 1455 0205 0359.
0288 0274 0268 0259 0252 0240 0236 0236 0233 0236 0243 0256
0268 0292 0315 0331 0326 0317 0335 0342 0343 0313 0290 0263 0350 1655 0231 0453.
0260 0249 0247 0241 0242 0238 0234 0237 0228 0238 0262 0288
0309 0332 0345 0361 0369 0384 0383 0387 0376 0378 0350 0326 0391 1440 0223 0538.
0320 0303 0280 0278 0264 0261 0260 0258 0251 0246 0252 0272
0286 0298 0294 0292 0294 0291 0294 0313 0321 0307 0299 0287 0328 1719 0242 0531.
0266 0252 0240 0238 0232 0223 0217 0222 0219 0221 0238 0265
0282 0294 0318 0333 0349 0356 0366 0363 0359 0341 0324 0303 0370 1449 0212 0622.
0287 0277 0270 0263 0258 0251 0249 0254 0251 0250 0250 0254
0267 0297 0299 0306 0329 0330 0335 0337 0327 0320 0309 0303 0345 1521 0249 0300.
0295 0290 0285 0284 0280 0278 0275 0267 0267 0262 0263 0268
0279 0297 0310 0318 0316 0302 0243 0266 0258 0254 0243 0237 0329 1151 0236 1443.
0237 0216 0220 0217 0213 0208 0208 0208 0210 0212 0217 0229
0236 0249 0266 0265 0290 0306 0315 0313 0316 0313 0299 0285 0325 1529 0207 0258.
0273 0255 0259 0252 0251 0250 0245 0243 0236 0239 0238 0244
0246 0239 0250 0264 0264 0254 0234 0222 0227 0217 0214 0209 0284 2001 0209 2000=
I=
E=
U=
N=
H=
C=
V=
R6
0000 0000 0000
0000 0000 0000
0017 0051 0068
0002 0006 0008
0000 0000 0000
0000 0071 0071
0018 //// 0018
//// 0000 ////
0000 0000 0000
0000 0000 0000
0000 0004 0004
0005 0000 0005
0000 0000 0000
0000 0000 0000
0000 0000 0000
0000 0000 0000
0000 0000 0000
0000 0000 0000
0000 0000 0000
0000 0000 0000
0000 0000 0000
0063 0000 0063
0021 0000 0021
0000 0000 0000
0000 0000 0000
0000 0000 0000
0000 0000 0000
0000 0000 0000
0000 0020 0020
0031 //// 0031
0000 0037 0037=
0000 0000 0000 0000 0000 0000 0000 0000 0000 0000 0000 0000
0000 0000 0000 0000 0000 0000 0000 0000 0000 0000 0000 0000.
0000 0000 0000 0000 0000 0000 0000 0000 0000 0000 0000 0000
0000 0000 0000 0000 0000 0000 0000 0000 0000 0000 0000 0000.
0000 0000 0000 0000 0000 0000 0000 0000 0000 0003 0006 0008
0005 0001 0000 0005 0001 0007 0014 0007 0009 0002 0000 0000.
0000 0000 0000 0000 0000 0000 0000 0000 0000 0002 0000 0000
0000 0000 0000 0000 0000 0000 0001 0002 0000 0002 0001 0000.
0000 0000 0000 0000 0000 0000 0000 0000 0000 0000 0000 0000
0000 0000 0000 0000 0000 0000 0000 0000 0000 0000 0000 0000.
0000 0000 0000 0000 0000 0000 0000 0000 0000 0000 0000 0000
0000 0000 0004 0008 0012 0007 0004 0004 0013 0004 0003 0012.
0014 0003 0000 0000 0001 0000 0000 0000 0000 0000 0000 0000
0000 0000 0000 0000 //// 0000 0000 0000 //// //// //// ////.
0000 0000 0000 0000 0000 0000 0000 0000 //// 0000 //// 0000
0000 0000 0000 0000 0000 0000 0000 0000 0000 0000 0000 0000.
0000 0000 0000 0000 0000 0000 0000 0000 0000 0000 0000 0000
0000 0000 0000 0000 0000 0000 0000 0000 0000 0000 0000 0000.
0000 0000 0000 0000 0000 0000 0000 0000 0000 0000 0000 0000
0000 0000 0000 0000 0000 0000 0000 0000 0000 0000 0000 0000.
0000 0000 0000 0000 0000 0000 0000 0000 0000 0000 0000 0000
0000 0000 0000 0000 0000 0000 0000 0000 0000 0000 0000 0004.
0000 0000 0000 0000 0000 0000 0003 0002 0000 0000 0000 0000
0000 0000 0000 0000 0000 0000 0000 0000 0000 0000 0000 0000.
0000 0000 0000 0000 0000 0000 0000 0000 0000 0000 0000 0000
0000 0000 0000 0000 0000 0000 0000 0000 0000 0000 0000 0000.
0000 0000 0000 0000 0000 0000 0000 0000 0000 0000 0000 0000
0000 0000 0000 0000 0000 0000 0000 0000 0000 0000 0000 0000.
0000 0000 0000 0000 0000 0000 0000 0000 0000 0000 0000 0000
0000 0000 0000 0000 0000 0000 0000 0000 0000 0000 0000 0000.
0000 0000 0000 0000 0000 0000 0000 0000 0000 0000 0000 0000
0000 0000 0000 0000 0000 0000 0000 0000 0000 0000 0000 0000.
0000 0000 0000 0000 0000 0000 0000 0000 0000 0000 0000 0000
0000 0000 0000 0000 0000 0000 0000 0000 0000 0000 0000 0000.
0000 0000 0000 0000 0000 0000 0000 0000 0000 0000 0000 0000
0000 0000 0000 0000 0000 0000 0000 0000 0000 0000 0000 0000.
0000 0000 0000 0000 0000 0000 0000 0000 0000 0000 0000 0000
0000 0000 0000 0000 0000 0000 0000 0000 0000 0000 0000 0000.
0000 0000 0000 0000 0000 0000 0000 0000 0000 0000 0000 0000
0000 0000 0000 0000 0000 0000 0000 0000 0000 0000 0000 0000.
0000 0000 0000 0000 0000 0000 0000 0000 0000 0000 0000 0000
0000 0000 0000 0000 0000 0000 0000 0000 0000 0000 0000 0000.
0047 0016 0000 0000 0000 0000 0000 0000 0000 0000 0000 0000
0000 0000 0000 0000 0000 0000 0000 0000 0000 0000 0000 0000.
0021 0000 0000 0000 0000 0000 0000 0000 0000 0000 0000 0000
0000 0000 0000 0000 0000 0000 0000 0000 0000 0000 0000 0000.
0000 0000 0000 0000 0000 0000 0000 0000 0000 0000 0000 0000
0000 0000 0000 0000 0000 0000 0000 0000 0000 0000 0000 0000.
0000 0000 0000 0000 0000 0000 0000 0000 0000 0000 0000 0000
0000 0000 0000 0000 0000 0000 0000 0000 0000 0000 0000 0000.
0000 0000 0000 0000 0000 0000 0000 0000 0000 0000 0000 0000
0000 0000 0000 0000 0000 0000 0000 0000 0000 0000 0000 0000.
0000 0000 0000 0000 0000 0000 0000 0000 0000 0000 0000 0000
0000 0000 0000 0000 0000 0000 0000 0000 0000 0000 0000 0000.
0000 0000 0000 0000 0000 0000 0000 0000 0000 0000 0000 0000
0000 0000 0000 0000 0000 0000 0000 0000 0000 0000 0000 0000.
0000 0000 0000 0000 0000 0000 0000 0000 0000 0000 0000 0000
0000 0000 0000 0000 0000 0000 0019 0001 0000 0000 0000 0000.
0000 0008 0000 0002 0001 0018 0001 0001 0000 0000 0000 0000
0000 0000 0000 0000 0000 0000 0000 0000 //// 0000 0000 0000.
0000 0000 0000 0000 0000 0000 0000 0000 0000 0000 0000 0000
0000 0001 0001 0001 0000 0001 0012 0011 0004 0001 0002 0003=
0000 ////////// 00000=
W=
L=
Z=
G=
FN
126016 096025 106016 056009 012009 039012
135008 045006 020007 107008 105016 092012
115012 213007 127011 143017 137019 105041
145023 085051 126032 120034 120037 112035.
098036 092031 103020 092022 117015 095021
045010 057012 077014 088021 065019 102032
031025 103032 115022 116029 156025 128015
144020 134028 097045 085048 094039 089029.
059038 070041 070035 093035 059033 081028
075036 079026 080026 074025 064014 084029
078031 079031 077022 078033 088036 081027
091028 096030 092012 097013 100013 024010.
021010 000006 333006 318006 307004 003009
031009 011008 181012 138006 082005 359011
098010 119008 091019 105011 133012 126009
112013 052016 066015 115020 133008 125007.
113010 016015 010012 PPC001 PPC001 PPC002
306009 PPC002 283006 291006 257011 252011
302013 237015 207028 322015 326021 318041
302050 311054 312053 304048 293033 300026.
292029 304031 306033 288027 301020 282014
310023 293026 289019 298030 316013 310019
272012 310019 304037 316030 310028 273013
267024 295020 304027 313046 308020 314014.
258016 228009 319024 284022 277015 303025
314026 292023 257019 236029 295032 304055
304040 305057 291038 312040 289041 324043
317032 319033 308043 309035 318011 301006.
275005 296014 292009 196005 229005 289008
261009 293010 279007 294016 259006 245010
248014 203013 300022 297019 307031 333037
322039 321041 299034 316023 327011 320006.
001012 284012 306019 304009 003003 266014
250011 054007 258021 297007 143007 218013
226009 170008 174012 149013 169011 175021
093027 113020 140018 151011 146010 036010.
020015 344010 PPC000 PPC002 016008 181006
PPC001 PPC001 203007 276009 275007 322008
163008 105019 103021 100006 148020 113013
143013 168011 175013 158009 111005 105010.
042012 091014 032016 077009 030008 064006
068011 061011 PPC000 078005 293005 106005
096013 119014 172012 104032 129027 156024
154017 160020 213017 210018 172009 118011.
089018 009012 017011 027019 046041 125023
182022 331008 332021 341015 PPC000 223008
208014 200023 227020 132007 157012 123015
170012 196006 099016 092006 076016 091054.
026013 329016 242003 249015 215007 242015
277009 PPC002 304008 286006 300008 303004
193006 133009 109010 157008 086010 330015
124019 128021 131017 120015 114017 068013.
032010 053010 006010 004008 237015 351011
297010 268015 303018 293015 238016 290017
316011 232013 231028 308008 105016 048011
019018 215023 204030 169020 116022 107016.
089022 023010 009009 039009 072007 091013
349011 038012 359009 046007 220010 184004
111014 087023 084027 111020 123027 125023
113031 131034 106035 109031 098061 076023.
079021 084009 077010 038018 090015 109016
092015 089013 012012 066013 080015 099024
093024 164011 112016 109013 131026 126030
120026 110025 117023 128021 153015 099017.
086014 130018 129005 017010 116006 033010
074008 162005 163003 020010 002009 077017
148013 133010 144028 093033 112024 119034
095025 110024 119025 102031 129020 096027.
079021 135012 082016 101008 121008 091013
336003 341009 049008 201008 021008 107015
115012 052020 098012 077042 103032 137028
092042 120027 112024 099031 093041 127040.
065012 033006 090011 048013 057015 075010
057007 110007 137007 045007 096015 098035
075027 084026 143015 116022 105009 185015
107008 149021 134018 130021 131015 127018.
075014 099019 075013 078017 081015 065013
088011 099015 120007 102004 109006 094024
073023 086013 102033 124018 077020 152017
113023 141013 132019 131020 112019 110015.
071022 070017 088014 060013 063015 065009
054010 104014 PPC001 023007 060009 074015
102013 080021 115014 108017 119028 143015
113014 178015 149017 147014 142008 307026.
273012 212018 305007 255012 251016 217010
230006 044009 154011 325006 014003 118014
110018 091011 133007 075017 119018 090012
033009 074017 143011 152020 128018 116039.
071019 041006 075019 042009 014011 PPC001
338006 018005 349007 055003 276007 325008
014009 176012 079023 130016 124024 095022
110017 130021 125022 113017 146018 105026.
095026 052011 056015 PPC000 PPC000 348010
008009 055007 PPC000 357014 022007 196010
247007 124006 290008 265017 251028 256027
233027 211019 199029 155022 007051 069020.
317012 PPC000 297012 310015 296012 283010
273009 259009 269015 322022 323021 319025
309027 312028 284026 289031 315038 328027
314032 316034 316034 317025 317020 303010.
305015 000012 255009 258018 032017 058015
067011 228008 314005 285006 306009 078006
078011 107012 095008 311029 323040 342024
063014 221016 305012 158013 155014 088010.
030011 020008 030012 070010 040008 016016
358009 106004 287007 242008 256007 195006
143006 238010 103012 099008 105026 071018
113027 121025 144026 142022 133015 128022.
087022 079024 067018 082017 089014 051010
069014 126016 126009 117012 088008 098014
102032 088026 103030 084037 096042 097038
119029 132023 129020 136023 111026 105024.
103024 105035 114025 109032 114029 101045
093030 085020 092049 088018 087021 106026
113032 091043 093020 081010 343048 333067
325044 335027 318040 315047 304038 313030.
300041 289019 350011 271025 301018 276022
241018 249016 297021 286020 306030 282010
289019 305023 298031 245025 207027 223030
262027 235020 ////// 285014 316027 206012.
303011 PPC000 232006 297006 258016 295007
265010 327003 318012 253008 259017 287011
233008 251023 231009 342020 331019 256018
306023 340018 253015 303021 333012 283007=
119018 093019 104013 063009 008010 033009
113010 053005 021007 102009 089009 081013
140011 154015 147014 144021 134026 100031
122033 093044 113037 125034 126030 106040.
097036 092031 099017 091018 120014 097016
059011 050010 078012 085018 074019 096028
066024 101026 110017 105023 126025 118023
146020 131028 104045 094042 082035 085029.
066033 074036 079043 086031 065030 081031
080030 081028 082027 069022 055014 084031
079029 082031 079032 077033 088033 079028
084025 097029 107014 095013 100015 035008.
027007 008004 354004 298004 330003 005008
026008 PPC002 183008 096005 116005 028007
101010 098011 096017 102010 129012 102012
116014 056019 064015 125018 128008 118009.
106008 021011 010012 037003 PPC002 291003
308006 PPC001 281005 304008 256008 249008
292010 253017 205017 301018 314022 309037
304041 308047 316049 307039 294029 293028.
291029 297029 302024 289028 298024 292020
306020 303027 291018 298025 314015 300014
251016 309020 306035 313032 307028 272014
265020 287022 301027 311040 304018 299014.
253015 272009 292020 271018 317013 297021
310022 294024 277020 241028 293034 303052
304046 306043 293044 316038 299043 313040
323037 326037 311038 309034 306011 290005.
291007 292013 277008 246004 286005 248008
256010 286008 250007 300014 257010 252009
261014 274014 299020 312031 302035 323035
321043 322043 300029 321028 327011 312007.
002011 262008 304015 239008 242007 269014
256011 058008 257018 285005 146006 224014
210009 188008 163014 160010 097016 179018
116022 111022 140016 136009 144009 039008.
019012 347010 216005 PPC000 016010 165005
255003 PPC002 203006 264006 263008 300007
178009 113015 117016 105013 144013 125013
138015 154012 166010 161010 112006 104010.
024011 092009 038013 070010 033008 044003
070010 061012 PPC000 061003 275003 059003
085014 114016 146017 094030 134018 145021
156010 150014 207020 210014 187008 120013.
089013 022012 012010 027018 042050 129039
172020 324007 324024 336016 011004 231008
198013 219019 209017 160013 172017 128016
151013 198012 109012 105011 076015 100043.
350009 331018 224007 246012 235006 249014
273006 267004 311007 299005 302003 291004
183005 161009 112012 152010 097011 020016
134017 130017 139016 137019 117013 073012.
027009 053010 357009 013009 237016 346010
323008 302015 304012 270014 236017 294016
319013 251013 234020 304012 119018 028018
061013 192023 190020 152017 123017 104014.
084021 024010 008010 041009 084010 098013
000010 055011 354010 044006 219008 243005
103012 086021 100025 104025 117025 128030
137025 124026 138026 107038 109048 069020.
087027 069013 070012 043017 077017 102018
079012 080012 012012 064011 082014 099019
098020 133015 135017 119021 116021 112031
109029 122027 130024 139021 154016 095016.
099012 127014 121008 015012 129006 032007
065010 150006 122003 026009 005008 063013
116015 119016 119021 099028 108037 119031
104027 109033 119025 107033 131018 099027.
088023 122014 089013 106008 109012 096009
359007 340007 042006 205008 014004 097013
116011 068017 113019 095023 107029 124030
101025 115019 122022 102036 080037 118039.
076011 065007 081008 040014 055013 075009
064006 115007 128009 044006 094014 095027
073021 078025 121020 113019 144015 175017
106014 132019 143015 158014 136015 128015.
077015 095018 082014 071018 077015 065015
085012 102012 113008 117006 124005 096023
096021 110019 114021 108019 085018 091018
108023 141021 139018 126021 119022 123018.
074019 070019 088017 065013 059012 068011
055008 100014 118005 032008 050007 084017
099018 072019 083017 123016 114020 145015
109016 154016 149017 152013 141009 306022.
267018 229018 293007 264010 248013 222009
214007 037008 145012 328006 038003 110017
105014 072009 132008 050013 105016 114016
070011 087022 135014 143017 136016 106045.
069020 038009 061018 046011 359008 074006
000004 004008 343005 045004 275007 309006
000008 139010 080017 105025 110028 101026
113021 126023 121024 119020 136017 114020.
099024 050010 049014 PPC001 146006 350009
015008 058006 PPC000 057006 036007 186007
230009 156007 301012 261021 230028 256027
234026 208020 194027 145020 356037 050017.
302010 346003 291013 307015 290011 289011
269008 295009 267012 316019 323023 322023
301029 303027 278024 288025 318035 324034
313033 313035 312030 325022 318018 301009.
308015 358011 240007 260015 065011 050014
066011 191006 290005 333003 281012 039003
081012 099013 058006 308025 334038 343026
064020 215009 266010 178019 161015 106015.
040012 036009 034011 053010 028011 000010
353011 PPC002 281005 245005 271007 254008
103007 257015 108015 074012 109024 098030
111033 116024 115030 137024 129016 121021.
090019 076022 067017 077017 081013 074010
078011 114015 127010 141010 114008 097014
097027 081023 110030 092035 107032 101035
121029 132024 127027 153021 119027 107027.
096026 103035 114025 115026 116028 102042
093027 082022 096039 074015 091020 107029
113028 097034 093029 083016 341046 332060
323032 329034 317043 315037 305049 313028.
298035 270016 324020 264024 315016 268021
267019 265012 285017 290021 300024 267008
285019 298024 302026 246029 214028 233035
239027 234021 ////// 263016 321021 201011.
304012 PPC000 221008 277009 255013 276008
251010 296005 310008 318006 256016 262011
250009 247021 239008 345022 336024 249022
314023 334013 273013 295017 328012 287005=
049102 1416 088084 1631
053096 1821 079096 1820
050088 2248 083098 2033
024049 1614 042059 1608
053307 1626 079298 1507
042319 1812 066343 1750
054304 0756 101292 0849
045318 1533 083335 1418
027085 1524 049104 1456
021154 1346 045183 1339
032101 1313 057098 1309
068075 0121 106082 0111
042097 2001 049073 2004
029172 1537 043343 1134
069095 1909 099068 1900
044107 1451 070141 1640
038107 1259 060098 1540
053095 1931 082141 1935
040124 2003 081127 2003
032109 1611 055101 1535
028094 2138 049096 1233
045106 2000 075104 1932
043112 2001 058141 2004
044356 1903 064000 1912
043318 1226 073332 1704
051339 1242 078329 1240
039093 1431 076115 1522
047103 1432 073098 1330
063330 1403 107318 1330
039303 1036 068304 2105
033351 1223 052006 1205=
D=
K=
A=
S=
B=
??????
******
YF
O2190
河南省
豫宜阳高村
宜阳县高村乡烟站
丘陵；城镇；地面
空缺
计算机
计算机
计算机
计算机
计算机
20120208=
JY
8888=
GK
01/
05/=
BZ
BB/30/17时气温用正点前1分钟值代替。
00/343459/1115147
10/24/逐时观测
10/24/24时连续观测
11/不守班=
######
