O2182 3428N 11129E 007060 007060 105 000 S15 91999999919999199999 0 2010 05
P=
TB
0159 0157 0156 0155 0135 0129 0124 0127 0119 0116 0138 0188
0204 0225 0256 0271 0284 0289 0282 0288 0280 0272 0221 0207 0300 1419 0108 0544.
0208 0192 0223 0222 0219 0217 0222 0218 0213 0207 0207 0236
0255 0263 0288 0300 0290 0317 0278 0313 0315 0302 0240 0234 0327 1346 0188 2148.
0258 0254 0248 0241 0244 0234 0229 0214 0205 0200 0202 0223
0255 0260 0270 0267 0273 0263 0259 0255 0263 0249 0237 0230 0276 1109 0194 0636.
0227 0211 0216 0206 0203 0196 0200 0203 0199 0194 0194 0195
0196 0197 0195 0193 0193 0184 0184 0178 0174 0175 0174 0173 0230 2001 0173 1916.
0170 0169 0165 0163 0162 0163 0158 0156 0179 0187 0184 0185
0172 0179 0190 0196 0193 0193 0184 0209 0216 0213 0190 0165 0218 1725 0153 0431.
0171 0165 0173 0186 0183 0167 0156 0144 0139 0148 0143 0150
0178 0178 0195 0208 0218 0242 0242 0252 0248 0216 0179 0167 0256 1611 0132 0447.
0161 0162 0143 0143 0141 0125 0125 0126 0120 0116 0137 0180
0210 0234 0246 0252 0262 0270 0287 0273 0257 0247 0225 0205 0288 1501 0114 0608.
0214 0223 0220 0197 0193 0188 0171 0174 0169 0158 0161 0168
0176 0175 0192 0195 0192 0190 0215 0214 0216 0206 0189 0173 0225 2203 0154 0606.
0163 0146 0143 0135 0130 0123 0117 0118 0114 0119 0166 0165
0171 0179 0188 0178 0186 0197 0195 0192 0184 0176 0155 0141 0201 1447 0109 0445.
0136 0131 0129 0125 0113 0116 0106 0102 0099 0100 0121 0149
0178 0201 0213 0233 0242 0248 0251 0255 0238 0232 0192 0173 0266 1425 0093 0434.
0167 0161 0160 0158 0177 0160 0146 0141 0141 0143 0176 0173
0172 0183 0202 0221 0229 0239 0236 0232 0228 0213 0198 0182 0245 1425 0136 0444.
0170 0157 0148 0142 0140 0133 0128 0124 0121 0122 0127 0139
0145 0148 0139 //// //// 0125 0115 0112 0111 0113 0116 0113 0180 2001 0109 1640.
0115 0118 0114 0114 0111 0112 0111 0108 0108 0112 0115 0116
0120 0120 0129 0136 0142 0149 0151 0161 0158 0153 0151 0148 0162 1531 0108 0340.
0149 0148 0149 0140 0140 0140 0138 0135 0133 0131 0131 0143
0151 0154 0165 0177 0184 0190 0187 0191 0183 0176 0171 0156 0200 1442 0129 0638.
0146 0144 0140 0135 0129 0125 0122 0111 0113 0112 0125 0140
0159 0169 0175 0185 0197 0198 0191 0188 0186 0181 0175 0169 0209 1318 0108 0412.
0161 0157 0151 0143 0145 0140 0137 0133 0131 0130 0131 0131
0133 0136 0139 0137 0138 0136 0137 0135 0133 0132 0132 0130 0169 2001 0129 0556.
0131 0130 0129 0129 0129 0128 0129 0129 0129 0130 0134 0146
0150 0171 0179 0179 0188 0188 0204 0201 0193 0194 0180 0171 0206 1459 0128 0021.
0184 0169 0170 0151 0139 0134 0129 0129 0125 0121 0127 0131
0135 0148 0176 0187 0197 0200 0191 0193 0208 0192 0166 0155 0213 1331 0115 0539.
0128 0140 0142 0131 0137 0127 0125 0131 0155 0148 0167 0196
0230 0239 0250 0246 0252 0255 0266 0268 0257 0253 0200 0175 0273 1555 0113 0219.
0166 0161 0160 0158 0164 0142 0150 0149 0141 0142 0171 0185
0202 0232 0256 0249 0252 0245 0243 0247 0234 0224 0213 0202 0264 1240 0134 0530.
0204 0192 0190 0189 0178 0175 0180 0152 0146 0141 0142 0147
0159 0151 0148 0150 0140 0137 0141 0146 0153 0154 0154 0150 0205 2047 0135 1346.
0146 0143 0149 0142 0143 0137 0131 0138 0133 0133 0140 0153
0161 0200 0219 0240 0255 0253 0245 0238 0244 0247 0216 0190 0261 1356 0130 0537.
0186 0183 0179 0171 0152 0142 0137 0135 0134 0138 0159 0181
0193 0205 0219 0238 0253 0268 0270 0272 0269 0266 0228 0207 0281 1611 0130 0526.
0215 0186 0197 0189 0180 0172 0173 0164 0160 0165 0205 0230
0259 0286 0298 0322 0329 0334 0336 0336 0325 0308 0259 0248 0346 1414 0156 0342.
0236 0225 0217 0211 0204 0207 0206 0203 0197 0189 0192 0198
0214 0221 0229 0243 0244 0242 0241 0242 0238 0232 0224 0217 0253 1313 0188 0603.
0210 0206 0201 0197 0193 0189 0189 0186 0183 0178 0179 0182
0179 0168 0158 0165 0167 0160 0159 0160 0163 0163 0164 0163 0216 2001 0158 1055.
0163 0162 0162 0161 0161 0159 0157 0157 0156 0156 0155 0156
0156 0150 0152 0155 0155 0158 0157 0151 0143 0141 0141 0140 0164 2047 0140 1826.
0139 0137 0138 0136 0136 0134 0134 0136 0135 0135 0139 0147
0162 0181 0191 0204 0209 0228 0238 0242 0235 0232 0217 0186 0249 1549 0133 0232.
0168 0169 0174 0164 0186 0171 0169 0155 0158 0152 0181 0232
0243 0253 0257 0275 0283 0289 0291 0281 0279 0274 0237 0213 0297 1430 0148 0438.
0203 0212 0209 0199 0192 0190 0188 0180 0184 0190 0199 0207
0202 0261 0279 //// //// 0300 0292 0295 0280 0263 0234 0233 0304 1440 0177 0434.
0243 0212 0212 0208 0207 0203 0196 0197 0195 0193 0194 0208
0224 0227 0228 0238 0247 0258 0237 0233 0228 0222 0214 0208 0259 1336 0190 0549=
I=
E=
U=
N=
H=
C=
V=
R6
0000 0000 0000
0000 0000 0000
0000 0000 0000
0000 0051 0051
0007 0000 0007
0000 0000 0000
0000 0000 0000
0000 0000 0000
0000 0000 0000
0000 0000 0000
0000 0000 0000
0000 0109 0109
0043 0003 0046
0002 0000 0002
0000 0000 0000
0000 0105 0105
0040 0000 0040
0000 0000 0000
0000 0000 0000
0000 0000 0000
0015 0008 0023
0000 0000 0000
0000 0000 0000
0000 0000 0000
0000 0000 0000
0000 0046 0046
0112 0255 0367
0020 0000 0020
0000 0000 0000
0000 //// ////
0000 0000 0000=
0000 0000 0000 0000 0000 0000 0000 0000 0000 0000 0000 0000
0000 0000 0000 0000 0000 0000 0000 0000 0000 0000 0000 0000.
0000 0000 0000 0000 0000 0000 0000 0000 0000 0000 0000 0000
0000 0000 0000 0000 0000 0000 0000 0000 0000 0000 0000 0000.
0000 0000 0000 0000 0000 0000 0000 0000 0000 0000 0000 0000
0000 0000 0000 0000 0000 0000 0000 0000 0000 0000 0000 0000.
0000 0000 0000 0000 0000 0000 0000 0000 0000 0000 0000 0000
0000 0000 0000 0002 0000 0021 0011 0013 0000 0000 0002 0002.
0001 0000 0005 0001 0000 0000 0000 0000 0000 0000 0000 0000
0000 0000 0000 0000 0000 0000 0000 0000 0000 0000 0000 0000.
0000 0000 0000 0000 0000 0000 0000 0000 0000 0000 0000 0000
0000 0000 0000 0000 0000 0000 0000 0000 0000 0000 0000 0000.
0000 0000 0000 0000 0000 0000 0000 0000 0000 0000 0000 0000
0000 0000 0000 0000 0000 0000 0000 0000 0000 0000 0000 0000.
0000 0000 0000 0000 0000 0000 0000 0000 0000 0000 0000 0000
0000 0000 0000 0000 0000 0000 0000 0000 0000 0000 0000 0000.
0000 0000 0000 0000 0000 0000 0000 0000 0000 0000 0000 0000
0000 0000 0000 0000 0000 0000 0000 0000 0000 0000 0000 0000.
0000 0000 0000 0000 0000 0000 0000 0000 0000 0000 0000 0000
0000 0000 0000 0000 0000 0000 0000 0000 0000 0000 0000 0000.
0000 0000 0000 0000 0000 0000 0000 0000 0000 0000 0000 0000
0000 0000 0000 0000 0000 0000 0000 0000 0000 0000 0000 0000.
0000 0000 0000 0000 0000 0000 0000 0000 0000 0000 0000 0000
0000 0000 0002 0000 //// 0011 0023 0021 0021 0009 0016 0006.
0004 0001 0000 0000 0004 0009 0010 0013 0002 0000 0000 0000
0001 0002 0000 0000 0000 0000 0000 0000 0000 0000 0000 0000.
0000 0000 0000 0002 0000 0000 0000 0000 0000 0000 0000 0000
0000 0000 0000 0000 0000 0000 0000 0000 0000 0000 0000 0000.
0000 0000 0000 0000 0000 0000 0000 0000 0000 0000 0000 0000
0000 0000 0000 0000 0000 0000 0000 0000 0000 0000 0000 0000.
0000 0000 0000 0000 0000 0000 0000 0000 0000 0000 0000 0000
0000 0000 0000 0000 0000 0000 0000 0008 0015 0023 0020 0039.
0013 0006 0018 0000 0002 0001 0000 0000 0000 0000 0000 0000
0000 0000 0000 0000 0000 0000 0000 0000 0000 0000 0000 0000.
0000 0000 0000 0000 0000 0000 0000 0000 0000 0000 0000 0000
0000 0000 0000 0000 0000 0000 0000 0000 0000 0000 0000 0000.
0000 0000 0000 0000 0000 0000 0000 0000 0000 0000 0000 0000
0000 0000 0000 0000 0000 0000 0000 0000 0000 0000 0000 0000.
0000 0000 0000 0000 0000 0000 0000 0000 0000 0000 0000 0000
0000 0000 0000 0000 0000 0000 0000 0000 0000 0000 0000 0000.
0000 0000 0000 0000 0000 0000 0000 0002 0004 0004 0004 0001
0001 0001 0001 0000 0004 0001 0000 0000 0000 0000 0000 0000.
0000 0000 0000 0000 0000 0000 0000 0000 0000 0000 0000 0000
0000 0000 0000 0000 0000 0000 0000 0000 0000 0000 0000 0000.
0000 0000 0000 0000 0000 0000 0000 0000 0000 0000 0000 0000
0000 0000 0000 0000 0000 0000 0000 0000 0000 0000 0000 0000.
0000 0000 0000 0000 0000 0000 0000 0000 0000 0000 0000 0000
0000 0000 0000 0000 0000 0000 0000 0000 0000 0000 0000 0000.
0000 0000 0000 0000 0000 0000 0000 0000 0000 0000 0000 0000
0000 0000 0000 0000 0000 0000 0000 0000 0000 0000 0000 0000.
0000 0000 0000 0000 0000 0000 0000 0000 0000 0000 0000 0000
0000 0003 0030 0011 0000 0000 0000 0001 0000 0000 0000 0001.
0002 0004 0004 0011 0000 0001 0000 0006 0022 0003 0010 0049
0059 0035 0038 0034 0025 0023 0014 0017 0007 0001 0001 0001.
0003 0003 0002 0004 0004 0002 0001 0001 0000 0000 0000 0000
0000 0000 0000 0000 0000 0000 0000 0000 0000 0000 0000 0000.
0000 0000 0000 0000 0000 0000 0000 0000 0000 0000 0000 0000
0000 0000 0000 0000 0000 0000 0000 0000 0000 0000 0000 0000.
0000 0000 0000 0000 0000 0000 0000 0000 0000 0000 0000 0000
0000 0000 0000 //// //// 0000 0000 0000 0000 0000 0000 0000.
0000 0000 0000 0000 0000 0000 0000 0000 0000 0000 0000 0000
0000 0000 0000 0000 0000 0000 0000 0000 0000 0000 0000 0000=
0000 ////////// 00000=
W=
L=
Z=
G=
FN
295014 286024 320008 340011 355014 316011
334009 312012 296011 295013 007013 PPC000
176017 188026 233011 102022 079027 235017
222015 114030 101019 099008 298014 310015.
287021 287027 264029 239027 237044 231032
243058 241049 217014 199013 146006 187018
224023 198048 234029 195030 083017 037015
268071 341033 171013 233009 289025 289028.
259032 240033 259041 236040 230042 251040
254008 238004 242023 319007 124004 092008
082009 076014 093019 081028 031017 060022
029017 060027 035009 059033 343018 346019.
345017 003015 293014 270012 330007 302011
013022 012019 023010 010021 015026 020029
013027 023022 024019 350019 031020 038026
070045 014012 012018 086017 011009 040029.
358013 016013 358012 287010 183010 242021
060008 268012 339015 013023 283021 088013
306034 279025 253024 339014 267042 288036
202010 294034 277015 284059 290018 289021.
282025 269029 283018 249020 317027 100005
266014 269014 323007 300019 150006 278004
185012 198024 207016 232012 340028 263023
184016 258022 356012 181029 293009 286028.
293020 285012 292015 281017 277010 255017
267014 275014 301010 269004 259009 149012
152016 155018 163012 217013 190027 181029
040007 158011 190010 294010 298021 288015.
290012 267034 277026 195011 295013 087020
324010 332010 002007 338011 294007 013008
////// 158013 018008 085019 146014 130014
120009 125031 066018 119027 076037 032011.
038017 003019 004015 327007 305009 291018
302008 329010 303014 259012 329029 323029
297024 322014 295014 321066 328021 298046
310024 342020 354012 345014 298017 289026.
308014 298017 307012 299022 288015 297017
293021 296017 308018 294014 286012 151010
170015 215032 215019 133023 216028 185028
136022 138029 181030 156012 292016 293018.
306022 292019 297019 288021 252026 286009
321007 306014 286016 300012 PPC000 011024
017040 070031 091023 092030 087025 085037
089024 067035 057038 031029 048010 019019.
002027 352029 345017 348018 348013 011015
008031 355013 015021 025020 031012 009026
058035 046017 034011 ////// ////// 043024
019012 034026 016024 355031 040020 053021.
037016 031013 349020 353025 024014 007024
014018 043018 052024 051023 033023 067037
051027 047029 016015 031015 038025 066013
038017 087009 060016 002009 359009 350008.
354017 011012 026011 342020 348009 008013
013011 355010 012011 344009 331005 350014
039010 102010 234010 134012 105022 089026
////// 087018 101024 098013 052004 351009.
339013 338010 348014 347012 344011 343015
006022 325014 008024 015019 003013 021013
032014 109027 085055 096035 051031 061023
077039 075041 076042 087031 068028 036014.
060026 011014 068031 023016 028015 357008
352018 001026 020016 045012 044013 063024
041016 086022 059020 076037 068018 050011
048017 042017 043020 015015 357011 359010.
004008 038006 PPC000 142004 030005 PPC000
241007 255008 193011 353005 187006 168008
188009 184010 199021 195015 245013 206012
190028 163022 204016 215013 254013 298012.
297017 276012 298035 250016 272082 265050
266041 247043 248021 260019 236013 256027
269034 284026 239032 301020 258012 155005
239028 244056 265024 191027 291018 286027.
287028 278024 267027 278016 330018 293011
217017 273020 283035 289030 279031 296011
268033 274040 292017 183033 273007 176020
088019 163005 134015 196007 288014 307016.
289020 298013 285028 299024 295020 332008
294016 311017 331008 291019 PPC000 PPC000
139013 ////// 074014 100027 077025 133025
152016 093021 125014 058008 344014 349012.
005022 070011 357014 348014 332004 002008
002018 221007 141021 001006 272007 296012
339021 329029 181019 252007 192029 228030
202033 256013 270032 176014 274006 308012.
191013 278017 261020 149005 254013 212019
PPC000 PPC000 258014 PPC000 245014 172011
224014 176016 172023 151018 155020 140013
134020 145017 153010 154005 036012 347018.
336024 346020 340018 347015 326007 327008
330011 296015 027010 013018 010008 025021
017008 237010 147024 146024 178027 168014
158020 159025 204016 172005 285020 300015.
285024 290032 316006 285013 149007 344007
294007 309009 048008 307009 PPC000 219018
192022 163014 203024 251012 233016 059030
092034 019007 072017 125023 006012 010025.
359034 016041 004028 007024 ////// 010020
020009 020034 040010 359029 355028 019029
019019 044021 062022 085029 052033 074029
079059 074068 080038 088041 067038 080039.
109029 086041 080028 057032 082029 030016
359016 015028 053013 015026 018019 042026
037033 041015 025035 050015 037021 080037
345013 359019 032018 034009 044023 045015.
014013 083025 093018 073031 043020 064015
058019 067029 070019 028017 063012 001008
067022 045026 033014 071033 074019 065022
047027 081024 046022 040041 011029 039021.
029015 007021 001023 064014 029014 009012
PPC000 320008 109009 PPC000 242014 161016
146012 014006 176017 244027 134018 228013
145012 224032 156018 200013 286015 304017.
321008 330007 287025 299017 320005 317010
303011 310016 297020 301013 298010 213005
125004 118011 203014 133021 024008 155023
119017 143016 161010 133007 293011 297021.
290018 264031 301012 300011 323008 341008
317010 283012 289017 305016 317017 315016
287008 194008 ////// ////// ////// 321019
351035 273025 310019 282010 288030 337014.
330027 039031 353018 009023 345017 010025
011023 349014 356016 002021 003017 360011
048011 022022 071026 087026 046010 069019
121033 103018 080016 355010 357011 354012=
297014 291022 316008 324014 000014 310011
318011 306012 299012 296011 000012 169004
179018 187026 245018 113024 066020 202016
195019 114031 116022 103009 299014 317014.
289023 289027 263033 238029 239039 235037
243065 243050 220015 204018 148006 197016
225027 199050 239028 186026 084015 071014
276071 336034 173013 223008 291026 288029.
259036 239032 258041 241034 235045 250036
240013 260004 241022 304008 PPC000 115008
075007 099015 094021 093030 039018 063022
048021 048026 050012 053028 345018 342021.
349018 001017 300013 282010 332007 291012
006024 012018 031011 005022 014030 013028
020027 029019 018018 000022 022023 050025
066043 005014 003017 075018 013012 031026.
302009 002013 357013 277010 168011 251023
087008 255011 333019 353037 315022 295018
303034 277026 253022 299015 272039 268028
193016 300034 285017 288053 285018 283022.
281025 276026 294019 265019 318027 121006
267016 269014 289007 315016 131006 010006
165012 204021 195017 203016 344030 287026
048019 286019 012013 183025 299010 287030.
292021 287015 288015 272014 273009 254018
255013 279012 294008 142004 274009 151012
136013 161016 167017 204017 176025 184028
306007 130011 181011 294010 297019 289014.
284015 271033 279026 189012 296013 101025
308011 341009 345011 358009 294008 350008
////// 190012 010009 074014 143015 129016
117011 124027 074023 114025 073035 050012.
036019 007017 002015 346008 313008 292018
310009 332009 311013 279012 319030 323032
303030 316016 302017 324072 328024 300045
317025 340021 349018 341015 293015 289026.
300015 295019 304012 298021 289015 297017
295022 294017 306016 287014 289011 144009
168014 207034 211022 139026 188026 195024
153020 162022 176027 154013 298014 292018.
301025 292019 298018 286022 257028 284009
323008 298013 294013 296012 330005 014032
016041 060027 078026 093033 076029 086032
091035 071033 057034 049035 052015 015020.
006026 353026 348021 355019 356019 002016
008028 003017 007023 017024 028016 018023
055034 046018 042013 ////// ////// 037022
019013 041024 020022 354030 036017 049021.
049017 031016 349020 353024 011017 009026
015016 056020 054024 045023 031021 055032
051026 043026 028017 034017 055026 069016
044019 067010 057016 006010 356010 349009.
359017 009011 019012 339019 352011 011013
009016 360010 012010 352011 331005 357014
034014 095011 211011 117010 101023 079025
////// 059015 100023 095016 071004 354010.
346014 341012 348015 347012 344011 346014
004023 330013 008025 008018 354011 021014
022013 109026 090045 075033 055032 081032
064035 080051 074046 083030 075030 045016.
061024 016014 051027 023018 029015 355011
002015 001028 018016 051016 040014 061023
047018 081023 064020 082027 060023 059015
053021 043015 043018 013016 002012 355012.
006008 026007 PPC000 PPC000 043006 PPC000
236009 252009 192011 360005 201006 175008
194008 181010 186021 203014 236016 189012
200026 168019 199015 225010 257013 292013.
296020 284014 274022 266030 281074 264046
290035 230035 245021 260019 290015 257031
275027 280023 253030 295029 267020 161009
247024 247052 258026 197025 290018 287028.
288024 283025 270025 278015 300017 260011
235016 284017 284034 288029 284032 258011
275030 274035 313017 186033 124011 167025
106018 035010 136017 195008 297013 300017.
295018 287016 288028 296027 293022 320009
291016 305017 310011 288021 PPC000 145004
137011 ////// 067010 100028 082029 133023
145018 086017 118013 044010 347013 337011.
005022 074014 353013 348013 324006 343007
357018 241010 155020 008007 322007 289010
337023 331028 187017 236012 189030 216029
197031 253016 272033 172014 271008 299014.
226013 281016 263022 084005 251015 215016
PPC000 PPC000 261015 184007 233012 154011
212015 171016 169023 135016 170017 171016
137023 137017 165011 188006 045013 342017.
340023 343019 342017 346015 329007 326008
321011 297013 022009 011016 004011 022018
035009 214013 148023 122020 144021 148012
154019 151026 202018 177007 285021 301015.
286023 289029 328007 284012 196006 342008
278006 308010 032007 296010 PPC000 215017
199020 164013 201021 232011 208017 070029
085029 053010 081020 115023 353012 020021.
005035 010040 004031 005026 ////// 005020
020015 029026 026013 360027 358024 016026
016024 047026 062025 072032 061046 078038
078051 078073 083046 082047 068038 077037.
106030 081040 084026 066030 069023 024019
008017 019022 047013 015024 020019 030024
031027 036017 033031 037020 045024 066030
352014 004023 022023 021013 035019 047014.
015013 077020 097020 073026 042021 054014
065020 069026 069018 029019 051016 001008
066022 046031 030015 064031 076022 067026
058023 068025 040018 027031 008025 041017.
041019 011025 359018 053014 022017 014011
PPC000 317008 094008 PPC000 243013 204016
169010 340008 190020 225027 151016 218014
096012 220029 163018 199015 283012 304015.
319009 328009 289025 300017 349004 322009
302011 302014 297016 296015 305009 212005
178005 149011 182016 124022 057012 148025
131022 148017 166009 103007 304011 298019.
292018 267029 302013 303010 318009 337008
322010 307012 287017 303015 329014 307014
303007 203007 ////// ////// ////// 325021
347036 281023 307022 287012 288027 326015.
331025 041027 351018 005023 349019 010025
002020 357015 359020 360020 001017 355012
044011 028017 068021 089027 067018 069022
119032 094020 085015 351008 355012 353012=
036125 1306 054156 1544
086279 1503 126268 1501
054245 0041 080260 0200
054083 1530 082098 1528
075349 0539 116339 0537
053255 0123 079281 0121
038237 0722 052240 0722
040079 1905 055253 2159
076326 1159 089267 1401
036207 0942 054204 1053
051023 0852 070091 1449
037069 0932 054068 0942
044054 1012 061048 0612
029100 1419 040105 1442
062087 1558 097089 1551
036058 1442 051108 2219
027189 1506 035191 1505
099292 2330 133289 2328
041273 1001 060269 0930
035288 0042 049133 1236
039340 0928 049327 1004
032182 1242 042189 1241
029141 1558 037354 2145
034083 1502 050097 1501
078080 1558 107102 1608
049080 2203 084064 1339
037083 2233 064074 0958
033195 1131 050358 2129
033143 1411 043145 1408
037348 1459 054332 1457
032004 0217 059076 1352=
D=
K=
A=
S=
B=
??????
******
YF
O2182
河南省
豫洛宁马店
洛宁县马店乡吕村村
山地；乡村；地面
王林香
计算机
计算机
计算机
计算机
计算机
20100617=
JY
8888=
GK
01/
05/=
BZ
BB/08/09时温度用正点前9分钟值代替。
BB/14/15时温度用正点前2分钟值代替。
BB/20/10时温度用正点前4分钟值代替。
BB/25/01时温度用正点后4分钟值代替。
BB/30/11时温度用正点前4分钟值代替。
00/342741/1112845
10/24/逐时观测
10/24/24时连续观测
11/不守班=
######
