O2186 3349N 11127E 008500 008500 105 000 S15 91999999919999199999 0 2011 07
P=
TB
0243 0226 0217 0206 0198 0197 0187 0186 0182 0185 0210 0241
0268 0288 0299 0303 0309 0317 0313 0310 0300 0288 0281 0271 0322 1452 0179 0518.
0258 0253 0255 0250 0242 0235 0231 0227 0225 0226 0242 0252
0280 0282 0294 0307 0308 0309 0316 0309 0300 0296 0287 0270 0330 1451 0223 0524.
0253 0248 0244 0241 0234 0237 0238 0232 0231 0216 0228 0244
0251 0258 0255 0264 0252 0235 0226 0214 0215 0211 0205 0202 0270 2002 0202 1938.
0203 0203 0203 0201 0199 0199 0199 0198 0196 0194 0193 0196
0198 0200 0204 0205 0207 0210 0210 0211 0208 0204 0200 0195 0212 1443 0191 0653.
0201 0200 0201 0199 0197 0193 0192 0188 0188 0188 0191 0202
0215 0249 0271 0277 0291 0296 0288 0281 0274 0245 0241 0237 0300 1355 0186 0407.
0229 0217 0212 0212 0209 0211 0206 0204 0204 0204 0208 0212
0221 0238 0221 0225 0219 0206 0192 0184 0184 0178 0178 0163 0242 1011 0163 2000.
0159 0160 0159 0161 0160 0161 0156 0156 0152 0153 0191 0207
0214 0227 0234 0252 0256 0245 0248 0250 0247 0251 0211 0177 0258 1302 0149 0317.
0167 0156 0150 0144 0136 0131 0125 0123 0118 0115 0139 0188
0224 0268 0298 0301 0306 0315 0320 0317 0322 0284 0245 0202 0329 1626 0112 0558.
0179 0164 0153 0142 0135 0131 0125 0121 0119 0118 0148 0196
0241 0255 0271 0274 0263 0264 0257 0256 0259 0239 0227 0212 0289 1234 0117 0521.
0200 0191 0184 0180 0176 0174 0168 0166 0164 0163 0177 0214
0243 0277 0280 0286 0286 0273 0279 0281 0256 0244 0234 0216 0291 1031 0161 0527.
0209 0202 0197 0194 0188 0188 0184 0183 0180 0178 0183 0204
0231 0265 0275 0284 0286 0294 0297 0297 0286 0272 0244 0230 0302 1405 0178 0515.
0220 0210 0213 0210 0199 0194 0180 0179 0181 0178 0179 0184
0194 0211 0239 0266 0268 0272 0261 0267 0254 0243 0233 0215 0274 1355 0173 0219.
0203 0198 0195 0189 0182 0178 0177 0177 0174 0173 0182 0193
0212 0245 0259 0259 0273 0272 0276 0277 0265 0254 0244 0217 0279 1454 0172 0616.
0204 0194 0186 0180 0174 0169 0164 0160 0161 0160 0176 0207
0235 0255 0275 0277 0231 0209 0237 0244 0261 0248 0227 0201 0288 1124 0155 0558.
0193 0183 0176 0170 0166 0162 0158 0156 0153 0154 0168 0201
0238 0265 0285 0289 0299 0297 0303 0277 0286 0273 0258 0249 0307 1449 0151 0516.
0214 0206 0200 0191 0187 0182 0176 0174 0169 0167 0180 0216
0237 0260 0278 0289 0299 0290 0243 0217 0206 0204 0200 0197 0306 1243 0166 0516.
0188 0181 0174 0168 0163 0160 0157 0157 0154 0158 0171 0193
0226 0249 0262 0275 0280 0291 0288 0281 0229 0198 0189 0188 0296 1325 0153 0342.
0186 0186 0182 0179 0174 0173 0173 0173 0169 0165 0174 0188
0219 0239 0242 0258 0269 0279 0275 0274 0246 0236 0225 0198 0286 1545 0165 0551.
0202 0187 0190 0181 0174 0170 0166 0163 0159 0161 0174 0188
0204 0213 0243 0238 0241 0250 0232 0230 0234 0229 0206 0194 0263 1319 0159 0437.
0186 0180 0175 0168 0163 0159 0156 0153 0150 0150 0161 0186
0214 0243 0273 0266 0269 0279 0271 0266 0262 0253 0244 0216 0280 1326 0148 0549.
0207 0197 0194 0183 0180 0179 0177 0172 0174 0172 0186 0216
0236 0249 0262 0280 0287 0305 0287 0277 0235 0225 0201 0199 0308 1415 0170 0553.
0199 0198 0196 0193 0191 0190 0189 0188 0185 0185 0192 0204
0214 0226 0237 0255 0261 0258 0246 0267 0263 0251 0236 0212 0267 1256 0181 0607.
0207 0203 0201 0201 0196 0189 0186 0186 0185 0186 0196 0219
0235 0241 0277 0273 0293 0291 0295 0293 0287 0271 0262 0234 0301 1447 0183 0304.
0221 0212 0207 0202 0203 0198 0196 0192 0189 0191 0205 0226
0244 0260 0272 0266 0279 0290 0285 0289 0285 0287 0252 0238 0302 1408 0189 0435.
0211 0211 0203 0200 0194 0191 0188 0186 0186 0181 0199 0241
0262 0295 0310 0320 0323 0334 0328 0340 0342 0322 0262 0220 0347 1603 0179 0602.
0203 0193 0184 0181 0175 0172 0171 0178 0184 0189 0202 0217
0251 0273 0265 0289 0284 0292 0291 0271 0266 0267 0258 0242 0300 1327 0169 0245.
0226 0219 0206 0197 0189 0185 0183 0182 0175 0169 0185 0219
0256 0287 0305 0318 0329 0326 0320 0310 0301 0291 0278 0246 0337 1328 0169 0557.
0235 0219 0206 0195 0188 0181 0178 0171 0179 0171 0192 0218
0253 0273 0290 0310 0322 0328 0331 0310 0298 0286 0280 0265 0332 1459 0171 0359.
0257 0248 0247 0245 0236 0222 0222 0223 0221 0221 0224 0229
0240 0254 0275 0279 0294 0298 0290 0280 0266 0265 0252 0237 0305 1420 0214 0614.
0219 0210 0200 0196 0194 0194 0195 0189 0189 0187 0194 0205
0213 0223 0218 0217 0217 0200 0197 0208 0212 0217 0207 0195 0236 2001 0184 0559.
0192 0189 0187 0184 0184 0184 0182 0183 0184 0182 0192 0196
0204 0212 0219 0226 0228 0226 0205 0186 0189 0191 0180 0170 0232 1337 0168 1932=
I=
E=
U=
N=
H=
C=
V=
R6
0000 0000 0000
0001 0000 0001
0000 0001 0001
0000 0001 0001
0000 0000 0000
0001 0000 0001
0001 0002 0003
0033 0000 0033
0000 0019 0019
0001 0006 0007
0001 0000 0001
0018 0001 0019
0000 0076 0076
0018 0000 0018
0013 0000 0013
0000 0050 0050
0000 0000 0000
0001 0000 0001
0000 0001 0001
0000 0000 0000
0000 0005 0005
0000 0022 0022
0000 0098 0098
0000 0000 0000
0021 0000 0021
0000 0000 0000
0001 0000 0001
0000 0000 0000
0175 0009 0184
0003 0000 0003
0000 0000 0000=
0000 0000 0000 0000 0000 0000 0000 0000 0000 0000 0000 0000
0000 0000 0000 0000 0000 0000 0000 0000 0000 0000 0000 0000.
0000 0000 0000 0000 0000 0001 0000 0000 0000 0000 0000 0000
0000 0000 0000 0000 0000 0000 0000 0000 0000 0000 0000 0000.
0000 0000 0000 0000 0000 0000 0000 0000 0000 0000 0000 0000
0000 0000 0000 0000 0000 0000 0000 0000 0001 0000 0000 0000.
0000 0000 0000 0000 0000 0000 0000 0000 0000 0000 0000 0000
0000 0000 0000 0000 0000 0000 0000 0000 0000 0000 0001 0000.
0000 0000 0000 0000 0000 0000 0000 0000 0000 0000 0000 0000
0000 0000 0000 0000 0000 0000 0000 0000 0000 0000 0000 0000.
0000 0000 0001 0000 0000 0000 0000 0000 0000 0000 0000 0000
0000 0000 0000 0000 0000 0000 0000 0000 0000 0000 0000 0000.
0000 0000 0000 0000 0000 0000 0000 0000 0001 0000 0000 0000
0000 0000 0000 0000 0000 0000 0002 0000 0000 0000 0000 0000.
0000 0000 0033 0000 0000 0000 0000 0000 0000 0000 0000 0000
0000 0000 0000 0000 0000 0000 0000 0000 0000 0000 0000 0000.
0000 0000 0000 0000 0000 0000 0000 0000 0000 0000 0000 0000
0000 0000 0000 0000 0000 0000 0019 0000 0000 0000 0000 0000.
0000 0000 0000 0000 0000 0001 0000 0000 0000 0000 0000 0000
0000 0000 0000 0000 0000 0000 0000 0000 0000 0000 0000 0006.
0000 0000 0000 0000 0001 0000 0000 0000 0000 0000 0000 0000
0000 0000 0000 0000 0000 0000 0000 0000 0000 0000 0000 0000.
0000 0000 0000 0000 0000 0000 0000 0000 0000 0000 0000 0018
0000 0001 0000 0000 0000 0000 0000 0000 0000 0000 0000 0000.
0000 0000 0000 0000 0000 0000 0000 0000 0000 0000 0000 0000
0000 0000 0000 0000 0000 0000 0000 0000 0000 0000 0000 0076.
0001 0001 0004 0012 0000 0000 0000 0000 0000 0000 0000 0000
0000 0000 0000 0000 0000 0000 0000 0000 0000 0000 0000 0000.
0000 0000 0000 0000 0000 0000 0000 0000 0012 0001 0000 0000
0000 0000 0000 0000 0000 0000 0000 0000 0000 0000 0000 0000.
0000 0000 0000 0000 0000 0000 0000 0000 0000 0000 0000 0000
0000 0000 0000 0000 0000 0037 0000 0000 0000 0000 0013 0000.
0000 0000 0000 0000 0000 0000 0000 0000 0000 0000 0000 0000
0000 0000 0000 0000 0000 0000 0000 0000 0000 0000 0000 0000.
0000 0000 0000 0000 0000 0001 0000 0000 0000 0000 0000 0000
0000 0000 0000 0000 0000 0000 0000 0000 0000 0000 0000 0000.
0000 0000 0000 0000 0000 0000 0000 0000 0000 0000 0000 0000
0000 0000 0000 0001 0000 0000 0000 0000 0000 0000 0000 0000.
0000 0000 0000 0000 0000 0000 0000 0000 0000 0000 0000 0000
0000 0000 0000 0000 0000 0000 0000 0000 0000 0000 0000 0000.
0000 0000 0000 0000 0000 0000 0000 0000 0000 0000 0000 0000
0000 0000 0000 0000 0000 0000 0000 0000 0000 0000 0005 0000.
0000 0000 0000 0000 0000 0000 0000 0000 0000 0000 0000 0000
0000 0000 0000 0000 0000 0000 0022 0000 0000 0000 0000 0000.
0000 0000 0000 0000 0000 0000 0000 0000 0000 0000 0000 0000
0000 0000 0000 0008 0090 0000 0000 0000 0000 0000 0000 0000.
0000 0000 0000 0000 0000 0000 0000 0000 0000 0000 0000 0000
0000 0000 0000 0000 0000 0000 0000 0000 0000 0000 0000 0000.
0000 0021 0000 0000 0000 0000 0000 0000 0000 0000 0000 0000
0000 0000 0000 0000 0000 0000 0000 0000 0000 0000 0000 0000.
0000 0000 0000 0000 0000 0000 0000 0000 0000 0000 0000 0000
0000 0000 0000 0000 0000 0000 0000 0000 0000 0000 0000 0000.
0000 0000 0001 0000 0000 0000 0000 0000 0000 0000 0000 0000
0000 0000 0000 0000 0000 0000 0000 0000 0000 0000 0000 0000.
0000 0000 0000 0000 0000 0000 0000 0000 0000 0000 0000 0000
0000 0000 0000 0000 0000 0000 0000 0000 0000 0000 0000 0000.
0000 0000 0000 0000 0000 0019 0000 0000 0008 0148 0000 0000
0000 0000 0000 0000 0000 0000 0000 0009 0000 0000 0000 0000.
0003 0000 0000 0000 0000 0000 0000 0000 0000 0000 0000 0000
0000 0000 0000 0000 0000 0000 0000 0000 0000 0000 0000 0000.
0000 0000 0000 0000 0000 0000 0000 0000 0000 0000 0000 0000
0000 0000 0000 0000 0000 0000 0000 0000 0000 0000 0000 0000=
0000 ////////// 00000=
W=
L=
Z=
G=
FN
232007 018005 292019 282022 291022 305024
274019 287016 297012 290019 256023 278016
047021 008010 189041 180054 179032 193040
191046 230023 209027 181029 186017 179014.
194009 218015 276013 070014 311008 351011
287016 310012 302014 249005 326013 063021
193037 204034 185036 214026 186049 187042
155024 230021 222032 211020 025017 PPC000.
254009 290011 356012 313020 302022 298021
251015 269017 273021 301009 278010 328006
087021 112024 127032 101028 139022 104014
120023 117018 048010 089025 128017 154006.
122012 154010 053007 147010 141004 PPC000
171006 136014 118006 134008 109008 077010
059014 088008 069013 071011 078016 067011
074011 115010 088013 086010 116007 PPC002.
PPC002 305007 220003 299007 PPC002 265006
PPC001 320008 178005 321005 186009 PPC001
085012 082015 172019 188012 039009 318010
158007 356018 061018 082022 003007 322015.
221005 198013 270009 228011 240013 241017
360008 354008 233008 188009 284006 045007
258011 311014 304015 318023 299020 311026
299017 334012 342006 062004 235007 041010.
144008 286006 251012 308010 286006 223016
292011 288010 252006 267011 001020 342021
331022 328041 357035 309038 319040 015021
026033 342009 141005 044010 272007 280015.
239013 237010 248011 244011 253012 264009
253014 269014 234014 253013 292013 255005
152004 077013 290018 271031 286025 296027
334016 280020 318005 285017 285013 274013.
271014 277011 297013 269013 279011 276015
242014 248012 239016 243013 215006 227009
127005 050008 PPC001 040008 283017 264006
297014 261006 PPC002 224008 274011 266007.
246008 215009 227010 237014 252007 233011
269010 239008 306010 250011 258008 346010
135004 119003 118007 064009 120014 137013
018008 074010 290015 308016 263013 228010.
230009 328005 236010 202014 233009 333010
PPC002 258008 260009 228013 224005 335010
054007 130008 071013 212021 177018 027010
230013 145007 139010 351009 280012 251010.
256010 284012 224011 317004 317010 033018
082006 295010 282014 293007 289008 268009
254016 198011 PPC001 134006 098015 096017
112006 139004 333006 298010 189008 244010.
293009 335011 296010 299012 006008 291010
296014 PPC001 275007 289007 243005 254009
172006 073006 PPC002 082011 099014 069008
133010 118006 191021 184032 196027 310020.
335005 305010 277012 247007 248010 253011
252011 241013 238010 244013 201012 197005
222006 048008 026006 054017 010026 331013
232009 200021 099016 100020 261014 262011.
275005 302011 277014 270011 271011 240010
228013 268007 217005 227008 261007 300007
065003 080008 127010 168016 208024 193032
190034 201024 195020 197039 204022 185024.
295014 305015 282014 316014 294012 350011
251009 241005 246011 244007 219014 340009
054017 063011 067016 155010 090021 039023
285014 262017 335006 175013 306011 072009.
236013 255010 290007 262016 292011 281009
303009 227010 264010 285012 PPC001 276005
030010 133009 080011 157020 122031 086027
114022 138010 344017 302013 281014 229014.
305009 244022 262007 225008 280011 231009
247008 267012 261009 277013 322012 283013
156004 085013 070017 171022 147015 184008
104013 012007 282022 254013 257018 269013.
179012 233009 236013 275010 294017 228005
285009 243009 268004 280007 272005 279008
283009 003013 029016 337018 274014 136025
084025 150009 PPC002 283013 289013 287010.
250010 248016 266013 269008 232013 311008
209011 244008 229006 288005 PPC002 042010
047010 028011 017019 183041 176034 201029
185049 184039 191043 200032 218019 302008.
295019 289015 282020 303014 298010 290015
292014 275014 306012 292011 263006 292013
041007 077009 186019 203010 352013 220009
191015 193022 327018 253013 067014 188013.
132009 191009 345007 217005 181016 216011
239003 308007 221007 184015 220013 049007
282005 007003 084010 188028 123015 126012
047008 030008 146016 111018 104033 089017.
358008 177007 PPC001 359004 174007 137004
352006 337009 309008 079008 195007 060004
058017 062008 093014 147019 184017 099019
192031 244033 205019 190053 177030 297013.
311018 290026 157008 241007 305016 276015
302014 280016 319013 319018 313013 264011
273020 270015 307010 232008 045003 007006
313024 199020 187036 230015 305016 293016.
309016 256024 303010 320004 292007 221006
254009 296012 259012 278014 233016 PPC000
078014 262007 230016 291026 299020 023025
338033 326014 300008 324010 278010 270014.
276013 266014 248011 243012 280009 244011
267005 300008 239012 233006 205006 245009
PPC001 307007 306011 286011 296012 311015
333025 164016 106015 098010 200017 080004.
214006 288014 218011 282012 270007 238013
025019 040006 238013 232011 237009 020008
079005 072019 071023 107015 044018 144022
187038 194032 189055 206043 189023 302016.
286015 236011 230011 236007 245012 250007
248008 253012 311006 247009 243014 205009
051012 076012 094012 136023 131020 153026
185030 179032 211022 194040 131014 124014.
205005 272012 272007 216013 299013 320013
254008 222012 238017 027014 359003 298007
231008 198011 189034 212026 201028 199037
205022 194018 210024 265023 275022 341016.
307024 313014 251007 PPC001 332009 317011
282009 301012 345006 031006 238003 352003
329013 313015 332016 306019 322022 241013
257014 346013 095006 PPC000 217009 221011.
225014 222008 243006 200018 238007 229009
241011 232010 247006 PPC000 256008 299009
296008 189005 023004 330008 301009 174011
282017 208008 215009 061009 149009 148007=
239008 305005 299017 285021 292020 304022
275018 280016 309015 291019 257025 285015
047020 004010 187049 185050 175045 193046
193047 234020 205031 182028 186019 180014.
209009 195012 225013 082012 336008 360010
309013 303012 283012 266005 317013 072020
191039 194037 184042 209033 198041 195036
166033 220020 207031 228019 023014 PPC001.
261009 300010 007011 309020 307022 297020
264017 279018 269021 304010 289011 330006
087020 109024 119029 115026 115021 107017
115024 112018 019010 095020 129016 170006.
128010 155010 063007 131009 135006 PPC002
146007 143013 113008 134007 085009 069011
065013 166006 079014 083009 079015 077012
070012 092012 085012 099011 109009 097004.
092004 309006 202004 294006 266004 276006
PPC002 340008 223005 336004 176008 031003
077010 081015 188016 210012 040010 343008
167007 033015 059016 088024 049007 322014.
245007 211011 269010 217012 232012 244016
050006 341006 246008 194009 246005 035006
276013 319014 318017 323021 296023 310019
293014 328010 016004 059008 234008 044011.
142008 268007 256011 297010 261005 207014
290010 292010 232005 280011 360018 332021
338029 321036 338031 318032 313037 357026
006028 319009 119006 052008 264008 281012.
244011 240010 245013 253011 256011 260010
245013 258014 239015 250014 282014 267006
187003 071012 318017 267027 286026 312024
345017 263023 005008 277015 291012 271011.
271016 275012 296013 273013 284011 266014
243013 245013 241016 239012 216009 225008
131005 049008 093003 037008 297014 312007
284014 271008 180005 225010 285009 242008.
259009 221009 225013 229011 246008 236010
267010 235009 301010 258010 303006 328008
142004 133004 114008 069009 126014 135013
012008 077012 291014 305016 254012 231012.
235010 298007 237009 220013 255010 313010
329005 259008 263009 232011 237009 324010
046007 130007 112012 208018 181020 059012
204016 120007 118010 349011 281013 250010.
273010 287012 257010 304003 300010 012020
092007 295009 282014 275006 305007 285011
264015 200012 037004 124007 085013 089016
123009 133006 306005 293011 208008 257010.
287010 353010 304008 297011 355007 297009
285014 251005 271008 292008 258006 259008
193006 075005 049005 089010 094012 098010
099008 103006 182019 189029 192026 311016.
309009 290009 265012 257008 245011 260011
247011 239012 231010 249012 216012 200007
203007 073007 030007 068015 010021 310012
219009 199021 119013 104018 266013 273011.
291008 293011 276013 269011 274012 251010
235013 267008 226007 234009 257009 296007
070003 118009 122011 217016 221023 196034
195032 196029 211015 194031 203023 192025.
302015 303014 297011 301014 297016 327010
234012 233007 251012 252008 213012 310007
060014 053011 074014 115013 087021 064023
282017 264019 307009 150008 265012 106009.
252011 271011 296007 268014 287009 286010
284009 234010 271009 271011 PPC002 277005
023008 114011 095014 121021 130028 095026
114022 178008 318021 294016 268015 248017.
319010 250018 268010 231008 274012 245008
231010 257012 259009 276011 302012 284014
133005 100012 084016 163018 158016 170012
088017 128007 276022 260015 260016 272014.
242009 220007 232014 300010 290013 233006
287011 247009 249006 258007 297007 281007
288012 012012 354016 333019 270015 116026
085026 169008 046007 281012 292012 288011.
250012 249013 271015 291006 237011 297007
222011 229009 253005 313005 290003 044009
043010 030011 102014 191039 181036 201034
186050 182052 190043 194042 207022 303008.
288018 287016 283021 302014 317011 285016
290016 285013 302011 280012 274003 304011
042006 049009 187014 186008 350013 216009
214015 212018 306021 255014 056015 160013.
134009 192009 301007 226006 188016 234011
250006 301009 221008 192013 214009 058006
326006 041006 073011 186025 121015 115013
087009 018006 140014 099018 100030 085017.
353005 174008 296004 318005 181006 327008
006005 321010 273008 088007 240005 335004
048015 064008 089013 134018 179018 101022
193031 238031 211019 189052 179032 291011.
312018 290025 196011 261010 295018 284013
286017 277016 303015 311018 307013 284009
274020 269017 290010 206007 346006 210008
301022 212021 186036 222014 300016 289017.
313016 258023 292010 296006 319007 243007
260008 291011 258011 284012 239015 PPC001
083017 189008 261015 300024 288021 342024
326032 288016 338009 332011 327008 275013.
279012 264013 242011 246012 265010 242010
263009 286008 242012 256010 182006 238008
145003 304007 302011 286012 291012 318013
330020 188014 117015 088011 190018 108007.
241006 292016 228010 289009 266008 243012
069016 354008 245012 229012 250009 027008
061006 069016 062018 137014 070015 147024
189037 193042 201052 203041 191022 286014.
280015 229011 236011 240009 255010 248008
271007 253011 251010 239010 267015 198009
045011 099014 091017 121023 118024 116022
164024 189035 204021 192034 129015 128014.
182007 281013 293008 191011 296012 357011
270009 208010 237015 055013 317005 329009
233009 207011 194031 198034 196030 205034
196029 194018 209022 270025 276023 346014.
296026 304017 292008 PPC002 346011 328011
315010 295011 347006 358005 236005 353004
331012 322016 319018 321016 336020 240011
255015 338011 106007 PPC001 214008 230009.
236012 227008 246007 212018 244008 243010
240010 244007 251006 PPC002 261008 290009
292007 196006 PPC002 266004 292008 193010
286016 245008 130009 056008 135008 150007=
064192 1125 109184 1413
056189 0827 092193 0817
035092 1211 059063 1207
016115 0848 026065 1233
028182 1529 052302 1911
035303 1051 058282 1050
050305 1147 108304 1147
041273 1524 081268 1521
019281 2035 026265 2035
024079 1238 035082 1232
027172 1247 045165 1247
033300 0215 062038 0156
032183 1802 048168 1709
045028 1210 079023 1207
043190 1510 084171 1814
035012 1407 054277 1449
035346 1629 064281 1636
030099 1414 053072 1413
035081 1327 064096 1415
069184 1553 105181 1553
031187 1513 055206 1607
039090 1916 074100 1923
056185 1754 092182 1754
036189 1657 062200 1609
037288 1453 074262 1451
029337 1518 053343 1515
064191 1547 102171 1732
040198 1636 071175 1511
044192 1155 070208 1131
030289 2028 054239 1002
019265 1524 035197 2357=
D=
K=
A=
S=
B=
??????
******
YF
O2186
河南省
豫栾川张盘
栾川县陶湾乡张盘村
山地；乡村；地面
空缺
计算机
计算机
计算机
计算机
计算机
20120208=
JY
8888=
GK
01/
05/=
BZ
00/334833/1112646
10/24/逐时观测
10/24/24时连续观测
11/不守班=
######
