O2226 3442N 11224E 002420 002420 105 000 S15 91999999919999199999 0 2012 06
P=
TB
0241 0236 0215 0209 0206 0219 0213 0216 0195 0197 0206 0221
0238 0244 0263 0276 0295 0305 0301 0300 0295 0281 0269 0261 0309 1402 0192 0515.
0250 0243 0240 0233 0217 0195 0171 0162 0162 0156 0190 0219
0239 0255 0273 0296 0312 0314 0318 0315 0310 0301 0290 0270 0325 1414 0154 0548.
0271 0267 0256 0255 0244 0242 0204 0225 0210 0192 0233 0252
0259 0273 0288 0302 0299 0302 0296 0298 0297 0286 0280 0269 0308 1530 0190 0543.
0265 0254 0250 0224 0216 0209 0190 0180 0176 0184 0205 0228
0244 0271 0283 0308 0311 0320 0326 0325 0318 0310 0301 0291 0332 1439 0174 0441.
0266 0246 0236 0243 0237 0230 0209 0198 0196 0200 0226 0245
0262 0289 0305 0309 0320 0311 0306 0309 0302 0292 0273 0275 0329 1341 0194 0503.
0261 0247 0239 0223 0227 0225 0218 0219 0221 0220 0221 0235
0246 0257 0269 0280 0282 0285 0293 0272 0267 0251 0253 0246 0296 1504 0215 0517.
0231 0212 0208 0209 0196 0200 0194 //// //// 0189 0206 0230
0260 0281 0305 0309 0327 0333 0337 0331 0332 0324 0314 0264 0341 1542 0189 0138.
0243 0272 0272 0256 0237 0230 0203 0200 0196 0194 0227 0255
0285 0326 0334 0334 0331 0334 0320 0329 0329 0317 0303 0280 0346 1332 0187 0523.
0262 0245 0229 0209 0209 0205 0205 0195 0200 0204 0235 0269
0290 0321 0342 0356 0358 0371 0375 0383 0385 0373 0322 0267 0388 1516 0194 0402.
0253 0259 0239 0231 0224 0224 0216 0211 0204 0207 0243 0271
0291 0320 0327 0335 0349 0357 0358 0361 0319 0293 0278 0262 0365 1354 0195 0532.
0254 0248 0245 0241 0238 0230 0201 0189 0180 0177 0218 0240
0261 0286 0301 0321 0339 0354 0364 0356 0342 0341 0316 0251 0366 1458 0174 0538.
0244 0241 0216 0219 0219 0192 0186 0182 0213 0213 0236 0274
0322 0350 0346 0357 0376 0388 0388 0384 0380 0366 0334 0273 0395 1506 0180 0354.
0248 0235 0225 0211 0202 0194 0193 0187 0178 0188 0225 0260
0302 0326 0357 0380 0403 0414 0415 0416 0409 0390 0373 0360 0425 1545 0174 0512.
0338 0340 0318 0307 0287 0269 0282 0238 0223 0222 0280 0277
0277 0297 0310 0327 0328 0347 0358 0360 0343 0342 0319 0285 0366 1616 0217 0527.
0271 0248 0238 0224 0211 0202 0203 0197 0181 0186 0227 0262
0283 0295 0306 0328 0332 0350 0352 0351 0344 0337 0308 0273 0358 1420 0175 0531.
0245 0253 0253 0240 0246 0238 0205 0193 0182 0181 0226 0268
0287 0298 0312 0325 0340 0343 0362 0357 0353 0346 0326 0312 0365 1503 0175 0518.
0296 0300 0269 0253 0232 0224 0233 0215 0210 0202 0231 0260
0290 0309 0320 0335 0358 0362 0367 0365 0360 0348 0335 0324 0374 1513 0200 0533.
0313 0305 0299 0287 0282 0234 0216 0207 0198 0205 0237 0259
0279 0304 0330 0344 0363 0375 0383 0376 0373 0363 0340 0307 0386 1529 0197 0502.
0300 0279 0272 0260 0255 0226 0217 0215 0214 0211 0249 0264
0284 0300 0321 0341 0345 0354 0359 0362 0358 0342 0328 0308 0363 1509 0206 0516.
0271 0278 0270 0248 0244 0238 0227 0214 0206 0216 0232 0264
0290 0299 0321 0313 0314 0320 0323 0335 0333 0329 0315 0280 0347 1607 0205 0517.
0260 0248 0229 0223 0209 0214 0201 0192 0190 0195 0235 0275
0301 0319 0334 0344 0354 0365 0367 0367 0354 0348 0338 0318 0373 1518 0186 0447.
0299 0258 0253 0255 0238 0234 0226 0208 0210 0210 0244 0286
0304 0317 0331 0350 0355 0373 0374 0372 0367 0357 0348 0341 0380 1429 0204 0421.
0331 0317 0289 0287 0263 0262 0254 0241 0236 0237 0266 0289
0304 0316 0334 0346 0357 0359 0359 0362 0353 0214 0201 0218 0367 1424 0200 1856.
0224 0229 0225 0222 0226 0222 0217 0215 0214 0216 0238 0255
0267 0278 0296 0309 0317 0311 0326 0297 0272 0268 0241 0228 0329 1504 0211 0448.
0231 0224 0222 0222 0220 0222 0219 0222 0221 0223 0236 0235
0237 0240 0247 0245 0231 0225 0221 0211 0210 0209 0209 0210 0249 1017 0206 1628.
0210 0210 0210 0210 0209 0207 0208 0208 0208 0211 0215 0224
0242 0264 0282 0284 0294 0291 0299 0298 0297 0289 0282 0270 0302 1434 0207 0155.
0265 0260 0250 0244 0240 0237 0234 0233 0232 0233 0233 0237
0236 0242 0260 0268 0275 0282 0274 0269 0267 0260 0259 0253 0289 1426 0231 0514.
0248 0251 0248 0239 0234 0226 0224 0222 0219 0220 0226 0228
0233 0239 0242 0241 0242 0246 0247 0245 0244 0242 0238 0233 0255 2004 0218 0511.
0232 0230 0226 0217 0218 0219 0217 0217 0216 0219 0218 0222
0224 0233 0238 0246 0256 0257 0263 0263 0253 0242 0240 0229 0269 1545 0216 0234.
0225 0224 0224 0223 0220 0214 0214 0214 0213 0215 0227 0247
0267 0290 0294 0310 0314 0320 0327 0332 0324 0304 0289 0272 0335 1641 0210 0512=
I=
E=
U=
N=
H=
C=
V=
R6
0000 0000 0000
0000 0000 0000
0000 0000 0000
0000 0000 0000
0000 0000 0000
0001 0000 0001
//// 0000 ////
0000 0000 0000
0000 0000 0000
0000 0000 0000
0000 0000 0000
0000 0000 0000
0000 0000 0000
0000 0000 0000
0000 0000 0000
0000 0000 0000
0000 0000 0000
0000 0000 0000
0000 0000 0000
0000 0000 0000
0000 0000 0000
0000 0000 0000
0000 0648 0648
0001 0017 0018
0000 0161 0161
0002 0000 0002
0000 0000 0000
0000 0000 0000
0000 0006 0006
0000 0000 0000=
0000 0000 0000 0000 0000 0000 0000 0000 0000 0000 0000 0000
0000 0000 0000 0000 0000 0000 0000 0000 0000 0000 0000 0000.
0000 0000 0000 0000 0000 0000 0000 0000 0000 0000 0000 0000
0000 0000 0000 0000 0000 0000 0000 0000 0000 0000 0000 0000.
0000 0000 0000 0000 0000 0000 0000 0000 0000 0000 0000 0000
0000 0000 0000 0000 0000 0000 0000 0000 0000 0000 0000 0000.
0000 0000 0000 0000 0000 0000 0000 0000 0000 0000 0000 0000
0000 0000 0000 0000 0000 0000 0000 0000 0000 0000 0000 0000.
0000 0000 0000 0000 0000 0000 0000 0000 0000 0000 0000 0000
0000 0000 0000 0000 0000 0000 0000 0000 0000 0000 0000 0000.
0000 0000 0000 0001 0000 0000 0000 0000 0000 0000 0000 0000
0000 0000 0000 0000 0000 0000 0000 0000 0000 0000 0000 0000.
0000 0000 0000 0000 0000 0000 0000 //// //// //// //// ////
0000 0000 0000 0000 0000 0000 0000 0000 0000 0000 0000 0000.
0000 0000 0000 0000 0000 0000 0000 0000 0000 0000 0000 0000
0000 0000 0000 0000 0000 0000 0000 0000 0000 0000 0000 0000.
0000 0000 0000 0000 0000 0000 0000 0000 0000 0000 0000 0000
0000 0000 0000 0000 0000 0000 0000 0000 0000 0000 0000 0000.
0000 0000 0000 0000 0000 0000 0000 0000 0000 0000 0000 0000
0000 0000 0000 0000 0000 0000 0000 0000 0000 0000 0000 0000.
0000 0000 0000 0000 0000 0000 0000 0000 0000 0000 0000 0000
0000 0000 0000 0000 0000 0000 0000 0000 0000 0000 0000 0000.
0000 0000 0000 0000 0000 0000 0000 0000 0000 0000 0000 0000
0000 0000 0000 0000 0000 0000 0000 0000 0000 0000 0000 0000.
0000 0000 0000 0000 0000 0000 0000 0000 0000 0000 0000 0000
0000 0000 0000 0000 0000 0000 0000 0000 0000 0000 0000 0000.
0000 0000 0000 0000 0000 0000 0000 0000 0000 0000 0000 0000
0000 0000 0000 0000 0000 0000 0000 0000 0000 0000 0000 0000.
0000 0000 0000 0000 0000 0000 0000 0000 0000 0000 0000 0000
0000 0000 0000 0000 0000 0000 0000 0000 0000 0000 0000 0000.
0000 0000 0000 0000 0000 0000 0000 0000 0000 0000 0000 0000
0000 0000 0000 0000 0000 0000 0000 0000 0000 0000 0000 0000.
0000 0000 0000 0000 0000 0000 0000 0000 0000 0000 0000 0000
0000 0000 0000 0000 0000 0000 0000 0000 0000 0000 0000 0000.
0000 0000 0000 0000 0000 0000 0000 0000 0000 0000 0000 0000
0000 0000 0000 0000 0000 0000 0000 0000 0000 0000 0000 0000.
0000 0000 0000 0000 0000 0000 0000 0000 0000 0000 0000 0000
0000 0000 0000 0000 0000 0000 0000 0000 0000 0000 0000 0000.
0000 0000 0000 0000 0000 0000 0000 0000 0000 0000 0000 0000
0000 0000 0000 0000 0000 0000 0000 0000 0000 0000 0000 0000.
0000 0000 0000 0000 0000 0000 0000 0000 0000 0000 0000 0000
0000 0000 0000 0000 0000 0000 0000 0000 0000 0000 0000 0000.
0000 0000 0000 0000 0000 0000 0000 0000 0000 0000 0000 0000
0000 0000 0000 0000 0000 0000 0000 0000 0000 0000 0000 0000.
0000 0000 0000 0000 0000 0000 0000 0000 0000 0000 0000 0000
0000 0000 0000 0000 0000 0000 0000 0000 0000 0147 0486 0015.
0001 0000 0000 0000 0000 0000 0000 0000 0000 0000 0000 0000
0000 0000 0000 0000 0000 0000 0003 0000 0000 0000 0005 0009.
0000 0000 0000 0000 0000 0000 0000 0000 0000 0000 0000 0000
0000 0002 0000 0000 0003 0020 0024 0010 0034 0050 0016 0002.
0000 0000 0000 0001 0000 0000 0001 0000 0000 0000 0000 0000
0000 0000 0000 0000 0000 0000 0000 0000 0000 0000 0000 0000.
0000 0000 0000 0000 0000 0000 0000 0000 0000 0000 0000 0000
0000 0000 0000 0000 0000 0000 0000 0000 0000 0000 0000 0000.
0000 0000 0000 0000 0000 0000 0000 0000 0000 0000 0000 0000
0000 0000 0000 0000 0000 0000 0000 0000 0000 0000 0000 0000.
0000 0000 0000 0000 0000 0000 0000 0000 0000 0000 0000 0000
0000 0000 0000 0000 0000 0000 0000 0000 0000 0004 0001 0001.
0000 0000 0000 0000 0000 0000 0000 0000 0000 0000 0000 0000
0000 0000 0000 0000 0000 0000 0000 0000 0000 0000 0000 0000=
0000 ////////// 00000=
W=
L=
Z=
G=
FN
148017 116012 104010 359010 182011 175011
170009 213011 PPC002 313011 317009 190015
171018 189022 205027 195019 197025 176036
207036 146029 164023 160045 172038 133026.
159021 168016 163013 184021 195016 334012
PPC000 353010 321014 288010 304010 218020
172030 176039 213028 170011 188037 057018
158043 167037 148037 155029 132034 125026.
129034 110029 156010 134022 147008 180020
175006 170015 202012 167007 115021 087021
120024 164021 078022 065018 088025 169018
172043 200030 152023 139022 127017 138018.
150021 149021 148009 027018 006016 284010
316008 PPC000 323016 332007 323009 272015
217026 301007 122012 344012 306014 083020
087030 086027 051023 080026 062030 090029.
066008 309006 018012 048008 032014 001006
321010 290008 253009 328010 320007 049018
084014 278006 308010 171007 358016 079019
218016 056004 178027 190036 153012 196014.
342005 320007 289004 021013 003006 264008
259010 325011 282006 298007 277003 260008
317011 228007 221015 087013 311017 333005
154022 051016 036024 062012 044015 038021.
047013 014007 334004 298008 309009 317013
314015 ////// ////// ////// ////// //////
227013 359011 341016 274016 018023 236019
282028 237019 259022 211020 248019 247008.
331012 270013 274022 223012 187006 244014
268006 270005 309009 348008 321014 250012
283016 359008 314023 292031 292021 314037
281021 296031 259052 258065 269034 270017.
297015 303019 308012 320010 286010 333013
350010 PPC000 328007 342005 311010 314009
269012 239015 301013 075009 323015 245009
310023 249023 305027 308021 341008 339012.
240006 319013 309008 339003 077006 300011
232007 323004 353009 299005 274010 315017
290011 111010 061019 075023 041026 027036
041020 080021 063066 062087 065056 065047.
065047 070039 050029 051024 038018 008014
309004 334012 311010 291010 293008 263017
247026 223017 199021 312012 156026 244028
308032 280047 302054 300019 259020 322007.
317018 258014 320011 318018 314016 317014
316012 331011 275025 278021 288012 280031
297025 319026 079032 136023 346037 302029
306030 287042 282026 303033 283018 317010.
328010 323014 204008 340005 076007 PPC000
334007 352012 327009 298009 329009 223012
264013 228020 116023 182029 126009 274008
208022 163036 168026 156035 136024 157021.
170025 187036 296018 204018 213016 250017
210019 352013 022007 057008 038024 060039
072023 190017 158020 082019 324021 358026
311035 264027 324017 317016 249019 253019.
246020 325013 357018 246005 207005 001009
352009 348014 326011 307013 307011 013007
122017 061011 125016 150015 243029 278024
277023 199011 074032 106017 094015 203015.
249003 035015 055019 007016 046028 042011
341012 331011 318008 PPC002 PPC000 003003
106015 137016 151025 130019 099016 099016
222007 211027 358015 089009 117018 110017.
117013 128021 149010 049009 014009 027018
046014 295007 332013 338014 313007 281009
220003 168015 075008 113021 072011 160020
013023 075020 125020 142027 153026 136030.
133025 144014 166017 174017 129018 347013
358008 002006 357007 332008 300005 194011
231017 237014 285008 275013 086008 166018
131023 137021 097016 099021 054029 005014.
049021 356012 050016 032013 011015 345005
303008 333006 309012 332009 020017 042018
067019 031008 028017 121016 046018 125022
147024 162021 069020 074023 073023 085014.
098007 253016 282019 337013 330010 297011
312003 005006 002007 223007 008008 313008
249012 201012 340008 059010 312020 001012
015018 107020 080020 085015 084015 084012.
079014 084011 014012 305010 304010 308012
318006 PPC000 PPC002 329011 335008 290009
064006 144019 163021 077028 123020 127037
175048 190042 144036 139032 135020 137025.
109013 012011 013017 038014 304006 324007
316012 310003 258007 359009 333013 287005
113012 030019 353014 220023 058016 166030
096025 084019 085023 088029 122010 133026.
148018 096016 022014 033012 330012 329011
258011 314011 325015 345012 029007 071013
103027 071017 023020 074023 037024 108030
124047 103040 070047 173098 PPC001 295007.
321017 021004 PPC000 107007 329010 310009
PPC000 322009 PPC000 PPC001 097003 074015
056012 040019 033022 017026 075015 093022
052020 123042 086023 166017 048029 047044.
094019 337012 312007 286010 344008 278004
333008 316008 PPC002 322010 057008 041028
046025 048014 034024 060015 034013 045021
040031 048020 068016 011009 032017 051005.
261007 PPC001 335003 286008 302008 321008
306010 349009 304007 PPC000 305008 PPC000
035007 052030 052030 054045 036033 076033
065026 084062 064055 067047 063029 052030.
080023 073033 054043 051036 061041 047025
076029 070025 056019 062048 062054 052039
065045 061024 066052 077054 065058 073043
079038 080062 092051 073029 076028 040024.
072019 088024 138020 100011 106018 096021
079013 125015 355010 PPC001 010016 041013
040024 049031 080030 062014 062030 081021
078020 095025 069027 076016 048027 065021.
061025 068016 050026 058018 072020 044013
055013 048017 061015 058010 009009 056014
357011 PPC002 302007 001009 011008 287008
278010 267009 316012 006007 058011 046018.
071011 038011 010009 324011 PPC000 328005
PPC001 PPC002 PPC000 009003 342012 304013
216012 360007 206017 145008 118018 180014
117029 080024 176024 196036 201038 177041=
147018 119014 104009 360010 166006 177012
164009 212014 323003 312009 315009 190017
174020 182028 195025 167022 191028 175033
193035 160032 173031 158039 173041 144031.
145020 161017 160016 183021 197017 332014
PPC000 355009 322013 299007 310013 226018
185031 186037 212025 175016 196034 084018
163035 166040 161045 147026 139037 123022.
137031 127030 159013 132020 157009 176018
204005 173017 198012 160007 120019 095020
128022 141023 079022 008014 093021 168019
180038 184028 154022 153025 146020 143019.
147025 149019 131011 024014 010016 292011
316009 PPC000 326016 332007 322009 275014
227023 285010 125016 097011 217014 086023
080034 081029 055021 078023 063029 086028.
070009 328006 014012 044009 026014 009008
331009 302007 246010 335009 321006 045020
084016 075009 016015 156008 340016 101020
208016 054006 179029 189034 206013 199017.
283006 297007 PPC002 020012 014009 260010
268008 324012 294007 272007 310004 257008
312011 246009 198012 092012 298017 319007
154017 031017 039020 054013 039016 038019.
048013 015008 331003 308011 304009 312013
319014 ////// ////// ////// ////// //////
290012 324015 316017 298017 016022 260019
287026 217017 262018 215020 247021 250008.
328012 265015 286020 244012 107005 252014
280007 273006 301009 341007 320013 263012
294017 332011 313028 299033 302030 315034
288021 292030 255052 258057 265032 269019.
296014 303017 310010 321010 289009 331013
352010 PPC002 342007 354006 319008 283011
238013 244013 299020 290012 339020 261016
300032 256031 289024 305022 333011 344011.
258003 319014 303009 013003 066006 303010
274007 307005 347009 313006 280009 322014
299011 112012 067025 064028 039030 025031
042021 075018 062061 062077 066054 058051.
065039 066038 049028 041024 032019 359014
313005 335011 314010 290009 273009 271013
258020 228018 201022 263015 157021 246028
294031 284042 305051 295024 269019 315007.
314017 269013 313011 319017 314014 319014
308010 326009 281021 287017 292013 278031
297031 322027 089033 140025 340029 304026
306029 295042 282029 304034 284015 315010.
327010 326013 188008 348005 082008 021003
320006 353011 331010 307010 333011 235012
259015 226023 122020 181027 151015 261011
206021 179037 163023 147034 133026 162025.
170025 184037 269018 206020 220015 248016
210019 010010 014008 060008 036022 060034
067025 160021 157022 140018 350019 344021
323034 257026 331018 311020 254019 261018.
294018 324013 353017 277007 254004 350009
349008 350013 327010 294010 311010 054006
111015 117011 123018 145016 234032 268022
253023 187017 073027 107017 090014 187014.
224007 034017 053020 010015 046025 046016
334011 329011 309008 299004 PPC001 008005
020010 131020 166021 116016 088016 128019
285010 177022 346013 132008 117017 106018.
116013 123020 155009 035009 010010 019017
040015 306008 328013 337014 308007 290011
215004 162015 020009 121023 098014 153024
043023 091018 132020 145026 146026 136031.
134024 137019 162022 172014 138017 353012
004008 010007 002007 328009 303006 193011
228018 250014 279011 287014 120011 235016
129019 138023 101022 094018 055031 011014.
049020 042009 052016 018014 011015 339005
291008 323006 309012 321009 022014 050022
072020 043012 030013 117017 068019 147021
122024 222017 072015 068027 072024 088014.
102008 252019 272018 333014 329011 302011
315005 004007 352006 248008 004007 326008
253012 210014 278010 078008 314019 013012
020019 107018 077021 077020 083016 082012.
077012 081010 014012 304010 305010 311011
302006 PPC002 319004 333012 339010 314008
005008 134015 143018 086026 123022 072029
174046 179036 136035 135033 143022 133021.
113015 012011 012016 040015 291007 297008
308011 310006 260007 355008 340011 282004
078010 027018 016016 197022 069015 148026
088022 093019 078025 089029 117017 135026.
147019 096016 027017 035015 333009 337012
259011 313011 325014 343011 015007 059013
105024 082023 033022 073028 044028 112031
116045 103036 070044 158087 195004 267010.
335015 354006 PPC002 101007 326010 307009
PPC000 316008 PPC001 325003 097003 066013
056013 042020 043021 051023 067016 104023
045021 128040 089022 172019 048027 045037.
096019 345011 309009 294010 334008 300005
341007 326008 294005 324011 050008 044024
042021 049016 030021 042017 032018 043020
043035 047029 068019 357009 034019 048010.
269007 352004 325005 306007 306009 323008
310011 354008 309006 PPC000 303007 PPC001
020007 056026 059031 061042 041032 073034
064030 073049 065046 062041 068024 054028.
074022 075030 052041 053041 063040 055029
078026 065025 062022 059048 060048 056038
063048 060029 064041 079053 063056 068051
078044 076054 085044 077030 083030 054024.
070017 088022 123023 101016 095016 095021
083014 124013 350010 PPC002 029016 048015
051026 053030 078029 066019 060028 081022
085020 093023 080026 078019 049027 064021.
064022 061021 050027 059023 076020 053010
046010 049018 052011 058011 010010 060016
355011 PPC002 296007 350008 325007 280008
264011 260009 320011 010008 057010 050020.
063013 038011 009009 325009 PPC000 332006
PPC002 PPC002 PPC001 013004 343010 304011
226012 263009 221019 131009 143019 177018
120030 106022 169026 187033 201036 185033=
053176 1718 081171 1954
052172 1608 089166 1607
043171 1539 079147 1307
040069 1457 065061 1418
035191 1810 055198 1727
025191 2020 050202 2020
031332 1327 062350 1326
060253 1728 107296 2230
044263 1438 122221 1534
082066 1802 166046 1800
055057 2007 122304 1544
055308 1343 101305 1240
047142 1632 105151 1933
042176 2223 072071 0748
038215 1441 068249 1258
035068 1705 069138 1705
043164 1732 072130 1809
046068 1838 084133 2002
034071 1744 068118 1437
040244 2118 068258 2122
049178 1501 082167 1536
034135 1518 058122 1747
099057 1735 190047 1749
051140 1531 105179 1531
047037 1439 077050 1503
049073 1600 100064 1559
065061 1245 130013 1241
037081 2015 070041 2240
034065 2117 057064 2115
042185 1816 064164 1819=
D=
K=
A=
S=
B=
??????
******
YF
O2226
河南省
豫洛阳牡丹园
洛阳市邙山中沟国家牡丹园
丘陵；景区；地面
空缺
计算机
计算机
计算机
计算机
计算机
20120716=
JY
8888=
GK
01/
05/=
BZ
BB/07/06时气温用正点后10分钟值代替。07时气温用正点前10分钟值代替。08时气温用正点前10分钟值代替。
00/344223/1122341
10/24/逐时观测
10/24/24时连续观测
11/不守班=
######
