O2222 3419N 11224E 002790 002790 105 000 S15 91999999919999199999 0 2011 06
P=
TB
0226 0200 0208 0196 0193 0175 0160 0170 0156 0168 0192 0211
0241 0275 0282 0315 0331 0328 0342 0327 0312 0305 0286 0277 0345 1333 0151 0508.
0245 0248 0240 0232 0226 0216 0191 0179 0179 0183 0198 0215
0226 0262 0285 0320 0329 0338 0364 0343 0341 0337 0310 0267 0364 1500 0175 0520.
0256 0238 0216 0210 0197 0208 0188 0186 0155 0180 0211 0249
0279 0316 0329 0345 0354 0368 0343 0342 0314 0309 0293 0275 0368 1358 0144 0519.
0271 0252 0232 0203 0231 0218 0199 0172 0163 0179 0210 0228
0240 0266 0303 0314 0334 0319 0314 0306 0302 0293 0279 0267 0340 1339 0161 0507.
0254 0255 0246 0226 0219 0207 0196 0202 0203 0202 0217 0236
0256 0286 0311 0321 0330 0321 0325 0323 0306 0297 0283 0279 0337 1257 0196 0252.
0256 0266 0249 0234 0236 0231 0221 0210 0207 0196 0226 0241
0263 0297 0314 0330 0347 0349 0355 0352 0341 0325 0308 0292 0368 1415 0192 0508.
0277 0272 0264 0260 0249 0243 0235 0218 0208 0194 0228 0254
0282 0310 0336 0359 0391 0404 0407 0401 0404 0396 0379 0326 0416 1623 0193 0540.
0313 0304 0290 0263 0247 0250 0262 0256 0239 0238 0267 0280
0320 0344 0370 0396 0403 0413 0409 0416 0407 0395 0370 0350 0429 1551 0213 0525.
0326 0310 0308 0297 0291 0280 0271 0260 0249 0253 0259 0269
0270 0279 0291 0317 0302 0308 0307 0296 0288 0283 0272 0263 0350 2013 0245 0430.
0256 0258 0248 0228 0238 0241 0242 0240 0232 0230 0244 0258
0269 0286 0314 0341 0326 0331 0360 0363 0352 0345 0336 0294 0367 1435 0223 0011.
0262 0280 0267 0257 0249 0242 0237 0232 0229 0209 0233 0251
0270 0305 0331 0343 0354 0367 0390 0384 0381 0368 0355 0311 0402 1447 0209 0600.
0304 0287 0279 0267 0268 0257 0246 0243 0240 0230 0239 0255
0278 0310 0312 0323 0329 0343 0358 0343 0336 0323 0307 0294 0359 1503 0226 0525.
0280 0273 0267 0255 0246 0241 0235 0226 0223 0219 0242 0270
0295 0311 0318 0334 0345 0332 0325 0328 0320 0311 0303 0285 0349 1254 0218 0601.
0271 0266 0260 0251 0243 0238 0229 0228 0226 0229 0232 0245
0258 0285 0290 0295 0298 0299 0296 0287 0282 0274 0263 0253 0304 1126 0225 0409.
0243 0231 0221 0213 0207 0204 0201 0200 0195 0195 0209 0229
0249 0276 0297 0311 0324 0329 0332 0326 0318 0304 0291 0280 0336 1501 0193 0510.
0264 0257 0251 0244 0239 0230 0224 0222 0218 0214 0224 0237
0265 0278 0291 0299 0321 0306 0305 0298 0296 0293 0281 0270 0322 1240 0213 0555.
0264 0260 0254 0250 0243 0239 0234 0228 0221 0226 0233 0241
0251 0260 0254 0255 0260 0260 0241 0233 0227 0222 0222 0219 0270 2001 0219 1948.
0217 0215 0211 0209 0207 0206 0203 0201 0198 0196 0206 0220
0237 0270 0264 0291 0298 0293 0293 0294 0292 0290 0275 0261 0303 1322 0196 0540.
0235 0227 0223 0224 0211 0206 0209 0196 0187 0190 0212 0232
0256 0277 0315 0324 0334 0349 0346 0339 0330 0317 0304 0292 0362 1404 0186 0514.
0283 0269 0259 0253 0246 0241 0234 0228 0224 0223 0227 0233
0250 0258 0267 0286 0285 0293 0305 0295 0289 0285 0275 0264 0307 1456 0222 0558.
0260 0255 0253 0247 0244 0242 0242 0240 0238 0238 0240 0251
0257 0260 0261 0261 0273 0282 0286 0274 0259 0260 0258 0253 0286 1437 0237 0518.
0250 0241 0236 0239 0237 0237 0235 0233 0231 0235 0242 0250
0269 0276 0278 0269 0272 0271 0282 0282 0284 0279 0276 0271 0290 1545 0229 0507.
0267 0257 0257 0253 0230 0232 0235 0238 0217 0212 0212 0207
0220 0228 0236 0237 0244 0255 0256 0264 0289 0275 0280 0243 0299 1726 0206 0627.
0228 0209 0216 0209 0206 0190 0194 0180 0177 0181 0222 0234
0264 0296 0323 0344 0353 0350 0344 0332 0322 0308 0295 0288 0358 1253 0175 0335.
0275 0241 0224 0222 0223 0218 0208 0203 0205 0205 0209 0208
0211 0202 0194 0204 0216 0231 0240 0226 0220 0220 0212 0211 0287 2001 0190 1036.
0207 0205 0204 0197 0191 0197 0195 0194 0195 0193 0204 0220
0235 0248 0276 0291 0294 0315 0312 0311 0329 0312 0295 0274 0333 1637 0190 0512.
0251 0243 0239 0242 0224 0231 0225 0229 0214 0211 0214 0221
0236 0238 0253 0258 0276 0306 0304 0310 0320 0299 0288 0263 0328 1453 0210 0515.
0246 0235 0227 0228 0219 0210 0213 0216 0200 0197 0220 0236
0257 0290 0299 0328 0336 0357 0363 0351 0371 0347 0326 0306 0377 1519 0186 0531.
0291 0285 0268 0258 0252 0245 0243 0233 0216 0219 0243 0258
0281 0304 0325 0340 0350 0366 0363 0354 0352 0336 0319 0305 0374 1423 0211 0544.
0296 0287 0283 0275 0272 0266 0259 0255 0241 0240 0266 0286
0315 0339 0357 0372 0387 0388 0385 0377 0368 0357 0337 0322 0398 1427 0234 0540=
I=
E=
U=
N=
H=
C=
V=
R6
0000 0000 0000
0000 0000 0000
0000 0000 0000
0000 0000 0000
0000 0000 0000
0000 0000 0000
0000 0000 0000
//// 0000 ////
0000 0000 0000
0000 0000 0000
0000 0000 0000
0000 0000 0000
0000 0000 0000
0000 0000 0000
0000 0000 0000
0000 0000 0000
0000 0053 0053
0001 0000 0001
0000 0000 0000
0000 0000 0000
0000 0000 0000
0000 0002 0002
0049 0019 0068
0000 0000 0000
0000 0000 0000
0000 0000 0000
0006 0000 0006
0000 0000 0000
0000 0000 0000
0000 0000 0000=
0000 0000 0000 0000 0000 0000 0000 0000 0000 0000 0000 0000
0000 0000 0000 0000 0000 0000 0000 0000 0000 0000 0000 0000.
0000 0000 0000 0000 0000 0000 0000 0000 0000 0000 0000 0000
0000 0000 0000 0000 0000 0000 0000 0000 0000 0000 0000 0000.
0000 0000 0000 0000 0000 0000 0000 0000 0000 0000 0000 0000
0000 0000 0000 0000 0000 0000 0000 0000 0000 0000 0000 0000.
0000 0000 0000 0000 0000 0000 0000 0000 0000 0000 0000 0000
0000 0000 0000 0000 0000 0000 0000 0000 0000 0000 0000 0000.
0000 0000 0000 0000 0000 0000 0000 0000 0000 0000 0000 0000
0000 0000 0000 0000 0000 0000 0000 0000 0000 0000 0000 0000.
0000 0000 0000 0000 0000 0000 0000 0000 0000 0000 0000 0000
0000 0000 0000 0000 0000 0000 0000 0000 0000 0000 0000 0000.
0000 0000 0000 0000 0000 0000 0000 0000 0000 0000 0000 0000
0000 0000 0000 0000 0000 0000 0000 0000 0000 0000 0000 0000.
0000 0000 0000 0000 //// //// //// 0000 0000 0000 0000 0000
0000 0000 0000 0000 0000 0000 0000 0000 0000 0000 0000 0000.
0000 0000 0000 0000 0000 0000 0000 0000 0000 0000 0000 0000
0000 0000 0000 0000 0000 0000 0000 0000 0000 0000 0000 0000.
0000 0000 0000 0000 0000 0000 0000 0000 0000 0000 0000 0000
0000 0000 0000 0000 0000 0000 0000 0000 0000 0000 0000 0000.
0000 0000 0000 0000 0000 0000 0000 0000 0000 0000 0000 0000
0000 0000 0000 0000 0000 0000 0000 0000 0000 0000 0000 0000.
0000 0000 0000 0000 0000 0000 0000 0000 0000 0000 0000 0000
0000 0000 0000 0000 0000 0000 0000 0000 0000 0000 0000 0000.
0000 0000 0000 0000 0000 0000 0000 0000 0000 0000 0000 0000
0000 0000 0000 0000 0000 0000 0000 0000 0000 0000 0000 0000.
0000 0000 0000 0000 0000 0000 0000 0000 0000 0000 0000 0000
0000 0000 0000 0000 0000 0000 0000 0000 0000 0000 0000 0000.
0000 0000 0000 0000 0000 0000 0000 0000 0000 0000 0000 0000
0000 0000 0000 0000 0000 0000 0000 0000 0000 0000 0000 0000.
0000 0000 0000 0000 0000 0000 0000 0000 0000 0000 0000 0000
0000 0000 0000 0000 0000 0000 0000 0000 0000 0000 0000 0000.
0000 0000 0000 0000 0000 0000 0000 0000 0000 0000 0000 0000
0000 0000 0000 0000 0000 0000 0005 0009 0011 0017 0009 0002.
0000 0000 0000 0001 0000 0000 0000 0000 0000 0000 0000 0000
0000 0000 0000 0000 0000 0000 0000 0000 0000 0000 0000 0000.
0000 0000 0000 0000 0000 0000 0000 0000 0000 0000 0000 0000
0000 0000 0000 0000 0000 0000 0000 0000 0000 0000 0000 0000.
0000 0000 0000 0000 0000 0000 0000 0000 0000 0000 0000 0000
0000 0000 0000 0000 0000 0000 0000 0000 0000 0000 0000 0000.
0000 0000 0000 0000 0000 0000 0000 0000 0000 0000 0000 0000
0000 0000 0000 0000 0000 0000 0000 0000 0000 0000 0000 0000.
0000 0000 0000 0000 0000 0000 0000 0000 0000 0000 0000 0000
0000 0000 0000 0000 0000 0002 0000 0000 0000 0000 0000 0000.
0000 0000 0000 0000 0002 0000 0000 0000 0006 0016 0017 0008
0008 0009 0001 0001 0000 0000 0000 0000 0000 0000 0000 0000.
0000 0000 0000 0000 0000 0000 0000 0000 0000 0000 0000 0000
0000 0000 0000 0000 0000 0000 0000 0000 0000 0000 0000 0000.
0000 0000 0000 0000 0000 0000 0000 0000 0000 0000 0000 0000
0000 0000 0000 0000 0000 0000 0000 0000 0000 0000 0000 0000.
0000 0000 0000 0000 0000 0000 0000 0000 0000 0000 0000 0000
0000 0000 0000 0000 0000 0000 0000 0000 0000 0000 0000 0000.
0000 0000 0000 0000 0000 0000 0000 0000 0004 0001 0000 0001
0000 0000 0000 0000 0000 0000 0000 0000 0000 0000 0000 0000.
0000 0000 0000 0000 0000 0000 0000 0000 0000 0000 0000 0000
0000 0000 0000 0000 0000 0000 0000 0000 0000 0000 0000 0000.
0000 0000 0000 0000 0000 0000 0000 0000 0000 0000 0000 0000
0000 0000 0000 0000 0000 0000 0000 0000 0000 0000 0000 0000.
0000 0000 0000 0000 0000 0000 0000 0000 0000 0000 0000 0000
0000 0000 0000 0000 0000 0000 0000 0000 0000 0000 0000 0000=
0000 ////////// 00000=
W=
L=
Z=
G=
FN
249035 224032 147014 229043 236043 043027
180028 210024 227030 254011 223023 278021
303015 131013 308013 038035 173028 130032
016017 039021 120032 110037 137023 100034.
116027 115066 117072 113055 119046 191010
232034 231029 238027 249012 249024 248029
266027 026007 236011 072014 078037 111022
067024 124034 120033 232041 229044 230041.
085026 194018 174023 163013 108005 151007
096013 002007 075010 177004 142007 026014
037017 343016 037022 077039 083040 123058
094063 127075 139048 124049 110040 116050.
114043 071021 089029 162030 149037 164030
181019 153008 201025 227029 245029 264032
260038 244010 325015 239011 113023 119039
110056 132048 142045 107045 117048 123052.
136035 131032 108032 181012 174017 183007
225021 224032 235015 285010 248010 270031
276015 123016 114024 129032 147022 106035
126022 152030 161034 148015 149015 093030.
156023 118028 202010 237020 079005 090006
125010 228013 189022 222013 253019 265030
174011 027018 345016 091009 109026 148021
097048 112062 111051 108065 121073 124051.
106045 108030 006020 008029 153037 131050
269011 058011 027006 174011 191006 244019
263022 291015 330019 006012 036012 033018
051022 109029 269034 196017 254015 126020.
131031 131021 031020 142015 ////// //////
////// 111011 067010 145022 063017 145031
168014 261052 276035 306048 314066 322047
312048 059012 359025 006018 324024 290016.
014053 027019 063024 077028 104043 063031
103035 103014 354009 016010 279017 349012
282022 266017 314010 339028 336051 001041
333036 353043 001021 297014 180006 215014.
259020 278026 278024 252022 277029 269050
272045 287042 269044 266031 291024 298070
295067 315054 345023 033021 310016 195019
310024 338034 318020 288028 290019 228017.
196011 119052 114067 133068 127051 121053
126050 122037 128031 212014 227017 307012
324022 053021 024020 048021 221019 261010
247041 316045 255064 280055 282033 146020.
142027 134019 114010 211013 329031 332026
325010 318007 296022 289022 273022 271030
010020 027037 027044 012023 038024 067057
067043 091057 128052 127057 117057 125052.
103041 118045 121034 124019 046013 084020
088026 112025 107024 121016 104020 083019
077045 086038 105031 077029 033037 014038
088017 111039 154035 133033 135034 144020.
033017 128030 110045 124044 140037 145030
156016 153021 136024 127035 142027 133027
121030 080028 120019 100041 138033 131046
124047 118052 139043 165067 137044 118051.
121056 105058 114062 127061 130048 125059
116054 130040 135027 139029 153033 132019
076009 093026 124049 078054 111056 096070
109059 103082 094076 091072 108062 084058.
107063 108065 116075 125072 121068 124055
113049 102044 113050 116049 126049 122056
106045 104064 088055 106076 114073 097080
108055 098081 098061 108081 106072 109064.
124053 113065 128055 108059 120056 121046
097032 096031 063023 035015 058017 076026
057030 054019 003029 025013 336036 354027
329014 331009 234023 244015 329017 183012.
200007 197010 262010 227008 236021 254021
243027 236027 255021 227032 254019 266022
273025 354014 047025 042026 248007 029021
156022 124016 113010 127009 138011 118020.
160020 164027 136018 301009 235018 249030
273010 143009 159012 222013 256011 269015
255022 264012 025017 110021 083022 083031
111039 140038 101051 114069 120053 120052.
119068 105055 111058 115057 125052 113056
109044 113048 114042 106048 110054 103058
105051 101051 247041 200040 129022 144021
106055 102066 108076 109076 120080 118066.
117069 117056 115051 121040 112036 113049
109048 129038 120032 115035 107026 086038
101031 094035 100041 087032 073039 074040
070037 013043 019043 359020 312010 344006.
321013 279013 191012 229018 242021 274013
221013 227021 263020 309022 231018 266025
237013 242023 276018 234020 227024 227018
217020 276017 265021 244012 275017 287025.
286033 288049 291041 294033 284037 264033
279048 288043 273052 276057 273037 253043
260029 281040 315023 290024 265061 270042
255047 251047 207029 254039 215030 206032.
160016 162019 142025 150028 178017 178014
328022 125011 168011 195011 039007 275008
016013 040020 026029 349023 040041 112040
097076 118091 104089 114079 110060 100054.
079057 069072 024063 100008 032028 053048
025036 335007 006018 018009 031031 037028
038026 039040 023030 000033 341035 001026
040019 008032 338020 044010 PPC000 PPC000.
264020 245026 256030 247024 256021 260024
242023 262015 280022 275024 274015 273021
300018 259027 259016 089010 240025 008017
244029 234031 343025 249012 194017 231017.
200018 223016 222015 224020 150022 PPC000
162011 291016 226013 243015 244007 PPC002
278018 279022 272023 299039 305026 339034
296033 120011 326031 320033 321012 113054.
134037 151015 143021 141014 170022 PPC002
PPC000 135013 267013 293011 299008 241018
292014 024013 310014 350018 083018 044021
319012 311009 041030 091032 109062 118072.
122047 117048 112074 121066 112059 137029
119040 140010 218010 225021 228011 274015
043013 072033 118052 118059 098044 119037
125053 118067 121061 122068 131050 105047.
107054 104045 110049 111046 118052 118040
120038 124030 145028 154024 127029 099038
113019 133036 085043 131042 093063 106055
097075 111077 119093 115067 136049 130047=
248036 227032 137013 230042 238044 319023
183025 213022 229028 260010 218020 267021
288013 128013 267012 020024 146025 117029
025019 041021 118032 109037 138024 103033.
127025 113067 118072 113057 122044 179013
236030 231030 237027 253012 245023 250028
263029 331012 181010 072017 077037 112022
069024 118029 124029 232036 230046 230041.
080025 193016 172023 175013 119007 139006
089015 346009 082010 176005 143007 035012
060016 016016 356015 089042 106042 091050
097067 130068 137055 128048 109041 115049.
115045 074019 090030 158028 144041 172029
184021 171008 198025 230026 246027 265032
271035 247012 327016 185013 108029 122037
110056 128052 129046 109043 116047 121050.
137036 134035 107031 188013 167018 175009
223020 223030 234021 271010 247010 270028
289015 124015 108023 108031 126026 113033
130022 148030 158036 146016 151016 092030.
158022 122028 180011 237020 142005 131007
157007 215014 202020 214013 257021 265027
187013 046017 003016 070013 083024 149024
101053 101059 102060 107065 121068 124055.
108044 109032 012018 015028 150041 142048
250013 067012 031006 185012 143007 253019
261021 318012 317019 313015 359020 354019
028018 119027 265028 184016 266017 131019.
132033 126024 030022 130013 ////// //////
////// 112011 065008 145021 063018 145032
159015 271044 281037 309049 314060 318048
314048 063015 023025 007018 325024 293018.
012046 025019 059022 093028 106044 064031
101036 082014 286011 025010 279015 348012
289019 279018 309013 339030 339049 001044
336037 350039 007024 301016 168005 209014.
259021 277029 272025 252022 277029 270049
272048 284043 268043 266030 291023 295061
293068 312056 336030 023030 301021 218022
294020 327035 303028 284036 290021 239018.
204013 120053 116067 132068 127055 125049
125052 124034 129034 220014 225018 304013
308018 037019 011016 004019 244023 257014
299029 288041 258057 282059 280036 141017.
142029 134020 110011 227009 326032 333030
333013 322011 300021 285019 277021 265030
349018 022035 024041 019026 035028 066046
070045 106054 122052 126054 121060 123057.
105040 115045 121035 122019 043013 087021
089025 112025 109022 111017 100021 094017
079042 089037 107031 067030 035036 014041
070016 114038 145038 135032 135033 144019.
029018 128029 109044 126043 138037 140030
147019 146023 140028 129034 141027 131030
118032 080026 118020 098043 132037 141047
119057 120058 134049 160065 136044 118051.
119054 107057 114058 124065 128054 124060
116051 126044 138030 136030 153031 129021
129008 098029 119047 087057 109058 096068
109066 101076 091077 093075 107069 083058.
108065 107067 116078 126074 122071 121056
113050 103044 118052 112047 125048 118052
104043 106061 092060 102075 107077 098080
104059 093079 102069 108080 106073 110064.
121057 115066 127056 108058 119057 125048
099033 098029 058024 034016 054019 073026
060030 051021 004033 018011 336034 350030
340013 327010 229023 239015 334017 193013.
187009 220009 274009 228008 235020 249024
244026 235028 250023 231030 254019 268023
268025 357019 043022 040022 040009 022019
140023 120017 121012 131010 145012 110019.
161020 165026 142019 308008 240017 249029
283010 141008 158013 216012 249011 255015
248022 282014 048016 117019 059021 100029
114042 130047 103052 110065 120053 121049.
116064 107059 110056 115056 122052 114053
108044 112049 115043 109046 111058 104056
112049 102056 229042 208030 149018 156017
117047 105063 111069 111071 117074 121065.
120069 116054 116054 123043 110037 113046
108048 127043 119033 112035 110028 087036
102032 099035 103044 094031 082039 077039
074034 031039 016041 001023 311012 342008.
319013 273013 188010 230019 243021 271012
219014 228022 261021 303025 231018 264025
240014 250020 261021 233020 231023 230016
221020 266018 269023 251012 268018 290022.
289033 284051 288038 288035 289034 265035
284047 289047 274044 270052 274040 253040
262029 278037 298023 289027 262055 268044
251047 249051 216029 252040 215030 207033.
155015 155019 137023 150026 172019 179014
325022 135011 165011 200011 050008 263009
092011 044017 026025 358027 036037 113054
101080 115088 108086 116080 110068 103053.
085062 068076 017063 066004 020025 048048
016033 345011 002020 025009 035029 034029
034028 037041 028030 359038 343033 351028
022020 005030 343023 024010 PPC002 PPC000.
262018 247023 254033 249024 259021 258025
242025 262013 277023 273025 278015 268023
297020 257027 297016 151014 271028 342020
252036 239028 358022 266010 201018 225015.
209019 219014 225015 230022 152020 PPC001
170008 286014 234010 241016 244006 267004
273017 277020 289021 299041 304027 329035
304032 332021 332028 319027 319013 116047.
134038 149016 148023 132016 163023 220006
PPC002 135013 257014 285011 300009 246015
294017 004016 312019 012020 111019 064020
007016 290011 054028 095029 109058 116065.
122052 117053 111075 121066 113060 141026
117039 149012 219011 229020 225013 279014
041015 095028 106045 115060 100046 100041
113055 114066 117055 123065 134052 105047.
110056 106048 112051 111043 119052 117038
122037 125029 147026 157022 130030 102038
106021 121033 101042 117043 100057 111056
099075 114081 114086 119068 136054 128047=
053238 0021 085083 1958
079118 2250 115099 2220
083106 1536 127118 1536
064114 1445 107080 1338
052122 2004 071124 2007
078090 1652 109101 1718
069118 2124 097124 2120
064312 1133 098323 1129
053340 1418 077347 1411
083293 0825 110299 0824
076121 2308 119112 2334
073121 1851 112129 1850
060157 1719 082124 2009
071112 1516 100124 1747
088089 1745 123095 1736
088087 1336 136092 1230
075120 2142 115118 2144
033230 0609 053340 1035
075095 1740 108087 1610
080109 1747 113115 1755
071121 2101 104118 2042
034248 1032 048266 1032
069282 0039 094265 2320
096116 1814 135122 1807
111056 2136 144063 2136
043244 1449 066251 1446
059287 1142 090317 1303
065116 2000 089124 2000
081096 1607 113090 1606
093110 1722 133101 1725=
D=
K=
A=
S=
B=
??????
******
YF
O2222
河南省
豫汝阳仝沟
汝阳县蔡店乡仝沟村烟草科技示范园
丘陵；乡村；地面
空缺
计算机
计算机
计算机
计算机
计算机
20120208=
JY
8888=
GK
01/
05/=
BZ
BB/08/01时气温用正点前4分钟值代替。02时气温用正点前10分钟值代替。03时气温用正点前10分钟值代替。
00/341914/1122419
10/24/逐时观测
10/24/24时连续观测
11/不守班=
######
