O2206 3449N 11233E 001960 001960 105 000 S15 91999999919999199999 0 2011 07
P=
TB
0318 0313 0304 0291 0269 0252 0255 0246 0239 0239 0289 0314
0320 0328 0366 0354 0365 0374 0381 0375 0364 0366 0346 0330 0387 1535 0236 0539.
0322 0321 0309 0300 0293 0294 0292 0286 0282 0282 0293 0306
0318 0337 0340 0345 0355 0356 0348 0346 0326 0314 0304 0289 0365 1423 0281 0531.
0273 0260 0257 0256 0252 0253 0249 0241 0233 0231 0227 0225
0225 0224 0225 0228 0230 0229 0231 0235 0237 0240 0239 0236 0288 2001 0224 0916.
0237 0237 0237 0236 0235 0233 0233 0233 0233 0234 0240 0247
0249 0253 0266 0260 0262 0271 0274 0267 0259 0226 0237 0232 0274 1452 0223 1745.
0230 0229 0229 0223 0225 0225 0224 0221 0214 0219 0229 0256
0266 0300 0308 0328 0333 0340 0330 0325 0321 0308 0286 0272 0348 1320 0213 0511.
0268 0264 0261 0256 0254 0251 0252 0242 0241 0239 0240 0242
0250 0259 0257 0243 0239 0231 0230 0230 0230 0231 0223 0215 0273 2001 0215 1959.
0204 0207 0207 0211 0208 0204 0204 0202 0205 0203 0229 0264
0272 0293 0302 0313 0311 0329 0313 0341 0332 0323 0295 0244 0344 1553 0200 0343.
0221 0225 0223 0213 0216 0196 0194 0186 0194 0187 0216 0257
0293 0326 0347 0365 0375 0395 0385 0383 0380 0370 0338 0273 0397 1357 0183 0334.
0243 0230 0227 0226 0229 0214 0211 0202 0192 0189 0240 0282
0319 0338 0358 0367 0353 0356 0350 0348 0351 0336 0321 0286 0370 1126 0188 0545.
0266 0281 0275 0256 0255 0257 0246 0241 0245 0238 0258 0296
0317 0321 0345 0356 0353 0361 0357 0348 0341 0334 0305 0290 0363 1405 0237 0557.
0282 0274 0268 0270 0268 0265 0258 0255 0251 0238 0259 0288
0301 0306 0324 0338 0345 0359 0366 0360 0354 0338 0323 0307 0371 1530 0237 0602.
0301 0291 0284 0280 0278 0276 0253 0245 0247 0245 0249 0264
0289 0321 0327 0343 0346 0351 0366 0337 0330 0217 0210 0216 0367 1459 0209 1905.
0215 0223 0218 0219 0216 0216 0217 0214 0211 0210 0221 0237
0267 0279 0288 0305 0314 0323 0332 0338 0331 0319 0303 0259 0343 1624 0210 0511.
0245 0246 0250 0245 0242 0245 0243 0219 0212 0212 0232 0266
0285 0313 0325 0317 0336 0343 0360 0353 0350 0339 0310 0280 0363 1450 0207 0613.
0272 0262 0246 0244 0234 0229 0225 0239 0232 0232 0237 0266
0282 0296 0310 0324 0334 0339 0342 0342 0335 0303 0277 0268 0348 1440 0224 0258.
0262 0254 0243 0239 0230 0227 0236 0234 0223 0229 0243 0252
0269 0284 0304 0314 0328 0342 0341 0334 0336 0325 0314 0282 0348 1428 0217 0524.
0256 0249 0231 0226 0234 0219 0231 0217 0207 0208 0237 0261
0289 0301 0313 0318 0328 0336 0341 0344 0333 0317 0303 0289 0347 1556 0203 0529.
0278 0270 0252 0235 0231 0228 0230 0231 0236 0243 0246 0262
0270 0284 0293 0311 0322 0326 0325 0328 0319 0301 0285 0262 0333 1437 0227 0140.
0249 0247 0247 0242 0237 0238 0233 0236 0217 0227 0239 0246
0262 0279 0296 0311 0316 0330 0327 0320 0314 0304 0291 0277 0333 1429 0213 0510.
0261 0252 0249 0244 0244 0244 0244 0244 0239 0231 0235 0241
0263 0277 0306 0306 0326 0333 0332 0332 0325 0314 0303 0290 0339 1522 0230 0609.
0280 0269 0262 0256 0252 0252 0246 0242 0238 0236 0242 0253
0279 0292 0310 0326 0335 0334 0341 0341 0339 0319 0307 0295 0345 1528 0235 0526.
0289 0283 0263 0259 0256 0255 0234 0234 0235 0232 0238 0266
0272 0288 0300 0323 0335 0345 0346 0341 0328 0320 0305 0286 0352 1437 0231 0305.
0233 0230 0234 0234 0234 0232 0228 0227 0223 0223 0242 0266
0294 0314 0325 0336 0349 0345 0343 0352 0345 0292 0303 0299 0354 1337 0222 0538.
0267 0268 0262 0257 0254 0247 0251 0248 0241 0242 0261 0287
0308 0333 0351 0360 0366 0377 0380 0383 0306 0282 0279 0213 0394 1448 0210 1957.
0224 0224 0232 0233 0232 0232 0225 0222 0221 0219 0242 0273
0298 0320 0336 0363 0372 0379 0391 0399 0396 0383 0355 0289 0400 1557 0213 2004.
0268 0255 0285 0276 0276 0255 0260 0261 0259 0252 0276 0285
0300 0321 0325 0332 0276 0262 0274 0300 0301 0299 0286 0265 0335 1125 0248 0523.
0255 0243 0248 0242 0231 0233 0232 0222 0215 0211 0239 0273
0292 0318 0326 0343 0357 0360 0362 0359 0346 0327 0311 0296 0370 1522 0210 0539.
0286 0279 0273 0254 0260 0257 0253 0249 0241 0231 0253 0269
0281 0296 0306 0327 0342 0346 0350 0340 0327 0318 0308 0298 0357 1518 0231 0556.
0291 0283 0281 0276 0276 0272 0271 0262 0260 0261 0265 0272
0285 0300 0318 0328 0312 0298 0269 0286 0282 0277 0270 0264 0331 1207 0233 1422.
0255 0252 0246 0246 0242 0228 0229 0228 0227 0225 0231 0254
0268 0297 0320 0334 0323 0336 0339 0336 0336 0310 0293 0275 0344 1340 0224 0545.
0268 0263 0258 0249 0240 0240 0240 0239 0237 0236 0243 0258
0265 0277 0278 0270 0280 0285 0282 0270 0266 0257 0255 0251 0287 1407 0234 0326=
I=
E=
U=
N=
H=
C=
V=
R6
0000 0000 0000
0000 0000 0000
0001 0105 0106
0000 0007 0007
0000 0000 0000
0002 0049 0051
0005 0000 0005
0000 0000 0000
0000 0000 0000
0000 0000 0000
0000 0000 0000
0001 0157 0158
0000 0000 0000
0000 0000 0000
0000 0000 0000
0000 0000 0000
0000 0000 0000
0000 0000 0000
0000 0000 0000
0000 0000 0000
0000 0000 0000
0046 0003 0049
0033 0014 0047
0007 0204 0211
0125 0000 0125
0000 0028 0028
0000 0000 0000
0000 0000 0000
0028 0174 0202
0006 0000 0006
0000 0000 0000=
0000 0000 0000 0000 0000 0000 0000 0000 0000 0000 0000 0000
0000 0000 0000 0000 0000 0000 0000 0000 0000 0000 0000 0000.
0000 0000 0000 0000 0000 0000 0000 0000 0000 0000 0000 0000
0000 0000 0000 0000 0000 0000 0000 0000 0000 0000 0000 0000.
0000 0000 0000 0000 0000 0000 0000 0000 0000 0000 0000 0001
0001 0006 0042 0039 0012 0005 0000 0000 0000 0000 0000 0000.
0000 0000 0000 0000 0000 0000 0000 0000 0000 0000 0000 0000
0000 0000 0002 0000 0000 0000 0000 0000 0001 0004 0000 0000.
0000 0000 0000 0000 0000 0000 0000 0000 0000 0000 0000 0000
0000 0000 0000 0000 0000 0000 0000 0000 0000 0000 0000 0000.
0000 0000 0000 0000 0000 0000 0000 0000 0000 0000 0000 0002
0000 0000 0000 0006 0004 0008 0018 0003 0002 0002 0002 0004.
0004 0000 0001 0000 0000 0000 0000 0000 0000 0000 0000 0000
0000 0000 0000 0000 0000 0000 0000 0000 0000 0000 0000 0000.
0000 0000 0000 0000 0000 0000 0000 0000 0000 0000 0000 0000
0000 0000 0000 0000 0000 0000 0000 0000 0000 0000 0000 0000.
0000 0000 0000 0000 0000 0000 0000 0000 0000 0000 0000 0000
0000 0000 0000 0000 0000 0000 0000 0000 0000 0000 0000 0000.
0000 0000 0000 0000 0000 0000 0000 0000 0000 0000 0000 0000
0000 0000 0000 0000 0000 0000 0000 0000 0000 0000 0000 0000.
0000 0000 0000 0000 0000 0000 0000 0000 0000 0000 0000 0000
0000 0000 0000 0000 0000 0000 0000 0000 0000 0000 0000 0000.
0000 0000 0000 0000 0000 0000 0001 0000 0000 0000 0000 0000
0000 0000 0000 0000 0000 0000 0000 0000 0000 0069 0083 0005.
0000 0000 0000 0000 0000 0000 0000 0000 0000 0000 0000 0000
0000 0000 0000 0000 0000 0000 0000 0000 0000 0000 0000 0000.
0000 0000 0000 0000 0000 0000 0000 0000 0000 0000 0000 0000
0000 0000 0000 0000 0000 0000 0000 0000 0000 0000 0000 0000.
0000 0000 0000 0000 0000 0000 0000 0000 0000 0000 0000 0000
0000 0000 0000 0000 0000 0000 0000 0000 0000 0000 0000 0000.
0000 0000 0000 0000 0000 0000 0000 0000 0000 0000 0000 0000
0000 0000 0000 0000 0000 0000 0000 0000 0000 0000 0000 0000.
0000 0000 0000 0000 0000 0000 0000 0000 0000 0000 0000 0000
0000 0000 0000 0000 0000 0000 0000 0000 0000 0000 0000 0000.
0000 0000 0000 0000 0000 0000 0000 0000 0000 0000 0000 0000
0000 0000 0000 0000 0000 0000 0000 0000 0000 0000 0000 0000.
0000 0000 0000 0000 0000 0000 0000 0000 0000 0000 0000 0000
0000 0000 0000 0000 0000 0000 0000 0000 0000 0000 0000 0000.
0000 0000 0000 0000 0000 0000 0000 0000 0000 0000 0000 0000
0000 0000 0000 0000 0000 0000 0000 0000 0000 0000 0000 0000.
0000 0000 0000 0000 0000 0000 0000 0000 0000 0000 0000 0000
0000 0000 0000 0000 0000 0000 0000 0000 0000 0000 0000 0000.
0000 0000 0000 0000 0000 0000 0035 0011 0000 0000 0000 0000
0000 0000 0000 0000 0000 0000 0000 0000 0000 0000 0000 0003.
0024 0007 0002 0000 0000 0000 0000 0000 0000 0000 0000 0000
0000 0000 0000 0000 0000 0000 0000 0000 0000 0014 0000 0000.
0006 0000 0000 0000 0000 0000 0000 0000 0001 0000 0000 0000
0001 0000 0000 0001 0000 0000 0000 0000 0000 0000 0000 0202.
0124 0001 0000 0000 0000 0000 0000 0000 0000 0000 0000 0000
0000 0000 0000 0000 0000 0000 0000 0000 0000 0000 0000 0000.
0000 0000 0000 0000 0000 0000 0000 0000 0000 0000 0000 0000
0000 0000 0000 0000 0019 0008 0001 0000 0000 0000 0000 0000.
0000 0000 0000 0000 0000 0000 0000 0000 0000 0000 0000 0000
0000 0000 0000 0000 0000 0000 0000 0000 0000 0000 0000 0000.
0000 0000 0000 0000 0000 0000 0000 0000 0000 0000 0000 0000
0000 0000 0000 0000 0000 0000 0000 0000 0000 0000 0000 0000.
0000 0000 0000 0000 0000 0000 0000 0027 0001 0000 0000 0000
0000 0000 0000 0000 0000 0000 0174 0000 0000 0000 0000 0000.
0000 0000 0000 0000 0000 0006 0000 0000 0000 0000 0000 0000
0000 0000 0000 0000 0000 0000 0000 0000 0000 0000 0000 0000.
0000 0000 0000 0000 0000 0000 0000 0000 0000 0000 0000 0000
0000 0000 0000 0000 0000 0000 0000 0000 0000 0000 0000 0000=
0000 ////////// 00000=
W=
L=
Z=
G=
FN
187025 175016 191015 148011 125007 279007
275010 269008 294008 281012 056011 058011
086006 089011 081015 035015 068021 074019
099032 082030 096031 141019 156014 130018.
131017 132010 086010 081009 057011 073015
065011 109008 052015 079008 075014 066022
086017 080024 082027 059028 076031 090037
070046 075041 064042 077039 066041 066042.
074054 070066 069047 081053 061039 033035
071056 056033 072034 051034 017020 091041
081035 083025 085019 073020 106021 084017
095020 097015 070013 074004 329006 302008.
335007 300008 340010 273010 220011 276015
031003 178012 205007 PPC002 119003 233010
093005 193005 062011 068023 091027 094023
113024 117014 PPC002 085018 058007 280010.
249007 260007 267006 215009 252008 233009
237009 297006 224012 252009 226010 233011
222022 202022 243014 216016 286016 070016
318027 306036 300031 292048 295039 280035.
284029 253016 239019 240015 271022 251016
250011 233015 231019 218015 257018 228011
265016 256012 272023 279027 288024 279041
257022 287042 269020 307028 300015 287040.
263037 276040 268036 259043 255030 263027
248026 235020 250023 225024 245024 246014
295054 294071 284073 300064 297051 315058
290035 315041 305058 305051 290030 294023.
230012 251015 246015 285016 230020 234014
232014 255019 230022 276013 237019 235023
235022 210021 240017 308022 318027 263042
313034 303054 332042 319024 298020 300015.
295012 285009 221006 198004 266012 255012
246014 269011 278011 168007 223007 153009
231008 142004 279009 093011 080016 058012
076013 072016 089018 067012 047008 325008.
045005 329012 PPC001 252006 336010 277012
273006 302010 230004 333006 145007 PPC000
091013 086023 083016 079027 034013 063013
085012 078014 073011 035006 056013 091009.
084012 051012 028009 012006 026008 025013
018010 003010 340006 327009 PPC000 103009
045017 059017 084020 080022 084016 067020
084024 051023 097018 088022 075023 083015.
063017 070013 068020 033009 038017 326009
236015 253020 243016 PPC000 225013 251011
131005 025010 062022 168015 083019 201019
257010 164009 123016 008022 305040 253012.
047009 002005 PPC001 212012 230008 258014
237013 269009 267009 155008 222011 211011
316009 065013 221008 112009 285010 209009
294007 160015 164010 149008 PPC000 302003.
260006 301011 PPC001 267007 302013 322017
328009 248007 204013 246010 259017 322007
300016 291010 113013 145010 055016 356011
332012 059016 068017 099012 073017 274010.
269018 253010 306008 047016 PPC000 294009
286011 341015 334013 301005 285006 287009
326014 097011 105015 100020 005014 061015
078019 073025 073031 149039 173003 335012.
259010 276008 308004 305007 308006 064007
083012 055013 PPC002 088003 086012 057012
050016 080031 057016 103026 089024 077020
048024 081031 095012 079016 057010 247018.
281013 220014 308008 329004 284008 325013
336014 279008 308005 277009 304004 243008
313019 266017 074015 345011 101025 067019
077026 061021 078021 076031 070024 079017.
098014 083014 PPC001 271007 278010 312009
313006 288008 041008 061017 045009 036012
081017 090015 080035 073023 049025 085035
063021 077029 082024 075033 037036 304014.
007012 353008 339008 344007 328009 040008
346012 PPC000 302007 336005 088009 083021
052019 059019 064020 114012 110026 085020
051019 050018 093021 095032 084024 086022.
066016 057011 059006 042009 028010 047015
338008 304006 062015 068013 061018 057017
048016 046017 178010 276009 264005 056011
131013 083020 089024 075019 084019 070013.
047012 066009 074012 033008 036013 040011
023009 009009 041013 039011 047016 056019
015012 049015 036013 071020 091009 111012
021012 044014 091014 090019 091012 106012.
260003 256019 330014 203014 222016 231016
264027 199016 078010 113011 013009 PPC002
035007 351011 063011 072014 111011 143009
090022 090015 088016 077028 076022 057018.
251037 271018 327025 307007 035008 304008
238007 206011 208008 260011 269018 291010
329008 103010 038009 080021 350014 058017
109017 083022 062021 314009 017011 041003.
250007 204011 032008 297009 135009 332003
050011 359006 286011 285006 339005 PPC001
274008 224019 235015 297014 304010 251019
271019 307014 095060 109010 350013 324076.
307034 251016 231018 229009 214015 259011
292018 234012 316014 177004 239008 227016
243018 266023 314023 246020 245027 272027
297018 254024 301011 294012 226005 278011.
265012 274011 041020 032014 037016 280008
338005 008010 PPC000 333007 352009 035014
067016 046015 050015 286008 322061 302051
338024 220009 184017 189018 040003 279015.
265011 244010 244014 244015 249014 334013
358006 185004 284012 277014 120010 249016
256019 235011 290012 248017 208010 306017
106011 093016 073020 082023 054015 012011.
039016 022012 045006 028007 357008 345009
023010 024005 039006 PPC002 353008 050019
054020 046017 058020 070024 078031 050026
067029 075028 063031 046027 090024 094027.
084018 079009 021007 059011 074010 067015
091012 040010 321004 077018 060012 058017
067016 094023 071019 071021 048014 353018
014017 280028 286015 284037 290033 285051.
261020 260036 254026 256020 270035 249008
237016 244026 242022 236013 247009 246009
307024 266019 326020 344012 275016 213011
168027 187024 181011 161010 199012 237012.
234014 239016 246013 286011 245004 223013
273010 216011 232013 237011 264007 221014
250009 224017 263015 294014 156007 211018
242019 218018 301037 244016 309032 321016=
190025 175017 195013 161010 105007 299004
313009 207008 287009 288011 065011 057011
061010 098008 051011 047018 080023 086021
094027 084031 091028 131021 161016 136021.
132017 127008 088011 063011 059011 083015
061010 092010 054016 081009 075017 070020
080021 084024 085026 064028 066032 087034
071041 077040 068040 077037 068035 069042.
079052 073063 068049 075052 069047 043035
057044 064031 060030 054034 017020 085035
084034 083030 079022 080017 101023 081019
083019 097016 076012 084005 335005 302007.
342008 306007 343008 287011 212011 278015
022004 183010 225007 PPC001 PPC002 230010
082004 194007 061011 065022 084031 098025
110025 112016 171004 077020 112008 285009.
260008 254007 298005 212009 235010 233010
240009 283006 233011 246009 226009 232012
233019 213022 228017 222016 290015 048017
328028 309038 304037 294045 297036 281036.
284031 254016 242018 245015 274022 248015
253013 229016 231017 228015 258019 237011
260016 259014 273023 281031 287028 279037
250021 287036 267022 303031 300015 287042.
265038 272038 267036 261045 257033 260027
251027 240020 245024 223022 241024 248016
290057 293068 287069 293061 304051 303054
291036 305043 304054 302047 292030 293023.
230012 255014 246014 278017 226019 233015
233015 255019 230022 269014 234020 240018
235024 214021 238021 297017 304035 259042
311039 303051 320037 322027 298020 300014.
296013 287008 202004 163003 262012 224010
237015 277011 257010 152007 218006 157009
223010 149005 274010 082012 079018 064013
081014 070016 087017 070011 042008 310007.
031006 327013 PPC001 274006 329011 277011
272007 307010 230005 332007 142007 PPC000
075011 074023 074017 079025 051014 075013
085013 076015 073010 045008 060012 080010.
079014 057010 022009 350007 024009 037016
033011 005010 356007 325008 PPC000 089008
055017 069020 071022 082024 065019 056017
065021 049020 098021 088022 076022 081015.
065017 071014 065020 039011 041018 345010
234015 249018 243015 PPC000 214011 244012
133005 024012 087020 143017 051016 177016
238012 114010 107017 030030 305047 246016.
062010 331004 PPC002 209012 233008 253015
230012 262009 277009 157007 230010 206008
298009 065012 197009 124008 276010 186010
291010 172016 167010 157008 PPC000 330003.
263007 298010 252003 256007 284015 324018
332010 243008 228012 236009 254017 325007
302017 289012 081012 119010 069016 001014
352013 050016 061015 104015 072015 273011.
275018 286012 308008 009010 PPC001 296009
277010 338015 325014 308006 298008 276009
340012 063011 085014 082019 346013 052015
081020 078024 080031 147035 240009 333012.
257009 315007 316005 310007 293006 068007
081012 051012 PPC002 058006 083012 065014
054016 061023 053018 096023 077021 074017
052023 079032 088016 076015 059012 254017.
279013 222014 310010 324004 284008 324012
341013 278007 331003 276008 304006 267007
306016 294017 079015 013015 082025 079021
082023 064022 080026 079028 066022 076017.
101013 081014 028004 276009 283010 317008
305006 296007 028008 056014 040009 033013
073017 090016 074031 075023 060025 078033
061027 089029 085031 072040 037038 329011.
012013 347008 347010 336007 338009 024008
354011 PPC002 321007 340006 081008 082020
057018 055020 076019 115015 111023 065017
053020 054019 074024 094028 088026 089023.
070016 061010 030007 030010 026010 043015
008009 029008 067016 064013 063017 048017
055015 046018 172009 002011 234007 062013
113017 084018 091022 074022 084019 070013.
047012 074010 071013 024010 035014 032009
035011 017008 037013 038011 045014 059018
032012 041016 039015 084018 030012 113014
051015 048017 091015 087021 090013 092013.
312003 262019 332013 203014 217017 225017
248029 196016 062011 107011 038011 308004
040008 014010 068010 086013 092013 114012
084021 076017 085020 077027 073022 060016.
253040 283018 331020 298009 035008 305008
239007 215011 224009 254011 271015 290010
287007 108010 042012 082019 005015 054014
095015 065018 059017 312008 032010 051006.
243010 201012 023008 294010 142009 333004
044010 346006 276010 322005 332007 PPC002
275010 228018 194014 275014 011011 260017
277019 296014 096052 095012 284011 316099.
314030 241018 222016 242011 216016 246012
292019 230013 307014 237003 237009 236016
243018 264023 312022 240020 254024 275027
288020 261021 289012 295013 230006 281011.
261012 277011 042020 028013 039016 268009
035005 019008 PPC001 330007 336006 029014
070014 052013 038013 066010 316061 303051
330022 222007 182018 195016 004004 274016.
268011 240012 252015 243014 246012 341009
347005 175007 276009 282014 136008 257016
258021 218012 286013 238017 202012 339014
140011 081018 074021 082024 054015 027011.
034014 019011 045008 033007 012008 001009
036010 036008 338004 344003 007007 043017
058019 061019 066018 062019 070026 054027
064027 073024 060030 052025 081023 089025.
081018 078009 027007 053010 076010 072014
079012 049011 302006 073019 062014 060018
063017 091024 067019 068020 058015 359015
005018 270023 277017 284030 288038 283043.
261022 260036 251027 259023 265030 250010
238016 243025 240018 236012 245010 242011
301023 276017 319019 301014 277015 224010
168022 194023 183012 164011 196011 235011.
234016 239017 240014 283012 256006 239012
276009 210011 237013 231011 265007 223013
244008 225016 258015 292014 160006 222015
240019 234019 301038 259022 311038 327016=
037088 1614 073050 1541
054069 1945 108067 2000
069066 2148 148079 2235
034080 1259 063077 1258
056305 1826 085283 1822
044305 1816 075273 1417
075288 0852 125290 0951
055271 1414 096266 1358
025069 1718 046084 1438
031092 1831 061096 1813
032083 1130 057080 1129
063076 1733 133067 1734
026101 2021 054135 2020
026330 0149 055316 1358
045125 1745 081102 1744
035081 1601 062071 1557
034080 1730 062084 1726
048050 1854 096039 1854
034086 1748 064081 1849
029083 1739 048081 1645
025081 1153 044087 1749
035231 0254 061234 0253
061236 2028 107228 2022
152308 1955 271278 1954
093317 2001 112335 2001
064311 1330 110320 1258
030081 1747 050082 1744
031068 1616 057078 1531
071277 1412 138286 1411
044264 2204 071267 2202
047305 1913 075304 1652=
D=
K=
A=
S=
B=
??????
******
YF
O2206
河南省
豫孟津送庄
孟津县送庄镇梁凹村福温凝聚力小学
平原；城镇；地面
空缺
计算机
计算机
计算机
计算机
计算机
20120208=
JY
8888=
GK
01/
05/=
BZ
00/344849/1123315
10/24/逐时观测
10/24/24时连续观测
11/不守班=
######
