O2220 3418N 11233E 002941 002941 105 000 S15 91999999919999199999 0 2011 02
P=
TB
-002 0004 -001 -015 -002 -010 -010 -001 -020 -001 -011 -002
0023 0043 0067 0077 0087 0097 0094 0092 0084 0053 0034 0014 0100 1351 -027 0021.
-012 -025 -064 -045 -054 -065 -078 -068 -067 -043 -051 -032
-001 0024 0072 0091 0109 0133 0137 0138 0125 0094 0051 0065 0145 1538 -093 0314.
0049 0014 0008 0004 -014 -020 -017 -002 -015 -022 -013 -011
0008 0036 0054 0078 0099 0110 0114 0106 0089 0056 0031 0020 0118 1451 -031 0253.
0002 -002 -003 -016 -006 -024 -032 -024 -034 -030 -008 -005
0010 0020 0058 0089 0130 0136 0140 0138 0125 0096 0062 0015 0143 1507 -041 0432.
-004 0043 0041 0002 0000 -010 -007 -021 -031 -016 -001 0006
0017 0055 0064 0071 0096 0110 0111 0094 0079 0058 0042 0033 0117 1409 -038 0331.
0024 0034 0022 0043 0006 0027 0028 0014 -017 -007 -020 0027
0062 0094 0114 0136 0147 0133 0121 0114 0107 0092 0084 0071 0148 1323 -026 0644.
0050 0052 0058 0054 0038 0044 0042 0044 0050 0041 0033 0028
0031 0051 0066 0080 0095 0105 0113 0109 0105 0088 0049 0050 0114 1450 0017 0745.
0049 0045 0051 0039 0050 0041 0034 0021 0014 0019 -015 -008
0044 0062 0078 0091 0107 0113 0106 0100 0092 0082 0074 0070 0119 1408 -024 0713.
0066 0062 0057 0050 0045 0048 0039 0034 0034 0029 0025 0032
0027 0003 -009 -006 -007 -009 -014 -016 -018 -019 -021 -021 0070 2007 -021 1900.
-020 -021 -022 -023 -027 -029 -029 -027 -028 -024 -025 -023
-019 -010 -003 0004 0014 0016 0026 0028 0026 0012 0003 -001 0034 1605 -033 0228.
-004 -003 -003 -003 -003 -003 -001 -002 -003 -006 -008 -006
0002 0019 0043 0048 0056 0062 0068 0067 0061 0044 0024 0013 0070 1520 -010 0745.
-013 -026 -002 0001 0005 -002 0001 0000 0000 -001 -001 -002
0003 0011 0015 0028 0021 0025 0020 0020 0015 0005 0000 -003 0030 1158 -026 2200.
-013 -010 -011 -022 -031 -031 -025 -026 -034 -038 -035 -019
0022 0036 0043 0053 0057 0058 0057 0056 0048 0037 0018 -004 0065 1334 -042 0553.
-022 -030 -048 -048 -056 -061 -080 -077 -075 -073 -081 -073
-043 -021 -009 0005 0014 0020 0024 0019 0010 -007 -020 -026 0028 1425 -086 0649.
-032 -039 -044 -048 -054 -058 -066 -063 -060 -057 -058 -045
-036 -031 -023 -016 -013 -011 -014 -036 -036 -037 -039 -038 -005 1326 -076 0250.
-037 -037 -037 -036 -036 -036 -036 -036 -036 -035 -036 -032
-022 -002 0010 0026 0048 0053 0068 0063 0056 0041 0028 0033 0072 1535 -038 2058.
0025 0025 0027 0025 0024 0036 0033 0023 0033 0012 0003 0004
0057 0078 0092 0105 0113 0115 0120 0112 0089 0068 0059 0056 0122 1437 -006 0741.
0048 0041 0028 0024 0012 0004 0014 0010 0008 0009 0002 0004
0019 0041 0051 0064 0069 0071 0076 0074 0067 0059 0051 0047 0082 1520 -008 0735.
0044 0016 0010 -001 -005 -011 -017 -011 -015 -013 -016 -009
0008 0024 0048 0063 0081 0088 0096 0091 0081 0059 0044 0033 0097 1503 -023 0638.
0029 0024 0028 0020 0004 -014 -014 -017 -021 -019 -028 -012
0018 0043 0063 0079 0089 0099 0099 0092 0082 0070 0059 0046 0107 1435 -034 0629.
0020 0022 0018 0012 0009 -002 -008 -007 -014 -011 -029 0005
0034 0043 0051 0070 0077 0084 0089 0093 0088 0080 0074 0069 0095 1453 -029 0654.
0072 0059 0062 0062 0051 0048 0044 0042 0043 0043 0044 0045
0052 0063 0083 0103 0114 0130 0128 0127 0122 0102 0081 0084 0132 1404 0040 0420.
0085 0082 0059 0048 0022 0027 0014 0014 0001 -016 -001 -002
0057 0098 0120 0140 0160 0165 0169 0171 0159 0144 0130 0116 0174 1538 -025 0623.
0114 0110 0078 0057 0057 0039 0041 0059 0054 0052 0045 0062
0086 0104 0127 0153 0161 0166 0168 0161 0145 0124 0105 0088 0171 1441 0028 0152.
0070 0086 0080 0083 0082 0079 0080 0076 0080 0077 0074 0071
0063 0063 0064 0063 0070 0071 0069 0063 0058 0053 0051 0044 0092 2346 0044 1943.
0037 0033 0026 0024 0018 0015 0015 0012 0013 0010 0008 0009
0009 0011 0009 0008 0004 0000 -001 0001 0002 0001 0003 0003 0043 2001 -002 1459.
0002 0002 0001 0000 -001 -001 -002 -002 -001 //// //// ////
//// //// //// //// 0014 0016 //// //// //// //// //// //// 0017 1357 -003 0357.
//// //// //// //// //// //// //// //// //// //// //// ////
//// //// //// //// //// //// //// //// //// //// //// //// -002 1509 -004 1527=
I=
E=
U=
N=
H=
C=
V=
R6
0000 0000 0000
0000 0000 0000
0000 0000 0000
0000 0000 0000
0000 0000 0000
0000 0000 0000
0000 0000 0000
0000 0000 0000
0000 //// ////
0000 0000 0000
0000 //// ////
0000 0000 0000
0000 0000 0000
0000 0000 0000
0000 0000 0000
0000 0001 0001
0000 0000 0000
0000 0000 0000
0000 0000 0000
0000 0000 0000
0000 //// ////
0000 0000 0000
0000 0000 0000
0000 0023 0023
0000 0000 0000
0006 0074 0080
0003 //// 0003
//// //// ////=
0000 0000 0000 0000 0000 0000 0000 0000 0000 0000 0000 0000
0000 0000 0000 0000 0000 0000 0000 0000 0000 0000 0000 0000.
0000 0000 0000 0000 0000 0000 0000 0000 0000 0000 0000 0000
0000 0000 0000 0000 0000 0000 0000 0000 0000 0000 0000 0000.
0000 0000 0000 0000 0000 0000 0000 0000 0000 0000 0000 0000
0000 0000 0000 0000 0000 0000 0000 0000 0000 0000 0000 0000.
0000 0000 0000 0000 0000 0000 0000 0000 0000 0000 0000 0000
0000 0000 0000 0000 0000 0000 0000 0000 0000 0000 0000 0000.
0000 0000 0000 0000 0000 0000 0000 0000 0000 0000 0000 0000
0000 0000 0000 0000 0000 0000 0000 0000 0000 0000 0000 0000.
0000 0000 0000 0000 0000 0000 0000 0000 0000 0000 0000 0000
0000 0000 0000 0000 0000 0000 0000 0000 0000 0000 0000 0000.
0000 0000 0000 0000 0000 0000 0000 0000 0000 0000 0000 0000
0000 0000 0000 0000 0000 0000 0000 0000 0000 0000 0000 0000.
0000 0000 0000 0000 0000 0000 0000 0000 0000 0000 0000 0000
0000 0000 0000 0000 0000 0000 0000 0000 0000 0000 0000 0000.
0000 0000 0000 0000 0000 0000 0000 0000 0000 0000 0000 0000
//// 0000 0000 0000 0000 0000 0000 0000 0000 0000 0000 0000.
0000 0000 0000 0000 0000 0000 0000 0000 0000 0000 0000 0000
0000 0000 0000 0000 0000 0000 0000 0000 0000 0000 0000 0000.
0000 0000 0000 0000 0000 0000 0000 0000 0000 0000 0000 0000
0000 0000 0000 0000 0000 0000 0000 0000 0000 //// 0000 0000.
0000 0000 0000 0000 0000 0000 0000 0000 0000 0000 0000 0000
0000 0000 0000 0000 0000 0000 0000 0000 0000 0000 0000 0000.
0000 0000 0000 0000 0000 0000 0000 0000 0000 0000 0000 0000
0000 0000 0000 0000 0000 0000 0000 0000 0000 0000 0000 0000.
0000 0000 0000 0000 0000 0000 0000 0000 0000 0000 0000 0000
0000 0000 0000 0000 0000 0000 0000 0000 0000 0000 0000 0000.
0000 0000 0000 0000 0000 0000 0000 0000 0000 0000 0000 0000
0000 0000 0000 0000 0000 0000 0000 0000 0000 0000 0000 0000.
0000 0000 0000 0000 0000 0000 0000 0000 0000 0000 0000 0000
0000 0000 0000 0000 0000 0000 0000 0000 0001 0000 0000 0000.
0000 0000 0000 0000 0000 0000 0000 0000 0000 0000 0000 0000
0000 0000 0000 0000 0000 0000 0000 0000 0000 0000 0000 0000.
0000 0000 0000 0000 0000 0000 0000 0000 0000 0000 0000 0000
0000 0000 0000 0000 0000 0000 0000 0000 0000 0000 0000 0000.
0000 0000 0000 0000 0000 0000 0000 0000 0000 0000 0000 0000
0000 0000 0000 0000 0000 0000 0000 0000 0000 0000 0000 0000.
0000 0000 0000 0000 0000 0000 0000 0000 0000 0000 0000 0000
0000 0000 0000 0000 0000 0000 0000 0000 0000 0000 0000 0000.
0000 0000 0000 0000 0000 0000 0000 0000 0000 0000 0000 0000
0000 0000 0000 0000 0000 0000 //// 0000 0000 0000 0000 0000.
0000 0000 0000 0000 0000 0000 0000 0000 0000 0000 0000 0000
0000 0000 0000 0000 0000 0000 0000 0000 0000 0000 0000 0000.
0000 0000 0000 0000 0000 0000 0000 0000 0000 0000 0000 0000
0000 0000 0000 0000 0000 0000 0000 0000 0000 0000 0000 0000.
0000 0000 0000 0000 0000 0000 0000 0000 0000 0000 0000 0000
0000 0000 0000 0023 0000 0000 0000 0000 0000 0000 0000 0000.
0000 0000 0000 0000 0000 0000 0000 0000 0000 0000 0000 0000
0000 0000 0000 0000 0000 0000 0000 0000 0000 0000 0000 0000.
0000 0000 0002 0001 0000 0000 0000 0000 0000 0000 0003 ////
0000 0001 0000 0000 0000 0019 0020 0013 0012 0006 0002 0001.
0001 0001 0000 0001 0000 0000 0000 0000 0000 //// //// ////
//// //// //// //// 0000 0000 //// //// //// //// //// ////.
//// //// //// //// //// //// //// //// //// //// //// ////
//// //// //// //// //// //// //// //// //// //// //// ////=
0000 ////////// 00000=
W=
L=
Z=
G=
FN
321007 357012 337018 307007 316036 292033
350034 313056 316046 325052 302037 295062
291075 284063 291085 289066 300086 314077
290061 305079 310058 310018 305011 335010.
308004 037012 164010 048012 286005 073011
PPC001 317008 283007 315018 019017 348016
318021 355028 353025 001020 330023 292024
358019 326021 292015 314022 338014 286028.
264011 047007 312007 292013 009015 072008
071007 334006 288010 015009 327020 075010
292017 006010 332019 313012 107021 076016
118031 133045 123040 107030 117032 114028.
129021 148035 109017 114028 355009 028008
039006 302012 346012 334011 001010 347018
330020 334031 344040 301029 330056 307069
309083 322075 301055 304028 250016 105010.
116035 101035 107044 108038 114035 137021
137016 131031 121021 119018 151032 152044
121016 091016 001008 344025 128038 135029
116034 323028 317026 331018 339018 279014.
345009 343015 003009 013022 293016 330027
320022 298023 118006 332018 320012 274019
328019 315017 164016 140053 146049 130073
132081 140075 135067 129064 132072 151043.
138020 127029 096028 109033 098020 135052
124042 110028 142034 128026 090021 208006
315019 337029 312038 294035 288030 333026
335035 332020 218007 043009 193004 062012.
060008 300007 253016 PPC001 339022 341023
336026 281013 330016 348024 133012 136022
151021 117041 128039 126041 132040 119047
131050 139053 132055 123039 135035 115039.
110026 106055 101054 095044 117020 097042
113044 118060 090048 112036 124051 046020
042018 141014 338018 349012 074010 346028
321030 326028 298021 280016 269007 309014.
341010 036004 196009 138021 123018 093011
298011 320019 290008 275010 309013 358004
353013 341011 217008 315008 307008 328014
330018 095007 127013 120028 128039 129035.
120039 122045 114041 121032 125026 127020
196011 272009 299016 318020 332027 299014
032013 329020 326047 322062 322070 322071
301065 317058 350035 355011 010019 268010.
076016 133035 147046 134042 128046 120044
116038 118034 116039 113039 120031 132038
142044 134059 137066 122074 119062 124075
122069 128093 124067 128066 126053 119044.
116032 125055 113045 145017 353011 024005
278009 343014 312015 008011 310022 314028
306049 300081 288120 310095 313118 293111
289110 293100 296086 311066 333032 031021.
150017 145033 134024 132029 139017 130017
103019 106014 104010 320007 026004 136013
138033 116046 128062 125063 114063 139063
129073 127071 111065 118047 128040 126047.
132048 129043 135037 127044 119037 132033
125028 133030 134034 129037 132041 127050
121065 130072 120065 112048 133062 124051
120041 137042 127047 130038 119028 134019.
120019 106013 099012 062008 310007 301009
314012 301010 PPC000 290012 314006 300009
038008 098007 248008 054010 326010 014009
328018 331032 205007 127016 103018 193011.
103015 099014 224009 PPC000 006010 342013
352024 298016 344023 299017 241012 268010
013023 350046 327067 337062 338031 331022
326029 342021 117041 125026 147041 130047.
136038 107032 126028 113030 164016 112016
123011 134029 117024 113021 110017 157008
178003 146024 140025 145030 116018 299032
307012 096009 133017 127024 113024 107019.
105022 108024 110018 179003 341008 261009
347010 273006 PPC000 356010 359008 042008
PPC001 269005 133011 130027 146041 150035
130041 139050 141054 121035 108030 120038.
119036 118039 115038 118034 140019 144018
139020 143029 137020 115014 109020 057014
273009 304006 143018 139047 113051 130065
120061 116067 127062 115045 117042 123031.
140025 120029 127028 126024 127031 127026
095019 121018 114010 087008 106013 118019
131036 138039 147031 134041 145038 149037
////// 114042 120034 124027 128031 133029.
144045 129023 130020 055003 293008 300010
336009 319018 308017 325014 338018 316020
291017 308018 325016 262007 289020 286019
318020 007007 152015 130029 116031 110037.
119050 117038 136031 149016 120021 111020
040005 164014 047004 PPC002 182007 061004
137021 122015 155030 157030 130052 142066
131079 120076 117074 116060 114057 119047.
116043 144027 269010 050008 349010 069014
358007 314023 003017 350032 341018 350027
311018 293025 290009 139043 112049 105050
108054 086040 096026 095048 082037 100021.
081016 096054 124011 227010 281011 323015
PPC000 281010 111023 087041 091054 092044
088053 079028 100035 063040 079033 084039
094047 082057 083044 085031 082028 071042.
087047 070018 074016 081060 080061 091055
083043 081022 052014 093027 189012 //////
121009 021020 027016 349023 287019 295018
295021 309011 285016 260011 298013 309022.
315030 318026 314032 313037 324044 331033
316034 310032 296018 ////// ////// //////
////// ////// ////// ////// 288011 342016
////// ////// ////// ////// ////// //////.
////// ////// ////// ////// ////// //////
////// ////// ////// ////// ////// //////
////// ////// ////// ////// ////// //////
////// ////// ////// ////// ////// //////=
316008 356009 330018 324006 319035 293037
350035 313060 316044 320054 301036 294055
296069 290067 290073 293066 301074 314070
289075 302079 305066 309021 285011 328011.
337007 035012 189007 041010 PPC001 072010
PPC001 305008 286008 322016 016016 352018
324018 353026 345025 343020 328019 316019
348019 319023 300016 318019 298015 290025.
282010 021008 276007 291012 009008 072009
041010 014005 298009 017010 324017 066010
300016 012012 324022 319010 145014 075020
130037 134044 122040 110031 118031 114028.
128022 145034 119019 113025 335009 358007
029007 305013 334013 323012 008019 350014
326019 326031 342039 286029 326062 308074
307076 317078 306062 304030 296012 103012.
118032 104039 105040 109034 118032 138019
140018 131027 122021 118017 150032 155043
128022 098015 086019 336020 141029 137033
118035 332034 313025 329017 342017 279012.
340007 347016 346006 006022 293013 330031
328026 310020 132006 331014 301014 277022
332014 326012 169015 145051 142050 132065
134081 136074 137066 131067 132074 149039.
131019 128024 101024 104029 098022 132050
126043 113027 141037 126025 093018 163011
309018 329028 308033 290034 311024 324031
330025 324020 248006 050004 163007 068011.
PPC002 338007 258013 315005 343019 339021
334030 289017 331015 353022 160009 136023
143021 126040 133041 132039 133039 126042
132050 136052 131051 121038 129030 114040.
111025 099047 103046 099042 117027 094043
112047 118057 091048 113032 123048 070033
037022 135012 340011 346016 065016 347024
325028 326027 298024 281014 274006 311013.
351009 050005 171010 138017 122017 089010
295011 322016 292008 274009 305011 358005
344012 345011 258007 305008 291009 329014
332018 046007 130012 121026 124032 129035.
122040 122043 114039 122032 126026 130021
188010 276008 301015 314021 337024 303014
020013 330017 327044 320057 317068 319063
309065 319061 343039 001011 015016 256010.
072014 128029 144036 132047 128044 117041
116040 121041 117038 114040 120030 130037
139042 133055 137062 125068 122064 123068
131070 127086 129067 128065 127053 119045.
118030 123055 112047 139016 353008 012009
286009 354011 311016 013010 315019 322030
303057 296097 296118 302087 306112 296105
284097 298103 292092 314062 327031 030022.
145011 145032 134029 129027 133018 126017
099019 104014 118007 310007 038003 143009
141033 123042 123059 127064 118064 132068
127067 128065 112062 121048 125045 124049.
132050 132046 135037 125044 121037 133033
124027 130024 133034 126037 127042 124051
122066 129070 127068 121053 129058 123055
126046 134038 125047 129030 121031 132018.
122018 107012 106012 060009 313008 295007
319010 309011 PPC001 284010 334008 291007
038005 102005 179008 051008 013011 357011
320023 330021 233010 133013 102013 148023.
108013 092009 191006 327004 000010 347020
352020 312013 344023 301016 251011 282011
008017 352044 329056 333055 341038 332030
329033 346024 119039 123032 138046 127049.
135034 109031 126029 112029 153017 115016
121011 135029 116023 110022 106017 150007
326004 145025 139022 145024 134015 311030
336013 053006 142017 125022 114024 104020.
105024 108022 113020 197005 345008 252007
349008 291006 PPC000 001008 354009 044010
008003 PPC002 105011 126027 138038 143041
130042 130051 137054 123036 111031 120036.
118035 119039 114037 116033 140018 145020
139020 145026 142017 113010 110019 053011
282009 340005 144019 136043 120052 135064
120061 118063 125055 115050 119042 124032.
141025 122028 129028 123025 128031 124024
101022 122018 106010 096009 104014 117016
132034 136039 148027 135041 137040 139040
////// 113046 116032 123028 126028 134028.
147043 130022 132024 066004 315012 298008
334010 319015 306018 323014 339018 319019
293017 310016 330014 293012 292017 298020
314019 356009 151018 129031 113030 114032.
121045 118043 135031 148021 118019 112020
081010 157009 PPC001 200005 225006 PPC001
129023 129015 140028 148030 133049 136066
128077 122073 117072 115063 115061 119047.
115045 148027 271011 055009 346011 070015
347009 314022 357017 352034 345015 352026
288015 306029 298013 133049 132043 108055
110053 096037 097037 088041 091033 101023.
105011 095045 132011 211011 268012 322013
269005 232013 100028 088038 086049 090041
083053 087031 103032 062034 081036 086040
094049 085054 088040 084033 082037 070038.
085046 074018 078016 082053 086056 088055
082039 076029 048024 094029 184014 //////
117010 019023 026020 346019 294023 305019
295025 299014 284014 266009 299013 305019.
316028 321022 314031 316035 321041 331035
312030 320030 295019 ////// ////// //////
////// ////// ////// ////// 307011 340017
////// ////// ////// ////// ////// //////.
////// ////// ////// ////// ////// //////
////// ////// ////// ////// ////// //////
////// ////// ////// ////// ////// //////
////// ////// ////// ////// ////// //////=
090291 0917 119287 1449
039285 1951 056284 1949
048127 1629 059129 1454
080310 1332 107323 1328
057157 0816 070152 0812
090133 1633 112127 1625
053133 0209 062132 0210
058138 1619 074104 1930
062118 0341 081084 2306
040133 1944 049138 1943
076314 1333 092307 1325
088131 1605 101132 1559
119293 1101 175301 0932
072123 1541 089149 1405
072130 1112 088124 0957
029108 1956 041295 1439
068127 1639 086118 1633
050128 2011 060127 2007
055133 1649 068132 1628
069121 1549 083127 1520
052124 1444 070107 1438
043147 2059 048149 2058
080120 1628 100121 1546
068116 1440 080104 1421
061089 1529 081090 1519
061088 0109 078096 0104
042318 0103 051329 2306
020307 1521 023309 1517=
D=
K=
A=
S=
B=
??????
******
YF
O2220
河南省
豫汝阳大安
汝阳县大安工业区
丘陵；城镇；地面
未上报
计算机
计算机
计算机
计算机
计算机
20110504=
JY
8888=
GK
01/
05/=
BZ
BB/02-28/由于河南省大气探测装备中心对区域自动站设备升级，造成本月正点与分钟数据不符，部分仪器最大风、极大风时间错误，所有数据基本不可用。因此，为了保证数据文件的完整性，仅对A文件进行了处理，未处理J文件。
BB/21/15时气温用前后正点数据内插求得。
BB/26/08时气温用前后正点数据内插求得。
00/341758/1123236
10/24/逐时观测
10/24/24时连续观测
11/不守班=
######
