O2220 3417N 11232E 002941 002941 105 105 S15 91999999919999199999 1 2008 02
P=
TB
-036 -038 -044 -037 -040 -040 -039 -039 -038 -045 -049 -044
-028 -005 0000 0011 0023 0022 0022 0014 0002 -013 -021 -029 0025 1507 -052 0652.
-046 -046 -057 -054 -061 -072 -067 -067 -069 -072 -073 -059
-040 -023 -006 0005 0019 0028 0034 0037 0028 0010 -004 -017 0043 1525 -078 0206.
-017 -022 -019 -016 -032 -022 -033 -022 -025 -044 -046 -054
-022 -005 0011 0022 0034 0044 0041 0047 0033 0003 -001 0004 0051 1446 -058 0624.
0002 -005 -013 -016 -023 -035 -038 -039 -041 -042 -047 -038
-028 -016 -006 0000 0012 0020 0025 0022 0015 0006 0012 0011 0027 1504 -047 0658.
0012 0010 0009 0004 -003 -009 -014 -021 -026 -030 -032 -032
-013 -003 0006 0018 0024 0026 0029 0026 0013 0004 -004 -006 0031 1515 -036 0737.
-012 -020 -027 -026 -032 -046 -049 -053 -062 -058 -071 -063
-029 -010 0002 0011 0023 0036 0037 0032 0015 0004 -009 -016 0042 1429 -082 0728.
-015 -017 -031 -041 -048 -050 -051 -052 -052 -052 -054 -045
-019 -002 0008 0037 0048 0057 0054 0043 0036 0025 0019 0014 0058 1402 -064 0637.
0009 0006 0004 -002 -017 -023 -032 -036 -045 -049 -051 -046
-029 -016 -009 0004 0007 0006 0011 0006 -001 -010 -017 -019 0016 1356 -053 0706.
-023 -025 -032 -037 -044 -059 -057 -066 -062 -076 -070 -058
-038 -022 -013 -007 0006 0009 0022 0023 0012 0001 -015 -025 0028 1542 -077 0557.
-038 -048 -033 -048 -044 -050 -040 -036 -033 -031 -032 -031
-007 0013 0034 0049 0052 0062 0067 0058 0049 0028 0001 -003 0070 1443 -056 2207.
-018 -022 -026 -018 -033 -036 -021 -020 -018 -014 -016 -005
0010 0029 0044 0047 0051 0055 0052 0050 0047 0036 0032 0032 0062 1333 -043 0143.
0027 0021 0015 0000 0006 -009 -013 -017 -023 -028 -037 -027
-002 0008 0017 0031 0041 0044 0041 0041 0031 0015 0000 -010 0048 1447 -037 0648.
-021 -021 -041 -032 -046 -057 -066 -061 -072 -067 -068 -047
-009 0018 0029 0048 0046 0064 0065 0066 0059 0039 0030 0023 0071 1422 -083 0530.
0017 0007 0007 0007 0011 -002 -006 -012 -006 -017 -016 -014
0017 0045 0058 0071 0081 0088 0090 0089 0081 0060 0018 -012 0098 1512 -020 0706.
0002 0001 -003 -033 -030 -041 -036 -029 -055 -052 -041 -035
-001 0018 0045 0062 0091 0094 0093 0096 0090 0073 0061 0028 0098 1544 -058 0614.
0000 0000 -009 0008 -001 -009 -005 -006 -013 -027 -028 -022
0002 0019 0035 0056 0066 0084 0088 0093 0083 0062 0040 0039 0094 1427 -031 0734.
0010 0000 0000 -010 -009 -010 -020 -011 0001 -020 -030 -008
0020 0043 0052 0062 0068 0075 0075 0072 0062 0057 0055 0049 0082 1353 -035 0713.
0047 0039 0040 0022 0003 0011 0016 0011 0002 0005 0008 0015
0026 0039 0049 0065 0074 0082 0084 0087 0075 0059 0036 0026 0092 1538 0001 0043.
0025 0026 0022 0021 0009 0008 -008 -006 -005 -007 -012 0002
0027 0052 0084 0098 0115 0118 0120 0116 0107 0091 0069 0042 0126 1423 -023 0342.
0037 0036 0032 0024 0027 0020 0006 -004 -016 0005 -029 0002
0051 0079 0099 0122 0128 0137 0144 0130 0128 0103 0065 0078 0145 1502 -032 0654.
0070 0033 0039 0020 0008 -005 -007 -018 -030 -031 -032 0010
0051 0089 0120 0143 0174 0178 0184 0177 0166 0141 0119 0107 0188 1521 -036 0657.
0101 0089 0079 0050 0037 0039 0037 0021 0009 0044 0018 0059
0099 0143 0162 0174 0183 0186 0184 0183 0169 0139 0082 0068 0191 1347 -002 0513.
0057 0049 0044 0041 0038 0022 0018 0005 -002 -001 -001 0020
0037 0054 0068 0078 0101 0101 0103 0095 0075 0054 0041 0028 0115 1410 -010 0634.
0026 0023 0023 0019 0014 0012 0010 0008 0006 0005 0002 0004
0005 0007 0006 0009 0008 0002 -002 -012 -014 -023 -025 -026 0029 2002 -028 1944.
-026 -036 -037 -038 -038 -036 -035 -038 -041 -045 -048 -047
-024 -008 -003 0011 0029 0061 0061 0059 0055 0053 0028 0024 0067 1431 -054 0719.
0022 0024 0037 0035 0034 0025 0018 0014 0011 0004 0005 0013
0043 0060 0068 0074 0085 0091 0093 0084 0078 0064 0053 0037 0098 1403 0002 0711.
0027 0012 0006 0007 -004 -009 -002 -009 -011 -011 -010 0013
0044 0076 0103 0118 0132 0136 0138 0138 0123 0106 0079 0072 0144 1434 -023 0425.
0075 0059 0062 0051 0046 0032 0032 0015 0031 0043 0035 0048
0091 0119 0133 0152 0152 0155 0154 0157 0149 0134 0097 0072 0160 1343 0012 0356.
0081 0106 0070 0066 0070 0059 0048 0047 0048 0025 0027 0063
0098 0133 0153 0164 0175 0178 0187 0186 0177 0152 0089 0099 0192 1512 0014 0621=
I=
E=
U=
N=
H=
C=
V=
R6
0000 0000 0000
0000 0000 0000
0000 0000 0000
0000 0000 0000
0000 0000 0000
0000 0000 0000
0000 0000 0000
0000 0000 0000
0000 0000 0000
0000 0000 0000
0000 0000 0000
0000 0000 0000
0000 0000 0000
0000 0000 0000
0000 0000 0000
0000 0000 0000
0000 0000 0000
0000 0000 0000
0000 0000 0000
0000 0000 0000
0000 0000 0000
0000 0000 0000
0000 0000 0000
0000 0000 0000
0000 0026 0026
0000 0000 0000
0000 0000 0000
0000 0000 0000
0000 0000 0000=
0000 0000 0000 0000 0000 0000 0000 0000 0000 0000 0000 0000
0000 0000 0000 0000 0000 0000 0000 0000 0000 0000 0000 0000.
0000 0000 0000 0000 0000 0000 0000 0000 0000 0000 0000 0000
0000 0000 0000 0000 0000 0000 0000 0000 0000 0000 0000 0000.
0000 0000 0000 0000 0000 0000 0000 0000 0000 0000 0000 0000
0000 0000 0000 0000 0000 0000 0000 0000 0000 0000 0000 0000.
0000 0000 0000 0000 0000 0000 0000 0000 0000 0000 0000 0000
0000 0000 0000 0000 0000 0000 0000 0000 0000 0000 0000 0000.
0000 0000 0000 0000 0000 0000 0000 0000 0000 0000 0000 0000
0000 0000 0000 0000 0000 0000 0000 0000 0000 0000 0000 0000.
0000 0000 0000 0000 0000 0000 0000 0000 0000 0000 0000 0000
0000 0000 0000 0000 0000 0000 0000 0000 0000 0000 0000 0000.
0000 0000 0000 0000 0000 0000 0000 0000 0000 0000 0000 0000
0000 0000 0000 0000 0000 0000 0000 0000 0000 0000 0000 0000.
0000 0000 0000 0000 0000 0000 0000 0000 0000 0000 0000 0000
0000 0000 0000 0000 0000 0000 0000 0000 0000 0000 0000 0000.
0000 0000 0000 0000 0000 0000 0000 0000 0000 0000 0000 0000
0000 0000 0000 0000 0000 0000 0000 0000 0000 0000 0000 0000.
0000 0000 0000 0000 0000 0000 0000 0000 0000 0000 0000 0000
0000 0000 0000 0000 0000 0000 0000 0000 0000 0000 0000 0000.
0000 0000 0000 0000 0000 0000 0000 0000 0000 0000 0000 0000
0000 0000 0000 0000 0000 0000 0000 0000 0000 0000 0000 0000.
0000 0000 0000 0000 0000 0000 0000 0000 0000 0000 0000 0000
0000 0000 0000 0000 0000 0000 0000 0000 0000 0000 0000 0000.
0000 0000 0000 0000 0000 0000 0000 0000 0000 0000 0000 0000
0000 0000 0000 0000 0000 0000 0000 0000 0000 0000 0000 0000.
0000 0000 0000 0000 0000 0000 0000 0000 0000 0000 0000 0000
0000 0000 0000 0000 0000 0000 0000 0000 0000 0000 0000 0000.
0000 0000 0000 0000 0000 0000 0000 0000 0000 0000 0000 0000
0000 0000 0000 0000 0000 0000 0000 0000 0000 0000 0000 0000.
0000 0000 0000 0000 0000 0000 0000 0000 0000 0000 0000 0000
0000 0000 0000 0000 0000 0000 0000 0000 0000 0000 0000 0000.
0000 0000 0000 0000 0000 0000 0000 0000 0000 0000 0000 0000
0000 0000 0000 0000 0000 0000 0000 0000 0000 0000 0000 0000.
0000 0000 0000 0000 0000 0000 0000 0000 0000 0000 0000 0000
0000 0000 0000 0000 0000 0000 0000 0000 0000 0000 0000 0000.
0000 0000 0000 0000 0000 0000 0000 0000 0000 0000 0000 0000
0000 0000 0000 0000 0000 0000 0000 0000 0000 0000 0000 0000.
0000 0000 0000 0000 0000 0000 0000 0000 0000 0000 0000 0000
0000 0000 0000 0000 0000 0000 0000 0000 0000 0000 0000 0000.
0000 0000 0000 0000 0000 0000 0000 0000 0000 0000 0000 0000
0000 0000 0000 0000 0000 0000 0000 0000 0000 0000 0000 0000.
0000 0000 0000 0000 0000 0000 0000 0000 0000 0000 0000 0000
0000 0000 0000 0000 0000 0000 0000 0000 0000 0000 0000 0000.
0000 0000 0000 0000 0000 0000 0000 0000 0000 0000 0000 0000
0000 0000 0000 0000 0000 0000 0000 0000 0000 0000 0000 0000.
0000 0000 0000 0000 0000 0000 0000 0000 0000 0000 0000 0000
0000 0000 0000 0000 0000 0000 0000 0000 0000 0000 0000 0000.
0000 0000 0000 0000 0000 0000 0000 0000 0000 0000 0000 0000
0000 0000 0002 0015 0009 0000 0000 0000 0000 0000 0000 0000.
0000 0000 0000 0000 0000 0000 0000 0000 0000 0000 0000 0000
0000 0000 0000 0000 0000 0000 0000 0000 0000 0000 0000 0000.
0000 0000 0000 0000 0000 0000 0000 0000 0000 0000 0000 0000
0000 0000 0000 0000 0000 0000 0000 0000 0000 0000 0000 0000.
0000 0000 0000 0000 0000 0000 0000 0000 0000 0000 0000 0000
0000 0000 0000 0000 0000 0000 0000 0000 0000 0000 0000 0000.
0000 0000 0000 0000 0000 0000 0000 0000 0000 0000 0000 0000
0000 0000 0000 0000 0000 0000 0000 0000 0000 0000 0000 0000=
0000 ////////// 00000=
W=
L=
Z=
G=
FN
322023 297021 314030 340027 304016 334021
347029 339038 311022 306017 332018 357027
316019 322033 305031 298025 333035 322046
342032 326035 317024 300014 300011 309026.
245008 304009 006010 320025 292020 343010
358010 333026 335017 346024 322032 339026
332020 322028 329035 308025 310040 291028
312026 307033 326025 325036 346029 322023.
304052 314045 318038 312036 318039 326032
311041 339018 356032 298015 322018 336010
312017 299026 295015 301014 332022 343015
030014 160006 198014 138024 123033 111037.
118039 124036 136026 130029 169007 087009
003012 346009 343018 258011 324011 348019
332021 293027 335040 324042 334037 319047
333043 001026 329020 322025 314056 311065.
305079 302078 296086 298087 299068 297070
302055 307072 298058 311056 314087 318043
313077 310090 316069 304074 324064 302074
314066 314057 308045 313043 331029 313046.
330025 293021 320028 352033 357021 289011
PPC001 340022 319018 296017 331011 344020
330018 323021 357019 106009 139023 123032
135041 113065 115048 115032 118033 121035.
129038 119033 120025 113017 140023 105006
PPC002 358018 329014 308016 311009 342022
019026 342035 303038 298076 325071 305068
296073 301076 309067 293066 301088 300079.
298074 299054 306090 296090 305071 312067
307064 303061 312062 310053 317061 299067
296087 287096 311112 299100 290117 299128
307100 298117 293097 296096 293078 294052.
301042 297050 297027 315040 326036 314041
328031 322030 337025 000029 348030 338029
336027 339039 312033 299034 303046 334043
331050 330061 320048 331022 323034 331025.
290017 330016 336020 348020 330025 341027
347020 358021 355021 345031 353032 323028
326024 304047 325072 314061 322052 331049
326042 312058 307042 328021 312030 343019.
321015 220010 311034 332028 264007 312007
003019 312016 326031 321023 318029 329030
329034 319079 330067 307062 311073 313061
296057 306059 299066 297071 290057 287088.
286059 294064 287039 299029 312064 345037
339053 322054 323043 316036 071012 019016
161017 279027 000022 303029 341026 297040
321017 024029 107006 117010 122038 117036.
110034 101037 120031 105038 137025 161010
227009 291008 095006 084006 PPC000 347012
315021 319041 343046 304039 317037 311029
316042 307072 305054 300052 296055 285050.
287044 300048 289023 303019 286052 297026
304040 317038 326040 322024 310038 307026
348014 313034 312042 323064 339066 309045
298049 299048 335042 356008 017009 162009.
PPC002 098033 186016 127021 151014 101010
106007 183010 040006 PPC000 261011 000010
317019 331019 325018 011014 141017 144031
135028 099058 106033 093026 233013 253019.
133007 327007 073006 311017 340017 330013
315011 344022 315026 353017 320018 321028
329015 318021 301025 001032 336014 318025
035017 337032 321027 283015 243008 138037.
106035 118030 123030 111028 107017 088006
102031 097021 093024 108014 123018 347012
134017 148027 155015 133022 112019 132037
129048 143041 143047 153067 124056 129031.
146020 107012 143028 134022 120022 126019
146023 138024 111025 112022 124036 133027
125037 134032 161022 245007 312013 259012
309021 340024 036011 081006 103023 108029.
110024 111032 124025 202015 PPC002 152009
PPC002 301013 329010 338029 324029 340032
341039 309055 294065 299073 301076 314085
311077 317075 323075 325069 293027 304037.
303028 300031 324042 016026 337035 330024
345023 043008 352024 231019 021009 275008
324019 313028 335028 325032 335043 319029
297035 029028 032015 130005 110015 099030.
109030 120027 140023 207008 077012 036004
029007 PPC001 129007 189005 102008 331009
329014 307011 020012 358009 348012 150027
138045 151049 130058 120059 115063 116047.
126054 127045 143031 133034 100024 109036
123015 248013 030006 358015 348016 314041
311060 294120 300117 321092 324078 326069
309068 305054 299056 331017 130064 125066.
123053 119052 127050 135044 139033 188003
098018 112010 049008 098013 104028 114034
119050 121055 147061 143050 135066 146060
141069 129069 089058 091060 082056 080058.
080039 093042 116035 120018 124035 125048
107042 101032 112036 111026 077031 117023
123031 101031 075028 073020 013030 014040
002043 002047 335024 330041 294014 298003.
262012 113010 138008 146003 277008 290005
305012 326029 308015 323019 258009 357015
307014 319023 315026 346027 318037 310091
305102 302073 306057 303074 299022 315034.
311032 336024 303053 304050 316050 314053
315055 301045 302047 314037 311032 300044
302081 315102 307099 303090 316079 303090
303080 307089 307098 303072 294039 259021.
294053 312044 321035 313046 354026 336031
338044 344041 319044 353034 358029 337038
326055 317050 286071 332068 328070 304071
333068 321044 297051 312053 305032 281018.
285030 306028 330039 328026 340034 350024
348029 323035 319044 329043 321031 319031
320075 309089 298115 305086 298119 298127
304129 302113 306089 298059 300035 256007.
315029 281036 338031 312042 313043 316033
350031 343034 298009 356011 296036 010017
344036 324033 291038 291039 314044 291017
300040 293037 335033 003014 132026 096033=
322022 302025 311031 341029 308018 333022
348025 341036 317023 308016 328024 357027
324023 326029 304031 308026 325036 323046
336035 320040 319024 303015 291010 308023.
245007 308011 358005 319026 290014 338014
006011 332026 335018 345025 320032 339029
336020 332027 328035 300025 311040 298025
305026 306034 327021 324039 344030 318022.
301047 313040 319016 320041 317038 328033
307040 343024 352040 299016 323015 309014
313015 301026 298019 300013 338024 333013
020014 021005 201013 138023 122032 113035.
117037 124034 140026 128028 171010 075008
001013 352010 347016 257014 322011 353011
331023 296028 338036 319044 327036 325047
333043 359024 328019 322017 315060 310069.
306071 301082 296087 299079 303067 297073
303060 308065 296057 308066 314089 316045
315076 309085 312071 310070 322069 299076
315064 314057 308048 315047 331029 315046.
330031 293021 319027 350027 351021 294010
335008 341023 317023 290021 333011 347017
333018 321020 338020 029010 122016 125031
135043 112054 113049 113036 119031 124033.
127037 122037 123025 115018 142024 115008
339005 357015 328014 311016 329014 345023
017022 339037 302038 303064 326080 311071
297080 299072 308066 292061 301088 300073.
298072 300056 308076 294087 305075 314067
311056 303059 310058 310055 314067 302072
296089 288094 299115 303092 298110 301112
295106 299102 297102 296086 293072 296053.
301047 298050 302047 314048 325036 313031
327031 321027 337030 352025 347027 338025
331026 341033 309036 303038 315043 330045
323051 327051 326038 332025 322034 333024.
298018 328015 336026 344019 327026 344026
344023 354019 354018 343031 353028 325027
324025 303045 317070 314065 320062 330056
322054 312052 310042 327025 313026 335021.
324016 224008 309031 332027 289012 305008
004020 308016 325029 322024 318028 330031
329031 318074 328066 314059 311074 315057
303057 304056 299068 298072 291058 290087.
287063 292059 289040 301032 312066 345041
341047 322051 324036 316036 086012 014011
150018 287031 358021 320021 334022 314039
321020 010022 110011 112011 122037 119038.
114035 102040 120029 106034 140024 170009
214007 211010 085005 069004 PPC001 336010
314018 314042 337045 321040 328042 318029
313036 300050 306056 300046 297051 285048.
286044 300046 291027 303023 290056 297027
302043 316040 324042 325026 308043 306030
000015 315038 307041 312059 333064 300049
299046 294043 331045 001011 035008 176007.
165008 099028 183014 123020 154014 099014
115010 172012 020004 PPC000 258011 008010
312015 330017 329019 040018 137024 132031
116032 105044 105031 093025 207010 251015.
073006 335009 059007 314021 344016 329011
308010 345020 313026 353014 319016 321026
334016 319021 301024 326029 327025 316022
013024 332023 323020 283015 232009 137037.
107031 123029 126031 112027 105018 123010
103026 101019 091025 104014 121019 357010
131018 147027 148021 148032 131028 143039
122043 141042 142050 146056 123052 131031.
154017 099011 146027 136022 119020 125019
147021 137024 112023 114023 124034 131028
127034 135033 141019 188010 317015 261014
313023 333019 036008 026009 103021 109029.
111026 112030 124026 204012 200003 165009
PPC001 307010 327010 339028 322027 343032
347036 308050 304064 293073 303084 314104
312082 317076 322072 326066 292033 306039.
304029 298027 325041 008027 339035 336026
345026 031012 351023 249013 354008 290006
318017 320026 341030 329030 342037 315028
273023 014023 020014 113006 126012 102027.
109029 119025 136023 226009 077014 PPC002
024008 273004 112003 204005 094007 339011
327012 313010 005012 037009 343010 123022
134042 139053 132058 118056 116057 117049.
125052 128044 146036 133035 097021 115032
114011 249014 034004 001018 346015 315040
315053 298125 302113 320093 320085 325080
310061 310055 302043 331023 129068 123065.
123057 119055 128049 137043 142035 177008
095014 109011 050006 094011 101025 116033
118048 124056 138058 139055 136063 146062
140068 126069 091058 090070 080049 080059.
078038 090047 114037 108020 125033 118046
110043 098031 110034 107023 074036 109025
122029 099033 075028 072022 013026 018041
004042 003043 328028 324033 294014 276004.
265010 107012 135010 PPC002 276007 285006
295012 318031 308020 331016 264009 358010
299012 330020 313023 340025 315041 309090
304105 304076 303055 307072 299023 315029.
313029 335020 305050 305049 313051 314050
314056 305054 303047 313036 312031 301043
299082 308102 306100 305086 312087 304094
310080 300083 306084 303074 291045 276024.
293054 314043 319035 313047 353028 338031
336046 347043 322040 355034 355030 339033
326058 316051 296054 325070 320055 302067
313059 323055 303054 312055 307034 282017.
285027 303029 330033 328026 340034 346021
345028 322028 324036 330040 322032 328023
319077 308089 297113 298101 298118 297112
299125 305115 304098 297063 302035 263010.
317029 280036 343034 310041 314043 319037
351024 341035 300010 350012 301032 003019
339033 318036 293036 306044 320045 286029
294043 299039 333026 357018 134017 100029=
055321 1329 073321 1320
040311 1300 055298 1214
054351 0448 079312 0337
090304 1947 115292 1941
089314 0700 133295 2240
054112 1600 082107 1558
096297 1523 128295 1848
119300 1344 160295 1031
079311 2243 104295 2242
075308 1116 102340 1321
087318 1033 116329 1015
087290 2000 136290 2006
067302 1637 113287 1559
064333 1300 100315 1204
046109 1605 069104 1630
038142 1950 055326 1223
060139 1808 096155 1759
038136 0849 055143 0847
111310 1358 148295 1353
047323 1548 075329 1545
065130 1711 088121 1704
140353 1807 175307 0939
079128 1632 119121 1627
076079 2010 114082 2008
120309 1430 158312 1426
113308 1032 159307 1406
084305 1128 117298 1104
131304 1508 177292 1257
058314 1451 092290 1245=
D=
K=
A=
S=
B=
??????
QP=
QTB
099 099 099 099 099 099 099 099 099 099 099 099 099 099 099 099 099 099 099 099 099 099 099 099 099 099 099 099
099 099 099 099 099 099 099 099 099 099 099 099 099 099 099 099 099 099 099 099 099 099 099 099 099 099 099 099
099 099 099 099 099 099 099 099 099 099 099 099 099 099 099 099 099 099 099 099 099 099 099 099 099 099 099 099
099 099 099 099 099 099 099 099 099 099 099 099 099 099 099 099 099 099 099 099 099 099 099 099 099 099 099 099
099 099 099 099 099 099 099 099 099 099 099 099 099 099 099 099 099 099 099 099 099 099 099 099 099 099 099 099
099 099 099 099 099 099 099 099 099 099 099 099 099 099 099 099 099 099 099 099 099 099 099 099 099 099 099 099
099 099 099 099 099 099 099 099 099 099 099 099 099 099 099 099 099 099 099 099 099 099 099 099 099 099 099 099
099 099 099 099 099 099 099 099 099 099 099 099 099 099 099 099 099 099 099 099 099 099 099 099 099 099 099 099
099 099 099 099 099 099 099 099 099 099 099 099 099 099 099 099 099 099 099 099 099 099 099 099 099 099 099 099
099 099 099 099 099 099 099 099 099 099 099 099 099 099 099 099 099 099 099 099 099 099 099 099 099 099 099 099
099 099 099 099 099 099 099 099 099 099 099 099 099 099 099 099 099 099 099 099 099 099 099 099 099 099 099 099
099 099 099 099 099 099 099 099 099 099 099 099 099 099 099 099 099 099 099 099 099 099 099 099 099 099 099 099
099 099 099 099 099 099 099 099 099 099 099 099 099 099 099 099 099 099 099 099 099 099 099 099 099 099 099 099
099 099 099 099 099 099 099 099 099 099 099 099 099 099 099 099 099 099 099 099 099 099 099 099 099 099 099 099
099 099 099 099 099 099 099 099 099 099 099 099 099 099 099 099 099 099 099 099 099 099 099 099 099 099 099 099
099 099 099 099 099 099 099 099 099 099 099 099 099 099 099 099 099 099 099 099 099 099 099 099 099 099 099 099
099 099 099 099 099 099 099 099 099 099 099 099 099 099 099 099 099 099 099 099 099 099 099 099 099 099 099 099
099 099 099 099 099 099 099 099 099 099 099 099 099 099 099 099 099 099 099 099 099 099 099 099 099 099 099 099
099 099 099 099 099 099 099 099 099 099 099 099 099 099 099 099 099 099 099 099 099 099 099 099 099 099 099 099
099 099 099 099 099 099 099 099 099 099 099 099 099 099 099 099 099 099 099 099 099 099 099 099 099 099 099 099
099 099 099 099 099 099 099 099 099 099 099 099 099 099 099 099 099 099 099 099 099 099 099 099 099 099 099 099
099 099 099 099 099 099 099 099 099 099 099 099 099 099 099 099 099 099 099 099 099 099 099 099 099 099 099 099
099 099 099 099 099 099 099 099 099 099 099 099 099 099 099 099 099 099 099 099 099 099 099 099 099 099 099 099
099 099 099 099 099 099 099 099 099 099 099 099 099 099 099 099 099 099 099 099 099 099 099 099 099 099 099 099
099 099 099 099 099 099 099 099 099 099 099 099 099 099 099 099 099 099 099 099 099 099 099 099 099 099 099 099
099 099 099 099 099 099 099 099 099 099 099 099 099 099 099 099 099 099 099 099 099 099 099 099 099 099 099 099
099 099 099 099 099 099 099 099 099 099 099 099 099 099 099 099 099 099 099 099 099 099 099 099 099 099 099 099
099 099 099 099 099 099 099 099 099 099 099 099 099 099 099 099 099 099 099 099 099 099 099 099 099 099 099 099
099 099 099 099 099 099 099 099 099 099 099 099 099 099 099 099 099 099 099 099 099 099 099 099 099 099 099 099=
QI=
QE=
QU=
QN=
QH=
QC=
QV=
QR6
099 099 099
099 099 099
099 099 099
099 099 099
099 099 099
099 099 099
099 099 099
099 099 099
099 099 099
099 099 099
099 099 099
099 099 099
099 099 099
099 099 099
099 099 099
099 099 099
099 099 099
099 099 099
099 099 099
099 099 099
099 099 099
099 099 099
099 099 099
099 099 099
099 099 099
099 099 099
099 099 099
099 099 099
099 099 099=
099 099 099 099 099 099 099 099 099 099 099 099 099 099 099 099 099 099 099 099 099 099 099 099
099 099 099 099 099 099 099 099 099 099 099 099 099 099 099 099 099 099 099 099 099 099 099 099
099 099 099 099 099 099 099 099 099 099 099 099 099 099 099 099 099 099 099 099 099 099 099 099
099 099 099 099 099 099 099 099 099 099 099 099 099 099 099 099 099 099 099 099 099 099 099 099
099 099 099 099 099 099 099 099 099 099 099 099 099 099 099 099 099 099 099 099 099 099 099 099
099 099 099 099 099 099 099 099 099 099 099 099 099 099 099 099 099 099 099 099 099 099 099 099
099 099 099 099 099 099 099 099 099 099 099 099 099 099 099 099 099 099 099 099 099 099 099 099
099 099 099 099 099 099 099 099 099 099 099 099 099 099 099 099 099 099 099 099 099 099 099 099
099 099 099 099 099 099 099 099 099 099 099 099 099 099 099 099 099 099 099 099 099 099 099 099
099 099 099 099 099 099 099 099 099 099 099 099 099 099 099 099 099 099 099 099 099 099 099 099
099 099 099 099 099 099 099 099 099 099 099 099 099 099 099 099 099 099 099 099 099 099 099 099
099 099 099 099 099 099 099 099 099 099 099 099 099 099 099 099 099 099 099 099 099 099 099 099
099 099 099 099 099 099 099 099 099 099 099 099 099 099 099 099 099 099 099 099 099 099 099 099
099 099 099 099 099 099 099 099 099 099 099 099 099 099 099 099 099 099 099 099 099 099 099 099
099 099 099 099 099 099 099 099 099 099 099 099 099 099 099 099 099 099 099 099 099 099 099 099
099 099 099 099 099 099 099 099 099 099 099 099 099 099 099 099 099 099 099 099 099 099 099 099
099 099 099 099 099 099 099 099 099 099 099 099 099 099 099 099 099 099 099 099 099 099 099 099
099 099 099 099 099 099 099 099 099 099 099 099 099 099 099 099 099 099 099 099 099 099 099 099
099 099 099 099 099 099 099 099 099 099 099 099 099 099 099 099 099 099 099 099 099 099 099 099
099 099 099 099 099 099 099 099 099 099 099 099 099 099 099 099 099 099 099 099 099 099 099 099
099 099 099 099 099 099 099 099 099 099 099 099 099 099 099 099 099 099 099 099 099 099 099 099
099 099 099 099 099 099 099 099 099 099 099 099 099 099 099 099 099 099 099 099 099 099 099 099
099 099 099 099 099 099 099 099 099 099 099 099 099 099 099 099 099 099 099 099 099 099 099 099
099 099 099 099 099 099 099 099 099 099 099 099 099 099 099 099 099 099 099 099 099 099 099 099
099 099 099 099 099 099 099 099 099 099 099 099 099 099 099 099 099 099 099 099 099 099 099 099
099 099 099 099 099 099 099 099 099 099 099 099 099 099 099 099 099 099 099 099 099 099 099 099
099 099 099 099 099 099 099 099 099 099 099 099 099 099 099 099 099 099 099 099 099 099 099 099
099 099 099 099 099 099 099 099 099 099 099 099 099 099 099 099 099 099 099 099 099 099 099 099
099 099 099 099 099 099 099 099 099 099 099 099 099 099 099 099 099 099 099 099 099 099 099 099=
099 899 099=
QW=
QL=
QZ=
QG=
QFN
099 099 099 099 099 099 099 099 099 099 099 099 099 099 099 099 099 099 099 099 099 099 099 099
099 099 099 099 099 099 099 099 099 099 099 099 099 099 099 099 099 099 099 099 099 099 099 099
099 099 099 099 099 099 099 099 099 099 099 099 099 099 099 099 099 099 099 099 099 099 099 099
099 099 099 099 099 099 099 099 099 099 099 099 099 099 099 099 099 099 099 099 099 099 099 099
099 099 099 099 099 099 099 099 099 099 099 099 099 099 099 099 099 099 099 099 099 099 099 099
099 099 099 099 099 099 099 099 099 099 099 099 099 099 099 099 099 099 099 099 099 099 099 099
099 099 099 099 099 099 099 099 099 099 099 099 099 099 099 099 099 099 099 099 099 099 099 099
099 099 099 099 099 099 099 099 099 099 099 099 099 099 099 099 099 099 099 099 099 099 099 099
099 099 099 099 099 099 099 099 099 099 099 099 099 099 099 099 099 099 099 099 099 099 099 099
099 099 099 099 099 099 099 099 099 099 099 099 099 099 099 099 099 099 099 099 099 099 099 099
099 099 099 099 099 099 099 099 099 099 099 099 099 099 099 099 099 099 099 099 099 099 099 099
099 099 099 099 099 099 099 099 099 099 099 099 099 099 099 099 099 099 099 099 099 099 099 099
099 099 099 099 099 099 099 099 099 099 099 099 099 099 099 099 099 099 099 099 099 099 099 099
099 099 099 099 099 099 099 099 099 099 099 099 099 099 099 099 099 099 099 099 099 099 099 099
099 099 099 099 099 099 099 099 099 099 099 099 099 099 099 099 099 099 099 099 099 099 099 099
099 099 099 099 099 099 099 099 099 099 099 099 099 099 099 099 099 099 099 099 099 099 099 099
099 099 099 099 099 099 099 099 099 099 099 099 099 099 099 099 099 099 099 099 099 099 099 099
099 099 099 099 099 099 099 099 099 099 099 099 099 099 099 099 099 099 099 099 099 099 099 099
099 099 099 099 099 099 099 099 099 099 099 099 099 099 099 099 099 099 099 099 099 099 099 099
099 099 099 099 099 099 099 099 099 099 099 099 099 099 099 099 099 099 099 099 099 099 099 099
099 099 099 099 099 099 099 099 099 099 099 099 099 099 099 099 099 099 099 099 099 099 099 099
099 099 099 099 099 099 099 099 099 099 099 099 099 099 099 099 099 099 099 099 099 099 099 099
099 099 099 099 099 099 099 099 099 099 099 099 099 099 099 099 099 099 099 099 099 099 099 099
099 099 099 099 099 099 099 099 099 099 099 099 099 099 099 099 099 099 099 099 099 099 099 099
099 099 099 099 099 099 099 099 099 099 099 099 099 099 099 099 099 099 099 099 099 099 099 099
099 099 099 099 099 099 099 099 099 099 099 099 099 099 099 099 099 099 099 099 099 099 099 099
099 099 099 099 099 099 099 099 099 099 099 099 099 099 099 099 099 099 099 099 099 099 099 099
099 099 099 099 099 099 099 099 099 099 099 099 099 099 099 099 099 099 099 099 099 099 099 099
099 099 099 099 099 099 099 099 099 099 099 099 099 099 099 099 099 099 099 099 099 099 099 099=
099 099 099 099 099 099 099 099 099 099 099 099 099 099 099 099 099 099 099 099 099 099 099 099
099 099 099 099 099 099 099 099 099 099 099 099 099 099 099 099 099 099 099 099 099 099 099 099
099 099 099 099 099 099 099 099 099 099 099 099 099 099 099 099 099 099 099 099 099 099 099 099
099 099 099 099 099 099 099 099 099 099 099 099 099 099 099 099 099 099 099 099 099 099 099 099
099 099 099 099 099 099 099 099 099 099 099 099 099 099 099 099 099 099 099 099 099 099 099 099
099 099 099 099 099 099 099 099 099 099 099 099 099 099 099 099 099 099 099 099 099 099 099 099
099 099 099 099 099 099 099 099 099 099 099 099 099 099 099 099 099 099 099 099 099 099 099 099
099 099 099 099 099 099 099 099 099 099 099 099 099 099 099 099 099 099 099 099 099 099 099 099
099 099 099 099 099 099 099 099 099 099 099 099 099 099 099 099 099 099 099 099 099 099 099 099
099 099 099 099 099 099 099 099 099 099 099 099 099 099 099 099 099 099 099 099 099 099 099 099
099 099 099 099 099 099 099 099 099 099 099 099 099 099 099 099 099 099 099 099 099 099 099 099
099 099 099 099 099 099 099 099 099 099 099 099 099 099 099 099 099 099 099 099 099 099 099 099
099 099 099 099 099 099 099 099 099 099 099 099 099 099 099 099 099 099 099 099 099 099 099 099
099 099 099 099 099 099 099 099 099 099 099 099 099 099 099 099 099 099 099 099 099 099 099 099
099 099 099 099 099 099 099 099 099 099 099 099 099 099 099 099 099 099 099 099 099 099 099 099
099 099 099 099 099 099 099 099 099 099 099 099 099 099 099 099 099 099 099 099 099 099 099 099
099 099 099 099 099 099 099 099 099 099 099 099 099 099 099 099 099 099 099 099 099 099 099 099
099 099 099 099 099 099 099 099 099 099 099 099 099 099 099 099 099 099 099 099 099 099 099 099
099 099 099 099 099 099 099 099 099 099 099 099 099 099 099 099 099 099 099 099 099 099 099 099
099 099 099 099 099 099 099 099 099 099 099 099 099 099 099 099 099 099 099 099 099 099 099 099
099 099 099 099 099 099 099 099 099 099 099 099 099 099 099 099 099 099 099 099 099 099 099 099
099 099 099 099 099 099 099 099 099 099 099 099 099 099 099 099 099 099 099 099 099 099 099 099
099 099 099 099 099 099 099 099 099 099 099 099 099 099 099 099 099 099 099 099 099 099 099 099
099 099 099 099 099 099 099 099 099 099 099 099 099 099 099 099 099 099 099 099 099 099 099 099
099 099 099 099 099 099 099 099 099 099 099 099 099 099 099 099 099 099 099 099 099 099 099 099
099 099 099 099 099 099 099 099 099 099 099 099 099 099 099 099 099 099 099 099 099 099 099 099
099 099 099 099 099 099 099 099 099 099 099 099 099 099 099 099 099 099 099 099 099 099 099 099
099 099 099 099 099 099 099 099 099 099 099 099 099 099 099 099 099 099 099 099 099 099 099 099
099 099 099 099 099 099 099 099 099 099 099 099 099 099 099 099 099 099 099 099 099 099 099 099=
099 099 099 099
099 099 099 099
099 099 099 099
099 099 099 099
099 099 099 099
099 099 099 099
099 099 099 099
099 099 099 099
099 099 099 099
099 099 099 099
099 099 099 099
099 099 099 099
099 099 099 099
099 099 099 099
099 099 099 099
099 099 099 099
099 099 099 099
099 099 099 099
099 099 099 099
099 099 099 099
099 099 099 099
099 099 099 099
099 099 099 099
099 099 099 099
099 099 099 099
099 099 099 099
099 099 099 099
099 099 099 099
099 099 099 099=
QD=
QK=
QA=
QS=
QB=
=
******
YF
O2220
河南省
豫汝阳大安
汝阳县大安工业区
平原
姜发
肖红培
肖红培
肖红培
王国安
肖红培
20081028=
JY
8888=
GK
01/本月平均气温1.8℃，月降水量2.6毫米.
02/本月主要天气过程发生在：25日。
05/=
BZ
BB/02/最大风速异常错误，属于采集器问题，挑取13时00分风向风速代替最大风向风速。
BB/05/最大风速异常错误，属于采集器问题，挑取07时00分风向风速代替最大风向风速。
BB/06/最大风速异常错误，属于采集器问题，挑取16时00分风向风速代替最大风向风速。
BB/07/气温最高极值时间挑取错误，实际时间出现在14时02分。
BB/20/气温最高极值时间挑取错误，实际时间出现在15时02分。
00/341758/1123236
10/341758/1123236
10/24/24小时连续观测
11/不守班=
######
