O2205 3455N 11222E 004250 004250 105 000 S15 91999999919999199999 0 2009 06
P=
TB
0253 0237 0230 0220 0205 0197 0196 0190 0185 0188 0194 0216
0245 0272 0298 0317 0332 0332 0320 0336 0330 0303 0287 0276 0346 1529 0180 0454.
0257 0245 0242 0229 0220 0211 0203 0206 0199 0210 0223 0243
0274 0296 0321 0335 0348 0337 0340 0321 0307 0304 0286 0282 0357 1238 0192 0514.
0279 0264 0252 0240 0227 0222 0229 0218 0211 0207 0222 0240
0255 0273 0287 0299 0310 0315 0322 0323 0325 0313 0300 0276 0338 1537 0206 0530.
0213 0224 0213 0214 0197 0205 0205 0199 0198 0201 0219 0239
0253 0273 0287 0311 0335 0340 0349 0342 0324 0312 0295 0288 0352 1437 0195 0112.
0279 0261 0248 0239 0236 0229 0218 0223 0211 0222 0232 0247
0280 0312 0335 0362 0368 0376 0345 0348 0343 0329 0313 0291 0384 1323 0207 0512.
0281 0277 0264 0259 0252 0247 0237 0231 0223 0183 0194 0213
0234 0234 0252 0223 0219 0213 0223 0224 0218 0211 0205 0194 0290 2001 0173 0541.
0188 0188 0185 0184 0182 0177 0175 0177 0173 0173 0171 0175
0191 0201 0219 0230 0236 0234 0240 0250 0244 0237 0228 0223 0257 1535 0170 0619.
0211 0197 0192 0186 0184 0180 0177 0177 0179 0178 0179 0189
0187 0190 0200 0206 0224 0236 0244 0230 0223 0217 0210 0207 0249 1515 0176 0402.
0208 0204 0194 0191 0188 0190 0186 0188 0185 0187 0210 0233
0257 0278 0286 0302 0322 0313 0325 0315 0302 0287 0277 0264 0332 1350 0184 0509.
0258 0251 0249 0242 0239 0230 0221 0219 0215 0217 0230 0257
0281 0304 0332 0327 0331 0346 0338 0316 0326 0294 0279 0274 0355 1432 0209 0508.
0256 0246 0245 0238 0233 0221 0218 0210 0204 0209 0228 0250
0292 0317 0335 0331 0345 0348 0308 0302 0296 0289 0280 0273 0352 1344 0202 0504.
0262 0252 0247 0248 0245 0237 0235 0230 0224 0230 0244 0264
0298 0325 0342 0345 0331 0332 0329 0291 0264 0240 0244 0230 0352 1113 0224 0458.
0226 0221 0224 0211 0211 0201 0204 0193 0193 0202 0217 0237
0256 0269 0282 0306 0327 0339 0336 0344 0346 0318 0277 0265 0353 1516 0190 0433.
0240 0234 0232 0237 0231 0228 0233 0227 0219 0221 0226 0246
0267 0268 0288 0305 0309 0314 0324 0329 0333 0291 0275 0289 0341 1434 0215 0509.
0263 0243 0238 0233 0223 0217 0214 0211 0205 0203 0212 0226
0241 0254 0268 0288 0289 0304 0304 0305 0305 0300 0291 0280 0317 1618 0199 0533.
0272 0267 0256 0250 0247 0245 0242 0237 0233 0232 0245 0256
0273 0290 0319 0320 0317 0358 0359 0357 0357 0333 0320 0307 0370 1427 0231 0530.
0298 0290 0284 0283 0275 0264 0248 0236 0230 0227 0226 0223
0240 0250 0266 0273 0281 0288 0272 0241 0248 0251 0244 0233 0313 2020 0222 0801.
0227 0226 0223 0222 0222 0222 0219 0216 0206 0198 0194 0196
0196 0201 0205 0208 0199 0197 0204 0208 0214 0216 0218 0221 0234 2010 0193 0703.
0227 0222 0224 0224 0217 0219 0217 0217 0216 0218 0216 0221
0241 0264 0285 0301 0290 0273 0260 0254 0242 0235 0229 0226 0323 1208 0213 0630.
0220 0218 0210 0211 0208 0207 0208 0208 0204 0200 0216 0235
0265 0297 0326 0332 0349 0372 0371 0376 0352 0331 0302 0283 0378 1601 0199 0525.
0269 0265 0256 0252 0244 0235 0231 0220 0215 0221 0233 0259
0275 0308 0346 0362 0384 0401 0405 0408 0376 0356 0328 0310 0413 1521 0214 0456.
0304 0301 0294 0290 0283 0271 0272 0263 0252 0267 0252 0267
0283 0297 0322 0342 0362 0370 0379 0373 0367 0336 0306 0281 0388 1516 0248 0511.
0277 0268 0258 0253 0254 0241 0232 0225 0224 0220 0226 0240
0260 0285 0326 0344 0373 0371 0375 0385 0376 0359 0335 0316 0392 1611 0218 0534.
0309 0295 0289 0277 0271 0264 0267 0250 0243 0251 0271 0296
0322 0365 0389 0407 0384 0407 0426 0417 0404 0389 0356 0339 0434 1422 0236 0443.
0329 0319 0310 0299 0302 0263 0254 0246 0247 0248 0271 0298
0335 0367 0394 0406 0408 0419 0420 0410 0397 0373 0349 0329 0424 1411 0242 0411.
0315 0306 0303 0292 0290 0289 0283 0272 0271 0264 0281 0300
0313 0313 0359 0373 0370 0394 0381 0373 0370 0363 0340 0319 0408 1407 0264 0543.
0313 0301 0298 0285 0279 0271 0268 0275 0270 0271 0272 0294
0311 0305 0327 0346 0357 0376 0379 0371 0354 0349 0283 0253 0395 1533 0253 1959.
0263 0245 0242 0243 0237 0244 0243 0242 0251 0248 0263 0284
0288 0312 0303 0299 0289 0287 0278 0267 0267 0273 0254 0242 0333 1017 0237 0058.
0231 0229 0228 0229 0222 0217 0211 0209 0202 0208 0228 0254
0283 0316 0356 0359 0365 0341 0339 0328 0321 0313 0300 0287 0373 1146 0197 0521.
0282 0276 0273 0268 0259 0253 0250 0246 0238 0236 0252 0288
0317 0340 0368 0365 0342 0370 0367 0361 0353 0335 0318 0310 0391 1516 0233 0520=
I=
E=
U=
N=
H=
C=
V=
R6
0000 0000 0000
0000 0000 0000
0000 0000 0000
0003 0000 0003
0000 0000 0000
0065 0000 0065
0000 0000 0000
0074 0000 0074
0000 0000 0000
0000 0000 0000
0000 0000 0000
0000 0000 0000
0000 0000 0000
0001 0000 0001
0000 0000 0000
0000 0000 0000
0000 0001 0001
0025 0002 0027
0038 0000 0038
0000 0000 0000
0000 0000 0000
0000 0000 0000
0000 0000 0000
0000 0000 0000
0000 0000 0000
0000 0000 0000
0000 0000 0000
0000 0000 0000
0000 0000 0000
0000 0000 0000=
0000 0000 0000 0000 0000 0000 0000 0000 0000 0000 0000 0000
0000 0000 0000 0000 0000 0000 0000 0000 0000 0000 0000 0000.
0000 0000 0000 0000 0000 0000 0000 0000 0000 0000 0000 0000
0000 0000 0000 0000 0000 0000 0000 0000 0000 0000 0000 0000.
0000 0000 0000 0000 0000 0000 0000 0000 0000 0000 0000 0000
0000 0000 0000 0000 0000 0000 0000 0000 0000 0000 0000 0000.
0003 0000 0000 0000 0000 0000 0000 0000 0000 0000 0000 0000
0000 0000 0000 0000 0000 0000 0000 0000 0000 0000 0000 0000.
0000 0000 0000 0000 0000 0000 0000 0000 0000 0000 0000 0000
0000 0000 0000 0000 0000 0000 0000 0000 0000 0000 0000 0000.
0000 0000 0000 0000 0000 0000 0000 0000 0000 0063 0002 0000
0000 0000 0000 0000 0000 0000 0000 0000 0000 0000 0000 0000.
0000 0000 0000 0000 0000 0000 0000 0000 0000 0000 0000 0000
0000 0000 0000 0000 0000 0000 0000 0000 0000 0000 0000 0000.
0000 0002 0006 0022 0012 0023 0006 0002 0001 0000 0000 0000
0000 0000 0000 0000 0000 0000 0000 0000 0000 0000 0000 0000.
0000 0000 0000 0000 0000 0000 0000 0000 0000 0000 0000 0000
0000 0000 0000 0000 0000 0000 0000 0000 0000 0000 0000 0000.
0000 0000 0000 0000 0000 0000 0000 0000 0000 0000 0000 0000
0000 0000 0000 0000 0000 0000 0000 0000 0000 0000 0000 0000.
0000 0000 0000 0000 0000 0000 0000 0000 0000 0000 0000 0000
0000 0000 0000 0000 0000 0000 0000 0000 0000 0000 0000 0000.
0000 0000 0000 0000 0000 0000 0000 0000 0000 0000 0000 0000
0000 0000 0000 0000 0000 0000 0000 0000 0000 0000 0000 0000.
0000 0000 0000 0000 0000 0000 0000 0000 0000 0000 0000 0000
0000 0000 0000 0000 0000 0000 0000 0000 0000 0000 0000 0000.
0001 0000 0000 0000 0000 0000 0000 0000 0000 0000 0000 0000
0000 0000 0000 0000 0000 0000 0000 0000 0000 0000 0000 0000.
0000 0000 0000 0000 0000 0000 0000 0000 0000 0000 0000 0000
0000 0000 0000 0000 0000 0000 0000 0000 0000 0000 0000 0000.
0000 0000 0000 0000 0000 0000 0000 0000 0000 0000 0000 0000
0000 0000 0000 0000 0000 0000 0000 0000 0000 0000 0000 0000.
0000 0000 0000 0000 0000 0000 0000 0000 0000 0000 0000 0000
0000 0000 0000 0000 0000 0000 0000 0001 0000 0000 0000 0000.
0000 0000 0000 0000 0000 0000 0000 0001 0004 0003 0011 0006
0000 0000 0000 0000 0000 0002 0000 0000 0000 0000 0000 0000.
0000 0000 0000 0000 0000 0000 0000 0000 0000 0000 0038 0000
0000 0000 0000 0000 0000 0000 0000 0000 0000 0000 0000 0000.
0000 0000 0000 0000 0000 0000 0000 0000 0000 0000 0000 0000
0000 0000 0000 0000 0000 0000 0000 0000 0000 0000 0000 0000.
0000 0000 0000 0000 0000 0000 0000 0000 0000 0000 0000 0000
0000 0000 0000 0000 0000 0000 0000 0000 0000 0000 0000 0000.
0000 0000 0000 0000 0000 0000 0000 0000 0000 0000 0000 0000
0000 0000 0000 0000 0000 0000 0000 0000 0000 0000 0000 0000.
0000 0000 0000 0000 0000 0000 0000 0000 0000 0000 0000 0000
0000 0000 0000 0000 0000 0000 0000 0000 0000 0000 0000 0000.
0000 0000 0000 0000 0000 0000 0000 0000 0000 0000 0000 0000
0000 0000 0000 0000 0000 0000 0000 0000 0000 0000 0000 0000.
0000 0000 0000 0000 0000 0000 0000 0000 0000 0000 0000 0000
0000 0000 0000 0000 0000 0000 0000 0000 0000 0000 0000 0000.
0000 0000 0000 0000 0000 0000 0000 0000 0000 0000 0000 0000
0000 0000 0000 0000 0000 0000 0000 0000 0000 0000 0000 0000.
0000 0000 0000 0000 0000 0000 0000 0000 0000 0000 0000 0000
0000 0000 0000 0000 0000 0000 0000 0000 0000 0000 0000 0000.
0000 0000 0000 0000 0000 0000 0000 0000 0000 0000 0000 0000
0000 0000 0000 0000 0000 0000 0000 0000 0000 0000 0000 0000.
0000 0000 0000 0000 0000 0000 0000 0000 0000 0000 0000 0000
0000 0000 0000 0000 0000 0000 0000 0000 0000 0000 0000 0000.
0000 0000 0000 0000 0000 0000 0000 0000 0000 0000 0000 0000
0000 0000 0000 0000 0000 0000 0000 0000 0000 0000 0000 0000=
0000 ////////// 00000=
W=
L=
Z=
G=
FN
264050 288034 280030 247028 307028 316029
275037 302047 309044 312039 293043 302031
290023 269011 318020 324014 030018 355021
327041 292030 219041 278045 242054 290073.
308034 277030 298032 316030 289034 310027
321034 308026 307032 330060 358025 296050
320043 310030 323028 321022 331022 100027
083021 110023 145028 091031 026006 150032.
099036 077029 063011 330007 352013 034022
064038 085023 101028 044022 009011 300011
079013 044017 313013 045015 061020 076035
070025 066030 103011 070028 100028 359029.
131034 094044 133011 146033 328040 286027
302026 318041 292028 262031 045006 242019
196029 242012 141014 230015 329042 318024
341016 025018 135016 202023 207015 211048.
276065 291037 323038 326044 315035 335048
001019 312031 319031 ////// 317018 307017
////// 021010 025010 012013 328027 026021
125013 092022 069012 103017 075035 078042.
093026 081036 098021 085033 069030 075046
080033 109020 074035 011051 064032 103017
101009 157014 216010 114028 114032 092028
080048 094030 093043 071032 094030 089023.
090022 086031 085027 054033 059034 101023
088021 092027 102011 070018 086022 072017
061024 065024 075033 082022 168015 089028
066025 049031 121009 142020 167027 169035.
174041 152036 211018 147022 PPC000 082008
001016 000009 146019 111023 135017 001014
325021 PPC002 095014 064011 099012 087014
148017 059021 103023 080015 104017 146020.
183016 204014 283017 298020 304028 290023
314027 318026 313029 002012 295027 315065
325048 322060 317067 323038 323058 323090
318125 317124 313117 313111 314094 312088.
293072 316029 326059 316079 321083 323052
309047 314047 327042 322045 323028 314021
312023 316041 306028 350024 320042 312028
044016 307032 302044 266047 275047 255042.
272059 289041 305068 282037 299025 332020
312030 307024 317032 303021 297034 286021
301017 331021 327023 317037 323047 270022
230035 212053 235072 273039 262046 261063.
269060 286058 314093 300088 313104 316097
314092 314096 316088 316066 300045 293070
306027 323028 319023 217012 063024 059032
065030 075046 105026 080044 137022 146026.
008014 232019 244029 293035 288053 326042
343041 345023 050015 047030 044018 070018
065015 081028 112014 158019 310011 297022
194025 327016 218026 057012 079019 071034.
160036 355017 021032 060030 011015 016019
057018 071033 093027 076020 066021 061017
068025 061028 076040 074018 069022 068024
066015 044017 103025 064019 326085 302072.
071029 098017 065036 063040 075037 096035
103028 111027 109018 072027 060023 071037
095022 015019 123033 107017 042016 066029
061035 059031 065028 082016 085021 078022.
077022 104026 091028 097021 080026 090026
092025 092018 088015 057023 048026 082015
061010 180008 328018 012018 072026 209035
202014 208026 181029 158029 187044 211049.
152041 197047 161032 156039 117012 112024
106028 092032 091038 087023 091022 084045
076033 094024 074040 093023 ////// 028014
229013 261020 219032 109011 163016 211027.
207020 150014 172017 149017 PPC001 087011
139015 078017 078024 079020 075024 041017
092019 084027 101022 040024 074023 059019
062034 042024 068020 ////// 075016 351012.
055012 303013 293010 324006 285016 301020
310026 308044 289035 286053 299027 291025
321022 316040 313057 313062 320093 321126
312161 316141 310122 310100 316112 320076.
334048 338040 314031 315055 319073 332067
322071 319037 333034 316034 329043 324072
302067 308049 325035 287024 319027 323028
304042 289023 301023 266021 233055 211053.
250034 301054 318055 307049 306037 298042
316053 322055 312051 333043 278047 304035
314040 312027 301040 319098 322059 321049
323067 305035 318103 312112 320064 312110.
315115 314118 312099 323120 329083 325054
325100 326082 323063 012037 143026 120033
350008 071012 230013 320024 340029 310048
329066 314036 313051 324075 312056 316065.
302058 334021 353018 017012 035023 326016
348018 318014 322013 299013 299021 287022
302028 299028 323030 323033 316021 249027
284046 296041 253057 269061 261045 270050.
258051 304040 297054 279036 274030 294047
295027 322033 292023 306029 310042 300036
326017 311019 326030 026027 071025 313021
291016 144018 161051 161035 145023 150039.
208029 145019 207003 130005 124008 310023
289023 300033 322039 320038 298031 307032
300025 309007 042013 311010 222036 221028
202047 166050 212051 156050 160051 167055.
150040 143025 131023 147031 146021 102021
134021 137011 141028 149024 130013 132012
070018 141021 289015 308015 343012 308027
067018 202021 155010 169028 185042 171053.
192032 351011 108032 353007 345008 326019
327019 044009 232005 136019 PPC000 291007
260012 030010 319027 318036 266021 263022
346019 295014 220038 314033 091050 066026.
111023 122018 075012 313025 238023 308027
306012 309038 312028 300023 302025 306031
314035 307023 273022 277033 255030 268055
301054 277070 284056 269058 275044 240054.
279037 262055 282069 288073 301074 325045
321034 305047 289039 326056 316052 316058
326037 310037 323033 349019 229010 215035
165039 211044 244036 221023 211037 236024.
271029 264037 313045 300032 285032 282034
312037 328048 324028 284032 326059 319028
301041 323016 286014 071020 071024 104024
063020 069032 088026 114032 105025 104029=
264051 289036 288031 253026 307025 310029
276033 303051 304037 315043 293037 302032
296021 292011 311021 331012 006015 000020
327040 287023 220036 279040 263046 290070.
306031 278023 302027 311038 289032 306028
315036 314027 304035 328059 335037 297053
323043 313023 318031 313019 337022 085027
095017 097023 147030 088026 338007 169022.
099032 067026 042011 359007 352010 032015
061034 080026 094028 042027 359008 306008
057009 025013 219011 054014 046018 059024
065024 072025 096012 070027 096026 033048.
138040 091033 098008 151031 339039 299026
289027 314033 294028 262027 016012 243016
197028 271014 155013 238015 328042 331021
337019 000017 138016 208019 181018 208046.
274064 290039 330028 325043 317038 335050
359013 307026 314028 ////// 322020 310018
////// 002013 004012 001018 337029 021018
097016 085020 081015 094017 075030 076040.
089029 084030 088024 081027 074031 081045
085032 102029 084036 016046 052025 112015
265008 139013 173014 113028 116026 090024
084040 090027 089033 076032 093026 094026.
095024 084030 082022 061027 051028 099022
096020 098024 102010 067014 069019 069019
059018 072025 067029 089026 073015 089029
078026 064023 075008 149021 165027 172038.
170038 154041 210017 155024 093003 093013
006021 348010 150020 113022 137017 358014
314025 302004 082006 067011 128013 133013
139018 072018 087019 080014 112017 142016.
175012 190014 273016 297025 303030 289033
318029 324026 316029 007014 302024 315063
326037 325063 311067 324052 326067 324072
321115 312124 317121 314122 316099 309085.
294076 323031 330057 316074 319089 323055
311047 328039 328042 309036 330033 321032
319028 318043 312034 351031 318051 311042
024021 303021 306033 278041 273044 257043.
272056 287044 305061 285042 299027 330020
307027 314023 314026 301025 298029 291022
302016 325022 329025 322027 321047 242022
227045 214057 235068 272043 263047 267057.
265060 287056 312083 302082 314101 313092
316099 314094 316084 314075 291048 309074
314033 334030 320026 239017 066022 062039
060028 070050 101029 073042 116022 149022.
004009 241022 232036 290036 283047 315038
343044 349025 037015 048028 041019 072016
091015 079021 109022 208020 315021 259018
197027 289015 213022 085014 086021 072032.
170038 359019 020028 057031 021021 023022
065024 068032 090029 074021 067017 068014
025013 073026 066024 065016 097019 067023
077016 063026 077017 092021 349043 315042.
076030 103020 071024 071036 077036 091032
099028 121030 102018 071032 059026 056028
081026 058024 103024 107020 067020 072022
064028 062025 061025 075017 081020 084023.
075022 099025 093028 094022 086027 086025
093024 091018 091016 050021 057020 077015
042012 029011 327022 034017 075025 204029
164019 195020 183029 167033 182040 207049.
151031 190050 164037 160041 137014 114030
102027 096030 099030 097024 093023 090030
075036 085027 079029 090023 ////// 043019
162017 249021 219036 128016 172022 209027.
198018 158014 162017 157016 183006 077009
134012 083011 080023 083027 076024 064027
092020 082031 097020 060018 082020 068020
069023 048023 066023 ////// 073018 357013.
044014 301013 306010 328008 285016 302016
314028 303042 286033 275042 297021 282022
320021 310028 309052 313053 314103 321132
312167 319140 320132 315108 316118 319083.
330042 347031 317034 308054 321081 333054
315066 321047 320036 313036 316039 323070
314065 309047 326041 299034 298025 327037
314042 303027 310028 263026 230050 212053.
253039 300053 317054 302046 315043 303044
315050 315053 306046 304035 295060 306040
311035 313028 311045 315085 322062 322052
322062 301040 320101 312110 317066 313104.
315116 313112 315098 322109 328079 324055
325105 327085 322061 034039 144034 134024
044014 047013 230027 297036 334030 312042
328062 304036 318049 321079 313060 312060.
304059 346036 013015 014019 039021 334012
344018 322009 324012 300012 298018 289019
298025 294025 322030 324029 310030 257032
294048 257060 242070 257049 269054 263047.
260052 299042 297058 284038 278032 294046
281023 317040 292025 303027 312048 297040
332020 323016 326029 352029 070024 351020
298025 029017 174036 169033 151019 148035.
202028 143016 108004 093006 114011 308023
293025 297029 323028 319039 297032 308026
303027 266010 355020 314013 215021 215027
200036 174043 189044 158047 162052 184053.
158039 151026 127026 150028 147024 107021
135020 149017 134025 148024 135015 160015
101015 125016 313018 304026 008012 255025
072019 183022 164018 172027 180038 175052.
186037 306010 102030 047007 344007 327016
326016 046012 PPC001 138015 PPC001 264006
302011 024009 325024 319028 272027 271024
350022 277012 228024 297023 095048 055030.
100019 111017 059006 327018 258018 323024
314012 311028 309028 292021 305026 311033
310030 308026 271024 285033 263031 268054
297057 280067 277049 282051 273040 239047.
279035 264054 281067 287072 305071 319054
313035 309046 290038 326052 315053 316057
325037 312041 323035 344020 237016 214033
175031 207041 235044 238027 219036 248027.
261035 266036 303041 302036 283028 284036
315039 328047 316031 290025 330058 326025
306036 329013 279013 087020 083020 143017
077018 073026 082024 096022 105025 099025=
071291 1959 105295 1958
069289 2001 077329 0326
052095 1951 076056 1944
068121 2028 084115 2027
066271 2107 076340 0035
050051 0544 075090 1512
042160 1925 060090 2015
054163 2115 067219 2103
128315 1729 163309 1750
094320 0054 116307 0033
068229 1649 098242 1654
107318 0524 119309 0516
064323 0248 083332 0246
072004 1921 111332 1920
176322 2015 221318 2006
049208 1959 065135 1817
058179 2150 076214 2143
033082 0956 056121 1114
167312 1500 196301 1432
088324 2013 121318 2007
131322 1726 152321 1719
122316 2209 142312 2207
071236 1658 117225 1745
060294 2252 072292 2308
061180 1935 085217 1856
058170 2030 079217 2047
059160 2024 075222 2015
075277 1423 093284 1609
075309 0103 099309 0101
058330 0700 074335 0700=
D=
K=
A=
S=
B=
??????
******
YF
O2205
河南省
豫孟津小浪底
孟津县小浪底镇寺院坡村
丘陵；地面；村镇
白凌霞
王洪新
王洪新
王洪新
王国安
王洪新
20090710=
JY
8888=
GK
01/本月总降水量20.9毫米。
02/本月主要降水过程出现在：4日、6日、8日、14日、17日-19日。 
05/=
BZ
BB/05/6时、9时温度用内插求的，风向风速缺测。
BB/17/13时温度用内插求的，风向风速缺测。
BB/18/18时温度用内插求的，风向风速缺测。
00/345400/1122100
10/345400/1122100
10/24/24小时连续观测
11/不守班=
######
