O2200 3454N 11207E 004630 004630 105 000 S15 91999999919999199999 0 2009 05
P=
TB
0191 0188 0184 0181 0179 0181 0189 0192 0194 0190 0185 0187
0193 0201 0211 0220 0231 0245 0261 0269 0262 0253 0241 0228 0269 1544 0177 0108.
0223 0221 0229 0225 0218 0182 0180 0161 0161 0158 0168 0194
0226 0244 0265 0279 0288 0291 0279 0281 0276 0256 0230 0219 0300 1422 0156 0453.
0204 0190 0181 0171 0168 0162 0161 0158 0158 0142 0178 0203
0236 0251 0257 0287 0306 0309 0303 0310 0287 0274 0247 0237 0313 1506 0136 0535.
0226 0214 0201 0192 0189 0183 0166 0158 0152 0159 0181 0205
0218 0235 0246 0272 0291 0296 0288 0273 0264 0250 0236 0229 0299 1402 0151 0456.
0220 0204 0191 0180 0179 0172 0170 0170 0162 0162 0179 0199
0210 0242 0246 0268 0272 0284 0257 0261 0252 0237 0225 0212 0286 1403 0159 0504.
0205 0188 0182 0178 0175 0166 0169 0162 0160 0160 0182 0203
0223 0236 0235 0276 0288 0270 0292 0287 0267 0255 0236 0221 0299 1520 0156 0426.
0216 0216 0207 0200 0190 0180 0174 0170 0161 0162 0190 0213
0227 0258 0267 0290 0302 0308 0304 0305 0299 0284 0263 0252 0314 1416 0159 0541.
0242 0234 0228 0216 0211 0204 0201 0194 0191 0190 0207 0217
0240 0267 //// //// 0282 0277 0274 0272 0271 0269 0252 0252 0298 1251 0186 0534.
0244 0242 0226 0209 0208 0200 0201 0203 0201 0199 0198 0202
0213 0222 0244 0258 0263 0261 0269 0256 0245 0222 0214 0214 0276 1405 0197 0618.
0213 0208 0204 0204 0205 0204 0202 0195 0161 0147 0137 0134
0130 0131 0134 0134 0136 0139 0137 0138 0138 0137 0135 0135 0215 2011 0130 0843.
0134 0134 0132 0133 0133 0132 0133 0134 0137 0140 0139 0143
0156 0153 0159 0162 0157 0163 0167 0169 0166 0163 0162 0163 0173 1537 0131 2226.
0163 0164 0162 0162 0162 0155 0158 0171 0161 0160 0183 0207
0224 0247 0259 0257 0269 0269 0273 0250 0244 0233 0223 0215 0286 1345 0153 0228.
0210 0200 0197 0198 0193 0194 0188 0189 0180 0178 0181 0186
0188 0193 0202 0213 0214 0204 0194 0190 0187 0182 0180 0177 0222 1222 0177 0520.
0171 0167 0161 0154 0153 0140 0140 0136 0134 0134 0133 0132
0134 0128 0128 0128 0125 0121 0124 0121 0117 0110 0111 0110 0177 2001 0108 1744.
0109 0110 0110 0109 0106 0102 0104 0105 0103 0103 0105 0107
0109 0116 0123 0146 0139 0145 0145 0151 0148 0146 0142 0132 0155 1606 0100 0450.
0137 0138 0134 0133 0131 0126 0123 0123 0120 0122 0140 0154
0174 0208 0227 0244 0246 0269 0279 0276 0279 0260 0234 0221 0284 1645 0117 0525.
0214 0206 0203 0197 0193 0187 0182 0169 0143 0141 0183 0196
0217 0240 0239 0251 0253 0267 0277 0265 0255 0238 0219 0212 0283 1446 0136 0520.
0207 0208 0190 0191 0186 0172 0182 0170 0188 0189 0197 0200
0207 0226 0242 0254 0268 0274 0278 0276 0275 0270 0239 0221 0284 1415 0169 0124.
0214 0189 0185 0183 0175 0159 0148 0150 0144 0142 0169 0206
0221 0239 0250 0280 0286 0291 0283 0271 0264 0250 0238 0225 0306 1428 0137 0516.
0218 0209 0199 0191 0190 0187 0163 0155 0147 0159 0190 0211
0234 0258 0270 0277 0283 0294 0288 0284 0276 0256 0230 0212 0297 1340 0147 0459.
0201 0189 0183 0168 0169 0162 0156 0152 0149 0151 0166 0177
0212 0222 0236 0269 0281 0295 0296 0285 0263 0256 0244 0245 0306 1506 0145 0523.
0231 0233 0228 0215 0202 0193 0183 0176 0171 0187 0194 0195
0194 0191 0199 0201 0205 0218 0219 0222 0212 0203 0188 0179 0244 2001 0170 0446.
0171 0164 0157 0145 0149 0131 0133 0126 0128 0126 0173 0193
0217 0240 0254 0273 0286 0292 0291 0296 0283 0262 0239 0228 0302 1556 0119 0542.
0216 0211 0199 0187 0173 0168 0176 0163 0150 0151 0175 0219
0232 0234 0239 0274 0266 0266 0262 0247 0241 0232 0225 0220 0279 1206 0145 0532.
0214 0205 0204 0197 0194 0185 0176 0172 0173 0168 0186 0205
0204 0205 0213 0227 0220 0227 0210 0214 0207 0192 0177 0172 0241 1354 0168 0554.
0167 0165 0158 0151 0151 0149 0149 0148 0147 0150 0156 0165
0178 0195 0217 0222 0243 0236 0228 0231 0221 0218 0210 0196 0250 1325 0147 0313.
0193 0187 0182 0182 0179 0179 0177 0177 0174 0174 0176 0180
0173 0176 0175 0183 0192 0179 0168 0170 0166 0164 0159 0157 0196 2001 0157 1945.
0152 0152 0153 0154 0154 0150 0142 0137 0141 0141 0143 0147
0150 0153 0150 0153 0161 0164 0168 0179 0176 0170 0170 0167 0181 1544 0137 0331.
0160 0156 0151 0153 0153 0149 0143 0134 0134 0136 0157 0163
0195 0214 0229 0237 0248 0252 0258 0259 0259 0242 0232 0224 0273 1619 0128 0521.
0226 0226 0222 0220 0215 0201 0196 0178 0147 0177 0201 0230
0247 0260 0272 0276 0272 0276 0282 0291 0281 0272 0250 0233 0292 1343 0146 0503.
0224 0227 0222 0219 0204 0203 0216 0205 0201 0214 0181 0209
0251 0289 0292 0305 0316 0321 0322 0322 0316 0294 0271 0262 0333 1523 0181 0655=
I=
E=
U=
N=
H=
C=
V=
R6
0000 0000 0000
0000 0000 0000
0000 0000 0000
0000 0000 0000
0000 0000 0000
0000 0000 0000
0000 0000 0000
0000 0000 0000
0100 0022 0122
0301 0087 0388
0035 0068 0103
0003 0000 0003
0000 0018 0018
0162 0109 0271
0104 0035 0139
0000 0001 0001
0000 0000 0000
0000 0000 0000
0000 0000 0000
0000 0000 0000
0000 0000 0000
0009 0000 0009
0000 0000 0000
0000 0000 0000
0000 0000 0000
0000 0000 0000
0000 0069 0069
0035 0093 0128
0001 0000 0001
0000 0000 0000
0000 0000 0000=
0000 0000 0000 0000 0000 0000 0000 0000 0000 0000 0000 0000
0000 0000 0000 0000 0000 0000 0000 0000 0000 0000 0000 0000.
0000 0000 0000 0000 0000 0000 0000 0000 0000 0000 0000 0000
0000 0000 0000 0000 0000 0000 0000 0000 0000 0000 0000 0000.
0000 0000 0000 0000 0000 0000 0000 0000 0000 0000 0000 0000
0000 0000 0000 0000 0000 0000 0000 0000 0000 0000 0000 0000.
0000 0000 0000 0000 0000 0000 0000 0000 0000 0000 0000 0000
0000 0000 0000 0000 0000 0000 0000 0000 0000 0000 0000 0000.
0000 0000 0000 0000 0000 0000 0000 0000 0000 0000 0000 0000
0000 0000 0000 0000 0000 0000 0000 0000 0000 0000 0000 0000.
0000 0000 0000 0000 0000 0000 0000 0000 0000 0000 0000 0000
0000 0000 0000 0000 0000 0000 0000 0000 0000 0000 0000 0000.
0000 0000 0000 0000 0000 0000 0000 0000 0000 0000 0000 0000
0000 0000 0000 0000 0000 0000 0000 0000 0000 0000 0000 0000.
0000 0000 0000 0000 0000 0000 0000 0000 0000 0000 0000 0000
0000 0000 0000 0000 0000 0000 0000 0000 0000 0000 0000 0000.
0000 0000 0000 0011 0010 0004 0000 0000 0000 0007 0044 0024
0003 0000 0000 0000 0000 0000 0000 0000 0000 0019 0000 0000.
0000 0044 0133 0032 0016 0028 0016 0012 0006 0006 0002 0006
0021 0000 0001 0002 0003 0002 0004 0018 0012 0005 0012 0007.
0012 0009 0008 0000 0000 0000 0002 0001 0000 0000 0002 0001
0000 0000 0000 0000 0026 0009 0000 0002 0004 0014 0013 0000.
0002 0000 0000 0000 0000 0000 0000 0000 0000 0001 0000 0000
0000 0000 0000 0000 0000 0000 0000 0000 0000 0000 0000 0000.
0000 0000 0000 0000 0000 0000 0000 0000 0000 0000 0000 0000
0000 0000 0000 0000 0000 0004 0011 0001 0000 0000 0001 0001.
0017 0037 0015 0013 0047 0012 0000 0008 0001 0005 0003 0004
0002 0019 0034 0012 0010 0016 0011 0002 0000 0000 0002 0001.
0003 0000 0000 0000 0019 0009 0007 0000 0017 0014 0018 0017
0030 0004 0001 0000 0000 0000 0000 0000 0000 0000 0000 0000.
0000 0000 0000 0000 0000 0000 0000 0000 0000 0000 0000 0000
0000 0000 0000 0000 0000 0000 0001 0000 0000 0000 0000 0000.
0000 0000 0000 0000 0000 0000 0000 0000 0000 0000 0000 0000
0000 0000 0000 0000 0000 0000 0000 0000 0000 0000 0000 0000.
0000 0000 0000 0000 0000 0000 0000 0000 0000 0000 0000 0000
0000 0000 0000 0000 0000 0000 0000 0000 0000 0000 0000 0000.
0000 0000 0000 0000 0000 0000 0000 0000 0000 0000 0000 0000
0000 0000 0000 0000 0000 0000 0000 0000 0000 0000 0000 0000.
0000 0000 0000 0000 0000 0000 0000 0000 0000 0000 0000 0000
0000 0000 0000 0000 0000 0000 0000 0000 0000 0000 0000 0000.
0000 0000 0000 0000 0000 0000 0000 0000 0000 0000 0000 0000
0000 0000 0000 0000 0000 0000 0000 0000 0000 0000 0000 0000.
0000 0000 0000 0003 0000 0001 0000 0001 0002 0001 0000 0001
0000 0000 0000 0000 0000 0000 0000 0000 0000 0000 0000 0000.
0000 0000 0000 0000 0000 0000 0000 0000 0000 0000 0000 0000
0000 0000 0000 0000 0000 0000 0000 0000 0000 0000 0000 0000.
0000 0000 0000 0000 0000 0000 0000 0000 0000 0000 0000 0000
0000 0000 0000 0000 0000 0000 0000 0000 0000 0000 0000 0000.
0000 0000 0000 0000 0000 0000 0000 0000 0000 0000 0000 0000
0000 0000 0000 0000 0000 0000 0000 0000 0000 0000 0000 0000.
0000 0000 0000 0000 0000 0000 0000 0000 0000 0000 0000 0000
0000 0000 0000 0000 0000 0000 0000 0000 0000 0000 0000 0000.
0000 0000 0000 0000 0000 0000 0000 0000 0000 0000 0000 0000
0000 0006 0005 0003 0000 0003 0009 0008 0014 0007 0011 0003.
0007 0005 0001 0002 0000 0001 0003 0012 0001 0001 0000 0002
0006 0012 0020 0019 0012 0020 0003 0001 0000 0000 0000 0000.
0000 0000 0000 0000 0000 0000 0000 0000 0000 0000 0000 0001
0000 0000 0000 0000 0000 0000 0000 0000 0000 0000 0000 0000.
0000 0000 0000 0000 0000 0000 0000 0000 0000 0000 0000 0000
0000 0000 0000 0000 0000 0000 0000 0000 0000 0000 0000 0000.
0000 0000 0000 0000 0000 0000 0000 0000 0000 0000 0000 0000
0000 0000 0000 0000 0000 0000 0000 0000 0000 0000 0000 0000=
0000 ////////// 00000=
W=
L=
Z=
G=
FN
232019 278008 268013 251016 236017 319011
273018 268009 314032 306029 300056 312035
281033 293057 302053 305056 309087 320070
317068 312052 305036 317040 310030 301023.
304028 311031 312021 042011 317021 102010
033015 114007 287009 251004 006006 105010
274011 184010 151013 134021 159014 100010
172021 171021 169028 153029 171011 233016.
078007 126011 076008 341009 024012 035013
023007 034018 061009 252010 229007 232007
137012 148018 047008 139014 223028 154019
176022 174028 175023 137030 132022 143030.
143025 133032 145013 112013 112012 102010
041009 042007 093011 101010 061008 099012
067015 071012 097022 110024 136025 122026
128037 125045 136025 147030 133029 122021.
112027 099008 047013 077007 050013 329004
065016 073008 355006 053011 104016 092026
108020 118017 168009 102023 101032 123031
101048 106044 109036 111041 084019 117011.
082012 087007 054013 101012 045016 311014
005007 020006 006009 314005 096007 133012
121020 046011 107027 101023 126016 119025
132030 139033 110056 111035 090024 104014.
112023 118019 139014 321019 111012 131008
051010 035018 300007 313010 099009 097024
095015 123020 078019 109029 141030 138036
142024 149031 123035 128032 129036 143045.
138030 136035 151024 093005 117007 081006
104006 118011 325014 110011 034008 119009
141014 140022 ////// ////// 144030 134021
132018 144019 070010 096008 063014 149025.
173010 118012 015005 317020 313017 060005
252014 284009 254012 038007 PPC002 170009
072010 317011 240012 169013 107012 150022
123011 133017 237011 318024 316023 025015.
049021 299006 315014 036014 322006 182009
084007 067004 091046 102025 118021 102023
113025 139020 163014 151010 113013 282004
170009 177012 121014 136013 136012 150011.
230009 209007 274003 229011 227009 234008
234009 PPC000 326004 PPC000 227016 262011
143011 231017 219006 247008 240012 186011
230012 PPC002 095007 104005 106003 PPC000.
327006 311007 293006 262012 304009 258010
274008 321020 257010 036004 098003 140006
019018 158012 151017 112021 132014 170015
133020 166011 125027 107021 107020 106027.
090014 104012 060007 044026 037017 009008
059007 110016 142008 055009 110015 118012
107030 111020 125018 112023 098016 104004
135015 045008 046012 049016 047012 041030.
129009 147011 100024 066010 057009 108028
064017 049013 096013 079009 082015 091017
269016 036026 095016 107021 100019 096031
088025 115025 106016 106015 111017 138010.
151003 129007 096011 129006 250012 077007
303008 294011 014005 312005 236008 239012
253022 230017 167010 287010 108011 128012
127009 108009 134008 120010 PPC002 110005.
162011 314008 291008 331004 322010 038004
242006 310013 058003 120005 167009 PPC000
234008 180015 296014 154013 134020 121010
359009 264019 287015 308019 315059 323059.
317073 317046 300035 320047 319045 318027
318029 315023 179007 307005 070007 250015
215011 162012 119012 216020 234013 263022
143013 238021 107008 024011 297013 310017.
302024 305014 320011 308016 PPC000 262012
318008 244011 326018 308024 316046 315052
321056 320052 315048 317066 315052 321041
319033 315046 316034 269024 274016 308014.
318020 129007 203008 307007 099012 048017
049008 067005 201004 049008 203004 113006
050012 069010 253017 149014 263019 163012
138010 241012 265008 180004 247007 177014.
160006 PPC000 PPC000 034010 308006 318017
PPC002 160010 PPC000 219008 PPC002 100010
137012 231011 134015 114026 115028 137024
143036 141032 137028 149036 178014 170018.
139016 127013 143017 155013 316016 300005
013006 308005 220007 125012 112009 125008
138014 257013 161009 156015 169016 171007
135018 097021 107022 097014 047009 097017.
023012 324014 015009 323023 270015 222011
261018 269013 253023 306033 312042 305057
323035 323037 323034 319026 292016 289009
256022 239017 238014 233021 235020 237025.
263019 266014 PPC000 105009 098015 PPC000
313010 308009 247010 233006 107009 160014
138011 144013 179020 200011 142017 193011
192008 127023 170019 155018 192010 246012.
264014 235013 285010 095008 355009 303018
304013 237009 067003 194006 166008 276006
112011 088010 114014 121019 139020 130021
143016 172017 140013 140011 183008 199010.
252003 144010 143011 115011 092008 138014
198007 139013 161014 250010 151014 143014
107026 112031 107036 122024 105038 095042
110060 110045 103040 108049 110035 115036.
100030 110026 103019 113026 099023 100023
112018 124015 107009 099008 113020 097021
128031 126013 125021 118021 150029 134024
104024 106041 115029 153035 137011 181018.
161015 146017 143013 106014 117011 105023
112021 111021 113023 106032 104044 105035
107032 106030 122022 135021 114019 110027
101017 119006 PPC002 075008 046016 044014.
024015 037015 310010 283011 306013 303020
311014 321023 001006 313008 035017 041016
132003 049009 303007 319009 087008 044006
120011 143013 262008 241008 259017 322018.
325007 102007 293007 313009 301005 127010
PPC001 264011 242010 133005 035008 242008
177016 134007 244017 118005 112007 243012
263023 319028 315029 310045 305037 307035.
312041 312019 313051 317027 322031 326016
312027 032007 107006 329011 118006 127010
134011 110016 052022 038027 006020 321033
317040 314028 304045 307035 254022 294015.
316019 309023 321024 324022 313023 320009
317024 322022 308010 324022 PPC001 253009
236011 172013 256015 199020 277039 293014
298029 242044 256028 257019 272021 272026=
237015 279008 265012 252015 239018 315011
286020 280013 309032 305031 300034 307025
285031 293044 304056 310060 314079 321070
317055 312050 313044 314039 313031 305024.
305027 311025 312036 013015 316020 093011
027012 098005 295009 PPC002 011006 097010
259012 173015 148013 144015 161015 187018
208029 181023 176020 163023 174014 237013.
117008 123010 086009 010008 017010 006009
332009 038016 055010 255008 225004 232006
106009 151016 020010 120016 173020 178021
205028 175016 165017 134029 135020 146026.
142024 136026 135007 110011 112016 110013
057007 002005 093007 108010 075009 092012
094015 110014 101020 117024 138024 130030
124036 114043 134030 142030 132030 124024.
110026 110013 078010 076006 039010 324006
061021 074008 013009 061007 101013 112016
111026 099020 119018 093021 108026 131027
102050 107038 103032 105032 091020 105018.
093016 091007 058012 092009 042019 310012
014012 026005 012010 339006 100008 122013
128019 058015 104027 107019 097025 109027
127029 131031 110038 106031 099029 100016.
112018 122020 133016 324016 092009 115009
047009 035017 315008 326010 085008 099017
102017 099016 100018 117027 146022 153025
129032 130030 125035 131027 135032 138040.
143029 139031 146026 100007 118010 076004
100007 096012 314011 101010 081010 075009
124018 132024 ////// ////// 143031 125025
133018 130021 065012 109011 082011 146022.
173008 124012 066004 321017 309016 073004
253013 292009 253011 003006 PPC000 179007
052008 310011 262009 151015 124017 142022
114013 135015 237011 318021 315016 031016.
057014 026012 318015 046009 342007 186004
088005 096004 097049 103037 113018 104021
112024 136018 154012 144010 126011 342004
195010 189008 118012 137013 139013 178008.
223006 187007 PPC002 231012 210010 240008
245008 278003 292003 PPC001 225015 227009
104007 230015 218007 239009 236010 172010
199006 095005 092005 108004 PPC002 PPC001.
000004 291008 300006 263011 308009 270011
256008 316020 263011 353004 115006 107007
029014 150010 190012 107019 130021 200019
140015 172012 122019 114023 099018 106025.
091016 095008 054011 043021 039018 010008
076008 114012 074007 061008 099012 127011
110030 104021 108021 111023 099012 101005
138015 084015 058006 048014 061010 049019.
132009 135015 109028 053016 091012 103020
055017 053012 089014 095009 079012 102013
276013 048016 092017 105024 099021 096026
098021 116021 117017 109015 119019 118011.
134008 113009 093005 189011 255008 103005
305009 302010 321007 298006 235004 241011
253020 238017 184005 000007 107011 104010
131010 108008 122008 138005 216003 091004.
168009 313009 240006 PPC002 321011 PPC002
226004 306012 352004 053006 150008 265005
243007 167010 220013 133011 105018 129013
359016 291024 293017 310027 317053 317045.
317059 317047 303033 319044 320038 315023
320032 312021 192007 311004 137004 248011
230015 160014 106016 186018 204016 256022
178019 231012 093010 029010 290007 310018.
302018 306015 319009 314014 289010 263012
318010 252012 321024 310027 315046 317050
322056 319048 315052 317050 314044 318042
316039 316036 316027 269028 267022 299011.
314019 144005 196007 291008 090008 056010
072005 039007 195007 067007 167005 130004
051010 085012 235013 186011 262020 159010
113013 228013 267008 173007 230005 167013.
198010 PPC000 PPC001 042010 320006 315018
075007 165005 143003 215009 152007 110007
130013 197011 141016 128024 117023 137026
140026 138025 144023 153025 169015 168017.
188018 129013 143016 124007 314015 341005
341007 003007 171009 117012 114009 069009
104011 243014 202008 172013 166016 176010
128020 102022 107019 101010 063006 102015.
029007 324010 312009 320019 266013 248012
251019 263011 251021 307029 311042 307051
319031 321038 316040 316023 317014 282011
263012 236015 215012 240019 240019 249022.
261018 268015 196005 105005 100014 050004
312009 307007 243007 238003 127008 160009
129009 153013 235014 229015 201016 237013
277015 137020 173024 172016 175012 246012.
259013 255013 284009 096009 358008 300015
306014 242006 PPC002 165005 182006 247006
115020 113011 125007 141014 135021 143018
169013 172014 134011 135012 159010 219008.
240006 138011 133012 114009 097010 128012
202008 143013 162012 216011 166013 134015
109022 106022 109039 101021 112026 103040
103063 108047 105043 109042 111037 114035.
102034 107027 104022 109027 106020 104022
120016 118014 099005 107007 113020 100022
122022 130019 120025 103022 143027 131025
112029 111032 108030 140027 163016 183013.
165015 140013 141013 111012 110011 104023
108026 111021 115029 109033 108036 105027
104028 106025 121023 138024 120019 116030
106017 120007 075004 071007 046017 061007.
036016 048009 328008 290012 309014 309020
308014 319015 003012 324013 039010 041016
127007 070008 305007 306009 044008 065009
113012 143011 263010 233008 257017 320017.
282004 096005 287006 302008 297007 154004
344004 274011 257006 098005 074006 248011
175016 140009 209012 151008 139007 234011
269020 319031 312025 311042 305036 301034.
311046 315030 315048 318030 319029 324019
312024 038009 079005 324014 099007 125011
144010 110016 022019 019023 340025 319037
315043 307032 313043 310037 264018 293017.
305016 307023 318026 322022 307018 336011
321023 319024 307009 323021 PPC002 245009
231011 168012 216014 195013 266028 292019
282032 255030 261027 261021 274018 270025=
086316 1251 125326 1253
048321 2254 076307 2250
037256 1222 065217 1416
044118 1601 071121 1517
050107 1455 073104 1452
047109 1708 079115 1703
041135 1954 063143 1203
040141 2002 061121 2130
025320 1846 039174 1410
052108 0542 073127 0522
016227 0701 020231 0654
032113 1739 052110 1741
034107 1026 054115 0941
035107 1250 055090 1249
021254 0902 029250 0827
069316 1933 090321 1929
090319 2129 111326 2129
066320 1036 095318 0922
023312 2024 029256 1253
032137 1441 052155 1759
025233 2051 046231 2051
054313 0749 089357 0900
026161 1655 048180 1305
025140 1243 044124 1237
063099 1458 096104 1454
040107 2015 061118 1711
038111 0651 061112 0728
021317 0022 033037 0746
048299 1821 072309 1800
055315 2243 080309 2127
041265 1621 058281 1619=
D=
K=
A=
S=
B=
??????
******
YF
O2200
河南省
豫新安北冶
新安县北冶乡政府院内
丘陵；乡村；地面
杨仕贤
胡容
胡容
胡容
王国安
胡容
20090614=
JY
8888=
GK
01/本月平均温度20.3℃，降水量125.2毫米。
02/本月主要降水过程出现在9-16日、22日、27-29日。
05/=
BZ
BB/08/11时至12时定时数据缺测。
00/345300/1120600
10/345300/1120600
10/24/24小时连续观测
11/不守班=
######
