O2206 3449N 11233E 001960 001960 105 000 S15 91999999919999199999 0 2011 12
P=
TB
0024 0024 0022 0020 0013 0010 0006 0009 0011 0012 0014 0016
0024 0036 0049 0055 0066 0060 0060 0062 0049 0031 0028 0023 0068 1247 0004 0307.
0016 0008 0003 0011 0010 0000 -005 0000 -004 -013 -014 -014
-001 0016 0027 0045 0077 0099 0090 0086 0050 0042 0025 0018 0100 1401 -016 0723.
0016 0009 0013 0015 0016 0015 0014 0013 0013 0013 0014 0015
0022 0033 0039 0041 0038 0039 0036 0035 0030 0026 0026 0028 0042 1209 0008 2153.
0029 0028 0026 0024 0022 0021 0021 0019 0018 0018 0018 0018
0019 0022 0023 0027 0027 0033 0039 0039 0036 0034 0035 0035 0040 1513 0017 0722.
0035 0036 0036 0033 0032 0032 0031 0028 0025 0023 0022 0021
0020 0021 0023 0024 0025 0027 0031 0029 0028 0025 0025 0024 0036 2025 0019 0825.
0023 0022 0022 0022 0023 0022 0024 0021 0024 0025 0022 0020
0024 0030 0044 0053 0052 0050 0048 0045 0041 0038 0037 0037 0055 1214 0019 0734.
0038 0038 0038 0038 0038 0037 0035 0035 0033 0031 0027 0032
0048 0059 0092 0112 0119 0122 0116 0103 0085 0075 0066 0043 0123 1310 0026 0707.
0041 0031 0015 0008 0000 -013 -017 -022 -025 -025 -026 -026
0028 0066 0074 0079 0081 0089 0082 0079 0042 0015 0015 0004 0091 1333 -039 0718.
-004 -010 -013 -016 -026 -032 -032 -036 -052 -055 -052 -050
-020 0017 0024 0033 0039 0044 0049 0054 0021 -004 -015 -014 0061 1542 -056 0612.
-024 -004 -002 0002 -001 0000 0000 0001 -002 0001 -003 -002
0015 0026 0032 0040 0051 0054 0058 0048 0034 0020 0005 -009 0059 1501 -028 2040.
-013 -019 -023 -034 -038 -044 -042 -043 -041 -049 -048 -045
0018 0040 0068 0081 0096 0093 0082 0079 0054 0041 0036 0023 0097 1301 -054 0645.
0021 -002 0006 0000 -010 -009 -018 -025 -028 -026 -033 -027
0030 0061 0089 0104 0113 0119 0109 0092 0069 0019 0023 0038 0124 1334 -033 0651.
0037 0026 0023 0025 0022 -003 -015 -024 -023 -030 -030 -032
-003 0040 0073 0087 0097 0100 0101 0092 0064 0013 0008 0007 0104 1437 -033 0746.
0014 0010 0008 0014 0015 0018 0003 -013 -010 -016 -015 -025
0014 0074 0092 0103 0101 0103 0098 0056 0041 0026 0020 0013 0112 1425 -026 0719.
0007 0005 0002 -004 -010 -018 -017 -015 -018 -027 -030 -040
-003 0014 0022 0033 0044 0056 0054 0051 0026 -019 -023 -029 0065 1422 -047 0744.
-044 -035 -039 -049 -061 -054 -066 -071 -076 -066 -077 -073
-017 0011 0023 0027 0032 0046 0044 0041 0016 -001 -015 -017 0047 1354 -078 0705.
-029 -029 -035 -042 -040 -060 -067 -063 -059 -058 -057 -049
-019 -001 0032 0036 0038 0053 0057 0046 0028 0010 0010 0000 0061 1530 -070 0223.
-005 -013 -007 -008 -010 -015 -019 -012 -013 -011 -028 -037
-014 0011 0023 0036 0046 0053 0051 0046 0028 0003 0009 -006 0055 1433 -038 0742.
-024 -035 -040 -041 -046 -043 -045 -045 -047 -052 -056 -055
-028 -002 0020 0045 0041 0044 0041 0035 0024 0013 -011 -009 0048 1215 -065 0721.
0000 0001 0001 -001 0000 -004 -014 -033 -035 -041 -036 -026
-014 0008 0027 0040 0048 0054 0049 0039 0018 0004 -003 -005 0057 1409 -042 0539.
-007 -020 -020 -024 -020 -017 -019 -008 -013 -015 -012 -011
0000 0014 0034 0059 0074 0082 0081 0073 0062 0033 0015 -008 0083 1349 -024 2338.
-009 -004 -006 0011 -014 0009 0009 0005 0000 -015 -025 -029
-010 0007 0045 0069 0073 0075 0076 0070 0039 -009 -021 -034 0081 1456 -035 1957.
-032 -036 -041 -049 -042 -040 -044 -037 -036 -030 -032 -040
0001 0050 0062 0066 0073 0081 0083 0073 0060 0052 0045 0032 0083 1447 -054 0015.
0030 0016 -022 -012 -036 -043 -045 -028 -042 -030 -045 -052
-001 0056 0070 0086 0082 0090 0093 0086 0055 0022 -012 -014 0096 1527 -061 0739.
-020 -022 -023 -042 -042 -046 -046 -035 -049 -027 -038 -042
0007 0050 0077 0086 0098 0093 0103 0096 0063 0003 -024 -035 0108 1448 -052 0453.
-014 0011 -006 -002 -008 -024 -030 -049 -057 -040 -010 -006
0003 0016 0031 0045 0051 0062 0058 0048 0043 0029 0029 0023 0064 1410 -059 0516.
0016 0009 0000 -008 -015 -025 -036 -045 -046 -046 -057 -058
-021 0008 0026 0037 0036 0049 0054 0051 0031 -013 -022 -029 0055 1501 -065 0740.
-031 -027 -031 -039 -032 -019 -022 -033 -026 -028 -029 -026
-013 0019 0051 0082 0093 0099 0096 0082 0056 0035 0023 0019 0107 1331 -044 2335.
0018 0012 0007 0007 -001 -014 -010 -018 -034 -034 -018 -016
-014 0002 0016 0029 0033 0036 0034 0031 0028 0026 0022 0012 0036 1341 -037 0520.
0006 0004 0000 -002 -005 -005 -007 -007 -007 -008 -008 -008
-005 -001 0002 0005 0010 0016 0017 0015 0008 -005 -009 -001 0019 1521 -012 1839.
-009 -005 -013 -025 -025 -023 -026 -023 -034 -041 -036 -030
-018 0010 0045 0066 0084 0095 0097 0088 0061 0030 0015 0007 0101 1443 -044 0541=
I=
E=
U=
N=
H=
C=
V=
R6
0000 0006 0006
0154 0000 0154
0000 0000 0000
0000 0388 0388
0655 //// 0655
0000 0000 0000
0000 0000 0000
1511 0037 1548
0000 0000 0000
0000 0000 0000
0000 0000 0000
0000 0000 0000
0000 0000 0000
0000 0000 0000
0000 0000 0000
0000 0000 0000
0000 0000 0000
0000 0000 0000
0000 0000 0000
0000 0000 0000
0000 0000 0000
0000 0000 0000
0000 0000 0000
0000 0000 0000
0000 0000 0000
0000 0000 0000
0000 0000 0000
0000 0000 0000
0000 0000 0000
0000 0000 0000
0000 2039 2039=
0000 0000 0000 0000 0000 0000 0000 0000 0000 0000 0000 0000
0000 0000 0000 0000 0000 0000 0000 0003 0000 0003 0000 0000.
0000 0000 0148 0000 0000 0000 0000 0006 //// 0000 0000 0000
0000 0000 0000 0000 0000 0000 0000 0000 0000 0000 0000 0000.
0000 0000 0000 0000 0000 0000 0000 0000 0000 0000 0000 0000
0000 0000 0000 0000 0000 0000 0000 0000 0000 0000 0000 0000.
0000 0000 0000 0000 0000 0000 0000 0000 0000 0000 0000 0000
0000 0000 0000 0000 0000 0000 0000 0000 0184 0204 0000 0000.
0000 0000 0000 0000 0000 0000 0052 0000 0003 0576 0001 0023
0000 0000 0000 0000 0000 0000 0000 0000 0000 //// 0000 0000.
0000 0000 0000 0000 0000 0000 0000 0000 0000 0000 0000 0000
0000 0000 0000 0000 0000 0000 0000 0000 0000 0000 0000 0000.
0000 0000 0000 0000 0000 0000 0000 0000 0000 0000 0000 0000
0000 0000 0000 0000 0000 0000 0000 0000 0000 0000 0000 0000.
0000 0000 0000 0924 //// 0431 //// //// //// //// 0003 0153
//// 0000 0000 0000 0000 0000 0037 0000 0000 0000 0000 0000.
0000 0000 0000 0000 0000 0000 0000 0000 0000 0000 0000 0000
0000 0000 0000 0000 0000 0000 0000 0000 0000 0000 0000 0000.
0000 0000 0000 0000 0000 0000 0000 0000 0000 0000 0000 0000
0000 0000 0000 0000 0000 0000 0000 0000 0000 0000 0000 0000.
0000 0000 0000 0000 0000 0000 0000 0000 0000 0000 0000 0000
0000 0000 0000 0000 0000 0000 0000 0000 0000 0000 0000 0000.
0000 0000 0000 0000 0000 0000 0000 0000 0000 0000 0000 0000
0000 0000 0000 0000 0000 0000 0000 0000 0000 0000 0000 0000.
0000 0000 0000 0000 0000 0000 0000 0000 0000 0000 0000 0000
0000 0000 0000 0000 0000 0000 0000 0000 0000 0000 0000 0000.
0000 0000 0000 0000 0000 0000 0000 0000 0000 0000 0000 0000
0000 0000 0000 0000 0000 0000 0000 0000 0000 0000 0000 0000.
0000 0000 0000 0000 0000 0000 0000 0000 0000 0000 0000 0000
0000 0000 0000 0000 0000 0000 0000 0000 0000 0000 0000 0000.
0000 0000 0000 0000 0000 0000 0000 0000 0000 0000 0000 0000
0000 0000 0000 0000 0000 0000 0000 0000 0000 0000 0000 0000.
0000 0000 0000 0000 0000 0000 0000 0000 0000 0000 0000 0000
0000 0000 0000 0000 0000 0000 0000 0000 0000 0000 0000 0000.
0000 0000 0000 0000 0000 0000 0000 0000 0000 0000 0000 0000
0000 0000 0000 0000 0000 0000 0000 0000 0000 0000 0000 0000.
0000 0000 0000 0000 0000 0000 0000 0000 0000 0000 0000 0000
0000 0000 0000 0000 0000 0000 0000 0000 0000 0000 0000 0000.
0000 0000 0000 0000 0000 0000 0000 0000 0000 0000 0000 0000
0000 0000 0000 0000 0000 0000 0000 0000 0000 0000 0000 0000.
0000 0000 0000 0000 0000 0000 0000 0000 0000 0000 0000 0000
0000 0000 0000 0000 0000 0000 0000 0000 0000 0000 0000 0000.
0000 0000 0000 0000 0000 0000 0000 0000 0000 0000 0000 0000
0000 0000 0000 0000 0000 0000 0000 0000 0000 0000 0000 0000.
0000 0000 0000 0000 0000 0000 0000 0000 0000 0000 0000 0000
0000 0000 0000 0000 0000 0000 0000 0000 0000 0000 0000 0000.
0000 0000 0000 0000 0000 0000 0000 0000 0000 0000 0000 0000
0000 0000 0000 0000 0000 0000 0000 0000 0000 0000 0000 0000.
0000 0000 0000 0000 0000 0000 0000 0000 0000 0000 0000 0000
0000 0000 0000 0000 0000 0000 0000 0000 0000 0000 0000 0000.
0000 0000 0000 0000 0000 0000 0000 0000 0000 0000 0000 0000
0000 0000 0000 0000 0000 0000 0000 0000 0000 0000 0000 0000.
0000 0000 0000 0000 0000 0000 0000 0000 0000 0000 0000 0000
0000 0000 0000 0000 0000 0000 0000 0000 0000 0000 0000 0000.
0000 0000 0000 0000 0000 0000 0000 0000 0000 0000 0000 0000
0000 0000 0000 0000 0000 0000 0000 0000 0000 0000 0000 0000.
0000 0000 0000 0000 0000 0000 0000 0000 0000 0000 0000 0000
0000 0000 0000 0000 0000 0000 0000 0000 0000 0000 0000 0000.
0000 0000 0000 0000 0000 0000 0000 0000 0000 0000 0000 0000
0000 0000 0000 0000 0000 0000 0000 0000 0000 0000 0000 0000.
0000 0000 0000 0000 0000 0000 0000 0000 0000 0000 0000 0000
0000 0000 0308 0040 0003 0031 0000 0000 0000 0683 0511 0463=
0000 ////////// 00000=
W=
L=
Z=
G=
FN
348003 050006 050006 097009 092010 050010
064005 061005 006005 255009 320010 196008
271009 198009 167013 158007 210008 220017
135014 170009 181009 195006 184007 319006.
287011 215005 264013 246020 251013 240014
249012 258016 021011 208005 296011 275013
095013 227012 240011 193016 200015 205016
132021 108020 064022 084028 064026 047017.
023016 013016 046018 065009 090007 286003
181008 193008 197010 172008 198016 183021
197019 198010 088013 085018 125018 152017
057013 090014 072017 339007 038008 057016.
065020 069015 090015 073013 052015 069014
053012 081013 061011 043014 065011 070011
052018 077016 057012 063012 048017 029016
060020 109016 086011 067016 052012 086015.
059014 061022 050012 068026 087013 060019
084016 080027 057030 053016 085022 079016
062014 078019 045014 048015 074020 077012
078017 086008 078013 086011 073012 082018.
072010 077014 042013 051003 260008 177008
262011 216008 236008 239014 197011 229012
232012 197012 229007 205012 046005 086013
086012 071013 049011 058008 079006 PPC002.
287006 219013 244013 229018 235014 230011
226014 200012 221015 200012 252016 212011
222010 238010 259021 329031 305029 299035
297048 299047 302030 308022 318014 234005.
078013 PPC002 253008 335014 327016 325003
303008 290015 316008 282010 286014 298008
311011 217008 143012 234013 246016 242020
223017 174008 178009 222017 075033 061029.
037017 005014 010014 026012 052006 000009
032010 013005 338007 306008 289009 255008
291011 260010 210022 219020 138011 140016
153025 184015 179010 244013 289033 334014.
285025 298037 273021 288061 276045 304031
336012 289071 282057 301064 288082 293078
298065 293070 295091 307072 288078 304086
298063 293079 295061 274050 256034 286029.
217022 225017 241016 257017 266016 279012
255014 291015 291016 267012 214012 256013
230023 242031 253031 255030 246025 273029
244029 246032 238028 247021 245027 252039.
250024 260016 239018 232015 245011 237020
239017 280016 272012 262012 275009 259012
248011 226018 194017 181011 090011 108015
052011 095014 082013 062009 054012 047015.
019011 030010 321004 359012 352007 135008
027010 310009 293015 259009 225006 296007
241014 224006 252012 267028 208013 207023
227018 196011 112004 283012 269012 288017.
PPC002 238018 223017 235016 268011 255012
246013 133004 290011 239013 288011 271013
263010 144010 135018 119016 157016 133023
138015 085043 067035 030027 043030 044031.
008010 021016 038016 023018 037014 056011
052013 025014 055015 347006 049014 004003
023011 358008 068017 305006 243015 209007
102011 157010 155008 309014 273013 159005.
035013 033012 303005 017006 005005 032009
306013 342009 027006 296011 284018 281011
145007 105013 356009 078016 084018 095021
029010 097009 058010 077019 090008 060026.
012013 025011 356007 356009 029010 321008
288013 271009 282009 255011 244009 276008
227009 195015 196013 219021 197030 189020
215013 282016 303006 186016 186012 278012.
267008 288010 241012 253012 051004 285007
273008 PPC002 090004 059003 291012 315007
007006 083015 061016 077022 089018 098017
077020 106019 066014 049010 045016 036007.
357006 314011 322005 031006 007005 305007
241008 205011 289016 277008 PPC001 248009
236011 253009 224008 020004 068023 077032
080032 080010 053016 013007 PPC001 036016.
012013 355008 009010 003010 020009 052009
011009 PPC001 PPC000 283010 264012 290008
232009 PPC001 168006 200016 166015 187012
087022 094015 068022 011009 343005 002012.
002014 255007 264010 227009 242015 337009
240008 221019 230022 243019 229020 200014
273015 224012 226014 233014 250027 308028
301050 300041 303033 307030 289022 299028.
325016 243011 310011 332020 320027 345020
325028 334012 339022 344008 279008 267010
163005 193009 290019 188024 193024 183013
178015 162019 158004 240014 249011 295029.
276014 246011 277016 276004 277010 247012
257011 270018 291012 207020 281011 245018
249019 296073 282080 306063 303070 302060
297077 297087 302057 300063 292077 279059.
274063 272052 273037 283035 226011 283013
221009 215017 196014 203007 PPC002 235010
286008 186011 283039 261050 288042 248046
256041 255038 258022 291029 222016 274020.
219011 238010 167006 184008 273012 260012
247010 214012 227014 242036 275016 289009
177007 198010 175005 110012 140009 165021
162014 141018 168008 301007 273008 345008.
358009 339012 020013 347008 343007 003011
029008 034010 336008 329007 021018 018009
027018 033023 068014 076016 083030 098026
084022 071036 073036 058024 060022 028015.
035017 038013 017015 355015 014006 035004
346006 008004 PPC000 PPC000 023008 292008
298006 045009 072006 063012 075013 105010
110006 077008 024006 233010 270014 263012.
261013 270013 307008 274012 240008 219023
244014 197019 199010 244014 235027 226022
246024 191014 222018 272016 213009 184022
169016 165013 066011 080017 062017 044020.
022024 053006 006012 033012 045010 030009
031012 329004 298005 014008 021011 010010
339006 033007 020014 060021 066022 085021
071016 081031 061016 067027 061029 068033.
061023 033024 055025 066022 069018 067022
064017 046022 055015 072014 062008 037007
020004 062015 034010 015016 051012 085009
280009 281008 248006 210009 217016 234017.
241019 250017 271021 231017 256021 242014
239013 233017 253009 274013 258007 206008
255010 243018 198018 182019 211022 188023
145018 155009 201016 080027 046018 034023=
009005 055006 065006 081009 079011 053009
064005 061006 012006 269010 327009 189006
276010 198009 177013 194008 175009 210015
157015 181011 170008 193006 195007 336005.
288010 219006 265013 247020 247015 241014
250012 257017 358009 208005 285012 266012
095010 215012 230013 182015 200017 188017
133020 107018 067025 078033 067025 051017.
024017 013015 044017 072010 102008 250004
193009 190007 198011 183010 202015 179020
196019 206011 117011 086018 117016 136018
058012 091017 068017 349007 038014 051015.
062018 074017 081015 074012 046015 069014
057013 085012 059012 042015 071011 064012
050018 074014 065013 066011 046015 025016
055018 105016 086012 069014 053013 075016.
063013 062019 051013 068024 088014 063019
083018 080025 061029 054017 079018 075018
062015 078018 049015 048015 070019 070014
081016 092009 081013 091009 081011 085017.
079011 082015 051014 074004 257008 177009
259010 216009 233010 236013 183012 225011
228012 207014 234009 206011 061006 099013
086010 076014 051010 058009 089005 176003.
278006 218012 244014 226018 230016 235012
223012 209012 229014 205012 249015 218010
213010 245011 259021 326034 304030 304031
300044 302047 303029 312021 317014 247005.
071014 344003 259007 332014 329014 347003
314010 299013 320008 279011 279014 296008
304010 121007 114009 218012 201015 227018
215016 178009 177010 228016 074034 063032.
039022 353014 019014 030013 037006 006008
024009 008006 333008 306008 283009 253009
299011 210009 207017 206019 145014 140016
152020 193015 179012 239014 287030 331016.
284025 298037 276023 289056 277045 304032
342016 290072 283060 300067 290076 293075
298069 296074 298085 304078 290080 302088
295069 292074 294062 275048 260034 284027.
219022 230016 236018 257016 271015 270012
252013 285015 291015 264012 220012 251013
233021 244030 256031 253030 251025 264030
244028 247032 241029 246021 246026 253040.
251026 261017 239020 231016 246012 240020
239017 283017 274013 257010 286009 261013
242011 227018 203015 187012 125011 093014
051012 096016 085012 062009 056012 047014.
019011 028009 349005 004011 356007 134009
017009 318008 290014 257010 226008 293007
234014 216007 244010 274022 202015 208023
215020 195014 PPC002 284011 269013 287016.
214006 237021 223014 226015 266013 258012
247011 168004 286012 245012 279012 269012
262012 155009 145018 124014 148015 141021
139015 084045 066035 030023 037028 042031.
017011 032017 036016 026020 033012 040009
046013 036014 059016 347006 048014 251004
011011 008009 072017 006009 249012 239010
111012 158010 159009 299014 274012 153006.
040010 039011 311006 015006 355006 032009
311011 350008 007007 288010 291015 288010
195005 107013 047010 074018 080019 093017
051011 101010 065011 081021 079010 057024.
023012 024011 360008 357009 023011 325008
288013 260008 278009 256012 242009 270008
236007 194014 209015 221018 205028 201020
225014 281017 296006 187012 197012 262010.
258008 290010 244012 250012 055003 295007
275009 221004 083005 044006 290011 315008
007007 071017 069018 084021 081018 083017
080022 097019 068015 037009 051015 020008.
000005 317009 324005 017006 033006 301009
247009 212011 286016 274007 PPC001 261010
233011 250011 217009 033004 062023 081029
078031 082014 055015 021009 039003 037014.
015011 007010 009010 359010 022008 064008
360008 PPC002 PPC001 281010 268012 287008
223009 PPC001 143007 188014 174018 203011
085019 095016 071020 020009 350007 360011.
009012 264007 261009 233010 232014 346009
243009 213019 233021 242021 231018 203013
280015 219012 229013 229016 249027 309034
301051 300038 305037 305029 289024 299026.
328014 249010 308011 326024 321023 345018
329026 333017 338020 335009 267010 268010
185005 189008 294020 186022 190022 180017
178016 169019 158005 240014 256012 299025.
274014 254011 277015 275005 270011 242012
244011 272017 279012 207018 281011 243017
253017 295065 289074 304068 300077 303066
302064 298091 300064 298067 293072 280060.
275063 272052 274037 283032 229012 275013
236009 212019 190014 222007 283005 259011
282008 184014 284038 261045 286046 256056
254043 254038 262024 288028 221015 272020.
229011 246012 193007 186008 264011 259011
228011 234012 220014 240034 279015 283010
209009 203011 159006 103014 141011 150016
155015 140017 174008 301007 276009 354008.
021008 354013 012012 007007 008008 014012
032007 028009 327008 340007 013016 023008
024016 031018 067014 071019 081030 088028
084025 066035 072036 058024 059025 038016.
034016 027014 016014 352014 013007 028006
347006 353005 PPC001 PPC002 010007 301006
290006 055008 005006 059013 074012 108012
122008 088008 030006 230010 271013 266013.
258013 273013 290009 265011 227008 223020
241015 198016 212013 242016 232025 226021
248021 194012 226020 271015 222014 179020
188016 173014 069010 081016 057018 044021.
026025 058006 014012 032013 038010 028009
027011 337004 291006 002007 030009 017009
354007 043009 024015 057024 057019 071021
071019 077029 063017 068027 061027 072028.
063024 039026 048027 066022 059018 063023
060019 045021 055014 070013 051006 010007
047006 064015 045011 022015 050011 083009
329007 279009 251006 208009 216016 231017.
244018 248018 267021 230016 262022 241016
240014 234017 262008 265013 260007 208008
254010 244018 202017 183019 201021 184021
158017 156010 201015 082028 048017 033023=
019193 1449 030188 1448
039066 1755 066071 1736
027091 1154 041036 2016
025079 2143 039077 2147
029063 0459 054069 0334
022203 0943 034233 1025
054293 1450 079284 1541
042074 1931 073090 1908
032061 2001 049070 2001
104291 1247 140289 1109
041254 1941 061244 1535
042252 2008 065263 2007
030217 1342 053248 1405
051077 1645 093061 1633
033044 2003 054039 2017
030079 1824 049081 1819
030214 1313 055215 1258
028079 1457 048070 1447
033081 1423 053080 1420
027102 1640 041095 1640
057299 1457 085293 1455
030297 2008 047183 1255
100299 1546 140284 1517
080290 1344 120282 1344
037240 0605 057229 0604
039066 1553 064070 1648
019059 1223 032346 2235
029079 1737 048068 1733
034081 1953 067089 1953
037069 2006 066055 2208
033083 1802 063069 1753=
D=
K=
A=
S=
B=
??????
******
YF
O2206
河南省
豫孟津送庄
孟津县送庄镇梁凹村福温凝聚力小学
平原；城镇；地面
空缺
计算机
计算机
计算机
计算机
计算机
20120208=
JY
8888=
GK
01/
05/=
BZ
00/344849/1123315
10/24/逐时观测
10/24/24时连续观测
11/不守班=
######
