O2210 3436N 11242E 001570 001570 105 000 S15 91999999919999199999 0 2011 05
P=
TB
0164 0143 0137 0124 0141 0142 0117 0112 0120 0116 0142 0191
0179 0198 0192 0177 0171 0143 0131 0132 0130 0127 0125 0127 0199 1009 0104 0411.
0131 0132 0134 0129 0130 0127 0129 0129 0131 0127 0129 0129
0138 0152 0152 0159 0166 0166 0170 0181 0185 0178 0149 0138 0193 1654 0123 0538.
0132 0125 0137 0139 0131 0110 0092 0084 0078 0079 0107 0141
0179 0192 0216 0239 0247 0266 0258 0250 0233 0220 0201 0202 0273 1402 0071 0410.
0201 0196 0188 0187 0157 0166 0143 0140 0122 0110 0131 0160
0195 0218 0249 0248 0257 0262 0268 0260 0247 0233 0220 0222 0276 1409 0108 0559.
0218 0211 0213 0205 0167 0148 0138 0128 0124 0129 0157 0190
0217 0242 0238 0260 0271 0279 0288 0291 0292 0264 0240 0226 0302 1527 0118 0524.
0208 0182 0169 0172 0167 0172 0168 0160 0147 0159 0191 0202
0227 0255 0262 0265 0275 0279 0284 0284 0269 0263 0230 0217 0287 1453 0141 0455.
0205 0197 0181 0165 0167 0161 0160 0160 0156 0154 0180 0206
0233 0243 0267 0263 0267 0270 0262 0258 0250 0243 0233 0225 0294 1331 0154 0600.
0221 0215 0215 0174 0179 0182 0187 0179 0176 0179 0190 0204
0218 0223 0233 0225 0234 0243 0241 0229 0215 0200 0187 0177 0254 1424 0174 0000.
0160 0178 0177 0175 0167 0160 0157 0156 0155 0155 0157 0163
0165 0168 0173 0180 0174 0164 0162 0164 0162 0164 0161 0155 0182 1148 0154 0556.
0155 0155 0159 0173 0142 0140 0140 0138 0137 0138 0140 0138
0139 0137 0140 0147 0144 0155 0164 0177 0184 0172 0166 0152 0187 1653 0135 0950.
0142 0131 0124 0123 0117 0114 0125 0110 0108 0109 0152 0180
0211 0233 0256 0269 0282 0285 0278 0274 0257 0241 0224 0209 0298 1431 0106 0542.
0207 0198 0187 0174 0157 0156 0141 0142 0129 0125 0153 0202
0223 0241 0249 0251 0252 0256 0257 0254 0248 0229 0191 0183 0262 1215 0122 0604.
0155 0142 0142 0143 0145 0146 0149 0128 0107 0100 0159 0200
0220 0240 0246 0252 0259 0253 0257 0260 0245 0226 0192 0192 0267 1433 0092 0523.
0184 0200 0194 0187 0176 0168 0174 0160 0152 0145 0171 0196
0231 0256 0268 0281 0285 0300 0297 0293 0284 0254 0212 0201 0309 1540 0144 0616.
0198 0193 0174 0166 0164 0155 0151 0145 0146 0147 0184 0212
0232 0256 0260 0284 0296 0308 0312 0306 0294 0266 0239 0230 0321 1508 0132 0441.
0218 0210 0193 0181 0173 0160 0154 0156 0144 0134 0172 0220
0226 0246 0257 0269 0271 0283 0290 0286 0290 0273 0241 0199 0301 1511 0132 0547.
0190 0187 0185 0166 0158 0152 0153 0147 0140 0144 0178 0211
0245 0273 0284 0314 0317 0322 0347 0348 0334 0290 0287 0261 0348 1600 0137 0525.
0239 0243 0231 0232 0207 0197 0188 0170 0163 0164 0208 0269
0295 0306 0331 0339 0347 0356 0364 0369 0347 0320 0298 0269 0377 1555 0159 0521.
0251 0240 0237 0212 0214 0216 0198 0197 0196 0193 0208 0244
0260 0260 0273 0274 0275 0271 0269 0273 0265 0249 0232 0216 0279 1429 0189 0553.
0191 0215 0196 0188 0192 0192 0190 0202 0200 0197 0191 0197
0198 0191 0190 0191 0173 0170 0175 0176 0166 0154 0159 0151 0215 2001 0144 1947.
0149 0142 0142 0138 0135 0123 0121 0119 0119 0120 0122 0127
0134 0142 0150 0175 0193 0202 0204 0195 0184 0176 0166 0154 0210 1444 0118 0351.
0149 0151 0151 0150 0148 0147 0144 0144 0141 0142 0148 0151
0156 0161 0175 0169 0173 0176 0176 0169 0176 0172 0161 0136 0190 1729 0136 2000.
0128 0113 0099 0111 0114 0126 0123 0089 0074 0084 0127 0183
0206 0225 0233 0247 0259 0251 0261 0243 0242 0210 0194 0186 0267 1421 0074 0500.
0169 0157 0158 0144 0135 0135 0133 0131 0130 0133 0150 0187
0205 0223 0217 0239 0213 0210 0206 0195 0194 0187 0178 0165 0247 1144 0122 0025.
0162 0159 0152 0152 0145 0142 0141 0139 0135 0138 0157 0189
0217 0217 0229 0250 0252 0255 0262 0265 0256 0246 0215 0195 0270 1551 0132 0537.
0192 0181 0179 0151 0151 0142 0137 0126 0134 0135 0161 0205
0226 0240 0244 0258 0276 0285 0282 0284 0282 0276 0245 0221 0293 1322 0121 0409.
0211 0187 0176 0170 0165 0159 0155 0149 0146 0148 0185 0221
0241 0263 0265 0287 0300 0306 0309 0302 0286 0270 0251 0229 0316 1542 0145 0459.
0215 0199 0192 0182 0170 0160 0154 0152 0143 0152 0189 0226
0248 0267 0284 0309 0307 0322 0321 0313 0314 0292 0266 0261 0326 1436 0141 0518.
0251 0220 0205 0204 0207 0192 0178 0179 0189 0198 0208 0204
0208 0208 0218 0225 0227 0217 0221 0213 0232 0231 0219 0210 0269 2012 0177 0259.
0197 0191 0182 0192 0191 0187 0181 0184 0178 0193 0207 0220
0240 0246 0289 0295 0281 0300 0289 0283 0280 0274 0258 0244 0305 1404 0173 0511.
0242 0239 0233 0217 0201 0198 0199 0209 0200 0193 0208 0239
0277 0316 0337 0331 0355 0362 0357 0347 0339 0318 0271 0239 0368 1352 0192 0558=
I=
E=
U=
N=
H=
C=
V=
R6
0000 0020 0020
0002 0001 0003
0000 0000 0000
0000 0000 0000
0000 0000 0000
0000 0000 0000
0000 0000 0000
0019 0000 0019
0000 0001 0001
0289 0024 0313
0000 0000 0000
0000 0000 0000
0000 0000 0000
0000 0000 0000
0000 0000 0000
0000 0000 0000
0000 0000 0000
0000 0000 0000
0000 0000 0000
0000 0000 0000
0175 0001 0176
//// 0000 ////
0000 0000 0000
0000 0000 0000
0000 0000 0000
0000 //// ////
0000 0000 0000
0000 0000 0000
0000 0002 0002
0000 0000 0000
0000 //// ////=
0000 0000 0000 0000 0000 0000 0000 0000 0000 0000 0000 0000
0000 0000 0000 0000 0000 0004 0009 0003 0003 0001 0000 0000.
0000 0000 0000 0000 0000 0000 0000 0000 0000 0002 0000 0000
0000 0000 0000 0000 0000 0000 0001 0000 0000 0000 0000 0000.
0000 0000 0000 0000 0000 0000 0000 0000 0000 0000 0000 0000
0000 0000 0000 0000 0000 0000 0000 0000 0000 0000 0000 0000.
0000 0000 0000 0000 0000 0000 0000 0000 0000 0000 0000 0000
0000 0000 0000 0000 0000 0000 0000 0000 0000 0000 0000 0000.
0000 0000 0000 0000 0000 0000 0000 0000 0000 0000 0000 0000
0000 0000 0000 0000 0000 0000 0000 0000 0000 0000 0000 0000.
0000 0000 0000 0000 0000 0000 0000 0000 0000 0000 0000 0000
0000 0000 0000 0000 0000 0000 0000 0000 0000 0000 0000 0000.
0000 0000 0000 0000 0000 0000 0000 0000 0000 0000 0000 0000
0000 0000 0000 0000 0000 0000 0000 0000 0000 0000 0000 0000.
0000 0000 0000 0019 0000 0000 0000 0000 0000 0000 0000 0000
0000 0000 0000 0000 0000 0000 0000 0000 0000 0000 0000 0000.
0000 0000 0000 0000 0000 0000 0000 0000 0000 0000 0000 0000
0000 0000 0000 0000 0000 0000 0000 0000 0001 0000 0000 0000.
0000 0000 0000 0000 0064 0081 0029 0024 0043 0020 0023 0005
0005 0006 0008 0004 0001 0000 0000 0000 0000 0000 0000 0000.
0000 0000 0000 0000 0000 0000 0000 0000 0000 0000 0000 0000
0000 0000 0000 0000 0000 0000 0000 0000 0000 0000 0000 0000.
0000 0000 0000 0000 0000 0000 0000 0000 0000 0000 0000 0000
0000 0000 0000 0000 0000 0000 0000 0000 0000 0000 0000 0000.
0000 0000 0000 0000 0000 0000 0000 0000 0000 0000 0000 0000
0000 0000 0000 0000 0000 0000 0000 0000 0000 0000 0000 0000.
0000 0000 0000 0000 0000 0000 0000 0000 0000 0000 0000 0000
0000 0000 0000 0000 0000 0000 0000 0000 0000 0000 0000 0000.
0000 0000 0000 0000 0000 0000 0000 0000 0000 0000 0000 0000
0000 0000 0000 0000 0000 0000 0000 0000 0000 0000 0000 0000.
0000 0000 0000 0000 0000 0000 0000 0000 0000 0000 0000 0000
0000 0000 0000 0000 0000 0000 0000 0000 0000 0000 0000 0000.
0000 0000 0000 0000 0000 0000 0000 0000 0000 0000 0000 0000
0000 0000 0000 0000 0000 0000 0000 0000 0000 0000 0000 0000.
0000 0000 0000 0000 0000 0000 0000 0000 0000 0000 0000 0000
0000 0000 0000 0000 0000 0000 0000 0000 0000 0000 0000 0000.
0000 0000 0000 0000 0000 0000 0000 0000 0000 0000 0000 0000
0000 0000 0000 0000 0000 0000 0000 0000 0000 0000 0000 0000.
0000 0000 0000 0000 0000 0000 0000 0000 0000 0000 0000 0000
0000 0000 0000 0000 0000 0000 0000 0000 0000 0000 0000 0000.
0000 0000 0000 0006 0028 0044 0031 0021 0026 0015 0001 0003
0001 0000 0000 0000 0000 0000 0000 0000 0000 0000 0000 0000.
//// 0000 0000 0000 0000 0000 0000 0000 0000 0000 0000 0000
0000 0000 0000 0000 0000 0000 0000 0000 0000 0000 0000 0000.
0000 0000 0000 0000 0000 0000 0000 0000 0000 0000 0000 0000
0000 0000 0000 0000 0000 0000 0000 0000 0000 0000 0000 0000.
0000 0000 0000 0000 0000 0000 0000 0000 0000 0000 0000 0000
0000 0000 0000 0000 0000 0000 0000 0000 0000 0000 0000 0000.
0000 0000 0000 0000 0000 0000 0000 0000 0000 0000 0000 0000
0000 0000 0000 0000 0000 0000 0000 0000 0000 0000 0000 0000.
0000 0000 0000 0000 0000 0000 0000 0000 0000 0000 0000 0000
0000 //// //// 0000 0000 0000 0000 0000 0000 0000 0000 0000.
0000 0000 0000 0000 0000 0000 0000 0000 0000 0000 0000 0000
0000 0000 0000 0000 0000 0000 0000 0000 0000 0000 0000 0000.
0000 0000 0000 0000 0000 0000 0000 0000 0000 0000 0000 0000
0000 0000 0000 0000 0000 0000 0000 0000 0000 0000 0000 0000.
0000 0000 0000 0000 0000 0000 0000 0000 0000 0000 0000 0000
0000 0001 0000 0001 0000 0000 0000 0000 0000 0000 0000 0000.
0000 0000 0000 0000 0000 0000 0000 0000 0000 0000 0000 0000
0000 0000 0000 0000 0000 0000 0000 0000 0000 0000 0000 0000.
0000 0000 0000 0000 0000 0000 0000 0000 0000 0000 0000 0000
//// 0000 0000 0000 0000 0000 0000 0000 0000 0000 0000 0000=
0000 ////////// 00000=
W=
L=
Z=
G=
FN
223020 093009 228034 141022 231022 228026
203019 069009 217013 202019 257018 240012
258020 223009 PPC000 218015 238029 214034
236039 245045 248049 243033 268042 239043.
238048 210030 268050 216031 228019 231028
240040 251046 248060 268044 244053 229025
224028 290022 250044 261045 263048 237030
246044 230051 253045 234023 213023 200037.
230015 203014 236033 214030 237023 256016
084013 293013 216012 107006 176007 348009
330015 083010 056007 134013 337022 254017
064017 098007 165023 181031 162045 168060.
177051 128045 140024 214020 225017 197030
058010 137022 185009 296006 149011 PPC002
306011 051010 256023 352015 160013 105020
184044 158052 172070 166071 158056 129055.
139060 127043 131070 195027 176021 303016
279018 166016 239020 246028 251016 304019
262017 305020 062012 102011 342014 132009
089009 099020 102017 164025 178033 035009.
260012 171020 254005 211014 229023 227021
235017 275011 135014 140025 124008 202010
114016 346030 036028 044040 051037 046041
067041 069025 046026 064013 306012 258014.
316015 314011 239014 186012 236019 228013
221014 215013 222014 175014 287012 301013
298009 314009 328010 099015 227010 050036
061057 072052 062056 059054 057055 058058.
082037 084011 031010 290023 295023 228020
337009 308010 227012 243019 249013 323008
PPC002 357018 050024 039039 057039 050028
028046 042059 042046 038031 031020 015012.
307016 041020 031016 313012 309022 294024
323014 104005 047012 021008 296005 307016
304015 354006 050015 066024 048041 048053
041016 242018 006023 070013 228018 250027.
259034 222016 104018 071043 059021 013013
105023 099013 000008 348004 099010 137024
033011 106010 108014 103018 121016 138021
124010 235006 318007 PPC000 137008 191003.
179007 245010 171008 193012 158017 213010
226019 PPC002 223017 201015 PPC001 269010
279028 272010 286014 222020 258021 234014
248030 248042 251032 247032 260028 251039.
254045 250038 243032 248032 223027 249046
229029 227026 227019 251021 246026 300028
292042 240037 244048 306053 306065 303069
266070 278060 236052 301048 287037 258031.
258034 276009 236030 251043 236045 248042
268030 308016 247006 154014 217010 255022
352009 254016 329021 334018 264008 143013
236010 200014 191020 217017 200024 217021.
231028 251039 249042 247034 234031 238027
251033 237028 233027 226020 237029 261030
258034 257032 306010 308021 321015 308013
337015 246033 253022 228012 193020 197031.
214027 194039 214014 244025 241020 246016
239017 273015 237019 198012 253014 278016
253023 255030 258050 241037 258032 234034
258032 226016 243029 210019 201026 198039.
199037 201019 248015 334009 307010 150016
093018 152019 223013 306026 204018 263008
046042 059047 045042 098047 044035 106020
024016 056018 102008 050014 092017 248012.
258026 217016 247022 191008 205012 204015
224011 186006 224021 242011 PPC001 026010
217011 236011 333020 088012 080015 120028
196013 238021 217015 230020 258030 250054.
222022 222021 212020 222023 061008 208011
093013 140012 228009 106007 213007 287009
033008 345010 351013 144013 187011 119013
147016 172004 329016 153016 099011 193012.
222016 256010 211015 125013 197017 218015
199006 195021 142012 207015 018017 074023
052039 046033 047044 049058 042055 036044
042027 039017 057035 059051 066034 077013.
255011 065017 128013 295012 168015 239022
302008 056022 048013 013012 103014 097023
042027 071025 099037 057032 041040 073036
030022 035034 002031 036023 050037 029023.
045039 053025 020011 345012 326012 343017
321022 304013 234006 212009 206012 241022
340011 189027 273038 246024 266015 270023
250042 254031 239030 247024 230020 233019.
217016 218016 227018 243021 219012 240027
227017 242027 234024 251031 254034 256040
261052 282047 270040 287034 251037 236032
237023 217033 256020 210021 182035 197022.
186018 230015 147003 265032 238021 246042
244031 087009 119009 293007 328003 263023
279035 258028 258029 252022 251020 246021
182041 178040 174045 180030 192041 184050.
216014 155019 187006 332013 331012 207004
256017 231008 147011 171014 PPC001 326008
312011 011015 238014 258016 079014 203019
190026 178025 189028 190023 206022 178017.
186013 143018 269012 240013 340008 146008
199007 241010 182011 206008 246010 307014
296012 012016 079019 202011 175013 047026
102016 051029 047016 063014 177026 203020.
192031 186013 198008 148019 271011 218016
220009 303012 256013 192020 239013 285018
264017 ////// 030010 036013 031011 022018
061022 036016 042017 099012 180016 208018.
279006 257011 145009 248016 271014 268016
240016 209014 265028 108021 217011 248008
264009 243017 033019 299017 290022 118010
060029 062049 059042 055040 058050 153018.
116009 241016 283028 273021 233022 224012
206014 252005 154010 234011 191007 307009
246014 326019 271020 328017 062023 337020
108025 145021 173029 191033 150019 187027.
164023 250009 048017 024014 075008 352016
286025 223010 234020 279026 317017 283026
262027 298027 244020 100009 301013 259018
309014 286010 254020 256026 209014 216015.
290004 255016 234016 224022 234025 227014
240033 251027 232016 265032 270027 247032
258044 251031 254048 248046 258055 248050
258071 258042 247030 245041 246043 246042.
246037 250048 244037 242027 228025 201028
237032 277058 225022 236031 244030 258048
////// 255050 296044 234018 309039 253092
233085 231052 301049 241068 244026 221010=
225021 087009 227033 151020 230022 230028
198021 087010 212015 196018 268016 234011
252021 227011 PPC000 217015 240029 217033
247034 247035 254052 242036 271046 248039.
238055 231014 273054 214026 232021 235029
239037 248046 248064 268047 243052 230028
218029 291020 255043 254047 259043 235027
247048 232045 254046 236023 209022 202031.
228015 239015 243038 211030 237020 255018
079016 286013 213010 119009 168010 031010
328017 036013 017013 217008 332024 243015
055016 077013 167025 174029 165033 167056.
182047 139044 123015 246018 222016 193033
071011 140021 166010 313004 145013 156005
298010 013011 259018 337015 089012 122019
186042 162052 164056 169071 160055 130057.
142047 126043 137054 193042 170020 302012
276015 166014 235016 248025 247016 303016
291014 287016 065014 095012 346015 078011
093011 098018 097018 173028 178031 061009.
286008 172023 265004 214017 237026 225017
232013 294011 135016 144023 120007 184013
115013 001020 032031 041036 051032 054034
069033 075021 045022 054016 310015 255015.
315016 271013 242014 192010 238021 226012
218015 213015 224015 182011 283012 303013
297012 332009 048007 097015 222010 051035
063065 072064 057059 059055 061053 059057.
071041 088015 049012 289027 296023 226015
335007 320012 217014 240016 247015 310004
223003 348019 035020 039035 059041 054028
032038 039050 044045 040029 038019 018012.
311016 044022 018014 302007 317022 301022
323013 079006 041010 014009 341006 307015
300014 339009 050012 057019 051038 046038
041016 241015 359021 042011 223017 253034.
257033 224017 123011 084050 058017 017017
099021 087012 008009 340008 085010 136019
019013 116009 108011 104018 126015 144018
125011 242009 314008 PPC001 142007 191003.
184008 240008 163008 190009 156015 213010
227019 161003 226012 201011 124005 286008
266028 272012 295014 229020 253020 245017
247028 257050 254037 247029 259029 251037.
253042 249037 243031 248033 227030 250043
232026 227023 224018 245018 240017 293030
303042 257035 253042 282057 309062 305069
288066 258069 244056 300051 267037 257031.
259028 295006 236030 249040 237044 250040
269034 291015 267006 155014 218010 255021
323014 254018 326015 338013 295010 155011
229013 212012 188018 215015 199022 216021.
230024 251041 247041 245034 236032 237026
248033 238027 232023 225019 232028 261029
261033 253031 288013 299016 324017 275017
322014 250036 250022 228013 192020 195029.
210028 195036 222024 234020 242020 238010
238017 271014 229014 203011 254015 272016
258023 257030 262050 245039 257038 237034
261028 230015 241024 208018 200029 194038.
198032 199027 284012 319009 311009 149016
097022 155023 215006 304022 196015 276009
044043 063036 052047 069042 046031 080022
032016 059018 090007 053013 081018 258010.
257022 246020 254021 191006 212013 202015
221014 195008 226020 230009 125003 017010
254009 308011 004015 337013 062014 131020
210012 235022 211020 223016 258031 247042.
220021 238032 211023 221022 355008 215011
082010 140011 223008 157005 153012 259010
322005 317011 332012 151012 163012 127013
151017 179005 325015 162015 094014 197010.
236013 254013 211014 126012 199020 220020
183007 203019 143012 208017 007014 092021
055037 050034 047034 049056 044051 035049
037027 042010 068036 056048 064031 069016.
270018 037014 127012 279011 176014 241018
310012 064024 043015 019015 100016 089025
046022 071028 097033 065029 045038 073033
030020 026029 003032 033027 061038 023022.
049032 049022 046011 335009 323013 341016
320018 302015 237007 211007 205011 240012
337013 178025 276036 251027 263020 267021
257027 256035 239028 247023 230018 230014.
218015 218015 223017 240019 225013 238022
232019 242026 237025 249029 255033 249030
262050 276052 264039 287034 254035 233034
234024 225039 252024 214023 184029 192021.
186021 229014 126004 268034 245024 239039
233030 053010 122010 278005 332005 280016
278033 246026 251037 255026 250021 254025
177027 184039 179037 181038 183037 191041.
234013 172023 185008 337012 329011 214006
248017 248010 150009 175015 PPC001 328009
338010 000015 205011 298019 081012 199017
195021 181026 184027 192023 202020 180020.
185013 139017 267014 247013 335009 150008
199011 234009 186011 204010 248009 290013
294017 013015 071016 249016 159015 052020
108019 056019 056017 075016 183026 202021.
191032 177014 245006 153018 271016 223016
226008 339008 264010 199014 242012 295015
263015 ////// 064014 047012 011011 004013
057023 048017 052014 101005 167013 207023.
306008 242009 204010 249013 271017 258018
236017 207013 272023 107019 217010 237008
258012 264011 038016 338013 321017 089018
052026 058040 058041 058043 060035 139021.
097009 336015 277026 280020 229018 220015
206013 242011 147010 217008 202008 306008
262011 317019 301014 328014 061015 349019
087022 127016 177034 185032 153022 180031.
167028 301008 034013 093014 092010 306011
286023 212011 234019 276025 310014 282021
263032 295033 249021 084007 297010 262019
310014 286010 257018 260027 215014 218015.
322004 250015 235014 226020 240028 226015
236030 250029 233023 263031 270028 249033
259036 256027 258045 257045 261060 248036
263065 259049 248034 244036 249043 246038.
248038 253043 244036 244026 228024 201027
237026 274044 223023 235025 244030 257039
////// 252050 267043 247023 279058 254072
254074 236072 278055 266054 247025 249011=
053259 1658 078277 1643
064248 0500 088256 0628
062160 1950 090174 2000
072160 1802 102138 1927
064141 2231 085132 2009
047058 1135 073096 1038
070066 1751 090053 1508
069059 2025 094051 2023
043047 1417 063051 1245
053074 0021 082079 0017
057257 1629 078256 1626
078253 1510 104248 1625
045237 0102 055259 0242
043252 2218 053259 2201
053262 1107 064267 1104
056046 1017 070062 1050
042247 2000 058253 2000
047248 2008 061250 2151
064043 1350 078062 1249
049052 0927 067045 0935
047263 1511 059039 2102
061280 0940 075256 0954
046192 1932 074180 2000
043189 2009 068180 2008
030197 1912 043321 1150
034189 2057 047194 2039
053056 1746 075062 1736
046180 1716 068172 1715
042164 2031 066186 2007
065263 1500 089256 1450
086246 1554 112250 1401=
D=
K=
A=
S=
B=
??????
******
YF
O2210
河南省
豫偃师高龙
偃师市高龙乡原种农场
平原；乡村；地面
空缺
计算机
计算机
计算机
计算机
计算机
20120208=
JY
8888=
GK
01/
05/=
BZ
BB/26/10时气温用正点前3分钟值代替。
BB/31/09时气温用正点后3分钟值代替。
00/343604/1124153
10/24/逐时观测
10/24/24时连续观测
11/不守班=
######
