O2205 3455N 11222E 004250 004250 105 000 S15 91999999919999199999 0 2009 07
P=
TB
0302 0293 0289 0284 0275 0267 0261 0252 0233 0234 0258 0291
0309 0318 0324 0329 0328 //// //// //// //// //// //// 0291 0357 1234 0232 0536.
0284 0277 0272 0265 0260 0257 0256 0256 0256 0256 0267 0274
0293 0305 0311 0322 0330 0350 0342 0344 0343 0331 0315 0303 0350 1400 0254 0426.
0297 0285 0277 0277 0269 0264 0261 0259 0248 0246 0264 0277
0303 0339 0332 0332 0351 0349 0361 0346 0340 0338 0320 0302 0381 1438 0235 0527.
0291 0282 0270 0265 0266 0260 0250 0246 0239 0243 0256 0279
0296 0317 0329 0347 0358 0370 0358 0355 0349 0324 0307 0292 0373 1322 0232 0533.
0285 0276 0273 0267 0261 0255 0254 0249 0244 0243 0257 0267
0279 0286 0290 0292 0304 0308 0308 0309 0306 0299 0288 0278 0314 1549 0242 0538.
0270 0257 0253 0247 0247 0246 0245 0242 0240 0239 0247 0244
0249 0258 0278 0311 0317 0331 0329 0324 0319 0312 0300 0290 0347 1405 0239 0525.
0282 0275 0269 0264 0261 0256 0252 0251 0247 0246 0251 0256
0264 0280 0284 0321 0310 0317 0320 0324 0311 0298 0238 0242 0336 1604 0237 1853.
0242 0244 0245 0244 0244 0243 0242 0242 0240 0240 0240 0240
0245 0255 0267 0291 0311 0316 0318 0290 0264 0237 0241 0239 0326 1507 0231 1654.
0241 0242 0236 0212 0204 0202 0195 0193 0195 0197 0211 0241
0253 0268 0285 0304 0321 0303 0334 0322 0311 0281 0271 0263 0340 1444 0192 0329.
0258 0258 0250 0246 0240 0238 0232 0226 0216 0222 0227 0240
0245 0246 0248 0256 0255 0258 0251 0252 0248 0245 0225 0219 0265 1243 0216 0500.
0219 0219 0223 0223 0222 0218 0213 0188 0180 0180 0186 0197
0229 0257 0273 0305 0305 0324 0319 0321 0296 0288 0277 0259 0337 1435 0178 0510.
0251 0246 0240 0242 0244 0238 0229 0225 0219 0225 0239 0254
0263 0264 0285 0300 0309 0307 0319 0327 0323 0295 0283 0277 0335 1618 0218 0442.
0269 0264 0256 0247 0231 0217 0212 0213 0216 0217 0213 0212
0210 0208 0208 0213 0217 0224 0234 0243 0285 0278 0249 0243 0287 1659 0206 0827.
0244 0238 0234 0228 0226 0223 0220 0221 0217 0217 0224 0251
0270 0289 0287 0293 0300 0307 0304 0301 0295 0288 0281 0270 0322 1526 0214 0511.
0264 0248 0245 0244 0242 0241 0238 0238 0235 0234 0237 0247
0247 0271 0273 0288 0287 0285 0282 0283 0275 0269 0262 0259 0294 1137 0234 0505.
0256 0255 0252 0248 0247 0245 0246 0244 0243 0241 0241 0251
0255 0262 0276 0279 0283 0291 0296 0297 0296 0291 0286 0280 0306 1452 0240 0603.
0278 0274 0273 0272 0269 0270 0264 0258 0260 0261 0267 0269
0284 0298 0308 0320 0341 0340 0335 0329 0310 0297 0292 0284 0347 1409 0257 0403.
0276 0269 0265 0263 0256 0255 0254 0252 0247 0241 0233 0226
0230 0238 0257 0271 0272 0273 0290 0278 0268 0257 0250 0244 0297 1443 0224 0748.
0244 0246 0245 0244 0243 0241 0240 0237 0236 0236 0238 0258
0266 0277 0277 0279 0289 0296 0296 0301 0288 0285 0279 0274 0306 1509 0235 0442.
0271 0268 0265 0263 0263 0262 0266 0260 0257 0258 0260 0270
0297 0301 0325 0344 0358 0358 0353 0364 0355 0340 0316 0303 0369 1617 0256 0338.
0296 0290 0285 0280 0275 0273 0271 0265 0262 0261 0269 0297
0311 0308 0322 0333 0334 0330 0332 0329 0311 0300 0290 0281 0345 1447 0258 0534.
0275 0271 0257 0256 0255 0249 0246 0245 0237 0235 0237 0242
0238 0207 0220 0236 0239 0228 0216 0211 0208 0207 0207 0209 0281 2001 0205 1010.
0208 0212 0215 0215 0216 0220 0219 0218 0220 0222 0226 0243
0263 0296 0324 0348 0354 0356 0357 0351 0342 0310 0283 0263 0370 1319 0208 2053.
0268 0250 0253 0245 0246 0243 0246 0238 0233 0238 0207 0205
0217 0234 0293 0309 0319 0307 0291 0291 0269 0252 0241 0237 0333 1323 0202 0725.
0220 0213 0219 0218 0214 0217 0215 0214 0212 0211 0212 0212
0220 0228 0228 0227 0253 0251 0250 0237 0233 0230 0228 0225 0257 1336 0211 0520.
0223 0221 0217 0212 0214 0206 0202 0203 0199 0198 0213 0231
0252 0258 0252 0262 0282 0273 0270 0265 0260 0251 0247 0242 0288 1239 0197 0542.
0239 0236 0236 0236 0225 0224 0217 0217 0219 0217 0217 0219
0223 0228 0238 0255 0248 0255 0250 0249 0238 0237 0229 0218 0261 1131 0214 0335.
0217 0213 0213 0209 0204 0206 0202 0199 0199 0198 0205 0223
0247 0274 0286 0281 0303 0304 0306 0299 0296 0278 0261 0254 0322 1323 0195 0534.
0251 0247 0242 0238 0237 0230 0223 0217 0214 0217 0224 0231
0246 0247 0254 0273 0267 0275 0285 0292 0297 0274 0263 0253 0302 1615 0213 0502.
0244 0239 0236 0232 0227 0224 0223 0221 0221 0217 0221 0232
0249 0268 0272 0272 0271 0273 0270 0278 0274 0265 0256 0251 0285 1604 0216 0605.
0248 0247 0242 0237 0236 0233 0230 0226 0222 0220 0221 0227
0232 0235 0247 0260 0274 0278 0278 0295 0278 0274 0253 0249 0295 1355 0220 0518=
I=
E=
U=
N=
H=
C=
V=
R6
0000 0000 0000
0000 0000 0000
0000 0000 0000
0000 0000 0000
0000 0000 0000
0000 0000 0000
0000 0163 0163
0001 0002 0003
0001 0000 0001
0000 0006 0006
0056 0000 0056
0000 0000 0000
0097 0041 0138
0000 0000 0000
0000 0000 0000
0000 0000 0000
0000 0000 0000
0000 0000 0000
0000 0000 0000
0000 0000 0000
0000 0000 0000
0005 0029 0034
0000 0000 0000
0000 0000 0000
0060 0000 0060
0000 0000 0000
0000 0000 0000
0000 0000 0000
0000 0000 0000
0000 0000 0000
0000 0000 0000=
0000 0000 0000 0000 0000 0000 0000 0000 0000 0000 0000 0000
0000 0000 0000 0000 0000 0000 0000 0000 0000 0000 0000 0000.
0000 0000 0000 0000 0000 0000 0000 0000 0000 0000 0000 0000
0000 0000 0000 0000 0000 0000 0000 0000 0000 0000 0000 0000.
0000 0000 0000 0000 0000 0000 0000 0000 0000 0000 0000 0000
0000 0000 0000 0000 0000 0000 0000 0000 0000 0000 0000 0000.
0000 0000 0000 0000 0000 0000 0000 0000 0000 0000 0000 0000
0000 0000 0000 0000 0000 0000 0000 0000 0000 0000 0000 0000.
0000 0000 0000 0000 0000 0000 0000 0000 0000 0000 0000 0000
0000 0000 0000 0000 0000 0000 0000 0000 0000 0000 0000 0000.
0000 0000 0000 0000 0000 0000 0000 0000 0000 0000 0000 0000
0000 0000 0000 0000 0000 0000 0000 0000 0000 0000 0000 0000.
0000 0000 0000 0000 0000 0000 0000 0000 0000 0000 0000 0000
0000 0000 0000 0000 0000 0000 0000 0000 0000 0000 0155 0008.
0001 0000 0000 0000 0000 0000 0000 0000 0000 0000 0000 0000
0000 0000 0000 0000 0000 0000 0000 0000 0000 0000 0001 0001.
0000 0000 0000 0001 0000 0000 0000 0000 0000 0000 0000 0000
0000 0000 0000 0000 0000 0000 0000 0000 0000 0000 0000 0000.
0000 0000 0000 0000 0000 0000 0000 0000 0000 0000 0000 0000
0000 0000 0000 0000 0000 0000 0000 0000 0000 0000 0004 0002.
0003 0000 0000 0000 0002 0003 0000 0033 0014 0001 0000 0000
0000 0000 0000 0000 0000 0000 0000 0000 0000 0000 0000 0000.
0000 0000 0000 0000 0000 0000 0000 0000 0000 0000 0000 0000
0000 0000 0000 0000 0000 0000 0000 0000 0000 0000 0000 0000.
0000 0000 0000 0000 0000 0005 0017 0005 0001 0016 0029 0024
0012 0000 0000 0000 0020 0009 0000 0000 0000 0000 0000 0000.
0000 0000 0000 0000 0000 0000 0000 0000 0000 0000 0000 0000
0000 0000 0000 0000 0000 0000 0000 0000 0000 0000 0000 0000.
0000 0000 0000 0000 0000 0000 0000 0000 0000 0000 0000 0000
0000 0000 0000 0000 0000 0000 0000 0000 0000 0000 0000 0000.
0000 0000 0000 0000 0000 0000 0000 0000 0000 0000 0000 0000
0000 0000 0000 0000 0000 0000 0000 0000 0000 0000 0000 0000.
0000 0000 0000 0000 0000 0000 0000 0000 0000 0000 0000 0000
0000 0000 0000 0000 0000 0000 0000 0000 0000 0000 0000 0000.
0000 0000 0000 0000 0000 0000 0000 0000 0000 0000 0000 0000
0000 0000 0000 0000 0000 0000 0000 0000 0000 0000 0000 0000.
0000 0000 0000 0000 0000 0000 0000 0000 0000 0000 0000 0000
0000 0000 0000 0000 0000 0000 0000 0000 0000 0000 0000 0000.
0000 0000 0000 0000 0000 0000 0000 0000 0000 0000 0000 0000
0000 0000 0000 0000 0000 0000 0000 0000 0000 0000 0000 0000.
0000 0000 0000 0000 0000 0000 0000 0000 0000 0000 0000 0000
0000 0000 0000 0000 0000 0000 0000 0000 0000 0000 0000 0000.
0000 0000 0003 0001 0000 0000 0000 0000 0000 0001 0000 0000
0000 0004 0002 0000 0000 0000 0000 0022 0001 0000 0000 0000.
0000 0000 0000 0000 0000 0000 0000 0000 0000 0000 0000 0000
0000 0000 0000 0000 0000 0000 0000 0000 0000 0000 0000 0000.
0000 0000 0000 0000 0000 0000 0000 0000 0000 0000 0000 0000
0000 0000 0000 0000 0000 0000 0000 0000 0000 0000 0000 0000.
0018 0041 0001 0000 0000 0000 0000 0000 0000 0000 0000 0000
0000 0000 0000 0000 0000 0000 0000 0000 0000 0000 0000 0000.
0000 0000 0000 0000 0000 0000 0000 0000 0000 0000 0000 0000
0000 0000 0000 0000 0000 0000 0000 0000 0000 0000 0000 0000.
0000 0000 0000 0000 0000 0000 0000 0000 0000 0000 0000 0000
0000 0000 0000 0000 0000 0000 0000 0000 0000 0000 0000 0000.
0000 0000 0000 0000 0000 0000 0000 0000 0000 0000 0000 0000
0000 0000 0000 0000 0000 0000 0000 0000 0000 0000 0000 0000.
0000 0000 0000 0000 0000 0000 0000 0000 0000 0000 0000 0000
0000 0000 0000 0000 0000 0000 0000 0000 0000 0000 0000 0000.
0000 0000 0000 0000 0000 0000 0000 0000 0000 0000 0000 0000
0000 0000 0000 0000 0000 0000 0000 0000 0000 0000 0000 0000.
0000 0000 0000 0000 0000 0000 0000 0000 0000 0000 0000 0000
0000 0000 0000 0000 0000 0000 0000 0000 0000 0000 0000 0000=
0000 ////////// 00000=
W=
L=
Z=
G=
FN
098031 054035 062034 070027 087017 100015
114027 050023 033011 349022 003013 311019
027010 086019 108023 083026 ////// //////
////// ////// ////// ////// ////// 084023.
106020 080026 073024 093017 071025 080024
101027 076020 068025 098024 055013 078020
043015 118028 073036 062044 085034 056030
063034 078025 132039 203033 187037 152021.
110020 121017 133018 103016 061032 068029
063025 024013 009018 329012 PPC000 310006
332008 321024 336016 115010 066018 136013
192018 056033 090021 070015 177039 158044.
182055 171046 145033 150025 121025 106022
127017 144026 145018 093021 156008 188014
227023 180019 186018 178027 159049 166045
122035 162033 174030 151039 152038 153046.
151033 145040 149032 102029 117024 103021
114017 088030 088028 080025 076023 075018
102022 070024 071031 074022 093018 067029
150012 028010 032010 000012 064013 100018.
093018 080026 113021 110015 082008 087018
089010 086020 087019 121019 145017 112022
090016 105015 011013 057013 052013 132012
088032 079026 121025 137022 020014 104017.
091013 091015 088018 097011 090015 094018
104022 075019 077012 067014 099013 081014
098020 048027 070037 287016 036028 049023
074021 093028 353013 110024 149022 063019.
100011 094015 076021 088027 083021 091018
105020 086024 086018 089019 094016 076020
079006 098017 059019 320015 249013 059014
040016 110021 ////// 259018 286055 291025.
323028 325041 354035 105039 092029 106019
121025 135012 306006 140008 000012 284007
323025 134007 316021 313016 315033 342011
282019 305010 137018 112021 126032 126029.
133022 073015 103032 109023 077017 074013
210005 209024 323012 324016 287012 328010
357013 188006 049009 069010 313012 040008
078015 067010 350011 095014 199030 211033.
272017 326010 354010 051017 104016 106010
106023 147030 210032 334020 218024 220023
267030 306045 294054 307056 255027 316033
342010 213023 152028 144026 110025 105025.
103020 085024 027015 PPC000 098019 092026
093020 073019 041031 049022 022009 345008
070017 067020 171014 318007 227022 248012
258012 159020 208026 148021 144029 149037.
194048 148057 162046 186033 164025 184013
124007 066015 PPC000 320005 112017 100015
323009 101022 096016 ////// 275031 286012
////// 236032 317044 281017 322010 213022.
222029 304015 062019 089018 ////// 014024
323023 323029 315045 295028 307031 325020
331011 128009 174017 135018 238012 304016
////// 153023 215027 208015 146019 138026.
109025 094030 066039 086022 070029 071023
067015 079017 107017 139017 098008 325008
070020 122013 066022 115025 081022 //////
074006 101009 120020 ////// 062019 073020.
083015 095025 090031 074025 ////// 087020
066030 068032 ////// 081019 ////// //////
////// ////// 040007 ////// ////// //////
////// ////// ////// 083012 ////// 075018.
106019 087019 ////// 102016 094022 087014
////// 159012 ////// 195021 ////// //////
////// ////// ////// ////// ////// 005018
////// 306055 328079 325065 323081 318075.
293039 308056 303045 296035 320037 312042
326044 327024 092024 097019 120014 099021
088023 115025 094020 092019 089027 074037
070011 090021 098025 074023 071018 084024.
098030 095016 095019 082020 102011 080017
064017 094010 109010 115012 036012 011009
164019 158010 078020 052019 025014 044009
112026 090022 072020 098014 073021 098017.
109025 102016 066022 091027 089025 079024
133011 PPC000 330010 210022 210012 226029
318026 316045 304055 306043 316022 329034
332052 321054 317050 306059 294042 314057.
082009 325027 225025 323008 324024 329019
325022 324015 318008 321015 357024 320014
320004 158009 192013 049024 133016 040027
105028 095024 066019 080026 085023 103026.
110022 077016 111036 105020 068025 080020
063028 071026 345013 330040 323021 323026
273036 261033 326040 083018 085011 217044
177034 211020 209036 258027 263032 262037.
279047 294050 278028 295039 300050 306042
310033 286034 270037 274048 297049 307048
305053 322056 267035 314053 316027 241023
240027 201032 157015 069024 223020 014012.
048010 015029 327021 303018 310011 310015
068031 104025 112027 070036 084033 064038
043030 323014 310027 332026 328016 063016
074020 106020 083032 092023 082032 076032.
318043 115026 094022 112022 096026 099025
086028 092015 067017 094017 095022 117022
098021 048015 067017 060011 064016 121019
128024 116027 126018 120018 073013 123015.
086011 073013 038011 003011 032013 338011
289007 019008 015010 068016 PPC000 329007
259011 145012 096025 066035 119014 092018
164022 195011 136010 144011 141009 148008.
311008 323008 015009 040005 326010 005004
011012 001006 042020 052023 047024 032022
062018 078016 035009 312025 355012 320024
324016 308025 307012 307011 318017 309020.
315011 320021 294019 349019 282013 323016
331018 325018 312009 314014 323016 315010
318017 328015 324013 347016 338016 208017
246015 183025 113022 082017 130015 135017.
142016 144025 144019 073023 102015 092028
067018 025020 011016 075017 039007 027014
107012 085015 096015 066017 028017 075022
075027 129022 060013 100022 078022 096020.
098017 103027 090027 090026 079021 089034
086031 066028 058029 071030 073019 076014
078014 044026 087022 084023 094024 099017
068022 031016 359010 127012 083012 103015.
080019 067026 105015 213009 081014 088018
115016 060015 070023 094017 094018 081015
070019 052009 077017 120016 044014 065024
121024 219011 213010 130012 147022 150020=
094027 060035 060033 070027 087018 101019
112021 054019 037015 354021 358014 305014
004016 074021 068025 079024 ////// //////
////// ////// ////// ////// ////// 084023.
101022 087022 072023 088016 070024 085024
099027 087022 074022 095024 062012 076015
060019 106023 069031 069030 072038 059034
061034 066028 173039 195033 175035 148016.
119016 125015 136019 098017 061032 065028
062026 055019 007016 334011 321004 278007
277008 325024 352017 111013 332016 144017
103021 067033 069028 066015 179040 163051.
171045 176038 147031 151026 122023 103021
126018 143023 150019 096017 118007 172017
230021 163025 212023 165024 186046 187048
155035 164036 170038 150040 164043 162046.
155036 148033 150034 105032 115025 103021
113021 087030 093027 078026 078020 090018
097018 068022 062031 079018 065024 062024
112015 055013 073011 045012 083024 090019.
094019 076021 105023 105013 085009 087016
085009 082019 090016 126020 128012 095015
083016 098016 021011 325014 054015 122020
112025 074023 107022 107019 056016 108015.
084012 089015 089017 089016 090016 089017
085021 078017 091014 082014 079011 080016
088017 075025 064036 063016 054029 061033
097024 092030 053025 109023 151027 066017.
085012 100011 079019 086023 082020 090018
103017 089025 085022 093020 089015 076016
081016 096014 055020 332013 271009 084013
065017 107021 ////// 265016 285051 278033.
314031 327048 349030 102036 096033 097016
122023 129013 156006 153008 000010 272008
325021 235012 325016 312021 321031 079008
303018 287010 148016 110022 125025 126027.
133023 075014 100030 110024 080018 077012
203004 208020 326011 326015 276011 347007
355014 170010 067008 071010 336013 024007
068014 067009 004014 094013 187028 210030.
267014 332010 003012 047017 110015 099007
101019 148027 207032 298019 211022 229017
273026 310040 307051 313042 281023 308036
206016 217019 161027 143019 115026 110024.
100023 081025 014012 060005 092019 092028
090020 079020 040028 051020 024009 013009
117013 089021 129013 288009 218021 224016
228017 153013 183028 149022 147028 150033.
185043 156048 169045 183040 166024 170014
117013 061017 064007 328005 116016 098016
034010 107022 092017 ////// 280026 307013
////// 232028 323039 307021 319010 209024.
222025 298010 060014 085017 ////// 023027
328020 325029 315038 294026 312032 324023
318012 191009 160017 141016 250017 231019
////// 155018 213024 206018 150015 135025.
117027 094025 066036 083022 072027 069021
072017 081018 104016 131009 111005 155007
072021 094013 063024 096019 073020 //////
068007 071011 118016 ////// 082022 086023.
085014 094023 092027 077025 ////// 085023
068028 068030 ////// 083021 ////// //////
////// ////// 037010 ////// ////// //////
////// ////// ////// 075019 ////// 082017.
108016 095018 ////// 095015 094024 091016
////// 157014 ////// 186023 ////// //////
////// ////// ////// ////// ////// 342014
////// 306048 327076 322064 325083 317070.
299046 311052 307043 299049 321035 316044
328050 328030 090022 111019 106017 091021
086025 117024 099021 093022 094029 072035
084021 102020 084027 067029 074021 088021.
097027 090021 085023 081018 099013 075015
064019 091010 120010 100010 046013 149010
173018 148015 069018 055017 046015 070015
093020 072014 086019 097013 072021 102018.
108022 098020 069025 091023 092026 066028
124011 PPC000 324009 209022 203009 220033
319025 307040 314061 304038 320020 334028
330052 321051 315044 307055 296042 312059.
065008 328031 220025 318004 325031 328016
327022 325014 325010 318013 349025 317014
343005 117013 202017 078016 109021 067027
095025 109019 076019 084029 094023 094018.
104021 074016 113033 111024 067033 073019
064028 073025 336013 329037 325022 324026
277029 259036 329042 088018 074013 221032
166032 211018 206035 247034 252030 259040.
284042 288052 275028 291041 296053 319042
313033 297034 273040 285049 296045 311045
301044 319055 295038 315047 300024 243023
232036 171026 165015 074026 227027 012012.
039011 017016 332015 304014 308012 306015
054030 096019 103026 077033 079043 065041
043025 312013 315030 348021 333017 093016
117020 116021 089030 102029 095032 073035.
352039 112027 086026 107022 097025 096022
085023 084023 072023 090020 089024 091020
090022 058018 089017 074016 092019 100024
133027 111025 115018 106017 090016 118013.
088011 072011 035014 001010 043013 349011
285009 351008 015013 058010 121005 330004
265009 084009 081022 073027 100014 098017
162020 185012 139009 142011 139009 156011.
314007 323008 008007 039005 333008 359006
006007 359004 041015 059023 046020 055026
063014 071017 033010 321020 004012 323021
327017 307021 307015 306012 313012 307017.
320010 322016 309016 345018 284011 324015
350016 326016 305007 322011 321013 319015
324012 328015 324016 339018 354015 259011
234018 196026 145020 066013 131014 130015.
144015 148024 145020 079020 110015 092029
069016 023014 012014 073013 053009 050014
087011 091020 089019 061015 061017 068018
076025 125018 062014 082019 075018 092021.
099019 100022 086026 090027 080025 088031
088033 064026 060027 071029 074022 082015
083015 075020 076020 080025 081023 084019
082023 075016 050011 091016 102012 102013.
086016 071022 095015 153011 087012 088019
102014 063016 071020 088017 102014 081013
070017 056019 051016 086019 062015 097016
130020 185013 162010 140013 145021 151021=
035063 2159 055143 1006
047065 1419 070070 1331
056168 1918 082217 1951
056196 1251 093214 1332
047158 2003 066138 2002
034075 1621 058079 1655
060157 1839 075222 1840
173307 1630 215315 1626
055321 2150 073318 2150
040207 1931 052202 1924
055317 1054 086315 1046
039166 1729 050222 1620
062192 2328 079135 2327
042312 0507 053309 0733
037151 2023 049118 2110
031068 0233 039059 1824
100317 1822 115312 1817
087318 2020 098326 2015
033107 2130 046079 2026
064320 1058 080329 1057
060314 2001 ////// ////
048333 0615 069323 0622
057274 2121 080321 0950
055078 0628 086096 0708
049326 2105 068090 2037
030062 1132 044062 1123
029324 1411 038068 0750
028330 1214 039149 1637
041065 1433 059070 1427
036066 1223 054070 1216
028073 2210 052101 0902=
D=
K=
A=
S=
B=
??????
******
YF
O2205
河南省
豫孟津小浪底
孟津县小浪底镇寺院坡村
丘陵；地面；村镇
白凌霞
张玮
张玮
张玮
王国安
张玮
20090816=
JY
8888=
GK
01/本月总降水量46.1毫米
02/本月主要降水过程出现在：7日-11日、13日、22日、25日。
05/=
BZ
BB/01/因阴雨天气导致太阳能电池板不能使用，1日13-19时温度、风向风速缺测。13时温度用正点前9分钟值代替。
BB/08/17时温度用内插求的，风向风速缺测。
BB/13/12时、15时温度用内插求的，风向风速缺测。
BB/14/1时、15时温度用内插求的，风向风速缺测。
BB/15/14时、18时温度用内插求的，风向风速缺测。
BB/16/1时、5时、19时温度用内插求的，风向风速缺测。因阴雨天气导致太阳能电池板不能使用，16日7-10时、12-17时温度、风向风速缺测。07时温度用正点前1分钟值代替。08时温度用正点前1分钟值代替。09时温度用正点前2分钟值代替。10时温度用正点前1分钟值代替。12时温度用正点前1分钟值代替。13时温度用正点前1分钟值代替。14时温度用正点前1分钟值代替。15时温度用正点前1分钟值代替。16时温度用正点前8分钟值代替。17时温度用正点前5分钟值代替。
BB/17/3时、5时、15时、23时温度用内插求的，风向风速缺测。因阴雨天气导致太阳能电池板不能使用，17日7-13时温度、风向风速缺测。07时温度用正点前2分钟值代替。08时温度用正点前1分钟值代替。09时温度用正点前1分钟值代替。10时温度用正点前6分钟值代替。11时温度用正点前5分钟值代替。12时温度用正点前4分钟值代替。13时温度用正点前2分钟值代替。
00/345400/1122100
10/345400/1122100
10/24/24小时连续观测
11/不守班=
######
