O2211 3439N 11247E 001740 001740 105 000 S15 91999999919999199999 0 2012 02
P=
TB
0022 0009 0000 -001 0000 -008 0000 0001 -010 -015 -010 -010
-007 -001 -001 0002 0018 0022 0023 0018 0008 0002 -004 -008 0032 2001 -015 0538.
-012 -024 -027 -033 -034 -056 -057 -058 -064 -062 -062 -060
-045 -035 -018 -007 0006 0017 0017 0017 0013 0003 0001 -007 0022 1437 -066 0533.
-015 -019 -026 -023 -032 -045 -033 -043 -045 -050 -046 -042
-036 -018 0002 0024 0046 0058 0076 0073 0070 0052 0044 0027 0077 1550 -057 0625.
0031 0009 0010 0003 -022 -017 -004 -005 -022 -032 -026 -022
-022 -007 0004 0015 0020 0022 0019 0017 0004 0001 0000 0000 0037 2018 -033 0609.
0000 -002 -003 -003 -005 -006 -005 -002 -007 -013 -013 -012
0004 0008 0024 0050 0071 0085 0085 0090 0084 0071 0065 0058 0094 1549 -016 0718.
0051 0050 0038 0035 0019 0023 0009 0017 0013 0020 0026 0024
0038 0045 0059 0082 0088 0096 0098 0080 0070 0057 0043 0029 0105 1338 0001 0240.
0022 0009 0007 0004 0002 -006 -011 -021 -031 -031 -032 -035
-020 -008 0002 0016 0021 0021 0029 0034 0028 0009 0007 -005 0039 1445 -043 0737.
-010 -020 -017 -019 -014 -018 -014 -032 -025 -021 -035 -026
-018 -005 0006 0013 0028 0027 0032 0038 0033 0018 0009 -004 0045 1548 -037 0409.
-015 -016 -023 -019 -024 -029 -034 -030 -032 -039 -037 -034
-019 0004 0013 0026 0032 0036 0037 0040 0035 0025 0012 0004 0043 1514 -044 0613.
0000 0001 -003 0003 -004 0000 -009 -006 -006 -004 -017 -008
0003 0023 0047 0049 0056 0071 0069 0063 0061 0046 0035 0021 0076 1538 -020 0704.
0030 0011 0012 0013 -001 -016 -019 -032 -030 -037 -042 -031
-010 0012 0023 0049 0069 0084 0086 0082 0078 0070 0066 0060 0088 1442 -043 0701.
0053 0054 0052 0051 0047 0046 0049 0048 0046 0041 0029 0027
0026 0032 0041 0042 0059 0068 0064 0059 0050 0039 0033 0028 0071 1351 0024 0917.
0023 0019 -006 0001 0002 -008 -012 -020 -021 -024 -027 -031
-024 0004 0019 0041 0063 0071 0076 0082 0075 0067 0057 0047 0086 1453 -032 0745.
0039 0037 0020 0026 0011 0003 0004 0000 -001 -002 -003 -002
0009 0033 0059 0071 0089 0097 0101 0100 0091 0080 0067 0053 0107 1450 -011 0630.
0039 0033 0034 0032 0031 0030 0028 0027 0022 0019 0015 0018
0029 0042 0049 0057 0060 0062 0059 0059 0056 0049 0045 0040 0067 1314 0013 0612.
0024 0019 0016 0017 0019 0007 0000 -001 0001 0003 0002 0000
0014 0039 0047 0054 0061 0071 0075 0077 0071 0059 0051 0039 0081 1450 -007 0422.
0020 0012 0008 -012 -014 -011 -013 -016 -012 -013 -015 -016
-001 0026 0043 0047 0065 0077 0079 0074 0073 0054 0037 0029 0083 1404 -022 0412.
0009 0003 0003 -003 -007 -017 -018 -020 -017 -012 -024 -026
-007 0030 0043 0061 0067 0075 0089 0085 0084 0062 0054 0036 0091 1544 -031 0726.
0030 0020 0019 0020 0013 -004 -011 -010 -013 -021 -020 -022
0000 0016 0039 0056 0080 0090 0102 0102 0094 0083 0072 0069 0106 1451 -026 0740.
0058 0060 0054 0052 0038 0033 0020 0028 0012 0009 0000 0013
0021 0045 0066 0089 0102 0114 0116 0114 0110 0106 0098 0079 0120 1339 0000 0657.
0082 0083 0079 0076 0076 0072 0073 0050 0059 0035 0037 0035
0053 0067 0089 0100 0097 0099 0098 0092 0088 0086 0081 0079 0113 1242 0033 0753.
0075 0075 0069 0056 0055 0045 0033 0019 0012 0016 0013 0019
0029 0048 0058 0079 0096 0116 0135 0131 0127 0121 0104 0099 0138 1502 0009 0626.
0095 0093 0096 0088 0089 0091 0097 0089 0074 0067 0057 0051
0045 0051 0053 0052 0056 0066 0066 0060 0058 0054 0051 0050 0101 2007 0044 0855.
0047 0045 0042 0038 0036 0034 0031 0027 0024 0024 0021 0022
0026 0033 0038 0048 0056 0059 0061 0066 0067 0062 0058 0059 0068 1639 0019 0709.
0055 0053 0048 0044 0038 0037 0035 0028 0026 0023 0022 0025
0032 0033 0037 0039 0037 0044 0042 0042 0040 0037 0034 0032 0059 2001 0020 0650.
0029 0026 0020 0012 0012 0007 0003 -002 -003 0000 -002 -002
0009 0019 0034 0042 0047 0050 0061 0061 0055 0047 0040 0038 0063 1503 -006 0708.
0023 0017 0015 0016 0011 0004 0004 -003 -013 -021 -022 -010
0003 0023 0042 0063 0084 0086 0094 0086 0083 0069 0059 0053 0096 1458 -023 0627.
0048 0047 0043 0036 0033 0024 0019 0013 0007 0004 -001 -008
0018 0036 0049 0067 0085 0082 0084 0082 0081 0073 0068 0065 0087 1456 -008 0758.
0064 0057 0051 0037 0043 0044 0042 0039 0043 0025 0029 0033
0049 0066 0076 0084 0092 0088 0086 0083 0078 0072 0066 0062 0096 1306 0022 0554=
I=
E=
U=
N=
H=
C=
V=
R6
=
=
0000 ////////// 00000=
W=
L=
Z=
G=
FN
067077 064074 063068 064069 056046 082011
066021 043054 059048 062053 076035 061051
060059 075068 055057 043053 022033 024026
002024 009027 041053 048040 040040 052036.
038046 043025 048028 040023 060021 181015
117012 158027 178026 168020 147008 PPC001
204006 238017 256015 284019 056004 275015
320022 088006 093005 098007 053023 049027.
041004 236007 174015 PPC000 238012 181020
217009 185008 163018 187020 223012 250019
207013 281016 270011 257013 124006 315017
282017 280011 231009 062007 095012 028015.
070030 148021 076014 005009 196018 130008
048014 085022 300019 150031 071017 054028
200022 203026 252021 264011 PPC001 316013
017006 187014 180026 151020 240007 175008.
256011 215015 225009 PPC000 211017 190021
198030 224026 209024 197034 179037 179019
253021 012010 001016 299012 318012 310014
262007 284009 PPC000 038027 046022 051023.
048025 046014 192018 245011 187025 242030
208025 177032 207030 203049 224017 165017
202017 257012 253015 265012 247022 299038
286038 285047 291051 303041 305032 290021.
285020 283021 301020 330029 025020 347014
325016 028019 084028 107023 095028 090033
085021 091026 058028 193015 283026 301021
318024 246015 170023 185017 252041 224036.
231041 218042 239049 246044 244035 257021
252025 198023 244028 241028 215020 225032
240047 264031 288033 294040 286032 263025
270021 254031 260025 291018 300036 202017.
207029 235037 211028 228031 222030 220029
190030 186025 214012 223011 262011 182006
235011 261017 323010 259015 043011 025014
016011 300011 243016 219016 186020 197034.
182033 221035 220034 237031 218030 234029
228023 216032 222028 241029 191030 223021
231014 239010 192017 332018 069008 059018
069021 057006 051008 026015 093030 146050.
134039 272010 040012 027017 078014 325003
238021 209014 213014 225016 184026 233011
246011 277013 316014 032010 101011 086024
061028 064047 062028 067042 122042 126030.
073011 127038 101045 098040 101035 101031
140056 139052 133025 040010 046021 074026
095013 300013 315007 233021 309015 017011
315023 033045 040067 059054 071045 085048.
088029 070019 181036 239014 085019 358011
103012 207015 178007 218008 277013 168013
076003 255022 311015 256008 227009 309016
274011 039016 025010 092015 060029 059029.
248014 310010 177028 261015 200017 189028
212027 165022 183017 150012 218006 295009
332006 273005 313010 037013 035007 052032
037048 048067 062073 063073 051067 041061.
043069 060061 044056 056057 069046 061038
055035 075018 074022 093017 033010 047023
047020 041018 038014 062037 015007 261009
PPC001 009016 041021 070012 080011 132010.
161033 156034 166020 243014 245015 172024
209023 PPC000 095010 082008 167011 068013
065016 086009 029027 041049 032015 100015
041018 036007 143012 212015 219027 283010.
092030 003011 129024 181023 279014 234020
149041 123015 201017 177018 318015 227016
187031 224023 282010 308016 273025 232034
252016 326032 306025 312036 265016 229035.
209038 206037 215030 275009 299008 139020
180030 205023 200023 205015 307011 190028
186023 264013 270012 259022 305036 269017
183016 228026 282007 156027 149041 156044.
189042 210034 169015 292011 334009 176022
169012 234014 233017 208020 246019 213014
273006 285013 229015 333016 048018 050016
036032 061032 035037 006014 042027 059025.
001010 021016 094009 246019 221016 211012
166026 217017 218026 224015 189022 252013
245016 235007 309009 313013 350010 090015
017011 075035 031021 043022 021019 164025.
209019 289008 281011 023011 320016 PPC000
325010 170026 251012 174023 194028 039011
022014 339014 036017 012024 042026 036047
032044 040055 056051 030025 058041 065044.
024038 054038 040039 263009 058026 048024
244009 213021 200021 218019 195025 216025
228025 236015 210018 279021 248018 228016
253014 207019 166018 196012 204024 185043.
205045 184040 216028 083046 078042 066045
074109 059107 074120 073079 091089 066080
070104 061117 055089 066117 066110 073078
058094 045075 052055 058050 067044 067044.
070033 066043 065021 043024 026022 029022
024031 044028 024020 046014 PPC000 271009
272009 226018 231021 225024 265028 221024
219029 202028 173018 099027 090046 074034.
068014 040040 042039 048041 055034 034054
034035 022027 042034 050023 059022 062027
078071 072073 063062 065086 059087 045053
041066 060051 057053 057038 059026 055044.
052032 061019 118010 205015 334006 311007
263011 085012 154020 330008 157011 204008
052009 302006 282011 330006 287011 212015
199009 317010 PPC002 014013 308010 351009.
141014 153026 115013 181006 158009 141017
253007 199007 192015 190020 184024 220010
242011 297009 323012 033011 040012 069029
054030 061043 070032 146046 150045 100042.
101045 129053 134048 249006 116007 034011
102019 056026 071025 063022 081023 246023
PPC002 136015 058010 043023 046020 022031
015030 024036 026025 042008 122034 136049.
139038 079013 192012 190025 155019 049008
031011 060011 145016 202018 149019 205022
PPC001 172004 141015 295013 245017 312012
232015 198021 234028 232024 239023 316013=
065077 065078 066066 066069 057047 089013
046020 042056 059049 063052 078037 061053
062057 068067 051061 045055 021028 027024
355024 011027 040053 047043 040043 051039.
039044 043025 051031 037024 060020 181016
119011 157028 179026 166019 150008 269005
198008 241019 253017 302019 340008 283016
316016 107006 110005 104007 057024 050028.
050005 239003 177015 PPC001 243012 186019
221009 190009 161018 189021 223012 245021
204014 282015 268012 278013 177008 303014
275015 260012 241008 057007 096012 037015.
079033 136020 076016 010011 192017 140009
055015 089021 299018 155030 066018 060029
210022 204026 257020 263012 PPC002 295010
327007 189009 179024 152021 251007 181009.
271010 218014 223010 PPC000 214017 191021
199029 224026 212024 196032 179036 180023
249021 004012 355014 306013 300010 292014
305009 300011 PPC000 039028 047023 055025.
047026 047016 190019 248011 190024 243028
207024 175033 211029 201051 225018 179021
209018 259015 249017 257015 252024 291041
293039 280051 283050 298041 303034 290022.
290023 279020 300019 329032 035024 342015
321015 028019 078028 103023 095030 092032
084025 066028 069029 180015 280023 291022
310020 338011 179018 185017 247043 224035.
232042 219042 239049 246044 244037 257020
249026 200023 242029 244028 217020 225034
239044 257037 283033 299037 280030 258026
273021 253029 251030 294022 300033 218017.
206030 233036 225027 231035 224033 218030
186030 180026 204014 225011 263013 165007
230011 252017 312009 267014 042013 017015
007011 265009 237016 219016 186020 196035.
184033 219036 220034 238030 218031 232028
225023 220031 223030 240028 192029 222022
229015 247014 212012 333015 063014 118013
085018 034008 041008 030013 093029 142054.
135042 271011 040012 030016 080013 271004
249017 207015 216014 215017 178026 236011
234010 269011 315013 001010 038011 082023
067031 061045 057029 071042 125043 128032.
067010 126037 099045 099041 108032 104034
138057 139054 132027 055010 047021 067025
098014 297012 299008 234020 280013 342010
321027 036052 041066 059056 068045 086048.
087030 071019 184034 244015 089022 001011
102011 204013 157006 196009 274012 170014
076006 253021 305013 268010 241012 294013
297012 047014 027010 095016 060032 059029.
251013 302011 174028 260015 205015 186028
209028 167023 179019 154013 200008 296010
327005 307004 287010 014012 058009 059032
043044 049058 061072 063068 047068 039059.
045069 059062 048054 058053 068050 059037
057032 069018 075022 088019 060011 045023
047020 048014 060014 050035 038007 283008
279003 341020 038020 072012 076010 130011.
162032 159034 162021 240014 238015 166025
203024 PPC002 086011 082007 161010 064015
065014 105008 024025 045048 034017 098016
053018 042008 142011 209015 219026 287011.
087029 357012 123023 180022 269015 230018
149039 117015 212016 184017 323015 226015
186032 229024 270015 309019 272023 241028
267016 310028 296024 307033 267017 228033.
208036 207036 215029 272010 293009 132020
181030 206021 198022 209016 313010 188028
186025 258013 283014 262019 306029 261028
208014 204024 265012 152028 149041 154045.
187043 207034 186019 297011 327009 179020
173012 238014 227016 205020 249018 222013
267008 295013 240013 334015 029014 058020
037033 058034 037040 012014 039029 060025.
359011 019014 051009 241019 213017 215012
172027 218017 217024 225016 192025 245012
240018 239008 310009 296012 352014 075014
348012 074033 034021 048020 018016 164024.
207019 280010 278011 016010 324016 PPC000
319011 169026 254013 177024 193027 033011
023015 330013 040013 021024 040029 032047
036046 040056 054049 029026 062048 070043.
025035 057039 045039 260010 062024 058023
262008 216020 206020 218018 195025 217025
228023 245017 223019 273023 254016 216019
260013 208019 163016 205012 203024 188044.
207045 186039 215027 080046 073046 069048
077092 067110 078110 073096 084093 066084
066098 063111 056091 064112 066107 067082
066096 047077 060064 064056 067045 063039.
069034 066042 070021 042024 028023 025023
026029 043032 019017 038015 PPC000 261008
265012 240016 234023 221024 272029 219023
213027 201026 178018 099026 092044 078031.
065014 038034 042042 046043 051038 038049
038034 025028 043031 048024 058023 063031
081073 072062 069059 062085 051086 049058
042069 059057 055055 054039 058032 055041.
055033 062020 109009 201015 322006 311006
269011 074011 149019 329009 145010 193008
057009 335007 292010 329007 272012 234015
239011 320009 033004 017013 311010 343010.
137013 152027 115011 163007 156010 139016
249007 205007 190016 191021 183023 218011
236010 275007 307011 012016 058011 072028
044023 065040 069038 145050 149045 102036.
098047 132054 132044 277007 123012 042010
103020 062025 073024 065023 078022 243023
283004 109012 041012 031022 056024 023025
011030 030033 026026 022011 123034 136048.
137038 096013 185012 186025 157019 059008
025010 044011 139016 198017 152018 202023
230003 172008 154017 276014 220017 312012
227016 205019 233026 237024 241024 310012=
088063 2157 129059 2102
045043 2044 063034 2053
028059 2019 039168 1912
039081 2104 049090 2109
042182 0735 051185 0733
077326 1812 115278 1606
055234 1916 085239 1855
054241 2345 086271 1033
046239 2248 058252 2247
056140 1956 069137 1958
051149 2006 072115 1842
072048 1710 099032 1724
049080 2006 068080 2005
094045 1644 136036 1643
076043 2109 118034 2107
059038 1117 085039 1116
044313 1717 078221 1333
048152 1944 073245 1517
052042 1640 075020 1639
034068 1547 051065 1548
069039 1629 096040 1634
048034 2108 070032 2107
137069 0421 215066 0431
059078 2216 086087 2215
095062 1236 140095 0849
047064 2010 063064 2017
054141 1756 075143 1827
059135 2223 081093 2115
047137 2023 064119 2009=
D=
K=
A=
S=
B=
??????
******
YF
O2211
河南省
豫偃师顾县
偃师市顾县镇水厂
平原；城镇；地面
空缺
计算机
计算机
计算机
计算机
计算机
20120319=
JY
8888=
GK
01/
05/=
BZ
00/343916/1124641
10/24/逐时观测
10/24/24时连续观测
11/不守班=
######
