O2205 3455N 11222E 004250 004250 105 000 S15 91999999919999199999 0 2009 02
P=
TB
-017 -013 -011 -010 -010 -009 -010 -011 -012 -014 -015 -016
-014 -013 -008 -003 -003 0002 0006 0011 0007 0005 0005 0004 0014 1521 -020 2001.
0006 0006 0007 0008 0009 0007 0005 0003 0004 0005 0006 0010
0012 0005 0001 0003 0003 0004 -001 0000 0000 0002 0006 0008 0013 0848 -001 1441.
0008 0009 0010 0013 0012 0016 0011 0007 0011 0012 0012 0011
0011 0017 0020 0031 0037 0053 0052 0048 0043 0035 0034 0028 0057 1336 0006 0426.
0026 0019 0018 0012 0010 0001 0013 0007 0009 0009 0009 0013
0024 0044 0065 0078 0091 0107 0116 0113 0094 0073 0067 0068 0118 1457 0001 0158.
0061 0053 0060 0048 0047 0042 0033 0032 0030 0025 0022 0024
0029 0039 0057 0069 0081 0078 0078 0073 0070 0065 0066 0065 0086 1302 0021 0641.
0062 0058 0055 0053 0050 0051 0049 0048 0046 0044 0045 0044
0052 0066 0081 0096 0104 0123 0100 0093 0088 0073 0074 0075 0124 1403 0044 0540.
0075 0076 0076 0076 0075 0075 0072 0069 0069 0072 0070 0070
0079 0089 0088 0091 0093 0079 0067 0064 0056 0048 0045 0045 0093 1258 0045 1833.
0044 0043 0042 0037 0029 0022 0019 0017 0017 0020 0022 0020
0020 0020 0028 0031 0033 0039 0040 0039 0037 0029 0028 0026 0045 2001 0016 0421.
0028 0036 0038 0037 0050 0049 0042 0049 0045 0036 0032 0038
0051 0079 0095 0113 0140 0158 0163 0160 0136 0117 0106 0088 0169 1435 0025 2028.
0093 0080 0076 0074 0062 0052 0043 0037 0043 0040 0046 0048
0071 0096 0134 0144 0178 0209 0218 0179 0171 0155 0153 0140 0223 1537 0034 0347.
0149 0127 0119 0116 0112 0103 0096 0108 0091 0082 0087 0087
0102 0108 0113 0126 0137 0143 0146 0141 0132 0128 0122 0118 0157 2022 0077 0611.
0116 0116 0115 0114 0117 0115 0115 0112 0112 0111 0109 0108
0107 0107 0103 0101 0103 0103 0109 0108 0108 0107 0108 0113 0118 2001 0100 1125.
0111 0113 0116 0113 0116 0113 0110 0111 0108 0108 0100 0103
0114 0117 0110 0109 0121 0126 0138 0133 0121 0101 0094 0084 0143 1515 0083 1957.
0079 0073 0071 0068 0067 0066 0068 0067 0068 0066 0068 0071
0087 0094 0097 0109 0121 0146 0150 0144 0137 0119 0109 0103 0153 1424 0063 0533.
0106 0102 0099 0102 0100 0101 0110 0113 0093 0095 0045 0036
0027 0025 0023 0023 0025 0021 0022 0023 0021 0017 0013 0010 0115 0408 0010 1957.
0010 0009 0011 0009 0008 0004 0002 0000 0001 -001 -002 0003
0012 0019 0032 0025 0028 0036 0028 0020 0012 0008 0001 -001 0039 1356 -003 0701.
-004 -005 -007 -008 -015 -017 -018 -020 -023 -024 -024 -022
-022 -020 -015 -013 -011 -010 -009 -006 -004 -006 -005 -005 -001 2001 -025 0621.
-005 -004 -003 -003 //// //// //// -005 -002 -004 -005 -003
-002 -001 0001 0002 0004 0006 0007 0005 0002 -002 -004 -005 0008 1457 -006 2025.
-008 -009 -010 -011 -011 -012 -012 -012 -009 -006 -006 -004
0001 0024 0041 0066 0073 0076 0075 0073 0070 0067 0066 0060 0084 1326 -013 0137.
0050 0047 0047 0047 0043 0038 0024 0012 0009 0006 -001 -002
0020 0045 0060 0054 0056 0062 0067 0062 0063 0058 0049 0044 0074 1614 -003 0705.
0041 0038 0036 0031 0022 0026 0026 0005 0007 0007 0005 0016
0021 0048 0079 0093 0123 0136 0144 0139 0120 0107 0100 0091 0148 1536 0001 0612.
0088 0077 0077 0073 0070 0067 0069 0076 0054 0051 0038 0042
0046 0048 0065 0073 0079 0075 0076 0072 0066 0057 0051 0048 0091 2001 0036 0711.
0044 0042 0036 0031 0027 0026 0024 0021 0015 0012 0013 0010
0021 0026 0039 0057 0063 0068 0055 0054 0048 0046 0045 0041 0073 1328 0010 0748.
0038 0035 0033 0030 0028 0025 0026 0023 0022 0022 0020 0020
0021 0022 0024 0026 0028 0026 0021 0008 0005 0000 0000 0000 0041 2001 -001 1831.
0001 0001 0000 0000 0001 0001 0001 0000 -002 -004 -003 -003
-001 0006 0012 0010 0014 0009 0010 -004 -010 -018 -017 -016 0020 1247 -018 1800.
-015 -015 -016 -017 -016 -017 -016 -016 -019 -018 -018 -016
-010 0000 0006 0006 0014 0015 0009 0007 0009 0004 0001 -001 0016 1323 -020 0451.
-001 0000 -001 -002 -005 -003 0000 0001 0000 -001 -001 0009
0024 0043 0062 0073 0084 0094 0110 0083 0076 0061 0051 0046 0116 1448 -006 0116.
0039 0035 0031 0029 0026 0021 0021 0015 0022 0022 0024 0031
0040 0055 0059 0088 0107 0101 0112 0093 0088 0074 0064 0052 0113 1421 0015 0339=
I=
E=
U=
N=
H=
C=
V=
R6
0000 0000 0000
0000 0000 0000
0000 0000 0000
0000 0000 0000
0000 0000 0000
0000 0000 0000
0000 0000 0000
0000 0004 0004
0001 0000 0001
0000 0000 0000
0000 0000 0000
0000 0000 0000
0000 0000 0000
0000 0000 0000
0000 0001 0001
0000 0005 0005
0002 0000 0002
0000 0015 0015
0000 0001 0001
0000 0000 0000
0000 0000 0000
0000 0000 0000
0000 0000 0000
0000 0037 0037
0005 0007 0012
0000 0052 0052
0000 0000 0000
0000 0000 0000=
0000 0000 0000 0000 0000 0000 0000 0000 0000 0000 0000 0000
0000 0000 0000 0000 0000 0000 0000 0000 0000 0000 0000 0000.
0000 0000 0000 0000 0000 0000 0000 0000 0000 0000 0000 0000
0000 0000 0000 0000 0000 0000 0000 0000 0000 0000 0000 0000.
0000 0000 0000 0000 0000 0000 0000 0000 0000 0000 0000 0000
0000 0000 0000 0000 0000 0000 0000 0000 0000 0000 0000 0000.
0000 0000 0000 0000 0000 0000 0000 0000 0000 0000 0000 0000
0000 0000 0000 0000 0000 0000 0000 0000 0000 0000 0000 0000.
0000 0000 0000 0000 0000 0000 0000 0000 0000 0000 0000 0000
0000 0000 0000 0000 0000 0000 0000 0000 0000 0000 0000 0000.
0000 0000 0000 0000 0000 0000 0000 0000 0000 0000 0000 0000
0000 0000 0000 0000 0000 0000 0000 0000 0000 0000 0000 0000.
0000 0000 0000 0000 0000 0000 0000 0000 0000 0000 0000 0000
0000 0000 0000 0000 0000 0000 0000 0000 0000 0000 0000 0000.
0000 0000 0000 0000 0000 0000 0000 0000 0000 0000 0000 0000
0000 0000 0000 0000 0000 0000 0000 0003 0001 0000 0000 0000.
0001 0000 0000 0000 0000 0000 0000 0000 0000 0000 0000 0000
0000 0000 0000 0000 0000 0000 0000 0000 0000 0000 0000 0000.
0000 0000 0000 0000 0000 0000 0000 0000 0000 0000 0000 0000
0000 0000 0000 0000 0000 0000 0000 0000 0000 0000 0000 0000.
0000 0000 0000 0000 0000 0000 0000 0000 0000 0000 0000 0000
0000 0000 0000 0000 0000 0000 0000 0000 0000 0000 0000 0000.
0000 0000 0000 0000 0000 0000 0000 0000 0000 0000 0000 0000
0000 0000 0000 0000 0000 0000 0000 0000 0000 0000 0000 0000.
0000 0000 0000 0000 0000 0000 0000 0000 0000 0000 0000 0000
0000 0000 0000 0000 0000 0000 0000 0000 0000 0000 0000 0000.
0000 0000 0000 0000 0000 0000 0000 0000 0000 0000 0000 0000
0000 0000 0000 0000 0000 0000 0000 0000 0000 0000 0000 0000.
0000 0000 0000 0000 0000 0000 0000 0000 0000 0000 0000 0000
0000 0000 0001 0000 0000 0000 0000 0000 0000 0000 0000 0000.
0000 0000 0000 0000 0000 0000 0000 0000 0000 0000 0000 0000
0000 0000 0000 0000 0000 0000 0000 0000 0000 0000 0002 0003.
0001 0000 0001 0000 0000 0000 0000 0000 0000 0000 0000 0000
0000 0000 0000 0000 0000 0000 0000 0000 0000 0000 0000 0000.
0000 0000 0000 0000 0000 0000 0000 0000 0000 0000 0000 0000
0000 0000 0000 0001 0001 0006 0006 0001 0000 0000 0000 0000.
0000 0000 0000 0000 0000 0000 0000 0000 0000 0000 0000 0000
0000 0001 0000 0000 0000 0000 0000 0000 0000 0000 0000 0000.
0000 0000 0000 0000 0000 0000 0000 0000 0000 0000 0000 0000
0000 0000 0000 0000 0000 0000 0000 0000 0000 0000 0000 0000.
0000 0000 0000 0000 0000 0000 0000 0000 0000 0000 0000 0000
0000 0000 0000 0000 0000 0000 0000 0000 0000 0000 0000 0000.
0000 0000 0000 0000 0000 0000 0000 0000 0000 0000 0000 0000
0000 0000 0000 0000 0000 0000 0000 0000 0000 0000 0000 0000.
0000 0000 0000 0000 0000 0000 0000 0000 0000 0000 0000 0000
0000 0000 0000 0000 0000 0000 0000 0000 0000 0000 0000 0000.
0000 0000 0000 0000 0000 0000 0000 0000 0000 0000 0000 0000
0000 0000 0000 0000 0000 0000 0009 0019 0007 0002 0000 0000.
0001 0000 0001 0001 0000 0001 0000 0000 0001 0000 0000 0000
0000 0000 0005 0002 0000 0000 0000 0000 0000 0000 0000 0000.
0000 0000 0000 0000 0000 0000 0000 0000 0000 0000 0000 0000
0000 0000 0004 0002 0019 0015 0004 0005 0002 0001 0000 0000.
0000 0000 0000 0000 0000 0000 0000 0000 0000 0000 0000 0000
0000 0000 0000 0000 0000 0000 0000 0000 0000 0000 0000 0000.
0000 0000 0000 0000 0000 0000 0000 0000 0000 0000 0000 0000
0000 0000 0000 0000 0000 0000 0000 0000 0000 0000 0000 0000=
0000 ////////// 00000=
W=
L=
Z=
G=
FN
101017 075020 073019 064018 078028 090007
140007 108012 140015 102017 069012 068014
094011 066012 PPC002 055009 018005 216006
244005 224007 125016 140010 137006 260011.
211009 300010 030018 266005 013009 122007
145006 212016 236015 255015 323009 PPC001
028006 114021 096020 127014 080012 125011
087022 087017 070017 080009 066020 072014.
325006 018013 327011 034009 005007 145008
327028 029011 237005 109011 079015 113025
088006 058006 075012 091012 080026 149011
120014 067011 107012 094016 096023 098027.
105020 100025 080025 081024 064017 034018
090024 055009 037008 327010 300012 268022
273014 320015 322021 344011 341012 254019
308028 334011 204010 109034 217021 256028.
273020 320022 298014 288023 323033 329035
032014 328019 064011 352011 037025 044025
068023 067022 091021 065027 071022 345010
085019 090027 092024 082020 070035 069042.
100028 096020 073023 080030 103013 083013
094020 108023 108015 098020 072019 107015
300009 315013 323012 342015 332019 332013
068021 092020 125022 111019 090023 074035.
109020 081033 068027 076025 074013 111016
025008 288014 309015 275021 304011 327012
281006 309013 PPC000 263009 010007 096018
082021 079016 091031 091027 095030 082028.
////// 084029 113020 080015 111019 115015
118011 076017 030013 105017 124020 025007
////// PPC000 327017 297021 304014 302025
305017 290019 286015 298024 ////// 287029.
304060 286055 304071 321095 316120 308097
322057 328045 305068 294047 317098 310097
317114 320135 312082 307086 321050 319033
338030 316052 242042 252042 254056 310044.
344058 312028 314026 298031 306021 303024
307021 319032 282040 318045 309038 311025
313026 272019 323024 312010 282012 319028
331044 087029 125025 138044 138037 144028.
089015 208013 265020 284019 352010 339021
029012 135008 341010 330021 049031 043032
081039 ////// 091029 091037 072034 079027
081022 086033 097024 076034 082027 079030.
095024 106014 095024 085017 093024 087018
105020 102029 090032 094029 120012 080033
058034 090033 064033 077038 053038 019012
314021 300038 ////// 231025 300068 306059.
312071 307124 303131 308156 309163 313149
320139 323109 327099 322116 324033 329059
329050 022016 121023 101032 091034 106018
071020 097019 123028 095038 091031 110027.
100019 090021 112027 051016 006013 327021
PPC000 144011 213013 286021 286024 227025
225033 253026 228072 230046 231060 232035
203059 209060 216060 208061 164031 215030.
249020 284025 289031 311045 304060 340036
007049 005041 129048 107027 104037 083047
090036 080032 081031 089030 073022 097025
051038 070034 106017 093018 121021 089021.
100030 081025 078028 085016 087016 119015
098014 102020 087020 050020 106014 071008
097017 080018 109012 094020 073018 070028
077019 077034 087029 061047 082034 077032.
079042 PPC000 PPC000 PPC000 PPC000 PPC000
PPC000 PPC000 PPC000 PPC000 PPC000 PPC000
PPC000 PPC000 PPC000 PPC000 PPC000 //////
PPC000 PPC000 PPC000 PPC000 PPC000 PPC000.
PPC000 PPC000 PPC000 PPC000 ////// //////
////// PPC000 PPC000 PPC000 PPC000 PPC000
PPC000 ////// PPC000 PPC000 086020 089024
086029 145022 072037 088025 072030 063026.
083037 081028 061015 078008 PPC000 PPC000
PPC000 PPC000 PPC000 PPC000 PPC000 PPC000
289033 306038 323111 315115 317125 321140
307137 315131 313139 312125 310105 320082.
296075 298069 306071 311115 307102 320128
319104 309073 313122 294058 323083 008019
004020 358013 335020 068018 091027 095034
085029 088030 094018 102021 108022 079030.
064024 069034 081024 034020 036027 052023
073019 032021 327014 320011 330011 002013
325026 264008 326017 299017 318016 357015
301011 205018 096008 093020 109030 102026.
063013 030012 034007 300009 299031 295022
271011 029017 121045 103023 112022 080023
098034 081048 064019 105030 129025 134027
139026 071018 067023 152020 096016 154011.
088022 150013 097016 115019 096015 080036
073024 073035 081026 095025 109022 087023
081025 072022 087025 111024 094031 091028
079035 063041 069034 043021 046034 077023.
078034 095021 100020 108012 077020 081027
049009 086020 116018 097009 073022 122008
086018 094017 077027 092022 055023 087014
076014 129025 134019 051008 090011 120017.
350013 ////// 116010 327008 017009 326020
054020 107009 132018 150016 176007 063010
179014 082012 080024 081040 093024 079020
131013 140015 140011 118015 084005 021009.
163007 042012 042010 068013 042014 099007
150016 029017 125008 PPC000 149009 212011
203010 282007 309013 323020 314010 322013
305007 321013 300009 304009 230016 233017.
247024 230026 269019 298018 307019 277020
303049 269038 318045 300029 304044 298034
273010 ////// 279011 325018 058014 210020
341019 128016 109013 121015 127019 118021.
094030 075018 081018 086018 122017 114006
034011 325018 266013 312029 235017 288023
322035 311026 284012 347014 316018 306013
179012 096022 095009 120030 126028 122029=
091019 075018 078015 054017 073025 084011
139008 103009 133013 106016 100008 062011
071009 073008 034007 031006 027006 210006
261006 238005 133012 136009 139005 261007.
209010 290010 010018 233006 348007 083003
167005 209013 238018 255015 327010 PPC001
016006 117020 091015 116014 109011 109009
090019 087013 080014 089009 061020 073014.
345008 357011 344009 031009 352009 154006
328023 030011 239004 067009 078013 113022
103011 070007 071012 081015 078020 117010
144010 071014 094014 094013 097023 099022.
106021 097023 079027 078024 065019 030015
091024 046007 034008 327007 302011 266017
274012 315012 323016 326010 329015 284019
307032 328015 204008 109035 215021 253022.
274019 316020 296014 295024 328024 329033
029015 354016 054006 342013 034022 043029
057024 065026 088020 078018 075019 030018
086019 091025 093020 084020 070033 070040.
097027 100026 078023 086026 089014 074014
093024 095022 102018 098020 072021 103016
297007 316011 322014 349013 346017 333016
069020 091022 126021 112022 088021 074032.
084026 072028 064028 077023 054011 100011
033007 294012 319014 270018 302010 328010
287008 309011 221003 229011 351006 098014
077021 074019 091032 084024 087027 085028.
////// 079036 091015 095016 101018 106015
111012 077018 031016 094014 119017 083007
////// 334003 327015 300020 296015 304026
288015 290021 283017 299021 ////// 286027.
302054 282056 303066 320089 313119 308106
322066 323043 304057 296041 318094 310093
320112 326133 311086 308086 320050 320035
330035 317049 267041 253041 255052 311042.
337044 311031 300022 301030 303025 297026
307018 317028 288035 322038 307038 313026
317025 287022 320024 311009 285015 311023
331043 075021 125027 138042 140039 146027.
086013 226014 267022 289017 354022 342020
029012 140009 062007 328016 047032 039032
074036 ////// 099031 084043 078029 083030
076031 077034 104023 074033 088023 084028.
090023 101020 085024 093015 093027 089018
106020 099026 092031 095026 106016 089027
071028 083029 069030 077029 056029 022015
316020 306037 ////// 225023 296063 305069.
307058 308127 305130 309144 310161 314145
318135 319119 324107 326112 323030 333067
323051 000019 117030 106030 100027 108024
073017 103018 117022 099038 090027 108022.
102020 091023 115030 048014 006012 327024
298004 139013 197015 281020 274024 250018
227035 245041 227074 236038 227059 226035
209054 208056 214061 206061 186039 216028.
256022 289027 288026 306041 296046 350032
008044 006040 136038 119020 104040 081050
090040 090028 088029 084029 066020 090028
062040 080031 091026 096014 106021 094020.
100020 083028 078029 091015 091018 111013
099018 094019 087019 053021 103016 061003
077014 073019 094013 090022 077022 077019
082021 080035 087031 071041 081026 080035.
082039 076024 PPC000 PPC000 PPC000 PPC000
PPC000 PPC000 PPC000 PPC000 PPC000 PPC000
PPC000 PPC000 PPC000 PPC000 PPC000 //////
PPC000 PPC000 PPC000 PPC000 PPC000 PPC000.
PPC000 PPC000 PPC000 PPC000 ////// //////
////// PPC000 PPC000 PPC000 PPC000 PPC000
PPC000 ////// PPC000 PPC000 083021 081023
088028 105026 077034 085023 077025 069026.
091031 081025 077019 086012 PPC000 PPC000
PPC000 PPC000 PPC000 PPC000 PPC000 PPC000
287033 313039 322104 319113 321112 322126
314135 312133 314130 309114 312101 317083.
296069 299069 306073 310110 315104 311122
323104 312061 318130 293056 326088 003021
005021 002010 348015 068015 078028 084030
087030 086027 088015 103017 110019 085026.
059025 070035 080027 039022 034019 054023
072015 029017 352010 321010 328014 346014
327024 303010 332012 270014 310017 338014
266019 172017 097009 092017 107032 107029.
072014 029012 016008 299010 294029 288023
297013 021012 118045 098023 110025 077034
088031 085043 073021 096031 101026 118021
096021 077014 096022 125018 123015 080013.
099019 137014 108016 118020 098016 075034
068031 073026 089023 097023 110019 091022
080025 082018 071021 090022 086030 084024
075033 076032 072029 050026 054034 088026.
075031 093022 096022 103014 090016 083024
057014 089021 099020 096017 077019 097013
089014 083015 081024 081018 072020 079019
092014 115023 129014 091013 085011 113013.
097013 ////// 121013 005005 016008 326022
042016 125011 138020 149017 198005 078008
145014 079018 077020 082028 077018 083036
129014 142019 118010 129015 140009 096006.
154008 036012 038011 071011 038012 088009
163015 029013 122009 034003 150009 208009
194011 250006 316009 328015 335008 322012
318007 319011 306009 295007 232014 234019.
242021 229024 262018 299016 306018 290021
300046 268039 314041 294026 301046 306037
273009 ////// 281017 301014 004011 226017
335023 126014 104012 128016 129021 113017.
097022 078023 078020 091017 116016 123015
053010 327015 258013 309025 250018 283020
323035 312025 271013 333014 328021 326013
173012 087020 071009 120026 127028 121028=
025067 0055 040082 0059
027117 1021 034115 1011
026110 1832 033096 1944
036098 1742 045318 1437
040071 1959 049062 1952
042071 2003 050070 2035
044079 1730 066065 1643
042078 2151 057062 2148
141322 0949 155309 0036
054322 1449 075315 1447
046080 1158 063065 1201
086304 1926 103298 1923
167311 2330 202307 0125
076228 1059 103228 1055
109335 0425 131329 0420
050077 1831 082059 1805
050072 2019 075076 2040
038081 1522 062132 1617
165319 1532 224312 1523
155324 0434 170309 0442
042118 1938 050115 1936
049120 0450 097059 1223
043069 1911 069053 1906
035089 2133 053076 2127
039091 1355 056082 1329
019241 1957 025242 1957
065311 0630 074321 0526
039319 0933 053312 0928=
D=
K=
A=
S=
B=
??????
******
YF
O2205
河南省
豫孟津小浪底
孟津县小浪底镇寺院坡村
丘陵；地面；村镇
白凌霞
杨敏
杨敏
杨敏
王国安
杨敏
20090306=
JY
8888=
GK
01/本月总降水量13.0毫米,月平均气温4.6度。
02/本月主要降水过程出现在:8-9日、15-19日、24-26日.
05/=
BZ
BB/08/8日9时、19时、21时温度用内插求得，风向风速缺测。
BB/11/11日10时温度用内插求得，风向风速缺测。
BB/12/12日17时温度用内插求得，风向风速缺测。
BB/17/17日14时温度用内插求得，风向风速缺测。
BB/18/18日10时温度用内插求得，1时-3时温度、风向风速缺测。
BB/25/25日22时温度用内插求得，风向风速缺测。
BB/27/27日10时温度用内插求得，风向风速缺测。
00/345400/1122100
10/24/逐时观测
10/24/24小时连续观测
11/守班=
######
