O2228 3455N 11237E 001320 001320 105 000 S15 91999999919999199999 0 2011 09
P=
TB
0231 0220 0215 0215 0205 0206 0203 0200 0206 0196 0210 0239
0272 0290 0304 0308 0308 0316 0310 0299 0282 0272 0258 0247 0321 1135 0195 0555.
0233 0221 0219 0216 0211 0208 0207 0208 0207 0205 0207 0217
0216 0226 0235 0242 0267 0260 0262 0262 0254 0249 0236 0231 0268 1313 0204 0528.
0229 0224 0227 0225 0225 0224 0225 0225 0224 0218 0220 0225
0230 0233 0246 0261 0256 0266 0256 0249 0243 0235 0226 0220 0267 1401 0218 0550.
0214 0210 0206 0203 0195 0195 0184 0179 0177 0177 0175 0176
0177 0181 0181 0184 0186 0188 0188 0190 0196 0193 0192 0191 0220 2001 0174 0716.
0188 0187 0187 0188 0187 0186 0186 0187 0186 0183 0185 0192
0193 0198 0201 0203 0203 0209 0202 0198 0193 0189 0183 0179 0211 1404 0179 1942.
0178 0178 0178 0179 0179 0179 0179 0180 0178 0178 0179 0179
0179 0181 0183 0185 0180 0178 0177 0171 0170 0167 0167 0166 0187 1041 0166 1806.
0165 0164 0163 0158 0159 0159 0160 0158 0159 0161 0161 0166
0171 0173 0176 0177 0180 0183 0189 0193 0197 0192 0186 0181 0198 1620 0158 2345.
0177 0172 0168 0164 0162 0170 0177 0178 0176 0173 0178 0182
0189 0197 0204 0228 0220 0225 0229 0223 0215 0203 0189 0181 0234 1443 0157 0121.
0173 0184 0184 0186 0186 0185 0185 0184 0185 0184 0186 0199
0211 0223 0226 0229 0243 0247 0246 0234 0225 0215 0208 0206 0252 1325 0172 2104.
0203 0198 0199 0197 0195 0193 0192 0191 0191 0190 0190 0192
0195 0200 0202 0200 0208 0207 0206 0202 0202 0195 0184 0174 0212 1319 0174 1956.
0166 0161 0156 0154 0153 0150 0149 0146 0141 0136 0135 0137
0139 0141 0143 0146 0146 0147 0147 0148 0147 0147 0147 0146 0174 2001 0135 0552.
0147 0149 0151 0151 0152 0153 0153 0155 0156 0157 0158 0160
0162 0167 0168 0172 0184 0195 0204 0206 0204 0200 0177 0161 0210 1543 0146 2002.
0154 0147 0156 0163 0168 0164 0167 0167 0167 0165 0168 0173
0175 0177 0180 0181 0183 0184 0185 0190 0188 0181 0178 0177 0190 1559 0147 2154.
0176 0174 0171 0171 0172 0170 0170 0169 0167 0167 0168 0173
0178 0188 0195 0200 0204 0196 0193 0189 0186 0182 0179 0174 0209 1250 0166 0504.
0173 0173 0173 0174 0174 0174 0173 0172 0174 0175 0176 0182
0189 0193 0210 0230 0235 0250 0250 0245 0243 0230 0199 0184 0254 1349 0171 2129.
0175 0170 0167 0167 0172 0172 0164 0171 0160 0174 0181 0187
0196 0230 0248 0266 0255 0261 0247 0242 0232 0212 0210 0203 0269 1201 0160 0459.
0196 0197 0197 0193 0191 0188 0185 0158 0153 0149 0148 0146
0142 0141 0143 0139 0143 0145 0144 0142 0136 0132 0129 0127 0203 2001 0127 1945.
0124 0126 0126 0125 0123 0122 0122 0120 0119 0118 0118 0123
0126 0129 0124 0123 0124 0125 0126 0126 0118 0112 0110 0108 0132 1025 0108 1923.
0109 0104 0104 0104 0101 0100 0097 0095 0097 0098 0104 0125
0141 0158 0173 0180 0182 0198 0197 0185 0175 0161 0136 0128 0206 1457 0094 0404.
0124 0124 0122 0123 0122 0122 0124 0121 0118 0116 0120 0156
0187 0193 0215 0218 0237 0236 0233 0234 0224 0194 0146 0133 0247 1508 0113 0609.
0120 0114 0112 0104 0104 0094 0095 0089 0086 0084 0094 0142
0172 0205 0233 0243 0255 0268 0260 0262 0238 0211 0174 0163 0275 1510 0079 0549.
0151 0143 0144 0141 0142 0132 0129 0119 0118 0105 0111 0151
0204 0227 0244 0266 0265 0271 0275 0266 0276 0207 0156 0149 0286 1714 0104 0601.
0133 0133 0148 0142 0129 0119 0114 0113 0108 0095 0106 0154
0181 0219 0237 0249 0267 0270 0266 0277 0265 0208 0161 0151 0281 1556 0094 0611.
0137 0136 0124 0120 0116 0105 0107 0104 0100 0099 0103 0159
0196 0225 0245 0261 0273 0289 0285 0281 0265 0222 0189 0178 0291 1438 0092 0620.
0179 0168 0164 0158 0143 0140 0131 0124 0119 0114 0126 0170
0205 0233 0256 0269 0269 0278 0285 0281 0249 0219 0194 0187 0293 1544 0114 0558.
0175 0167 0161 0158 0156 0143 0133 0128 0125 0118 0120 0174
0198 0211 0229 0246 0245 0249 0244 0238 0227 0211 0197 0184 0251 1318 0114 0616.
0175 0155 0145 0141 0134 0128 0125 0127 0135 0142 0152 0170
0183 0197 0207 0212 0204 0191 0187 0183 0177 0170 0166 0166 0214 1145 0122 0239.
0166 0167 0166 0166 0166 0166 0164 0164 0161 0160 0162 0165
0166 0170 0170 0176 0171 0173 0172 0176 0178 0175 0171 0165 0178 1613 0160 0515.
0164 0157 0156 0152 0152 0148 0153 0153 0153 0154 0154 0165
0174 0188 0200 0206 0217 0233 0233 0231 0221 0198 0167 0155 0236 1428 0145 2331.
0144 0132 0144 0129 0135 0130 0126 0119 0126 0140 0143 0153
0160 0190 0229 0241 0247 0260 0250 0242 0225 0208 0195 0186 0268 1357 0117 0430=
I=
E=
U=
N=
H=
C=
V=
R6
0000 0000 0000
0000 0000 0000
0000 0000 0000
0165 0044 0209
0068 0113 0181
0021 0102 0123
0073 0042 0115
0000 0000 0000
0000 0000 0000
0000 0002 0002
0078 0582 0660
0341 0021 0362
0018 0250 0268
0173 0105 0278
0063 0000 0063
0000 0025 0025
0310 0083 0393
0100 0115 0215
0036 0000 0036
0000 0000 0000
0000 0000 0000
0000 0000 0000
0000 0000 0000
0000 0000 0000
0000 0000 0000
0000 0000 0000
0000 0103 0103
0192 0046 0238
0000 0000 0000
0000 0000 0000=
0000 0000 0000 0000 0000 0000 0000 0000 0000 0000 0000 0000
0000 0000 0000 0000 0000 0000 0000 0000 0000 0000 0000 0000.
0000 0000 0000 0000 0000 0000 0000 0000 0000 0000 0000 0000
0000 0000 0000 0000 0000 0000 0000 0000 0000 0000 0000 0000.
0000 0000 0000 0000 0000 0000 0000 0000 0000 0000 0000 0000
0000 0000 0000 0000 0000 0000 0000 0000 0000 0000 0000 0000.
0000 0000 0000 0000 0000 0000 0011 0007 0028 0048 0064 0007
0016 0009 0004 0006 0005 0000 0000 0000 0000 0001 0000 0003.
0000 0000 0000 0000 0003 0001 0003 0015 0024 0013 0003 0006
0001 0003 0010 0013 0013 0018 0012 0005 0009 0006 0009 0014.
0005 0000 0000 0000 0000 0001 0000 0000 0000 0000 0006 0009
0009 0005 0012 0017 0014 0005 0001 0005 0014 0012 0002 0006.
0009 0002 0014 0033 0003 0005 0001 0002 0002 0000 0000 0002
0004 0009 0007 0010 0004 0004 0004 0000 0000 0000 0000 0000.
0000 0000 0000 0000 0000 0000 0000 0000 0000 0000 0000 0000
0000 0000 0000 0000 0000 0000 0000 0000 0000 0000 0000 0000.
0000 0000 0000 0000 0000 0000 0000 0000 0000 0000 0000 0000
0000 0000 0000 0000 0000 0000 0000 0000 0000 0000 0000 0000.
0000 0000 0000 0000 0000 0000 0000 0000 0000 0000 0000 0000
0000 0000 0000 0000 0000 0000 0000 0000 0000 0000 0000 0002.
0003 0001 0001 0000 0000 0000 0000 0000 0009 0014 0037 0013
0051 0038 0006 0005 0015 0044 0079 0067 0086 0065 0058 0068.
0068 0020 0029 0053 0067 0036 0025 0014 0009 0008 0004 0008
0012 0004 0001 0001 0003 0000 0000 0000 0000 0000 0000 0000.
0000 0000 0000 0000 0000 0000 0000 0006 0002 0004 0004 0002
0009 0018 0029 0021 0029 0008 0014 0007 0025 0054 0015 0021.
0014 0011 0016 0038 0042 0037 0014 0001 0000 0000 0000 0000
0000 0000 0000 0000 0000 0001 0001 0007 0023 0019 0041 0013.
0009 0003 0010 0012 0028 0001 0000 0000 0000 0000 0000 0000
0000 0000 0000 0000 0000 0000 0000 0000 0000 0000 0000 0000.
0000 0000 0000 0000 0000 0000 0000 0000 0000 0000 0000 0000
0000 0000 0000 0000 0000 0000 0000 0000 0000 0020 0001 0004.
0073 0006 0034 0051 0032 0029 0014 0044 0006 0006 0008 0007
0007 0014 0011 0007 0004 0001 0003 0001 0009 0018 0002 0006.
0016 0013 0012 0004 0010 0017 0009 0005 0005 0002 0003 0004
0002 0007 0014 0016 0008 0010 0005 0004 0006 0019 0018 0006.
0008 0014 0007 0007 0000 0000 0000 0000 0000 0000 0000 0000
0000 0000 0000 0000 0000 0000 0000 0000 0000 0000 0000 0000.
0000 0000 0000 0000 0000 0000 0000 0000 0000 0000 0000 0000
0000 0000 0000 0000 0000 0000 0000 0000 0000 0000 0000 0000.
0000 0000 0000 0000 0000 0000 0000 0000 0000 0000 0000 0000
0000 0000 0000 0000 0000 0000 0000 0000 0000 0000 0000 0000.
0000 0000 0000 0000 0000 0000 0000 0000 0000 0000 0000 0000
0000 0000 0000 0000 0000 0000 0000 0000 0000 0000 0000 0000.
0000 0000 0000 0000 0000 0000 0000 0000 0000 0000 0000 0000
0000 0000 0000 0000 0000 0000 0000 0000 0000 0000 0000 0000.
0000 0000 0000 0000 0000 0000 0000 0000 0000 0000 0000 0000
0000 0000 0000 0000 0000 0000 0000 0000 0000 0000 0000 0000.
0000 0000 0000 0000 0000 0000 0000 0000 0000 0000 0000 0000
0000 0000 0000 0000 0000 0000 0000 0000 0000 0000 0000 0000.
0000 0000 0000 0000 0000 0000 0000 0000 0000 0000 0000 0000
0000 0000 0000 0000 0000 0000 0000 0000 0000 0000 0000 0000.
0000 0000 0000 0000 0000 0000 0000 0000 0000 0000 0000 0000
0000 0000 0000 0000 0000 0004 0005 0003 0010 0015 0028 0038.
0027 0015 0007 0006 0003 0032 0015 0032 0026 0014 0009 0006
0003 0004 0007 0016 0004 0003 0000 0008 0001 0000 0000 0000.
0000 0000 0000 0000 0000 0000 0000 0000 0000 0000 0000 0000
0000 0000 0000 0000 0000 0000 0000 0000 0000 0000 0000 0000.
0000 0000 0000 0000 0000 0000 0000 0000 0000 0000 0000 0000
0000 0000 0000 0000 0000 0000 0000 0000 0000 0000 0000 0000=
0000 ////////// 00000=
W=
L=
Z=
G=
FN
PPC000 336010 027012 019014 354006 041006
PPC001 287007 211007 186018 176010 145008
170018 147010 112021 048037 064037 081033
068042 077046 064061 064046 063046 070043.
082046 061020 038028 058037 070031 060032
051023 040037 043020 016017 018028 055030
055023 059021 055027 048020 068015 012015
044018 031030 040023 036018 355013 009013.
005012 024010 027016 030018 043016 007010
047018 031018 056016 034015 053016 048018
069035 057034 048037 047035 047049 050033
050039 047040 049029 057027 055045 059022.
061042 042041 068031 059035 043027 023027
037023 059032 056024 053021 064018 075022
058019 065013 052020 061014 043032 065019
053027 016011 064016 022010 339004 025008.
306010 246008 205004 319008 034004 080004
051004 258005 320010 133006 PPC000 246008
262013 316006 314006 184006 359006 352010
327012 348024 347017 022007 312009 295009.
017010 PPC000 PPC001 PPC000 103006 145006
357005 004008 295007 PPC000 282013 PPC000
305008 335006 013014 078022 074026 031023
018027 041021 030032 031028 024029 048021.
031026 047026 059022 059020 072015 320007
043006 013006 027006 156007 218005 190012
217012 215017 203023 206017 220021 168018
174014 185013 166015 175016 194005 046006.
070008 029016 010005 PPC001 304009 PPC000
069008 078005 026010 064008 060009 075012
052018 074027 082025 099022 121017 058024
063009 063018 080014 359012 093005 003006.
018006 009014 014010 039012 069008 PPC002
003007 PPC001 026012 124008 034007 063015
068020 081030 090025 087027 093043 070047
061041 069043 071046 079049 061026 053021.
063013 040025 025018 057025 054020 060021
044017 064016 052019 065022 071022 055028
051024 070026 040019 057025 056032 069030
062027 057033 057033 063040 054031 052029.
052024 052029 063028 047030 044028 054028
039027 051032 058025 058032 045022 026015
052030 070030 048035 057022 039029 015023
050027 071028 065026 070011 076017 068020.
008009 050026 056014 074015 087024 072012
016008 039011 019011 020006 PPC000 018004
018013 012009 190005 202011 293012 180014
175021 205006 110008 125016 111012 309007.
027009 PPC000 313007 085006 319011 143007
343004 PPC000 027007 302006 PPC002 089007
142007 314008 217006 166006 090008 246008
218014 219018 292012 283010 298022 304008.
356011 305007 PPC000 240004 266005 151008
170011 129007 155005 PPC000 278008 035005
276007 295005 141010 171020 200016 130020
095013 141017 002007 236010 337008 360015.
109006 PPC000 PPC000 242005 159005 038006
190009 173008 340006 003009 114007 PPC001
120005 211008 149010 185018 197027 156028
207014 184021 199016 214006 PPC000 079009.
052010 001005 321007 349007 006006 318009
PPC000 127007 188008 PPC000 203008 118007
038004 126018 107024 112017 076017 123033
102016 076015 120011 012020 038022 046015.
031016 340015 041016 039036 042024 044034
048063 077046 081073 085050 078057 065032
083033 076027 084052 069033 074024 058010
084031 074015 071044 080028 086020 046006.
050015 046011 031010 036020 039016 065015
PPC000 073026 046015 009014 155008 015010
240010 152007 011017 277007 354011 260009
349019 320020 323014 010018 350008 280013.
179006 246008 247007 170005 145011 126005
201020 215017 168007 PPC001 PPC001 114009
240010 031015 107017 182014 087026 090032
088027 147012 165016 253007 034011 PPC000.
292007 018013 061015 329005 PPC000 030009
357013 PPC000 357007 051007 013007 150007
227013 244014 212013 136012 229012 214014
201017 147019 180018 138012 342007 339009.
240006 257008 303008 PPC000 PPC000 270004
253006 054004 018008 052005 017010 043006
246020 259017 235019 270021 209008 152016
222023 166012 127017 124006 019012 041014.
292005 353007 330009 162006 327010 030004
008012 052008 011006 054003 349008 201007
202013 149014 232024 208020 087017 086019
189024 147016 177007 351013 022011 014018.
260012 113007 299010 PPC001 PPC000 PPC001
PPC001 323008 007008 026007 342011 PPC000
194011 206012 227005 167015 199016 140022
171019 157014 221013 013005 330006 350012.
042010 023006 299006 280008 016008 237007
011011 PPC001 030004 019010 032007 PPC000
221015 268014 235018 233018 161015 169016
194013 182016 PPC000 001007 338003 329006.
008013 325005 296005 PPC000 205006 029008
PPC000 PPC000 294006 PPC000 360007 246003
183006 040008 336007 134019 162020 178007
142011 207005 339008 026007 340005 013017.
350010 009007 PPC000 085005 322007 341004
291006 PPC000 319007 005006 358008 338005
056015 038032 033026 048022 059025 088021
072025 058018 067021 070018 059018 069009.
014015 094003 357006 011014 075009 301005
272009 289006 335006 340005 010005 012008
074017 074027 052026 058025 024015 011017
009023 018023 040017 010017 018018 171007.
058019 070024 038015 035003 319004 108009
067019 063017 101009 048008 346006 032010
042021 356007 030014 079016 144015 191010
179016 180012 196020 186020 222007 352006.
355008 136014 348010 024010 318009 308012
264010 029007 338010 256006 196009 087005
211004 137008 210018 222013 231011 168012
083010 101009 117012 307006 328008 PPC002.
360010 PPC000 346011 PPC001 013005 PPC000
222005 095005 038009 084004 035005 PPC002
158017 181012 188015 233008 081008 099022
112021 073025 069026 073032 056030 053029=
PPC001 345009 034011 023014 354006 067004
PPC002 275005 209006 184017 182010 130009
167016 188010 102022 047033 071039 085037
068046 073050 067053 064043 061044 071038.
081041 066022 040029 058033 067027 063030
048025 041034 042023 017017 017026 055029
055026 058022 056027 055022 070020 021019
039021 029026 035024 036017 352012 014013.
001012 026011 029017 034018 041015 005010
052020 039017 047017 035015 052015 055019
067035 053033 050034 045038 049046 050035
046038 052035 047033 060025 055045 057021.
059040 045038 063029 055034 041025 028027
037024 054030 062022 056022 065019 074019
064018 063014 053019 058016 047032 066019
054026 019011 069013 033011 047003 033009.
304009 233009 177005 318008 010005 074005
074003 284006 315011 132004 PPC002 249009
266013 315006 311007 185007 005007 005009
328012 344022 348015 359007 309010 292009.
011009 PPC001 325003 PPC000 058004 150007
347004 340007 295006 PPC000 275014 330003
322008 330007 014014 073021 063023 038028
022025 040020 033029 031027 025028 039022.
034024 046023 056020 057018 066013 321006
023003 012006 030006 164007 204007 196011
207011 214016 209020 199018 208018 172017
173014 185014 166016 177015 143005 046008.
075008 031016 PPC002 PPC001 320008 PPC000
083007 072004 029010 059009 053009 077011
055017 081023 069025 085020 129014 055022
062011 063017 081013 012013 096009 013007.
013006 012013 015011 050012 075007 074004
005006 331004 019010 118006 028008 061013
068020 075032 086029 079029 093041 074043
070037 069042 071049 078044 061025 051023.
067013 040026 023020 055024 053021 055018
040016 058015 046020 063026 073022 054028
052024 068029 036024 053028 063031 067031
066025 054034 052035 062038 056027 055028.
055023 052029 064027 050022 043026 055030
041027 047028 059029 056031 048026 034019
050027 071029 049033 058027 041032 011020
051027 072027 062025 070015 074020 067023.
010010 050029 048015 072019 083022 075014
020010 033009 015011 032006 PPC000 PPC002
028011 011009 144004 216011 288011 177013
153021 188009 123009 135015 111012 319007.
021009 PPC000 308007 105005 326011 149005
344005 PPC001 008007 312007 128003 091007
162009 306007 206007 155007 100007 250007
215013 221014 296013 287012 303019 296009.
350012 303007 PPC000 245003 263006 150008
178010 123006 148007 PPC000 278008 006004
279007 298006 184009 160016 189017 131018
105015 143016 008005 244009 333008 354016.
110006 PPC001 PPC000 234007 158007 028006
182008 169008 351007 003006 091004 PPC001
120005 201009 208009 200016 201023 153025
203017 189020 199017 210007 PPC000 076009.
046011 004004 332008 350007 013006 320009
PPC001 129008 202006 PPC000 241006 119009
016006 120019 096020 080016 085019 116032
105019 075015 119012 008018 038023 051015.
035016 341015 043015 043036 049024 049040
045056 075055 078073 085048 078050 062034
087035 075029 087040 071033 074023 072012
082031 078016 075041 078031 087025 058007.
053013 040010 031009 038018 047015 061015
050004 069024 047016 360014 097007 000009
234009 164007 018019 298009 351012 262009
351017 321018 325016 358020 331008 287014.
175007 225008 268007 169006 144012 133007
204019 217015 167007 165004 PPC002 126008
251011 071011 115016 165015 083027 097023
118021 153017 166015 255008 030010 PPC000.
307009 022011 056011 330006 356003 042008
358011 PPC001 010007 049007 017008 159007
204013 262013 249010 163014 214015 197017
179020 138017 181017 140011 343008 346010.
249006 265008 270006 PPC000 028003 274005
242006 043006 010008 037004 014009 049006
235017 235017 255016 260017 232010 168015
236021 174013 126016 134006 009011 039013.
311006 359008 340009 115007 310010 026005
001012 044008 022007 060005 354008 215007
190013 158014 199022 199014 104016 116017
179022 150020 170008 356011 024011 017017.
267012 130006 297010 343003 PPC001 PPC002
PPC001 344007 009007 032008 349009 PPC000
200010 201012 199008 183015 183018 149021
168020 161014 215013 011006 322005 355010.
024006 012006 278006 284008 358007 234008
020012 PPC001 036005 008010 004005 PPC001
221012 253014 238015 219019 158017 193015
186015 187014 PPC001 004007 333003 279006.
009012 322005 315005 PPC001 193007 020008
PPC000 PPC000 304006 PPC000 357008 217003
191007 070008 030006 126017 164020 139011
130010 206006 330007 023007 352004 015016.
337009 011007 PPC002 057006 313007 006005
285005 PPC000 326006 013006 008007 308004
068013 042029 037024 067022 053024 081024
067027 057021 066020 068018 057017 066009.
015014 074003 002008 010014 080009 300006
282009 284005 314006 329005 014004 008008
067018 073029 056023 060024 025017 009016
008022 017025 026018 014017 019018 169006.
059018 065027 038016 031005 321004 108009
064021 067017 096010 053008 350006 022011
050018 010007 034015 075017 135013 180010
181014 169012 198016 188019 233007 005005.
336006 153012 347010 024010 333010 308012
259009 353006 298009 261007 206008 043005
PPC002 146008 210017 223014 220013 155010
088011 120011 111012 262004 324008 010003.
354010 PPC000 347011 345003 001006 PPC002
233006 074005 037009 103005 065005 304004
160016 183011 193013 192010 115009 101017
100024 068026 069027 072033 059031 052031=
063070 1650 100059 1741
042094 2006 066069 2132
048043 1515 073064 1257
046053 2027 076079 2100
028339 1626 042336 1625
036038 1355 052028 1500
029043 2146 042020 2135
028081 1006 039076 0814
052071 1658 079060 1439
041055 1232 066071 1231
039072 0939 062048 1152
031050 2159 043147 1450
021262 1620 036269 1616
019171 1256 035135 1200
027195 1514 044196 1515
038107 1405 052099 1404
075076 0501 120054 0414
029335 1739 047329 1739
029090 1256 048149 1447
026188 1220 049136 1406
024195 1424 037207 1317
027166 1443 044207 1146
025151 1403 037176 1357
023154 1407 045199 1158
023156 1212 034132 1306
036061 1439 052045 1438
031072 0958 042059 1023
034051 2119 049023 2114
021209 1120 031230 1119
037065 1819 063048 1831=
D=
K=
A=
S=
B=
??????
******
YF
O2228
河南省
豫洛阳吉利
洛阳市吉利区农业示范科技园
平原；城市；地面
空缺
计算机
计算机
计算机
计算机
计算机
20120208=
JY
8888=
GK
01/
05/=
BZ
00/345436/1123728
10/24/逐时观测
10/24/24时连续观测
11/不守班=
######
