O2216 3425N 11241E 004090 004090 105 000 S15 91999999919999199999 0 2012 02
P=
TB
0019 -002 -017 -026 -024 -021 -021 -023 -023 -025 -028 -030
-029 -019 -005 0007 0019 0025 0024 0021 0005 -008 -014 -020 0043 2015 -031 0733.
-031 -036 -043 -048 -054 -057 -062 -068 -067 -072 -074 -070
-047 -021 -022 -013 0002 0008 0015 0014 0006 -013 -015 -022 0020 1442 -075 0638.
-031 -032 -038 -039 -042 -049 -049 -053 -064 -060 -058 -058
-024 0012 0038 0047 0073 0066 0073 0075 0052 0024 0010 0010 0085 1517 -069 0515.
0004 -020 -025 -019 -007 -025 -027 -008 -006 -030 -038 -036
-001 0008 0008 0005 -002 0000 -004 -009 -004 -007 -008 -009 0013 1042 -044 0706.
-004 -003 -004 -002 -002 -001 -013 -020 -023 -026 -030 -027
-018 0003 0041 0069 0084 0097 0090 0075 0066 0059 0052 0052 0104 1347 -034 0631.
0043 0040 0031 0021 0003 -002 -011 0012 0013 0010 0020 0023
0037 0050 0062 0076 0085 0078 0080 0068 0053 0039 0028 0017 0090 1307 -023 0325.
0003 -005 -020 -020 -022 -036 -046 -046 -048 -056 -073 -063
-035 -019 -008 0001 0013 0020 0020 0018 0011 -013 -018 -038 0026 1534 -077 0707.
-037 -039 -046 -051 -031 -037 -033 -036 -038 -041 -042 -037
-029 -020 0006 0013 0017 0026 0013 0020 0012 -008 -025 -021 0027 1358 -053 2318.
-037 -037 -047 -056 -050 -051 -062 -059 -072 -050 -046 -035
-015 -007 0012 0019 0024 0017 0025 0020 0017 0003 -012 -022 0032 1453 -078 0444.
-020 -019 -017 -007 -010 -012 -013 -016 -021 -029 -033 -022
-001 0026 0038 0046 0049 0052 0060 0052 0050 0022 0019 0006 0065 1527 -037 2128.
-009 -004 -005 0001 -001 -009 -011 -017 -021 -021 -045 -028
0015 0042 0052 0075 0091 0092 0082 0075 0063 0049 0043 0043 0098 1250 -045 0659.
0038 0033 0031 0027 0023 0023 0025 0021 0019 0018 0016 0016
0022 0026 0031 0038 0050 0053 0057 0047 0040 0033 0019 0010 0061 1446 0008 1947.
0000 0000 -011 -014 -019 -024 -032 -038 -043 -040 -049 -040
-011 0018 0032 0062 0064 0078 0084 0078 0073 0045 0028 0018 0091 1544 -058 0628.
0017 0009 0003 -005 -022 -023 -021 -026 -032 -030 -029 -024
0009 0043 0074 0095 0094 0100 0106 0096 0082 0068 0054 0045 0108 1451 -039 0654.
0041 0038 0033 0023 0013 0011 0010 0008 0007 0010 0008 0009
0015 0024 0028 0046 0044 0048 0047 0050 0045 0034 0019 0007 0052 1333 0006 0453.
-007 -004 -010 -018 -029 -028 -026 -019 -025 -035 -013 -014
0018 0045 0056 0057 0057 0066 0069 0068 0058 0036 0014 0016 0073 1435 -038 0538.
0001 -017 -032 -008 0001 -005 -002 -001 -006 -017 -024 -022
0006 0032 0037 0043 0060 0059 0065 0062 0047 0027 0010 -011 0073 1537 -032 2300.
-007 -020 -035 -043 -026 -023 -026 -032 -035 -051 -046 -028
0017 0026 0034 0049 0058 0062 0063 0060 0059 0033 0009 0003 0069 1514 -052 0548.
0000 -018 -014 -034 -042 -051 -056 -053 -055 -062 -061 -037
0011 0040 0066 0085 0099 0106 0103 0091 0086 0075 0069 0068 0118 1347 -069 0626.
0066 0064 0064 0057 0046 0039 0031 0022 0010 0005 0003 -007
0038 0076 0090 0106 0114 0116 0104 0100 0086 0074 0071 0070 0127 1253 -011 0737.
0068 0067 0063 0062 0060 0059 0054 0046 0038 0035 0027 0038
0064 0086 0108 0114 0122 0117 0122 0115 0106 0097 0091 0083 0136 1324 0021 0719.
0079 0074 0071 0063 0054 0053 0051 0045 0025 0002 0005 0017
0036 0057 0058 0087 0112 0127 0127 0127 0128 0113 0096 0084 0132 1429 -001 0553.
0070 0076 0075 0082 0067 0074 0062 0059 0053 0042 0038 0030
0028 0037 0043 0050 0051 0063 0052 0049 0046 0041 0035 0031 0085 2329 0027 0837.
0029 0025 0024 0022 0020 0018 0016 0014 0013 0010 0008 0014
0018 0022 0025 0035 0038 0044 0046 0050 0052 0046 0045 0042 0053 1627 0007 0658.
0037 0034 0031 0030 0024 0019 0016 0014 0009 0004 0010 0008
0009 0018 0022 0027 0034 0035 0035 0033 0027 0023 0019 0017 0042 2001 0004 0554.
0013 0009 0007 0006 0003 -003 -014 -017 -019 -017 -017 -005
0005 0017 0016 0024 0041 0048 0049 0052 0046 0031 0014 0007 0055 1347 -020 0419.
0004 0006 0004 0000 -003 -006 -011 -016 -014 -016 -021 -006
0021 0039 0056 0072 0074 0078 0071 0067 0058 0047 0039 0033 0085 1312 -030 0709.
0028 0025 0021 0017 0011 0007 0002 -009 -009 -016 -019 -015
0006 0031 0051 0061 0066 0061 0071 0072 0068 0059 0051 0044 0077 1554 -021 0710.
0038 0034 0036 0034 0035 0034 0030 0023 0016 0015 0014 0017
0027 0037 0053 0070 0083 0065 0060 0059 0054 0044 0037 0032 0090 1236 0014 0629=
I=
E=
U=
N=
H=
C=
V=
R6
=
=
0000 ////////// 00000=
W=
L=
Z=
G=
FN
113057 111061 108060 118040 106037 111043
109039 111031 123033 113042 119029 112037
106039 118040 114022 026011 314006 341017
008022 319018 355029 016011 113040 117038.
120027 118022 119027 104023 095016 099017
108021 057009 087018 095014 121017 097019
143025 157011 330014 280014 334010 194006
140010 271021 269017 171030 139030 134016.
092019 093023 097025 090022 091018 091028
086023 081023 152012 085015 077018 146010
133014 223011 157005 262021 235022 343013
303013 197026 174025 166014 091021 081026.
084020 171009 153015 017010 080023 164012
341010 094027 111029 211007 355011 164016
145032 179021 269024 250012 322009 287019
295028 285025 234009 176007 PPC000 174010.
125012 154019 159016 081017 165008 PPC000
332010 337013 318018 346019 211010 300013
123012 114006 139007 150008 344021 275021
280018 165030 155021 084027 118011 078022.
104011 271012 267013 316013 PPC000 318018
341014 330040 328030 320036 323053 312039
312059 325063 319068 320065 314091 319069
318060 321059 317083 331078 339069 343056.
334050 333048 331046 336032 342040 325018
314010 320028 035019 343018 235009 349015
306050 310030 320037 281028 310047 310050
341043 292030 299049 301048 311040 293025.
313021 310027 280016 328020 312061 294038
316063 323054 325035 306056 312033 314049
310054 304093 316069 318078 323057 313070
301063 313072 301068 301051 303052 314048.
309024 319030 013016 288029 321020 312016
289019 315029 300030 271024 306022 325022
300034 283031 313019 289020 320029 296028
271028 309017 319039 343017 278014 307013.
294016 316031 307033 320043 316041 322043
323046 321039 318038 337024 312021 301016
315031 303046 326034 327023 352018 349018
329024 254005 234010 034008 144021 097020.
091027 098030 105021 097036 ////// 101025
090030 094025 096029 090029 167006 144008
087010 142014 303010 189020 184028 170035
149035 147042 161043 132040 119044 124037.
112031 100027 114028 118035 105047 116032
118041 116034 108042 105032 104029 119015
129030 101035 117029 087024 109031 117027
148024 148024 118012 160028 172018 126015.
081026 082019 175011 070014 071014 089010
165014 290009 146011 072015 322007 157011
334007 313013 102015 247030 292016 147014
188011 PPC001 PPC000 180018 106019 086022.
099026 122013 111010 PPC000 PPC000 307011
324008 PPC000 059007 154012 PPC000 PPC000
163011 289031 333045 320038 328055 347027
166033 101031 357013 135041 108032 105025.
133035 112032 124026 123030 165016 119028
056011 121014 105016 108022 106022 093014
106033 109034 124044 137017 298008 299012
314023 297015 290018 346015 312021 006009.
PPC000 066015 064016 010008 140014 265008
054005 006011 327012 260012 330025 299016
184009 008031 346035 318040 336035 346027
312017 302035 314023 288010 299037 315018.
292017 297020 312024 009020 029017 037023
007023 021028 031024 295024 330021 249005
285030 314045 351037 293048 300068 307042
309074 324049 299065 297064 333028 227016.
326018 326024 348018 190016 322024 323030
325024 PPC000 PPC000 285006 170009 351006
314027 296021 327019 258032 286034 323046
268044 270031 215023 220014 223007 092014.
066024 120010 065028 173010 149008 106008
155010 126007 169009 153009 PPC000 PPC000
PPC000 300015 155017 116017 162025 114025
163046 158037 118035 130030 133045 136041.
114027 095023 149036 143040 085026 097025
093030 101028 099028 102032 101018 256007
141015 185015 140018 147023 156025 210036
170035 169033 168035 141024 127020 132026.
112025 105024 091023 089022 092022 092017
134012 149008 341010 132010 350011 098015
143013 273005 174018 145034 347028 076012
121042 107047 105046 132034 125031 112032.
112036 107033 086034 090023 101025 102031
103034 095024 PPC000 273031 321018 351016
262017 334017 296026 288023 315040 315031
267019 261013 307008 338007 322022 326028.
298012 349015 287015 336019 065028 098046
106036 112042 106066 100036 113051 101062
107062 119060 107046 123034 123041 089022
126039 108032 120028 116032 123035 127027.
118035 120029 117028 119029 102033 126015
124014 119015 069008 078008 PPC000 070007
306006 313026 327029 298032 320052 311048
317040 311053 323031 017006 091020 129023.
100022 111032 104023 121040 106037 133020
PPC001 167013 028012 259008 140022 130022
113034 113027 122043 126042 138036 097025
131025 121021 123027 116021 119025 096018.
132010 091010 120012 093017 080019 099024
072025 121012 PPC000 319009 291006 PPC000
PPC000 250010 172004 278011 201021 119011
195005 180019 141011 164017 162007 070016.
080023 078019 087024 079023 081022 077022
106013 091014 099020 095015 103014 087026
112021 156021 168041 180041 164038 161038
144036 168041 162048 137035 136046 138037.
127037 117021 119034 105027 101028 108028
111021 111024 107035 098029 088028 086032
121037 120038 152038 132052 169033 156042
155029 134022 116033 129027 114032 125038.
113030 109025 102025 108027 104033 119025
125029 113026 106022 102034 103025 124032
107034 125026 140022 146029 186009 166038
170013 153013 167027 149022 163042 153026=
113054 109055 108062 122039 106036 114036
108042 109038 120034 116038 118032 116035
112039 117037 118024 059013 000008 335018
351021 336018 352029 000013 112039 118035.
118029 119024 121022 102022 093016 103019
105022 062010 092017 094015 116016 097019
136021 175013 324018 275017 319013 267007
146010 268016 269018 172028 144031 130016.
092020 097022 097023 092021 093019 090027
087022 086019 149012 090014 078016 143009
136015 217010 202011 254020 223017 323017
296012 193027 173026 167016 094020 080028.
085021 168009 156014 003010 077023 163012
344010 097025 109026 204008 356014 167017
147029 181018 260022 248015 331009 292016
296030 292024 228008 172008 PPC000 169013.
124011 147018 151018 093014 165010 120003
333010 341012 313018 341019 212010 295012
137011 142007 147007 141010 352020 279022
285018 170035 158022 082026 110013 079023.
112011 288010 282013 320014 PPC002 325019
339016 334034 326028 319034 322052 312041
313057 328061 323070 319069 318083 320080
318069 318064 317085 326075 338063 340057.
336048 333049 329042 334031 341041 319020
318014 321026 037016 344015 199009 344016
307051 314032 296034 292031 311043 316051
338042 303036 296048 298045 313043 294026.
317020 310027 276016 315019 316057 295033
317060 324049 324038 305053 316032 312055
311059 310083 309075 316080 316063 309068
308060 310072 304068 299056 304050 316049.
309021 317035 000019 297026 325020 320014
280015 316028 299029 287026 306021 323024
300034 294030 330019 282021 317033 294026
274027 289019 317035 342017 287012 308011.
294016 317032 306036 318045 319045 323046
324046 323039 319037 334026 310020 309019
311033 307041 333025 332023 004018 325019
312023 352013 237007 030013 146027 098022.
089026 098029 097026 098035 ////// 099027
090030 094026 100028 089026 167006 150008
101008 132012 004008 199021 178029 171033
153040 136043 155044 130042 119041 119038.
108034 099029 113028 118035 105041 116038
118042 114035 111041 104031 109027 118020
125034 104034 111028 098022 115031 123029
137028 139027 114018 164024 174019 133015.
084025 080019 175011 073013 085015 084009
164015 316008 152011 078014 302010 140012
297006 304013 126015 246030 282019 133013
171013 063006 137003 185019 104017 089024.
099026 125014 115011 PPC000 PPC000 315011
323010 PPC000 071008 153011 PPC000 PPC000
172011 289029 327040 317038 332051 349028
158033 103039 038021 133038 113036 114027.
128031 114029 119027 123031 158017 121024
070013 134014 099017 109024 106022 096015
112034 110033 117040 120018 012012 296015
310025 311017 297018 344016 312020 006010.
PPC000 069013 062016 353008 153012 273008
075006 009012 334010 252011 330027 293014
209012 007032 349035 321041 331039 349025
327021 307036 316023 295011 298039 315020.
294017 291020 322022 008019 027017 034022
005024 022026 025023 290023 334021 265006
284031 312044 345037 313037 310054 313044
315062 325050 297065 297069 331028 220014.
325020 325023 347019 185015 321025 321029
323025 113003 PPC000 265008 156010 341008
309026 290022 314026 279032 303031 308036
282038 272025 245021 219014 212005 091013.
068025 112010 068026 168010 140008 095008
163010 131008 158009 152010 PPC000 PPC000
PPC000 298012 142016 132020 157030 135027
165045 150040 124037 122038 133044 127036.
124031 102024 146038 144036 086025 092028
092030 100027 099028 102031 101020 263007
144014 177013 144018 156020 161028 193036
171038 169035 169038 144023 126018 130022.
116024 113025 090022 089024 090022 093019
137012 154009 345009 132010 356011 099016
128012 246006 155021 132029 065022 061015
121036 103042 109047 124038 127033 114034.
111038 102035 088035 091022 100026 102030
105037 098025 PPC002 279028 318017 345015
270015 325018 295026 296021 316035 317034
265020 258017 298006 340007 318020 328028.
307015 340015 300020 331018 061028 103046
106043 114043 109060 103041 116049 104056
110061 118051 113044 123039 120040 100017
125034 111033 123031 117027 118030 123025.
118034 122030 127026 119026 106029 129018
115019 109018 068006 069007 336003 058007
326006 311029 317031 304031 316049 307053
315041 313050 320030 006008 086019 125020.
097021 110030 103026 119035 110036 133022
PPC002 166013 033011 262010 141018 137021
120030 124026 115040 120035 144039 110027
122026 121025 118028 115023 121026 108017.
139010 099011 117013 092016 081020 103021
075023 131013 PPC000 336005 297007 PPC000
PPC002 243010 143006 292011 191018 146014
180006 179018 151014 167018 166007 073016.
080023 081018 086025 079023 082023 078023
096014 093015 100019 093017 095015 087027
106022 144024 156036 176034 150036 156038
144043 158042 158047 144036 133043 139039.
126033 116026 116031 106029 101028 108027
111025 109028 109036 098031 093032 088028
117034 126034 135035 130048 173035 154039
150031 140031 112026 130030 116033 119034.
110031 110026 103026 107027 108031 117024
125028 111027 102024 106032 104025 119029
106031 116028 141024 143024 186013 182035
163016 152018 167026 153022 161035 157027=
071110 2307 111118 2234
043120 2008 064132 2018
033082 1930 050323 1344
036075 0735 057141 0905
041183 1541 057209 1526
106308 1309 143309 1309
070335 2022 101326 2023
090310 1021 123309 1019
054309 2019 076303 2007
064320 0023 094312 0022
054147 1711 077133 1627
050117 0246 078107 0150
035261 1202 056184 1804
053126 1824 099125 1827
045111 0917 073128 1104
049293 1849 067036 0940
082300 1615 113287 1612
058298 1420 103284 1400
054167 1532 086146 1637
052203 1408 081132 2018
052109 1649 087107 1641
048105 2119 075119 2048
065107 0811 126083 0509
064309 1346 081290 1327
051115 1119 085098 1112
028091 0046 043156 1320
057143 1549 093162 1320
065139 1208 105155 1217
038101 0605 063118 0304=
D=
K=
A=
S=
B=
??????
******
YF
O2216
河南省
豫伊川江左
伊川县江左乡烟叶收购站
丘陵；城镇；地面
空缺
计算机
计算机
计算机
计算机
计算机
20120319=
JY
8888=
GK
01/
05/=
BZ
BB/11/01时气温用正点前10分钟值代替。
00/342441/1124040
10/24/逐时观测
10/24/24时连续观测
11/不守班=
######
