O2225 3440N 11228E 001290 001290 105 000 S15 91999999919999199999 0 2010 06
P=
TB
0248 0241 0212 0212 0215 0201 0197 0198 0198 0195 0208 0216
0222 0226 0236 0246 0256 0263 0260 0264 0251 0245 0237 0231 0270 1419 0195 0559.
0225 0221 0213 0208 0204 0201 0195 0189 0184 0188 0198 0216
0236 0258 0276 0282 0298 0311 0312 0316 0310 0298 0282 0269 0323 1609 0181 0512.
0261 0209 0201 0206 0206 0201 0200 0197 0194 0198 0201 0202
0210 0226 0238 0243 0255 0255 0260 0255 0252 0235 0226 0218 0269 2001 0194 0434.
0215 0213 0204 0204 0201 0198 0198 0197 0195 0194 0197 0199
0202 0219 0212 0234 0255 0264 0268 0279 0268 0264 0251 0237 0283 1618 0194 0511.
0233 0206 0199 0198 0190 0185 0183 0184 0183 0190 0198 0214
0231 0253 0258 0274 0284 0285 0300 0295 0296 0284 0267 0261 0308 1524 0181 0309.
0233 0223 0208 0221 0200 0193 0195 0192 0184 0199 0218 0229
0245 0258 0272 0278 0294 0304 0295 0299 0288 0281 0271 0260 0310 1408 0181 0453.
0256 0237 0236 0219 0225 0214 0223 0220 0217 0212 0220 0230
0244 0265 0262 0267 0266 0268 0266 0270 0264 0249 0237 0226 0271 1602 0207 0431.
0221 0216 0218 0214 0203 0199 0199 0195 0191 0187 0181 0190
0198 0202 0203 0209 0215 0216 0217 0217 0215 0211 0201 0195 0227 2004 0180 0637.
0191 0187 0185 0181 0170 0166 0166 0163 0163 0162 0166 0173
0180 0181 0212 0219 0219 0224 0238 0222 0225 0217 0211 0203 0239 1501 0161 0533.
0184 0191 0189 0179 0174 0177 0180 0169 0168 0175 0189 0212
0221 0243 0261 0269 0273 0280 0285 0285 0287 0273 0259 0245 0293 1528 0165 0337.
0231 0210 0210 0216 0210 0196 0185 0178 0175 0187 0206 0220
0241 0256 0263 0271 0285 0304 0303 0314 0312 0300 0288 0247 0319 1512 0173 0509.
0250 0226 0215 0211 0217 0212 0218 0205 0211 0209 0225 0238
0246 0272 0280 0293 0312 0321 0335 0325 0324 0319 0308 0286 0344 1430 0201 0345.
0274 0257 0242 0253 0247 0236 0228 0213 0201 0206 0223 0239
0262 0287 0307 0318 0332 0349 0346 0346 0337 0326 0309 0290 0356 1402 0201 0454.
0247 0245 0264 0242 0252 0237 0237 0232 0230 0228 0245 0260
0262 0299 0316 0337 0339 0355 0363 0356 0351 0344 0329 0314 0374 1508 0225 0520.
0298 0292 0276 0273 0268 0249 0244 0240 0236 0236 0250 0264
0276 0307 0322 0348 0359 0373 0373 0369 0365 0350 0333 0316 0380 1415 0230 0520.
0301 0286 0258 0279 0276 0272 0271 0258 0244 0247 0256 0275
0288 0312 0328 0335 0344 0351 0357 0348 0344 0335 0321 0306 0365 1507 0241 0510.
0278 0257 0253 0252 0258 0267 0264 0252 0245 0241 0246 0266
0293 0312 0337 0361 0391 0402 0398 0392 0382 0368 0352 0328 0406 1348 0238 0619.
0303 0295 0292 0269 0266 0260 0241 0235 0217 0229 0249 0260
0276 0287 0303 0320 0330 0346 0351 0362 0358 0324 0305 0281 0364 1555 0211 0518.
0271 0264 0264 0263 0261 0258 0255 0249 0245 0243 0247 0267
0276 0291 0303 0311 0327 0339 0342 0349 0344 0332 0320 0305 0357 1609 0238 0632.
0305 0287 0269 0257 0262 0247 0242 0236 0254 0248 0262 0283
0304 0324 0337 0360 0367 0363 0347 0340 0297 0310 0305 0290 0379 1342 0227 0439.
0286 0276 0271 0253 0237 0254 0246 0236 0236 0236 0249 0269
0291 0310 0331 0353 0364 0370 0381 0380 0373 0361 0348 0332 0388 1530 0232 0410.
0319 0304 0299 0300 0296 0290 0279 0271 0266 0264 0265 0284
0297 0324 0350 0355 0382 0382 0392 0386 0383 0369 0327 0310 0397 1510 0261 0510.
0300 0290 0279 0280 0269 0260 0264 0255 0259 0255 0263 0270
0275 0289 0304 0317 0322 0330 0327 0321 0318 0307 0296 0286 0335 1313 0250 0325.
0280 0276 0273 0263 0260 0252 0255 0247 0242 0240 0242 0254
0266 0287 0300 0311 0321 0328 0333 0332 0331 0317 0302 0295 0341 1513 0239 0605.
0278 0277 0265 0255 0249 0245 0238 0231 0233 0232 0240 0248
0258 0277 0290 0310 0320 0325 0326 0325 0321 0313 0304 0294 0331 1539 0227 0409.
0283 0274 0269 0261 0255 0244 0237 0235 0232 0239 0247 0259
0269 0283 0296 0318 0319 0327 0332 0333 0329 0322 0312 0290 0337 1607 0227 0432.
0271 0257 0249 0256 0248 0239 0235 0226 0221 0232 0255 0268
0286 0301 0320 0325 0343 0363 0357 0367 0353 0346 0334 0319 0369 1433 0221 0458.
0300 0275 0246 0238 0259 0248 0247 0243 0244 0245 0256 0273
0297 0317 0333 0352 0355 0362 0373 0379 0379 0359 0351 0334 0392 1608 0234 2351.
0324 0311 0297 0282 0271 0261 0258 0258 0267 0276 0282 0297
0317 0324 0349 0371 0361 0364 0376 0386 0383 0369 0354 0345 0390 1632 0257 0306.
0333 0323 0324 0319 0314 0311 0298 0294 0292 0296 0304 0318
0339 0348 0361 0373 0377 0376 0380 0365 0372 0365 0358 0311 0394 1437 0286 0413=
I=
E=
U=
N=
H=
C=
V=
R6
0058 0000 0058
0000 0000 0000
0052 0000 0052
0006 0000 0006
0000 0000 0000
0000 0000 0000
0000 0000 0000
0075 0010 0085
0065 0000 0065
0018 0000 0018
0000 0000 0000
0000 0000 0000
0000 0000 0000
0000 0000 0000
0000 0000 0000
0000 0000 0000
0000 0000 0000
0000 0000 0000
0000 0000 0000
0000 0000 0000
0000 0000 0000
0000 0000 0000
0000 0000 0000
0000 0000 0000
0000 0000 0000
0000 0000 0000
0000 0000 0000
0000 0000 0000
0000 0000 0000
0000 0000 0000=
0000 0000 0040 0000 0001 0013 0002 0001 0001 0000 0000 0000
0000 0000 0000 0000 0000 0000 0000 0000 0000 0000 0000 0000.
0000 0000 0000 0000 0000 0000 0000 0000 0000 0000 0000 0000
0000 0000 0000 0000 0000 0000 0000 0000 0000 0000 0000 0000.
0000 0007 0041 0004 0000 0000 0000 0000 0000 0000 0000 0000
0000 0000 0000 0000 0000 0000 0000 0000 0000 0000 0000 0000.
0000 0000 0003 0002 0001 0000 0000 0000 0000 0000 0000 0000
0000 0000 0000 0000 0000 0000 0000 0000 0000 0000 0000 0000.
0000 0000 0000 0000 0000 0000 0000 0000 0000 0000 0000 0000
0000 0000 0000 0000 0000 0000 0000 0000 0000 0000 0000 0000.
0000 0000 0000 0000 0000 0000 0000 0000 0000 0000 0000 0000
0000 0000 0000 0000 0000 0000 0000 0000 0000 0000 0000 0000.
0000 0000 0000 0000 0000 0000 0000 0000 0000 0000 0000 0000
0000 0000 0000 0000 0000 0000 0000 0000 0000 0000 0000 0000.
0000 0000 0000 0000 0003 0004 0001 0001 0002 0020 0034 0010
0000 0000 0001 0001 0000 0000 0000 0000 0000 0000 0002 0006.
0004 0002 0006 0007 0008 0009 0010 0011 0004 0003 0001 0000
0000 0000 0000 0000 0000 0000 0000 0000 0000 0000 0000 0000.
0017 0001 0000 0000 0000 0000 0000 0000 0000 0000 0000 0000
0000 0000 0000 0000 0000 0000 0000 0000 0000 0000 0000 0000.
0000 0000 0000 0000 0000 0000 0000 0000 0000 0000 0000 0000
0000 0000 0000 0000 0000 0000 0000 0000 0000 0000 0000 0000.
0000 0000 0000 0000 0000 0000 0000 0000 0000 0000 0000 0000
0000 0000 0000 0000 0000 0000 0000 0000 0000 0000 0000 0000.
0000 0000 0000 0000 0000 0000 0000 0000 0000 0000 0000 0000
0000 0000 0000 0000 0000 0000 0000 0000 0000 0000 0000 0000.
0000 0000 0000 0000 0000 0000 0000 0000 0000 0000 0000 0000
0000 0000 0000 0000 0000 0000 0000 0000 0000 0000 0000 0000.
0000 0000 0000 0000 0000 0000 0000 0000 0000 0000 0000 0000
0000 0000 0000 0000 0000 0000 0000 0000 0000 0000 0000 0000.
0000 0000 0000 0000 0000 0000 0000 0000 0000 0000 0000 0000
0000 0000 0000 0000 0000 0000 0000 0000 0000 0000 0000 0000.
0000 0000 0000 0000 0000 0000 0000 0000 0000 0000 0000 0000
0000 0000 0000 0000 0000 0000 0000 0000 0000 0000 0000 0000.
0000 0000 0000 0000 0000 0000 0000 0000 0000 0000 0000 0000
0000 0000 0000 0000 0000 0000 0000 0000 0000 0000 0000 0000.
0000 0000 0000 0000 0000 0000 0000 0000 0000 0000 0000 0000
0000 0000 0000 0000 0000 0000 0000 0000 0000 0000 0000 0000.
0000 0000 0000 0000 0000 0000 0000 0000 0000 0000 0000 0000
0000 0000 0000 0000 0000 0000 0000 0000 0000 0000 0000 0000.
0000 0000 0000 0000 0000 0000 0000 0000 0000 0000 0000 0000
0000 0000 0000 0000 0000 0000 0000 0000 0000 0000 0000 0000.
0000 0000 0000 0000 0000 0000 0000 0000 0000 0000 0000 0000
0000 0000 0000 0000 0000 0000 0000 0000 0000 0000 0000 0000.
0000 0000 0000 0000 0000 0000 0000 0000 0000 0000 0000 0000
0000 0000 0000 0000 0000 0000 0000 0000 0000 0000 0000 0000.
0000 0000 0000 0000 0000 0000 0000 0000 0000 0000 0000 0000
0000 0000 0000 0000 0000 0000 0000 0000 0000 0000 0000 0000.
0000 0000 0000 0000 0000 0000 0000 0000 0000 0000 0000 0000
0000 0000 0000 0000 0000 0000 0000 0000 0000 0000 0000 0000.
0000 0000 0000 0000 0000 0000 0000 0000 0000 0000 0000 0000
0000 0000 0000 0000 0000 0000 0000 0000 0000 0000 0000 0000.
0000 0000 0000 0000 0000 0000 0000 0000 0000 0000 0000 0000
0000 0000 0000 0000 0000 0000 0000 0000 0000 0000 0000 0000.
0000 0000 0000 0000 0000 0000 0000 0000 0000 0000 0000 0000
0000 0000 0000 0000 0000 0000 0000 0000 0000 0000 0000 0000.
0000 0000 0000 0000 0000 0000 0000 0000 0000 0000 0000 0000
0000 0000 0000 0000 0000 0000 0000 0000 0000 0000 0000 0000.
0000 0000 0000 0000 0000 0000 0000 0000 0000 0000 0000 0000
0000 0000 0000 0000 0000 0000 0000 0000 0000 0000 0000 0000=
0000 ////////// 00000=
W=
L=
Z=
G=
FN
071014 093011 123021 314009 087010 195011
PPC000 303006 352011 PPC000 006010 039011
359013 049010 ////// 323011 011016 286018
236028 250030 253024 259027 257020 272018.
261017 267023 244014 271015 248020 259019
266021 254016 257013 255017 260016 248016
257012 182013 160016 248019 245027 206017
240020 260017 161029 204031 165036 161030.
326009 055034 159035 051008 337021 034011
132013 080008 043007 079016 088006 068013
045017 075019 090019 065021 074023 081027
073028 097038 077025 076025 070021 081028.
016015 034016 044004 357011 060008 062015
063015 067010 068012 357006 055016 061015
081018 061025 059012 132020 197010 160025
093021 019007 120021 145012 175016 172011.
195017 PPC000 310006 147009 290003 310008
277013 281009 283015 207010 246018 291017
240017 051014 204009 042019 334017 125011
186024 140021 105022 118016 163019 171016.
123010 043006 PPC000 077014 046006 041006
PPC002 008005 338005 283009 341010 309008
062018 090019 103023 PPC001 127036 139028
139036 130023 120026 117019 132015 129014.
108014 112014 047009 061012 168010 112011
053023 066011 056012 043015 062014 034014
067018 007018 049010 146030 127029 140020
126018 129024 127018 200026 198030 PPC001.
324009 259009 257011 276016 329011 285018
301008 339006 184006 318003 033008 073004
091009 040014 076011 100014 048024 078014
048020 049008 037008 003007 ////// 353019.
001015 348009 113005 122019 073015 039007
024007 055007 021009 296018 322009 PPC001
320007 303009 334013 289010 005018 081013
079008 163010 173016 200006 276010 053005.
245007 247019 246006 PPC000 PPC002 222010
PPC002 262020 244011 255008 266008 304011
259019 265013 205012 273022 175012 195015
119015 063016 010005 118013 115022 097020.
113014 001007 263015 317010 309011 164010
134005 PPC000 PPC000 288011 267010 063006
335012 004013 056017 000011 345017 186008
189017 286016 162011 205020 179010 158012.
162007 024006 031006 313007 267012 278012
062008 013007 003008 025005 337008 257012
268017 226013 153012 302013 218018 021006
275030 276023 232020 179012 196017 184013.
203010 227010 258014 246014 260028 276021
242025 284023 260016 256023 251020 //////
244017 289021 197010 106014 057020 174027
181027 190026 165032 167020 166034 179014.
181005 152011 224012 288007 215006 261013
256017 268022 252016 270010 257020 278025
266030 288022 266027 165012 217016 272014
320017 219024 181013 197021 193018 201025.
196020 199022 221006 240023 285008 268015
256009 276021 271031 286017 258020 260019
268028 284024 252016 251024 224023 166024
181031 200021 167033 172034 180022 161027.
157021 170007 161010 194012 231014 276018
249016 287011 295016 267012 274020 246009
266019 238016 264024 262022 277018 251032
189029 ////// ////// 180024 187026 198018.
093005 PPC001 114004 111009 247013 210013
236023 258020 257028 ////// 248022 //////
221012 163015 216020 244017 323035 263042
301047 ////// 300044 285032 ////// 264019.
265014 289018 278020 238014 241030 254024
268021 355009 088003 355006 068020 053028
079021 083025 065010 067023 109024 077016
135020 113012 098024 077030 075027 078034.
069040 093024 073026 069021 044016 067016
336004 000005 014012 104010 PPC000 PPC000
079008 PPC001 PPC000 131012 108013 150003
154013 251007 105017 079021 087011 PPC001.
094013 PPC000 PPC000 PPC000 265003 PPC000
PPC000 PPC000 PPC002 PPC000 264010 //////
PPC001 PPC000 066004 PPC002 103017 056005
////// 341037 356049 217027 245009 280005.
246029 238008 217003 PPC000 PPC000 269005
241006 PPC000 261008 261015 256011 220008
233010 231024 263013 288014 155025 171018
////// 196018 195029 193035 196022 193030.
204027 212010 228010 209014 250023 243027
275019 283017 268014 281021 268022 258016
246029 252018 272029 240025 197014 203051
171028 157016 163020 160012 069045 098025.
099020 071015 062007 296011 320006 171003
106011 073014 046014 061006 074022 093038
085040 050026 068030 085031 072025 087024
095038 074024 081035 096015 071027 087023.
091012 357007 076012 046008 034012 310005
029013 097012 054016 064021 065015 081010
080018 103019 073022 057016 095024 107015
079022 065028 113021 120028 218006 123016.
171008 259013 278016 101010 057010 085013
053010 011007 056008 036006 067011 064020
078016 359012 068022 092026 068026 095025
095027 092026 091019 095032 106015 095018.
097016 070014 069009 092009 037009 012004
059009 PPC002 058006 062006 042009 050014
136006 158009 159009 085006 076012 028015
055010 204005 087016 051010 113013 159015.
087006 PPC000 268007 264006 269011 111004
191003 017008 193006 196005 282012 280012
344011 098013 043017 052015 320009 037009
116030 071016 139019 176025 164024 189025.
140012 113006 PPC000 274010 286016 290018
277012 280020 271018 261020 240017 265023
254022 227023 086018 227009 087012 335015
022017 069009 336009 PPC001 189020 196026.
202024 157017 223009 319005 070007 PPC002
182008 169008 138009 268015 260022 299008
219009 308021 268024 200024 200023 093019
160018 139019 171016 167031 158024 171023.
169019 165005 185029 156017 193008 175009
185011 234008 275010 270013 263019 179009
158009 092015 134014 177022 092018 206030
048008 100014 106020 186012 161018 074043=
066014 071011 122008 317008 076010 216010
PPC001 344003 347010 PPC000 010008 047014
031011 056011 ////// 339012 013013 280016
238023 260022 257026 261026 252021 270018.
252014 262017 247016 269019 255020 265020
270014 251012 256012 254016 259020 250021
263018 180013 224016 244021 264021 205014
223016 246019 166025 200030 169029 176028.
002007 048034 163045 067009 349016 025009
134014 051009 034006 078014 074013 066012
047015 062018 080022 054023 077020 074031
078028 089040 076026 071028 073024 079028.
036021 038015 040004 359008 055006 075014
064013 064010 066009 016006 052014 057015
079019 075019 059015 125015 171016 139018
119021 160011 124019 128017 177021 175013.
203017 PPC002 317006 149010 PPC001 298007
279010 271007 287013 212011 243017 284014
242016 009011 297012 016016 340014 134009
212019 139015 114018 132023 163018 177016.
119006 045008 PPC000 077010 034004 036006
031004 352006 351007 283011 341013 301011
076014 104019 085019 236011 112023 140027
143030 141020 123027 121021 128016 133014.
108012 117012 061010 044009 133010 133007
051014 059011 063015 056010 055011 052017
071018 034015 041008 150027 125025 132017
130022 129024 130018 198027 204030 238007.
303009 270010 267013 271016 320011 290015
314007 332008 127005 311003 028008 061010
071005 019011 059011 087013 046016 073014
059013 057008 016007 008008 ////// 358015.
006011 354010 105006 120015 067017 038005
037006 040007 024010 305011 317009 178005
347007 319008 316009 298009 008008 094014
087011 179014 167013 212008 273010 034003.
276006 258024 250008 PPC001 PPC001 233012
191004 267016 257011 256012 265007 297012
257016 265011 234007 280018 165015 184013
124013 064013 285006 114012 110019 098018.
109013 353005 268007 312013 302011 159007
137007 PPC002 PPC000 281010 250009 358005
315009 042012 060016 019011 325021 128009
205013 247016 162009 199016 179011 156010.
162008 013007 037003 323006 268012 279010
063009 014006 016009 025008 345007 295005
244013 215009 165013 292014 223019 032011
249022 261025 217015 182013 195019 180016.
199009 220009 261012 249016 260025 277020
244021 282022 270013 260019 266024 //////
253018 270021 244015 121013 044018 176021
182022 199026 169030 177027 164025 180016.
222006 155011 208012 274009 226011 269014
259018 266015 259018 274016 259021 276024
255031 284019 263019 207012 229019 296016
292015 204023 197022 210016 192015 195024.
195023 194021 226009 249021 256011 276018
266015 272023 267026 279020 259018 255016
266025 276023 246014 212021 226024 212024
198025 210026 172027 170035 177022 168022.
152013 147009 178009 188014 232015 276016
242022 287012 293014 275012 274017 229010
274016 234015 247021 250021 275012 249029
196028 ////// ////// 177025 196032 187018.
078007 009004 099006 092009 232010 217014
236018 261020 249028 ////// 244019 //////
255010 222013 219015 247015 313029 275039
294046 ////// 301052 276031 ////// 270020.
265015 288019 282021 253013 244020 248025
276013 347015 096008 003007 056015 057022
079017 072017 070017 074016 088020 081016
143018 099014 095018 078028 082037 074038.
073037 083030 076022 064017 048012 064011
020006 014007 020011 103009 PPC000 PPC000
065006 PPC001 101009 124012 093018 166011
148021 202017 100014 081009 085010 PPC001.
093011 PPC000 PPC000 PPC000 PPC002 PPC000
PPC000 PPC000 231009 PPC001 260003 //////
PPC000 284007 PPC001 PPC001 121016 089004
////// 359016 353042 212031 262013 262007.
259027 245009 PPC001 PPC000 PPC000 266007
PPC001 PPC000 258011 262011 265012 230008
256009 224015 236007 298019 148015 174019
////// 208016 190026 196026 194031 196025.
198021 204013 230011 210021 240018 241019
261019 278018 257013 273020 266027 254013
245026 272020 275024 235029 234018 191030
178029 158020 168018 152013 075043 092028.
098021 081014 031008 307012 342007 161006
104011 057014 059016 062013 077022 089031
084030 057021 063025 072025 076027 088028
097031 073027 075028 089024 071022 093018.
089015 032011 074011 044011 050010 329005
029011 082010 055013 056019 087015 088015
082019 095020 077026 057017 090017 103019
082025 069026 113024 117024 219009 121018.
160008 251018 274015 079010 052010 083011
056008 015007 044008 027010 061008 056014
073015 019013 073019 085026 077023 095027
086024 088022 097027 095028 109017 093018.
090018 073014 064009 066009 050008 019005
051006 048003 039007 042010 024006 059011
072009 119012 115011 098009 040014 033013
067011 159010 061014 059011 103015 158010.
100006 027004 289005 278008 265011 118005
167006 009007 184006 198003 275011 270010
041009 075013 071011 059018 355013 097010
114029 094013 140019 186017 169023 194021.
154012 117007 PPC000 287007 280014 293016
274012 282021 278022 263018 242016 272022
260019 259021 084016 228010 101015 009016
025016 023011 001007 098007 186018 184026.
189020 150015 239009 324003 059004 328004
174008 PPC002 149013 265011 262014 296009
261012 292019 270019 215018 174020 087020
141018 099013 140017 156021 159024 175022.
163015 204006 184019 158014 196009 166007
183005 245003 274010 270010 264014 233011
181009 131014 106014 152019 124020 202020
073009 101011 121015 180019 163018 071037=
033249 1734 043262 1819
036198 1808 064217 1818
051358 2132 080343 2128
028081 2003 042062 2002
025150 1739 045152 1730
031141 1501 059172 1328
031207 1740 049197 1732
022266 0122 037059 1248
020003 2007 030087 2350
037286 2150 048287 2144
022335 1336 036264 1421
029206 1833 050191 1824
039159 1732 062174 1727
031258 0857 047239 1634
037207 1740 066219 1732
034191 1533 064174 1810
054303 1658 087278 1449
040078 1913 080096 1855
044075 2032 088093 2041
070351 1647 085354 1640
032192 1858 056194 1631
046066 1846 071056 1842
041091 0805 076082 0802
030090 1021 057104 1711
034086 1322 053096 1321
025097 2039 033084 2035
031123 1454 054155 1445
027189 1912 051264 0934
031164 1808 048166 1803
039059 1957 059073 1950=
D=
K=
A=
S=
B=
??????
******
YF
O2225
河南省
豫洛阳牡丹研究所
洛阳市牡丹研究所牡丹培育园
平原；城市；地面
空缺
计算机
计算机
计算机
计算机
计算机
20100719=
JY
8888=
GK
01/
05/=
BZ
BB/01/11时温度用前后正点数据内插。
BB/08/19时温度用正点前7分钟值代替。
BB/13/08时温度用正点前2分钟值代替。
BB/16/16时温度用正点前2分钟值代替。17时温度用正点前9分钟值代替。
BB/17/06时温度用正点前5分钟值代替。08时温度用正点前7分钟值代替。16时温度用正点前6分钟值代替。19时温度用正点前1分钟值代替。
BB/20/15时温度用正点前8分钟值代替。08时温度用前后正点数据内插。
BB/21/15时温度用正点前6分钟值代替。
00/343932/1122829
10/24/逐时观测
10/24/24时连续观测
11/不守班=
######
