O2220 3418N 11233E 002941 002941 105 000 S15 91999999919999199999 0 2010 03
P=
TB
0016 0015 0015 0019 0019 0019 0015 0009 0009 0013 0006 0001
-006 -001 0009 0008 0015 0014 0015 0014 0013 0016 0014 0015 0020 0217 -007 0853.
0013 0009 0008 0009 0001 0002 0005 0006 0012 0013 0016 0014
0023 0039 0057 0057 0064 0073 0057 0055 0045 0040 0038 0042 0075 1409 0000 0104.
0043 0038 0037 0034 0034 0032 //// //// //// //// //// ////
//// 0032 0032 0021 0024 0035 0040 0037 0034 0029 //// //// 0046 1436 0020 1201.
//// //// //// //// //// //// //// //// //// //// //// 0016
0025 0032 0035 0035 0044 0057 0070 0075 0067 0053 0039 0036 0078 1541 0014 0752.
0036 0028 0040 0040 0040 0034 0035 0041 0041 0045 0043 0045
0050 0050 0039 0038 0037 0023 0012 0008 0014 0001 -003 -004 0053 1002 -005 1946.
-004 -004 0001 //// //// //// //// //// //// //// //// ////
-008 0004 0008 0025 0026 0032 0032 0032 0029 0025 0021 0014 0039 1407 -008 0902.
0011 0003 0000 0004 0002 -001 -002 0001 0005 0002 0004 0008
0012 0014 0025 0040 0032 0034 0043 0041 0030 0026 0023 0023 0045 1209 -004 0213.
0022 0022 0019 0020 0015 0010 0011 0009 0008 0005 0005 0006
0003 0007 0009 0008 0008 0016 0013 0015 0010 0008 0005 -003 0024 2003 -003 2000.
-005 -004 -012 -018 -017 -016 -017 -005 -015 -023 -026 -015
-005 0006 0015 0021 0032 0032 0039 0040 0034 0024 0010 -010 0044 1425 -027 0616.
-016 -029 -025 -022 -029 -030 -026 -039 -065 -077 -061 -003
0025 0041 0072 0092 0109 0116 0119 0119 0112 0092 0073 0071 0129 1449 -079 0525.
0057 0041 0047 0034 0034 0041 0037 0024 0025 -007 -011 0036
0063 0089 0104 0118 0129 0149 0174 0166 0161 0144 0127 0114 0174 1500 -017 0632.
0100 0090 0087 0072 0061 0062 0063 0059 0066 0045 0040 0087
0142 0155 0195 0209 0215 0209 0205 0194 0181 0165 0143 0139 0224 1306 0033 0649.
0123 0104 0091 0093 0084 0070 0094 0086 0091 0084 0080 0088
0087 0090 0092 0113 0114 0121 0123 0124 0113 0102 0099 0094 0141 2025 0070 0200.
0092 0090 0087 0084 0080 0080 0077 0075 0066 0063 0056 0042
0036 0034 0032 0034 0034 0043 0051 0066 0082 0079 0082 0087 0094 2017 0029 1033.
0088 0088 0083 0089 0089 0087 0087 0088 0080 0083 0074 0077
0099 0105 0122 0138 0154 0143 0137 0125 0116 0103 0094 0079 0156 1301 0071 0629.
0072 0064 0039 0021 0021 0021 -003 0011 -004 -012 -003 0049
0090 0110 0129 0146 0154 0170 0179 0181 0179 0161 0146 0139 0188 1457 -012 0553.
0127 0107 0084 0087 0072 0079 0079 0078 0081 0089 0095 0113
0143 0165 0183 0191 0167 0165 0154 0143 0129 0120 0111 0105 0194 1151 0072 0100.
0095 0091 0087 0087 0083 0080 0075 0069 0065 0062 0059 0061
0066 0079 0094 0101 0106 0110 0115 0109 0098 0085 0072 0066 0120 1448 0057 0639.
0064 0069 0067 0065 0064 0062 0057 0055 0053 0052 0046 0044
0053 0077 0163 0206 0232 0254 0271 0262 0259 0225 0187 0182 0272 1459 0042 0719.
0161 0189 0144 0155 0171 0183 0163 0160 0156 0156 0150 0137
0133 0141 0145 0151 0157 0160 0163 0160 0155 0145 0129 0115 0194 0121 0110 1948.
0117 0089 0100 0097 0068 0055 0067 0072 0070 0079 0082 0104
0114 0134 0142 0147 0148 0155 0154 0154 0149 0141 0123 0108 0161 1448 0055 0044.
0095 0100 0084 0084 0083 0082 0084 0089 0080 0083 0087 0091
0099 0110 0115 0109 0092 0092 0106 0110 0101 0093 0094 0092 0131 1025 0078 0506.
0093 0093 0094 0086 0087 0088 0071 0062 0059 0060 0062 0058
0064 0067 0070 0079 0096 0103 0105 0112 0106 0096 0087 0079 0114 1539 0058 0509.
0076 0075 0084 0067 0070 0072 0067 0064 0063 0063 0061 0069
0091 0107 0125 0127 0128 0129 0122 0119 0117 0112 0099 0091 0135 1221 0057 0630.
0084 0069 0068 0058 0060 0056 0059 0058 0063 0051 0046 0069
0088 0090 0104 0118 0120 0128 0133 0129 0125 0107 0083 0057 0136 1434 0032 0344.
0052 0047 -015 -015 0005 0007 0008 -017 0024 -008 0014 0038
0065 0097 0114 0134 0149 0153 0158 0154 0143 0131 0115 0107 0162 1458 -021 2336.
0113 0113 0101 0100 0095 0084 0084 0079 0075 0068 0056 0101
0127 0159 0185 0200 0215 0223 0217 0213 0206 0185 0155 0121 0224 1358 0039 0634.
0140 0101 0104 0091 0074 0080 0070 0067 0067 0056 0057 0080
0100 0115 0132 0140 0156 0158 0163 0156 0146 0135 0121 0107 0168 1417 0055 0542.
0089 0089 0088 0096 0098 0106 0101 0110 0108 0102 0107 0110
0114 0118 0117 0125 0124 0132 0120 0120 0111 0110 0105 0098 0135 1358 0082 2128.
0096 0096 0096 0096 0094 0093 0088 0083 0089 0087 0087 0096
0102 0115 0123 0129 0141 0145 0150 0154 0152 0143 0125 0113 0161 1638 0080 0420.
0095 0108 0091 0082 0084 0077 0076 0063 0063 0064 0071 0099
0125 0146 0162 0183 0176 0170 0171 0160 0147 0137 0140 0120 0189 1210 0053 0509=
I=
E=
U=
N=
H=
C=
V=
R6
0000 0000 0000
0000 0000 0000
//// //// ////
//// 0000 ////
0000 0000 0000
//// //// ////
0000 0000 0000
0000 0000 0000
0000 0000 0000
0000 0000 0000
0000 0000 0000
0000 0000 0000
0000 0000 0000
0000 0000 0000
0000 0000 0000
0000 0000 0000
0000 0000 0000
0000 0000 0000
0000 0000 0000
0000 0000 0000
0000 0000 0000
0000 0000 0000
0000 0000 0000
0000 0000 0000
0000 0000 0000
0000 0000 0000
0000 0001 0001
0000 0000 0000
0000 0021 0021
0000 0000 0000
0000 0013 0013=
0000 0000 0000 0000 0000 0000 0000 0000 0000 0000 0000 0000
0000 0000 0000 0000 0000 0000 0000 0000 0000 0000 0000 0000.
0000 0000 0000 0000 0000 0000 0000 0000 0000 0000 0000 0000
0000 0000 0000 0000 0000 0000 0000 0000 0000 0000 0000 0000.
0000 0000 0000 0000 0000 0000 //// //// //// //// //// ////
//// 0000 0000 0000 0000 0000 0000 0000 0000 0000 0000 ////.
//// //// //// //// //// //// //// //// //// //// //// 0000
0000 0000 0000 0000 0000 0000 0000 0000 0000 0000 0000 0000.
0000 0000 0000 0000 0000 0000 0000 0000 0000 0000 0000 0000
0000 0000 0000 0000 0000 0000 0000 0000 0000 0000 0000 0000.
0000 0000 0000 0000 //// //// //// //// //// //// //// ////
//// 0000 0000 0000 0000 0000 0000 0000 0000 0000 0000 0000.
0000 0000 0000 0000 0000 0000 0000 0000 0000 0000 0000 0000
0000 0000 0000 0000 0000 0000 0000 0000 0000 0000 0000 0000.
0000 0000 0000 0000 0000 0000 0000 0000 0000 0000 0000 0000
0000 0000 0000 0000 0000 0000 0000 0000 0000 0000 0000 0000.
0000 0000 0000 0000 0000 0000 0000 0000 0000 0000 0000 0000
0000 0000 0000 0000 0000 0000 0000 0000 0000 0000 0000 0000.
0000 0000 0000 0000 0000 0000 0000 0000 0000 0000 0000 0000
0000 0000 0000 0000 0000 0000 0000 0000 0000 0000 0000 0000.
0000 0000 0000 0000 0000 0000 0000 0000 0000 0000 0000 0000
0000 0000 0000 0000 0000 0000 0000 0000 0000 0000 0000 0000.
0000 0000 0000 0000 0000 0000 0000 0000 0000 0000 0000 0000
0000 0000 0000 0000 0000 0000 0000 0000 0000 0000 0000 0000.
0000 0000 0000 0000 0000 0000 0000 0000 0000 0000 0000 0000
0000 0000 0000 0000 0000 0000 0000 0000 0000 0000 0000 0000.
0000 0000 0000 0000 0000 0000 0000 0000 0000 0000 0000 0000
0000 0000 0000 0000 0000 0000 0000 0000 0000 0000 0000 0000.
0000 0000 0000 0000 0000 0000 0000 0000 0000 0000 0000 0000
0000 0000 0000 0000 0000 0000 0000 0000 0000 0000 0000 0000.
0000 0000 0000 0000 0000 0000 0000 0000 0000 0000 0000 0000
0000 0000 0000 0000 0000 0000 0000 0000 0000 0000 0000 0000.
0000 0000 0000 0000 0000 0000 0000 0000 0000 0000 0000 0000
0000 0000 0000 0000 0000 0000 0000 0000 0000 0000 0000 0000.
0000 0000 0000 0000 0000 0000 0000 0000 0000 0000 0000 0000
0000 0000 0000 0000 0000 0000 0000 0000 0000 0000 0000 0000.
0000 0000 0000 0000 0000 0000 0000 0000 0000 0000 0000 0000
0000 0000 0000 0000 0000 0000 0000 0000 0000 0000 0000 0000.
0000 0000 0000 0000 0000 0000 0000 0000 0000 0000 0000 0000
0000 0000 0000 0000 0000 0000 0000 0000 0000 0000 0000 0000.
0000 0000 0000 0000 0000 0000 0000 0000 0000 0000 0000 0000
0000 0000 0000 0000 0000 0000 0000 0000 0000 0000 0000 0000.
0000 0000 0000 0000 0000 0000 0000 0000 0000 0000 0000 0000
0000 0000 0000 0000 0000 0000 0000 0000 0000 0000 0000 0000.
0000 0000 0000 0000 0000 0000 0000 0000 0000 0000 0000 0000
0000 0000 0000 0000 0000 0000 0000 0000 0000 0000 0000 0000.
0000 0000 0000 0000 0000 0000 0000 0000 0000 0000 0000 0000
0000 0000 0000 0000 0000 0000 0000 0000 0000 0000 0000 0000.
0000 0000 0000 0000 0000 0000 0000 0000 0000 0000 0000 0000
0000 0000 0000 0000 0000 0000 0000 0000 0000 0000 0000 0000.
0000 0000 0000 0000 0000 0000 0000 0000 0000 0000 0000 0000
0000 0000 0000 0000 0000 0000 0000 0000 0000 0000 0000 0000.
0000 0000 0000 0000 0000 0000 0000 0000 0000 0000 0000 0000
0000 0000 0000 0000 0000 0000 0001 0000 0000 0000 0000 0000.
0000 0000 0000 0000 0000 0000 0000 0000 0000 0000 0000 0000
0000 0000 0000 0000 0000 0000 0000 0000 0000 0000 0000 0000.
0000 0000 0000 0000 0000 0000 0000 0000 0000 0000 0000 0000
0000 0000 0000 0000 0000 0000 0000 0001 0011 0004 0003 0002.
0000 0000 0000 0000 0000 0000 0000 0000 0000 0000 0000 0000
0000 0000 0000 0000 0000 0000 0000 0000 0000 0000 0000 0000.
0000 0000 0000 0000 0000 0000 0000 0000 0000 0000 0000 0000
0000 0000 0000 0000 0000 0000 0000 0000 0000 0013 0000 0000=
0000 ////////// 00000=
W=
L=
Z=
G=
FN
281020 308014 302006 236010 340021 002012
354022 320017 004021 145023 098032 114039
132058 121039 129055 133049 122040 103025
136043 157019 114009 324022 324029 303019.
314027 306024 314018 293013 323012 332028
297017 357030 020018 335034 286035 335035
320016 340018 301020 296021 307022 006006
111027 133030 105027 131035 107031 146039.
166028 007010 103029 118032 079017 //////
////// ////// ////// ////// ////// //////
////// 335042 023040 338025 326014 257007
271012 289031 329032 343033 ////// //////.
////// ////// ////// ////// ////// //////
////// ////// ////// ////// ////// 136028
120038 149036 113042 143039 130048 138037
141023 128030 136036 132024 118033 113030.
115030 136025 128026 130016 247009 314013
307013 350023 329032 273023 337015 341028
334041 163027 103025 088018 116016 338043
030027 159020 333024 149021 118009 244015.
157013 109011 078018 ////// ////// //////
////// ////// ////// ////// ////// //////
////// 073022 069013 041013 351022 042014
186007 267018 200016 132007 175011 134024.
118030 113031 116032 129024 120030 118035
109026 108025 067015 137014 109033 128043
127051 150054 137068 127065 134056 136063
137054 142066 143071 119051 121059 118037.
118033 091014 143004 049008 083027 071030
096025 085041 146016 310010 093020 082019
348021 019028 303044 300027 321029 319031
334040 332031 313028 337023 062012 311022.
334022 331022 331018 303029 303033 333037
332036 317061 328072 327065 316058 317068
312101 328102 314134 309119 317105 291119
306116 303104 308103 297071 300049 310040.
298036 319030 315032 323030 326031 353031
346024 201018 298005 107007 064007 PPC001
291020 060015 007015 007024 172015 221021
124053 115055 116060 119055 112050 113051.
118043 136039 153032 138034 151030 157045
151050 142040 146038 138029 116017 125029
136051 ////// 145055 128066 136063 138069
132068 132073 110077 105048 130052 139049.
165020 130047 142040 139020 202019 159007
154009 316006 028016 030017 025015 197015
355009 186014 292027 136033 127057 147067
146060 143079 147067 134064 113023 152033.
095029 114021 123024 102012 115009 188008
098021 312015 094040 243010 113011 121032
116028 137024 110024 157030 131031 143035
136047 148054 134043 140056 103047 117038.
130043 109026 120042 ////// 090013 334013
068037 276015 239016 320016 295026 287040
330033 325049 319046 324050 326054 319042
324034 292050 298081 308056 321064 294050.
295041 300048 310040 320048 330035 320050
318057 310051 312048 315070 301057 299046
302050 300062 298067 301070 318061 290073
295082 293067 328064 302029 282017 289025.
357006 293009 168007 044008 258011 310013
081011 172009 162007 091013 111020 141026
155028 138044 138057 126055 103038 106032
122050 111047 131055 113044 102063 123055.
152039 151026 120006 315013 357013 335037
241009 341019 333014 338019 337021 337026
031016 008025 323022 254012 139070 120076
135091 131103 136110 135063 134062 126052.
096017 096014 092040 219009 269009 003015
315022 263021 278014 223014 300012 125049
126041 135044 138052 135045 123045 120043
126059 136058 131064 136071 127051 120055.
118045 127041 134047 124035 113028 135034
112022 144008 288008 300012 300015 301021
256006 135018 133039 134035 147026 140039
146037 136040 156017 118016 134026 152004.
033016 309039 118025 310055 321045 320097
322071 292114 303099 302104 308126 310171
305128 313163 323146 301123 301127 298116
303118 299106 300066 304060 333040 326039.
258023 PPC000 044017 242011 118015 126005
129017 146037 111038 134039 116049 120051
119067 130077 118098 120083 127084 109073
125083 120075 122082 136060 134029 098019.
129021 340024 310017 279012 287021 290023
281020 288024 314021 317034 313025 313022
333023 302037 326082 310072 314070 244035
290048 278028 352032 353024 348033 341033.
344020 352017 008010 126015 123040 352007
160018 143033 130023 159012 218010 329027
317021 317019 326018 304012 306015 359022
266018 116027 200014 123010 PPC000 073003.
176009 080016 177006 100011 021005 065015
355016 265008 302013 299016 316028 308019
317027 343033 318039 319053 309065 293054
290065 293040 301044 297041 306037 297035.
297039 304043 311024 326024 354027 339025
320050 289042 298056 309043 287043 317059
327087 299100 310094 315067 298083 313074
278079 315085 298062 312049 328034 PPC002.
294010 352010 138017 119013 120035 137035
141036 126024 151048 129022 141038 144034
151027 098011 268022 330012 332021 //////
301016 328010 ////// 131026 134024 118022.
256011 200009 250013 124013 175010 248007
306018 292008 338019 273011 009010 327023
309020 326024 300030 278048 295075 310098
299087 306080 298053 293033 306023 053015.
137016 134026 219016 199016 094015 098029
092021 097031 105041 095025 109028 111026
127038 131020 144048 134028 133052 116039
120058 143076 136071 146073 140052 135046.
127038 138044 124028 121046 127035 140033
135038 146049 144043 135041 134049 140054
137053 136073 131065 131068 127069 128064
126048 133044 138062 122058 127044 124054.
130035 138029 128039 138032 129027 130029
134025 122013 157022 130033 117023 132030
122034 123030 145032 136031 136020 138017
076014 300013 283015 123010 113019 117010.
105021 105023 114020 121025 248006 PPC000
PPC000 PPC000 PPC000 340016 005015 278014
349030 301024 313024 023030 309044 312033
284024 288023 324059 169020 209024 308050=
283019 309017 304008 210008 340018 008015
355021 320017 012020 152015 098028 110041
133068 122048 123051 140043 130036 108021
135040 150021 128014 318022 321034 303016.
313029 307024 317015 297013 318009 324031
297020 003032 009017 337038 287027 328028
329017 342017 299018 294021 306024 323006
109028 133031 109024 128031 104027 148041.
157024 007010 104026 115029 080017 //////
////// ////// ////// ////// ////// //////
////// 336034 013033 337025 354013 239006
274014 288030 324033 342031 ////// //////.
////// ////// ////// ////// ////// //////
////// ////// ////// ////// ////// 137025
120037 144036 112041 138040 135052 132045
135027 127029 131035 131026 119031 112031.
114028 131023 130025 127021 184010 327013
316012 350025 333031 277018 332012 342025
333040 138020 104031 077014 110017 319046
027024 150021 322021 144018 107011 247014.
157015 122010 072013 ////// ////// //////
////// ////// ////// ////// ////// //////
////// 091019 062017 029008 313022 036014
235012 258018 191017 141009 165015 138020.
118030 118032 115033 125027 118028 117033
112028 110024 070014 136017 111026 125044
126046 148055 135063 129063 137053 143055
137059 131065 143073 121055 120052 119043.
118033 089014 103008 016006 082026 070027
087027 085044 143013 299010 096021 085016
349024 353024 305042 302037 320033 323032
329037 332033 318031 337023 051014 309020.
335023 331022 326018 305028 305030 329039
332035 318069 326074 325070 320061 316068
309101 327111 311120 311118 309103 299115
300115 302115 310104 300075 301050 311039.
302035 318033 316034 322033 327031 348031
349027 137013 PPC001 109009 065007 082003
312018 038012 325011 356024 231017 176020
138047 119059 118059 119056 112048 111054.
120043 135039 151033 141038 152031 159043
155050 143037 145040 141028 120020 123024
130050 ////// 145052 125063 133062 137074
127068 130070 112076 106047 127051 138052.
170026 134041 140045 136009 143022 128014
176013 PPC002 028016 028013 030011 218017
344012 185016 296024 040021 126056 144065
145074 139078 139066 133065 108030 152032.
098028 114020 123023 095013 101011 256005
091018 301018 103036 241011 105007 111030
122030 135025 121029 139032 137022 140032
140046 140049 134043 143056 112048 115043.
129037 109031 118037 ////// 109011 355015
074034 286013 231015 313016 297028 287033
331033 321048 322045 322050 327048 328041
322034 295054 298079 306056 318052 296052.
296042 300046 315037 318048 323037 320049
320054 310057 314045 314068 296056 301046
302050 300059 297072 305066 317056 296083
295085 302074 324061 304030 286021 295028.
300007 314009 206007 046011 264013 303014
084009 160006 145008 099015 111019 136021
151026 133045 131053 127056 116039 108039
125050 111055 122052 113048 105056 116060.
144037 149025 120004 312010 346015 339031
231011 339023 314017 346019 334022 331028
027020 356021 342026 280016 135071 127080
139085 131100 135100 131073 132067 124050.
098019 066009 092038 204009 179008 347027
324022 260023 283016 241013 269010 128044
130044 133042 138050 130048 123050 131047
128057 134058 131064 137069 125053 122054.
120044 123041 131042 127037 123030 127030
113023 143012 283012 286014 296016 309019
255009 176015 130037 130033 147026 145040
139036 134044 153016 120013 133026 152008.
041010 312040 122020 307063 322030 317095
320069 292112 303110 301117 308140 308160
304133 309150 318158 304141 299130 296121
303120 301105 300077 305069 333035 333030.
244021 PPC001 043018 261007 110013 138008
123018 143034 111036 136041 121047 123055
121070 126081 118100 125084 127089 116072
120074 123078 122076 135062 134025 092016.
128018 345012 311017 286013 294019 292024
290021 291025 315025 317032 318027 315018
336021 306031 326085 315073 313069 245037
285044 286031 351029 354023 352034 343031.
337022 351017 012018 087012 121029 038008
170015 141028 128025 146013 217010 333026
328022 314024 325019 308016 333018 023011
266018 115020 211016 123011 PPC000 076009.
158013 078017 PPC002 112008 041005 067012
347014 268009 295010 304013 316022 311018
309026 333030 320037 316057 313070 297047
288066 311034 299041 297039 305036 298035.
298042 308043 316024 327026 352026 341026
327052 288042 299054 308043 287037 311056
317088 302094 309088 316073 295071 311075
290077 303072 302069 316044 331030 PPC002.
307005 349008 138010 107013 125033 137035
141035 125023 151051 134024 144034 144033
149027 136011 249017 325014 043011 //////
308016 318010 ////// 128026 126026 117021.
324015 195009 211009 123015 143008 244008
314016 288008 342023 259016 006011 322022
297017 321021 288033 287045 300075 310078
298088 310071 300057 295033 303021 048013.
169016 134026 220013 214019 093014 099026
096027 101030 104036 098026 111030 105028
125040 125028 143032 133035 132047 125050
125062 139071 142076 145072 139053 133045.
125039 137044 123030 123044 126038 141032
136035 146046 142037 133040 135050 140052
136062 137071 132072 129069 128061 127057
127055 131043 136055 124058 126044 127056.
130039 141030 128035 136033 129025 131026
130028 130016 158015 130031 121026 131028
123033 129035 139028 134030 126017 125014
105015 323013 240013 130008 110016 091004.
103019 104023 116019 123022 194012 PPC001
PPC000 PPC000 PPC000 343012 351013 275013
352027 306028 322028 017033 304039 312033
280021 286027 317044 153018 214019 302043=
069131 0858 082127 0852
051146 1812 063129 1807
041147 2001 048340 1005
059129 1247 070127 1308
046089 1118 062295 1352
027127 1008 039121 1004
074146 1643 094152 1641
045302 1118 061090 0354
126304 1054 172318 0947
060123 1546 082096 1917
087131 1429 105132 1413
081142 1609 103143 1539
058139 1802 078110 1918
089303 1651 123301 1642
092300 1437 116292 1454
062108 1942 082124 1849
104130 1647 132138 1712
069137 1800 080129 1642
056127 2006 069129 2002
172315 1027 210312 1131
100118 1100 119115 1019
087328 1056 122304 1035
053115 0109 068129 0101
071305 1311 089315 1253
104310 1022 123304 1048
052150 0501 061163 0454
097302 1447 136304 1439
081140 1710 105149 1741
078137 0938 094124 0903
056126 2001 070141 2033
059142 1827 074143 1819=
D=
K=
A=
S=
B=
??????
******
YF
O2220
河南省
豫汝阳大安
汝阳县大安工业区
丘陵；城镇；地面
空缺
计算机
计算机
计算机
计算机
计算机
20100407=
JY
8888=
GK
01/
05/=
BZ
BB/03/02时温度用正点前10分钟值代替。
BB/06/09时温度用正点后2分钟值代替。
BB/11/10时温度用正点前1分钟值代替。
BB/14/24时温度用正点前4分钟值代替。
BB/26/14时温度用正点前6分钟值代替。17时温度用正点前6分钟值代替。
00/341758/1123236
10/24/逐时观测
10/24/24时连续观测
11/不守班=
######
