O2216 3425N 11241E 004090 004090 105 000 S15 91999999919999199999 0 2012 03
P=
TB
0031 0030 0029 0027 0027 0027 0026 0025 0026 0026 0025 0024
0020 0016 0018 0020 0020 0020 0021 0033 0030 0025 0025 0025 0037 1606 0015 1001.
0022 0022 0021 0021 0020 0021 0020 0020 0019 0020 0016 0016
0020 0026 0022 0023 0035 0029 0030 0027 0026 0020 0017 0014 0036 1252 0014 1944.
0013 0011 0011 0010 0007 0004 0001 0002 0000 -002 -003 -007
-009 -010 -005 0001 0008 0004 0000 -002 -004 -003 -005 -006 0014 2001 -011 0947.
-009 -012 -012 -013 -013 -013 -013 -012 -011 -011 -011 -008
-004 0005 0012 0022 0023 0029 0031 0034 0028 0026 0023 0020 0036 1530 -014 2344.
0018 0017 0013 0013 0014 0009 0006 0007 0007 0003 0002 0011
0029 0032 0048 0056 0074 0078 0088 0086 0083 0073 0067 0056 0093 1433 0002 0659.
0048 0041 0048 0040 0038 0042 0038 0033 0037 0033 0038 0040
0054 0066 0068 0086 0101 0106 0098 0095 0093 0084 0071 0058 0113 1341 0025 0617.
0047 0055 0055 0053 0046 0041 0041 0034 0032 0025 0016 0029
0066 0093 0105 0125 0129 0129 0125 0117 0110 0097 0087 0080 0134 1302 0014 0645.
0076 0072 0068 0065 0064 0057 0056 0053 0050 0049 0045 0047
0069 0080 0079 0065 0060 0059 0063 0067 0061 0048 0043 0037 0083 1040 0037 1956.
0035 0032 0029 0026 0020 0020 0019 0010 0013 0014 0012 0015
0025 0037 0054 0073 0075 0085 0084 0087 0079 0067 0057 0054 0093 1409 0009 0426.
0047 0036 0032 0026 0012 0000 -002 -010 -012 -013 -015 0008
0058 0078 0105 0125 0143 0148 0149 0150 0148 0135 0109 0087 0156 1511 -018 0415.
0072 0083 0074 0064 0056 0050 0035 0038 0019 -005 -012 -010
-005 0006 0014 0037 0051 0054 0069 0065 0063 0042 0031 0023 0087 2001 -012 0659.
0017 0012 0013 0003 0001 0000 -004 -002 -010 -014 -021 0003
0030 0048 0061 0081 0072 0081 0078 0080 0083 0069 0052 0045 0090 1555 -024 0643.
0039 0036 0021 0016 0000 0005 -005 -012 -014 -017 -015 0013
0054 0100 0127 0154 0177 0177 0175 0170 0153 0141 0129 0120 0182 1414 -018 0456.
0106 0109 0108 0110 0095 0093 0083 0065 0069 0055 0050 0074
0107 0137 0142 0150 0152 0153 0145 0139 0130 0117 0105 0094 0156 1351 0047 0620.
0086 0083 0079 0076 0074 0072 0069 0067 0065 0062 0060 0061
0063 0068 0067 0070 0082 0072 0053 0049 0049 0051 0047 0046 0094 2001 0045 1904.
0043 0039 0036 0042 0042 0041 0040 0039 0030 0023 0035 0054
0074 0096 0109 0128 0145 0152 0157 0164 0161 0145 0118 0096 0164 1554 0019 0521.
0088 0087 0074 0084 0077 0065 0049 0051 0045 0043 0036 0067
0109 0135 0152 0175 0183 0189 0190 0182 0173 0157 0144 0135 0201 1414 0029 0638.
0125 0114 0111 0086 0083 0073 0077 0062 0067 0074 0083 0087
0073 0078 0083 0085 0088 0096 0096 0093 0082 0064 0050 0043 0134 2001 0042 1959.
0032 0023 0015 0013 0009 0005 0002 0004 0000 0000 -001 -001
0000 -002 -002 0001 0003 0003 0005 0004 0004 0004 0005 0006 0044 2003 -004 1026.
0006 0007 0007 0008 0008 0007 0007 0006 0006 0008 0009 0012
0021 0031 0032 0048 0053 0053 0064 0058 0056 0054 0052 0046 0065 1433 0005 2007.
0038 0032 0021 0013 0015 0009 0015 0017 0018 0026 0020 0022
0024 0026 0022 0008 0011 0016 0014 0013 0015 0014 0014 0013 0046 2001 0007 1202.
0011 0011 0011 0009 0010 0012 0013 0013 0015 0014 0020 0027
0032 0036 0041 0054 0064 0072 0079 0080 0071 0066 0058 0053 0083 1526 0008 2354.
0049 0049 0046 0041 0044 0051 0064 0068 0067 0063 0055 0068
0088 0101 0104 0109 0114 0124 0127 0129 0123 0108 0088 0068 0136 1544 0038 0146.
0059 0041 0043 0049 0046 0015 0019 0008 0034 0012 0018 0070
0115 0126 0150 0172 0175 0190 0186 0196 0184 0163 0136 0102 0199 1444 -003 0621.
0083 0079 0066 0051 0051 0031 0034 0033 0024 0018 0026 0074
0124 0134 0166 0190 0212 0211 0221 0208 0197 0174 0155 0147 0221 1500 0010 0540.
0139 0136 0137 0136 0120 0115 0095 0079 0066 0050 0055 0092
0124 0163 0183 0203 0216 0200 0213 0217 0203 0185 0169 0156 0233 1521 0042 0639.
0158 0134 0117 0116 0099 0086 0080 0075 0066 0062 0070 0101
0136 0157 0180 0198 0210 0234 0233 0252 0233 0210 0196 0174 0256 1611 0054 0619.
0164 0156 0148 0147 0133 0130 0132 0130 0125 0118 0117 0132
0156 0178 0194 0202 0214 0219 0223 0219 0208 0198 0186 0181 0230 1448 0116 0657.
0180 0164 0159 0144 0126 0122 0124 0119 0118 0115 0114 0114
0118 0132 0142 0154 0176 0180 0189 0192 0181 0171 0160 0152 0193 1507 0113 0739.
0153 0137 0130 0114 0122 0119 0125 0130 0125 0117 0110 0145
0152 0156 0160 0183 0187 0176 0178 0174 0156 0151 0135 0122 0190 1232 0110 0659.
0121 0111 0083 0078 0061 0058 0062 0026 0038 0043 0051 0106
0131 0154 0172 0190 0197 0205 0208 0212 0216 0213 0169 0171 0220 1737 0020 0406=
I=
E=
U=
N=
H=
C=
V=
R6
0000 0000 0000
0000 0000 0000
0000 0000 0000
0000 0000 0000
0000 0000 0000
0000 0000 0000
0000 0000 0000
0000 0000 0000
0000 0000 0000
0000 0000 0000
0000 0000 0000
0000 0000 0000
0000 0000 0000
0000 0000 0000
0000 0000 0000
0000 0000 0000
0000 0000 0000
0000 0000 0000
0010 0007 0017
0000 0000 0000
0001 0126 0127
0041 0000 0041
0000 0000 0000
0000 0000 0000
0000 0000 0000
0000 0000 0000
0000 0000 0000
0000 0000 0000
0012 0000 0012
0000 0000 0000
0000 0000 0000=
0000 0000 0000 0000 0000 0000 0000 0000 0000 0000 0000 0000
0000 0000 0000 0000 0000 0000 0000 0000 0000 0000 0000 0000.
0000 0000 0000 0000 0000 0000 0000 0000 0000 0000 0000 0000
0000 0000 0000 0000 0000 0000 0000 0000 0000 0000 0000 0000.
0000 0000 0000 0000 0000 0000 0000 0000 0000 0000 0000 0000
0000 0000 0000 0000 0000 0000 0000 0000 0000 0000 0000 0000.
0000 0000 0000 0000 0000 0000 0000 0000 0000 0000 0000 0000
0000 0000 0000 0000 0000 0000 0000 0000 0000 0000 0000 0000.
0000 0000 0000 0000 0000 0000 0000 0000 0000 0000 0000 0000
0000 0000 0000 0000 0000 0000 0000 0000 0000 0000 0000 0000.
0000 0000 0000 0000 0000 0000 0000 0000 0000 0000 0000 0000
0000 0000 0000 0000 0000 0000 0000 0000 0000 0000 0000 0000.
0000 0000 0000 0000 0000 0000 0000 0000 0000 0000 0000 0000
0000 0000 0000 0000 0000 0000 0000 0000 0000 0000 0000 0000.
0000 0000 0000 0000 0000 0000 0000 0000 0000 0000 0000 0000
0000 0000 0000 0000 0000 0000 0000 0000 0000 0000 0000 0000.
0000 0000 0000 0000 0000 0000 0000 0000 0000 0000 0000 0000
0000 0000 0000 0000 0000 0000 0000 0000 0000 0000 0000 0000.
0000 0000 0000 0000 0000 0000 0000 0000 0000 0000 0000 0000
0000 0000 0000 0000 0000 0000 0000 0000 0000 0000 0000 0000.
0000 0000 0000 0000 0000 0000 0000 0000 0000 0000 0000 0000
0000 0000 0000 0000 0000 0000 0000 0000 0000 0000 0000 0000.
0000 0000 0000 0000 0000 0000 0000 0000 0000 0000 0000 0000
0000 0000 0000 0000 0000 0000 0000 0000 0000 0000 0000 0000.
0000 0000 0000 0000 0000 0000 0000 0000 0000 0000 0000 0000
0000 0000 0000 0000 0000 0000 0000 0000 0000 0000 0000 0000.
0000 0000 0000 0000 0000 0000 0000 0000 0000 0000 0000 0000
0000 0000 0000 0000 0000 0000 0000 0000 0000 0000 0000 0000.
0000 0000 0000 0000 0000 0000 0000 0000 0000 0000 0000 0000
0000 0000 0000 0000 0000 0000 0000 0000 0000 0000 0000 0000.
0000 0000 0000 0000 0000 0000 0000 0000 0000 0000 0000 0000
0000 0000 0000 0000 0000 0000 0000 0000 0000 0000 0000 0000.
0000 0000 0000 0000 0000 0000 0000 0000 0000 0000 0000 0000
0000 0000 0000 0000 0000 0000 0000 0000 0000 0000 0000 0000.
0000 0000 0000 0000 0000 0000 0000 0000 0000 0000 0000 0000
0000 0000 0000 0000 0000 0000 0000 0000 0000 0000 0000 0000.
0000 0000 0000 0000 0000 0000 0002 0004 0004 0000 0000 0000
0000 0000 0002 0002 0002 0001 0000 0000 0000 0000 0000 0000.
0000 0000 0000 0000 0000 0000 0000 0000 0000 0000 0000 0000
0000 0000 0000 0000 0000 0000 0000 0000 0000 0000 0000 0000.
0000 0000 0000 0000 0000 0000 0000 0000 0000 0000 0001 0000
0001 0000 0001 0041 0033 0001 0001 0017 0007 0011 0011 0002.
0016 0002 0009 0011 0002 0000 0001 0000 0000 0000 0000 0000
0000 0000 0000 0000 0000 0000 0000 0000 0000 0000 0000 0000.
0000 0000 0000 0000 0000 0000 0000 0000 0000 0000 0000 0000
0000 0000 0000 0000 0000 0000 0000 0000 0000 0000 0000 0000.
0000 0000 0000 0000 0000 0000 0000 0000 0000 0000 0000 0000
0000 0000 0000 0000 0000 0000 0000 0000 0000 0000 0000 0000.
0000 0000 0000 0000 0000 0000 0000 0000 0000 0000 0000 0000
0000 0000 0000 0000 0000 0000 0000 0000 0000 0000 0000 0000.
0000 0000 0000 0000 0000 0000 0000 0000 0000 0000 0000 0000
0000 0000 0000 0000 0000 0000 0000 0000 0000 0000 0000 0000.
0000 0000 0000 0000 0000 0000 0000 0000 0000 0000 0000 0000
0000 0000 0000 0000 0000 0000 0000 0000 0000 0000 0000 0000.
0000 0000 0000 0000 0000 0000 0000 0000 0000 0000 0000 0000
0000 0000 0000 0000 0000 0000 0000 0000 0000 0000 0000 0000.
0000 0000 0002 0001 0004 0003 0001 //// 0000 0001 0000 0000
0000 0000 0000 0000 0000 0000 0000 0000 0000 0000 0000 0000.
0000 0000 0000 0000 0000 0000 0000 0000 0000 0000 0000 0000
0000 0000 0000 0000 0000 0000 0000 0000 0000 0000 0000 0000.
0000 0000 0000 0000 0000 0000 0000 0000 0000 0000 0000 0000
0000 0000 0000 0000 0000 0000 0000 0000 0000 0000 0000 0000=
0000 ////////// 00000=
W=
L=
Z=
G=
FN
150018 106015 138023 094015 083013 070008
134008 079009 PPC000 103011 128013 077014
076022 332017 063009 308027 311023 302028
278035 347032 349027 048015 088019 132006.
228012 310017 098004 185009 PPC001 314007
PPC001 317014 279011 190012 136019 131027
099018 099035 105028 124040 094042 123023
108045 128044 111032 102043 118029 119027.
108025 111036 120042 123036 116030 115036
114035 105037 111038 114041 110038 119042
119023 105024 097032 102023 111020 128018
117031 117040 131023 117027 121027 125023.
128018 112027 110036 116025 116032 076024
092022 091013 074009 092011 047006 316012
324011 114021 093020 147027 118021 092015
120024 139028 125027 102018 137014 163011.
PPC000 075007 PPC000 333011 PPC001 330012
PPC000 PPC000 PPC000 312014 255013 241013
311013 288031 293021 280028 300045 319063
310073 304072 296061 306054 310038 311024.
333010 254007 326027 330032 317032 327029
355016 307034 314011 313014 002047 304029
338034 350027 344012 333014 064018 349042
014038 044018 027021 086009 092014 187007.
116013 077019 077022 059017 042016 133010
267004 176009 045019 PPC000 PPC001 PPC000
PPC000 349032 337033 184022 193021 104032
128040 119040 130040 174040 174038 173036.
150015 066018 130008 124010 081014 064015
098021 121025 104018 116023 089019 086020
118019 140023 121038 134047 125047 100048
111035 123022 092017 107036 104034 112029.
121035 101031 086021 108034 107025 101023
120029 089024 108016 103028 102026 104032
103025 126023 129011 122020 066005 205012
155027 147022 154029 165019 126022 140021.
109025 088031 089024 081023 147010 124004
156009 005007 PPC001 PPC001 076009 170010
317012 280018 302049 299039 299043 335030
294048 263025 267011 PPC000 055017 051026.
156011 122048 110045 110047 109047 111048
046015 120047 104059 105051 110027 119060
112047 110059 114039 130034 145024 090038
163018 127021 150042 182046 144031 138026.
103031 108042 107029 089030 096023 102019
096019 102017 097013 153011 152007 140011
110019 127030 140022 157013 124012 171020
179027 096004 189024 163015 125012 099020.
086025 075025 064017 094012 099007 123010
180009 224006 302008 PPC001 051009 131010
061006 316008 068010 228014 166020 163024
166037 164057 170045 145040 123043 120039.
088030 089019 079038 093033 107019 108028
093030 175016 080021 PPC000 163014 071020
147013 113019 116029 133030 149039 111051
103069 108059 100047 104057 115059 115054.
114055 116049 123046 122051 116045 118048
125046 125032 108034 111036 104038 089012
091041 130021 119037 115013 242025 305011
016022 347021 058022 080010 299019 251010.
272025 298035 306036 320033 324034 317040
313027 304021 300016 323028 327030 318061
323023 332049 316058 316069 314054 309047
298049 323035 294029 317008 076013 069026.
109028 090029 127014 082036 081027 131016
145012 107015 091005 PPC000 031004 PPC001
240012 177008 301011 129047 128036 112037
180043 163038 168045 148028 147037 109023.
099032 086031 085023 001011 PPC000 047022
079010 201006 107013 PPC000 002024 112054
115052 111064 114061 129064 116078 122062
117056 122039 122064 105065 110058 109045.
126052 124055 123051 126032 122046 108026
109025 172014 120035 105034 117057 115028
119043 110036 120037 120044 116034 130030
120030 125027 125017 136017 152017 143025.
031004 086017 073005 137009 082014 105012
333014 PPC000 302009 027012 128015 140016
094014 326015 301024 348018 056019 085019
144029 132017 123022 137035 119024 161024.
149017 135022 088014 085024 108016 089023
104034 095033 099026 125026 120044 106041
106030 109041 120039 119019 113022 099025
171006 037013 099018 171007 071017 336010.
296009 283024 269017 304028 318030 327030
320032 335019 309033 324032 320037 310035
311046 318044 318027 301040 330037 342030
341031 327019 317014 356019 343012 286009.
283021 300020 158014 PPC000 355003 306049
305069 307073 310067 320050 323050 314088
308072 318083 333115 325121 319127 316090
324116 324079 298109 297080 308062 301032.
309039 301025 259017 325025 351026 PPC000
200011 102010 079015 125010 176011 PPC000
139009 184011 271021 269028 301037 228029
281038 309044 290055 263027 296020 091017.
153010 PPC000 048009 304007 167011 PPC000
153011 078012 111009 034010 135010 139011
316015 271022 258019 283029 332027 341030
316025 180013 134020 146049 127032 121034.
116038 098037 136027 131030 091027 086031
PPC000 011007 360012 PPC000 100010 PPC000
314014 185016 291007 315026 283027 278027
233007 330010 165027 162032 078020 103013.
092022 152008 335008 169010 040008 073011
225006 100009 PPC000 142009 349017 237008
289015 316024 308019 269028 274025 304022
077014 248013 182025 170028 136023 081032.
091030 084031 098029 105038 081031 097028
112035 116037 109037 105039 103037 115022
121031 116047 111045 125042 103046 155035
158043 162056 156040 126025 127028 133022.
140022 102019 089020 134010 278045 350012
141013 ////// 268027 282025 296024 310032
302030 312025 297047 315047 311048 290048
293059 308054 306055 306024 335014 302026.
290007 124012 088011 266016 348012 297037
322034 307037 315021 187024 235012 012037
062022 138025 113034 193015 349043 340055
337056 315078 326055 326058 326057 323048.
344051 315037 327024 301015 286003 264014
297013 296030 153007 090012 PPC000 250008
307062 293096 313082 313084 306069 297049
283058 312028 323011 PPC000 164026 135031=
145019 105018 136022 094014 088012 074008
129008 092009 PPC002 100014 142013 070012
077021 327017 059009 298026 313025 297027
281034 333030 348028 040018 090018 149007.
219010 306017 087004 181009 174004 306008
245003 318014 273012 188015 131021 135024
108019 103039 110032 121044 103044 125030
107042 132042 111031 105039 115031 120030.
106033 109032 119041 125037 116028 113033
109036 108033 112036 116036 114038 118039
125029 109026 095032 103023 115026 130025
115032 118036 125027 122028 130028 125021.
127019 116025 109032 118028 117030 083024
094020 093012 082010 100011 064007 320011
327013 113021 087024 131024 118024 104018
114026 139029 126026 100019 130015 173011.
PPC000 086004 PPC000 336010 108006 330013
PPC000 PPC000 PPC001 306014 246012 251015
300013 288029 298019 275037 301045 314068
305079 298076 296064 304054 313039 310026.
323009 259006 329027 328032 310032 322032
349021 309031 315014 311012 004038 313024
339031 348027 334015 002013 016017 351047
004038 046017 017021 082009 091015 150010.
132016 079019 082020 061018 044016 138011
330004 182009 046019 PPC002 286004 PPC000
PPC000 354028 341029 194021 226018 121034
131038 117039 126036 170034 172039 172039.
150017 069018 122009 124010 082014 060013
096022 121024 105018 112024 093020 087018
128018 130025 121043 130046 126046 103049
106037 113024 094018 106038 105031 100030.
122032 104028 087022 107030 107026 102022
119027 090022 110016 105025 102028 105029
107026 122026 128014 123017 017007 204014
161026 163026 160032 163021 122020 139026.
104026 087030 090026 081025 134011 137005
134010 034007 108004 196003 080006 165010
316013 283020 301046 301041 297040 326027
275031 290025 249013 PPC000 053016 051025.
152011 124041 113045 113052 110048 107054
046016 118047 105056 104052 113034 121054
112056 112061 115043 122036 123026 095030
145024 113029 140033 177046 147035 139024.
104030 106043 107034 089030 101024 103019
094022 103018 097013 146010 165007 149008
108024 137028 144024 184019 128014 166024
162023 114012 186025 165016 138012 098020.
086025 076026 061019 088015 100007 114012
148005 222007 303004 192003 057009 136009
067007 332005 086008 208014 165024 161030
162038 166055 168049 142038 126044 122040.
088031 085025 098034 098032 100022 107029
090030 160015 080021 PPC001 166013 064019
148014 113018 116029 127033 141041 114048
104060 106054 106048 106059 110059 116053.
115051 116049 118043 118046 118046 117045
126044 122032 111039 109036 105033 089016
100036 122019 116035 100015 251024 286018
014022 347023 055018 070010 293018 254008.
269027 301033 305036 320033 323033 317038
315026 307021 302015 324027 329030 316057
317027 326046 319062 317069 307056 317041
307041 319032 298026 327009 077015 071024.
104027 091027 128014 081036 085025 122015
144011 103016 106003 PPC000 349006 170004
238012 170008 307011 134047 126037 122037
177047 162039 159043 147029 146036 111025.
100031 084029 084025 014014 PPC000 044014
062009 220010 109012 PPC001 358026 111055
112058 112066 113064 128064 119074 123066
116058 120048 124061 110065 111058 112050.
121055 126055 124050 122035 123044 114027
111028 169015 119033 103028 119048 115029
114035 116035 114040 114044 113035 126029
122025 123026 129018 122017 141015 140023.
046006 085016 066006 141008 078014 100011
351010 PPC002 279009 046013 124013 149016
097016 319013 304023 351019 055015 096018
144027 127023 125024 137032 114024 163021.
149017 133021 090015 082023 111016 088022
105032 096033 098029 124026 118044 105039
108037 112043 118038 113020 109020 101029
118007 033013 106015 164004 065015 339011.
314009 286022 266016 303028 312032 327036
319032 333023 308032 322032 319034 315033
311046 318045 318032 298039 330037 347029
345029 326022 325015 354018 341012 291006.
288020 301018 167010 193003 335006 304038
304066 307073 309064 320048 323047 313082
307064 316076 331105 329125 320128 320088
325108 321086 303097 301081 305064 303034.
308036 300025 256017 324023 353026 PPC001
194010 116010 089016 116011 179010 PPC000
147008 210009 274023 253024 292040 190025
284039 309043 289058 266030 295017 089014.
147011 PPC000 051009 305007 166012 PPC000
154011 069008 123010 040011 141010 139011
315015 272022 273019 290033 324029 356024
320022 202012 140022 146046 124032 129039.
117040 094040 136032 128033 094029 085032
PPC002 340008 358012 PPC000 097010 PPC000
310014 207013 292010 307025 302024 283026
251007 343009 163026 162033 080019 099014.
094022 114012 015008 157011 043008 063013
203009 104009 PPC002 141007 351016 208007
311015 308024 302020 281030 279025 306019
059014 243014 182026 165030 138021 083031.
089031 084032 097032 107040 084027 096025
111033 113035 109037 107035 103033 120023
125033 115042 111039 114042 106044 157034
159043 163053 151041 130030 129027 134020.
146022 131020 093020 130007 275046 351013
142014 ////// 268027 280027 293025 309032
303028 308026 298047 312053 306055 289052
296059 306054 306054 306026 333014 303027.
293010 112007 086010 268016 351012 298035
323033 311036 316021 181023 238012 016038
066020 130026 131035 215013 350039 339054
334061 317079 327056 326057 327058 326047.
341051 317039 326024 302013 266005 262015
302014 299029 205004 091011 PPC000 231003
309060 297092 311084 311079 300073 302060
290061 314034 319014 PPC000 164027 132033=
037283 1506 051027 1620
053108 1015 085104 1019
047110 0717 090121 0717
037102 2310 063107 2310
086303 1434 123296 1434
058348 0706 090328 1407
046173 1904 079098 1432
054124 1121 092100 1359
037166 1535 058127 2102
054291 1138 080290 1128
065110 0925 115093 0850
045104 2201 066101 2159
068163 1628 099163 1626
067106 1523 117101 1731
057113 2133 096135 2120
085305 1146 113299 1145
056180 1420 083184 1418
084127 1208 136123 1242
062141 2138 102125 2055
033111 1555 053138 1736
049106 0948 089111 0650
051318 0949 078325 0947
135323 1136 201328 1339
072305 1642 105304 1641
048145 1823 074130 1821
055096 2118 114089 2116
039174 1734 061152 1843
055164 1558 085164 1609
068298 1252 091305 1307
118311 1523 169296 1518
108295 1021 149288 1021=
D=
K=
A=
S=
B=
??????
******
YF
O2216
河南省
豫伊川江左
伊川县江左乡烟叶收购站
丘陵；城镇；地面
空缺
计算机
计算机
计算机
计算机
计算机
20120426=
JY
8888=
GK
01/
05/=
BZ
BB/29/04时气温用正点前10分钟值代替。
00/342441/1124040
10/24/逐时观测
10/24/24时连续观测
11/不守班=
######
