O2201 3458N 11206E 003850 003850 105 000 S15 91999999919999199999 0 2011 04
P=
TB
0000 0000 0000 0000 0000 0000 0000 0000 0000 0000 0000 0000
0000 0000 0000 0000 0000 0000 0000 0000 0000 0000 0000 0000 0239 0239 0000 2100.
0000 0000 0072 0061 0000 0000 0000 0000 0000 0000 0000 0000
0000 0000 0000 0000 0000 0000 0000 0000 0000 0023 0000 0000 0119 2001 0000 2100.
0000 0000 0000 0000 0000 0000 0000 0000 0000 0000 0000 0000
0000 0000 0000 0000 0000 0000 0000 0000 0000 0000 0000 0000 0142 1454 0000 2100.
0000 0000 0000 0000 0000 0000 0000 0000 0000 0000 0000 0000
0000 0000 0000 0000 0000 0000 0000 0000 0000 0000 0000 0000 0176 1318 0000 2100.
0000 0000 0000 0000 0000 0000 0000 0000 0000 0000 0000 0000
0000 0000 0000 0000 0000 0000 0000 0000 0000 0000 0000 0089 0147 1301 0000 2100.
0000 0000 0000 0000 0000 0000 0000 0000 0000 0000 0000 0000
0000 0000 0000 0000 0000 0000 0000 0000 0000 0000 0000 0000 0191 1550 0000 2100.
0000 0000 0000 0000 0000 0000 0000 0000 0000 0000 0000 0000
0000 0000 0000 0000 0000 0000 0000 0000 0000 0000 0000 0000 0200 1429 0000 2100.
0000 0000 0000 0000 0000 0000 0000 0000 0000 0000 0000 0000
0000 0000 0000 0000 0000 0000 0000 0000 0000 0000 0000 0000 0243 1521 0000 2100.
0000 0000 0000 0000 0000 0000 0000 0000 0000 0000 0000 0000
0000 0000 0000 0000 0000 0000 0000 0000 0000 0000 0000 0000 0292 1433 0000 2100.
0000 0000 0000 0000 0000 0000 0000 0000 0000 0000 0000 0000
0000 0000 0000 0000 0000 0000 0000 0000 0000 0000 0000 0000 0236 1001 0000 2100.
0000 0000 0000 0000 0000 0000 0000 0000 0000 0000 0000 0000
0000 0000 0000 0000 0000 0000 0000 0000 0000 0000 0000 0000 0218 1531 0000 2100.
0000 0000 0000 0000 0000 0000 0000 0000 0000 0000 0000 0000
0000 0000 0000 0000 0000 0000 0000 0000 0000 0000 0000 0000 0260 1450 0000 2100.
0000 0000 0000 0000 0000 0000 0000 0000 0000 0000 0000 0000
0000 0000 0000 0000 0000 0000 0000 0000 0000 0000 0000 0000 0318 1341 0000 2100.
0000 0000 0000 0000 0000 0000 0000 0000 0000 0000 0000 0000
0000 0000 0000 0000 0000 0000 0000 0000 0000 0000 0000 0000 0327 1430 0000 2100.
0000 0000 0000 0000 0000 0000 0000 0000 0000 0000 0000 0000
0000 0000 0000 0000 0000 0000 0000 0000 0000 0000 0000 0000 0348 1343 0000 2100.
0000 0000 0000 0000 0000 0000 0000 0000 0000 0000 0000 0000
0000 0000 0000 0000 0000 0000 0000 0000 0000 0000 0000 0000 0251 1419 0000 2100.
0000 0000 0000 0000 0000 0000 0000 0000 0000 0000 0000 0000
0000 0000 0000 0000 0000 0000 0000 0000 0000 0000 0000 0000 0285 1546 0000 2100.
0000 0000 0000 0000 0000 0000 0000 0000 0000 0000 0000 0000
0000 0000 0000 0000 0000 0000 0000 0000 0000 0000 0000 0000 0272 1507 0000 2100.
0000 0000 0000 0000 0000 0000 0000 0000 0000 0000 0000 0000
0000 0000 0000 0000 0000 0000 0000 0000 0000 0000 0000 0000 0263 1456 0000 2100.
0000 0000 0000 0000 0000 0000 0000 0000 0000 0000 0000 0000
0000 0000 0000 0000 0000 0000 0000 0000 0136 0000 0000 0000 0254 1332 0000 2100.
0000 0000 0000 0000 0000 0000 0000 0000 0000 0000 0000 0000
0000 0000 0000 0000 0239 0000 0000 0000 0000 0000 0000 0000 0256 1541 0000 2100.
0000 0000 0000 0000 0000 0000 0000 0000 0000 0000 0000 0000
0000 0000 0000 0000 0000 0000 0000 0000 0000 0000 0000 0000 0276 1513 0000 2100.
0000 0000 0000 0000 0000 0000 0000 0000 0000 0000 0000 0000
0000 0000 0000 0000 0000 0000 0000 0000 0000 0000 0000 0000 0297 1409 0000 2100.
0000 0000 0000 0000 0000 0000 0000 0000 0000 0000 0000 0000
0000 0000 0000 0000 0000 0000 0000 0000 0000 0000 0000 0000 0285 1602 0000 2100.
0000 0000 0000 0000 0000 0000 0000 0000 0000 0000 0000 0000
0000 0000 0000 0000 0000 0000 0000 0000 0000 0000 0000 0000 0351 1427 0000 2100.
0000 0000 0000 0000 0000 0000 0000 0000 0000 0000 0000 0000
0000 0000 0000 0000 0000 0000 0000 0000 0000 0000 0000 0000 0333 1229 0000 2100.
0000 0000 0000 0000 0000 0000 0000 0000 0000 0000 0000 0000
0000 0000 0000 0000 0000 0000 0000 0000 0000 0000 0000 0000 0291 1304 0000 2100.
0000 0000 0000 0000 0000 0000 0000 0000 0000 0000 0000 0000
0000 0000 0000 0000 0000 0000 0000 0000 0000 0000 0000 0000 0303 1427 0000 2100.
0000 0000 0000 0000 0000 0000 0000 0000 0000 0000 0000 0000
0000 0000 0000 0000 0000 0000 0000 0000 0000 0000 0000 0000 0385 1523 0000 2100.
0000 0269 0000 0000 0000 0000 0000 0000 0000 0000 0000 0000
0000 0000 0000 0000 0000 0000 0000 0000 0000 0000 0000 0000 0294 2004 0000 2100=
I=
E=
U=
N=
H=
C=
V=
R6
0000 0000 0000
0003 0001 0004
0000 0000 0000
0000 0000 0000
0000 0001 0001
0000 0000 0000
0000 0000 0000
0000 0000 0000
0000 0000 0000
0000 0000 0000
0000 0000 0000
0000 0000 0000
0000 0000 0000
0000 0000 0000
0000 0000 0000
0000 0000 0000
0000 0000 0000
0000 0000 0000
0000 0000 0000
0000 0002 0002
0000 0001 0001
0000 0000 0000
0000 0000 0000
0000 0000 0000
0000 0000 0000
0000 0000 0000
0000 0000 0000
0000 0000 0000
0000 0000 0000
0001 0000 0001=
0000 0000 0000 0000 0000 0000 0000 0000 0000 0000 0000 0000
0000 0000 0000 0000 0000 0000 0000 0000 0000 0000 0000 0000.
0000 0000 0001 0002 0000 0000 0000 0000 0000 0000 0000 0000
0000 0000 0000 0000 0000 0000 0000 0000 0000 0001 0000 0000.
0000 0000 0000 0000 0000 0000 0000 0000 0000 0000 0000 0000
0000 0000 0000 0000 0000 0000 0000 0000 0000 0000 0000 0000.
0000 0000 0000 0000 0000 0000 0000 0000 0000 0000 0000 0000
0000 0000 0000 0000 0000 0000 0000 0000 0000 0000 0000 0000.
0000 0000 0000 0000 0000 0000 0000 0000 0000 0000 0000 0000
0000 0000 0000 0000 0000 0000 0000 0000 0000 0000 0000 0001.
0000 0000 0000 0000 0000 0000 0000 0000 0000 0000 0000 0000
0000 0000 0000 0000 0000 0000 0000 0000 0000 0000 0000 0000.
0000 0000 0000 0000 0000 0000 0000 0000 0000 0000 0000 0000
0000 0000 0000 0000 0000 0000 0000 0000 0000 0000 0000 0000.
0000 0000 0000 0000 0000 0000 0000 0000 0000 0000 0000 0000
0000 0000 0000 0000 0000 0000 0000 0000 0000 0000 0000 0000.
0000 0000 0000 0000 0000 0000 0000 0000 0000 0000 0000 0000
0000 0000 0000 0000 0000 0000 0000 0000 0000 0000 0000 0000.
0000 0000 0000 0000 0000 0000 0000 0000 0000 0000 0000 0000
0000 0000 0000 0000 0000 0000 0000 0000 0000 0000 0000 0000.
0000 0000 0000 0000 0000 0000 0000 0000 0000 0000 0000 0000
0000 0000 0000 0000 0000 0000 0000 0000 0000 0000 0000 0000.
0000 0000 0000 0000 0000 0000 0000 0000 0000 0000 0000 0000
0000 0000 0000 0000 0000 0000 0000 0000 0000 0000 0000 0000.
0000 0000 0000 0000 0000 0000 0000 0000 0000 0000 0000 0000
0000 0000 0000 0000 0000 0000 0000 0000 0000 0000 0000 0000.
0000 0000 0000 0000 0000 0000 0000 0000 0000 0000 0000 0000
0000 0000 0000 0000 0000 0000 0000 0000 0000 0000 0000 0000.
0000 0000 0000 0000 0000 0000 0000 0000 0000 0000 0000 0000
0000 0000 0000 0000 0000 0000 0000 0000 0000 0000 0000 0000.
0000 0000 0000 0000 0000 0000 0000 0000 0000 0000 0000 0000
0000 0000 0000 0000 0000 0000 0000 0000 0000 0000 0000 0000.
0000 0000 0000 0000 0000 0000 0000 0000 0000 0000 0000 0000
0000 0000 0000 0000 0000 0000 0000 0000 0000 0000 0000 0000.
0000 0000 0000 0000 0000 0000 0000 0000 0000 0000 0000 0000
0000 0000 0000 0000 0000 0000 0000 0000 0000 0000 0000 0000.
0000 0000 0000 0000 0000 0000 0000 0000 0000 0000 0000 0000
0000 0000 0000 0000 0000 0000 0000 0000 0000 0000 0000 0000.
0000 0000 0000 0000 0000 0000 0000 0000 0000 0000 0000 0000
0000 0000 0000 0000 0000 0000 0000 0000 0002 0000 0000 0000.
0000 0000 0000 0000 0000 0000 0000 0000 0000 0000 0000 0000
0000 0000 0000 0000 0001 0000 0000 0000 0000 0000 0000 0000.
0000 0000 0000 0000 0000 0000 0000 0000 0000 0000 0000 0000
0000 0000 0000 0000 0000 0000 0000 0000 0000 0000 0000 0000.
0000 0000 0000 0000 0000 0000 0000 0000 0000 0000 0000 0000
0000 0000 0000 0000 0000 0000 0000 0000 0000 0000 0000 0000.
0000 0000 0000 0000 0000 0000 0000 0000 0000 0000 0000 0000
0000 0000 0000 0000 0000 0000 0000 0000 0000 0000 0000 0000.
0000 0000 0000 0000 0000 0000 0000 0000 0000 0000 0000 0000
0000 0000 0000 0000 0000 0000 0000 0000 0000 0000 0000 0000.
0000 0000 0000 0000 0000 0000 0000 0000 0000 0000 0000 0000
0000 0000 0000 0000 0000 0000 0000 0000 0000 0000 0000 0000.
0000 0000 0000 0000 0000 0000 0000 0000 0000 0000 0000 0000
0000 0000 0000 0000 0000 0000 0000 0000 0000 0000 0000 0000.
0000 0000 0000 0000 0000 0000 0000 0000 0000 0000 0000 0000
0000 0000 0000 0000 0000 0000 0000 0000 0000 0000 0000 0000.
0000 0000 0000 0000 0000 0000 0000 0000 0000 0000 0000 0000
0000 0000 0000 0000 0000 0000 0000 0000 0000 0000 0000 0000.
0000 0001 0000 0000 0000 0000 0000 0000 0000 0000 0000 0000
0000 0000 0000 0000 0000 0000 0000 0000 0000 0000 0000 0000=
0000 ////////// 00000=
W=
L=
Z=
G=
FN
262016 261017 272022 273022 271025 270024
263026 265028 276024 268028 270019 147004
066004 112013 121025 119039 122031 096046
099059 107063 100065 091043 121039 102060.
105034 121033 105033 165014 171013 181024
171020 180009 142028 118052 096021 126030
167027 120014 134028 113020 078016 131010
140016 125015 095011 112015 106011 122019.
119016 128018 182006 322009 304011 173011
PPC002 283009 PPC000 297010 190008 161008
216011 081013 146024 145021 108020 129028
110016 137031 126024 163019 158015 093009.
144008 284013 272023 268029 278031 285030
272030 271025 256021 275016 281022 181005
103012 083012 123012 081031 075042 117050
110042 083040 101040 106048 103049 116031.
128033 122025 132024 191013 261010 281015
279014 255015 257018 299009 258007 128013
122020 098040 105045 113036 087042 097037
109028 126025 123036 144021 112015 145017.
199012 279018 283015 300020 289013 280017
285018 305013 284017 298013 302018 256016
103010 140012 292022 313048 296038 338042
359049 336025 333031 327022 161010 070005.
236013 292009 279014 173013 242015 317011
169018 162014 252012 295038 296041 310059
301054 286059 294052 323034 310044 286074
329067 317050 288050 309058 297052 294041.
304033 319028 317024 308031 309023 081008
285020 264020 251012 202009 218012 068013
138015 152017 176020 166020 139037 140011
152017 245020 214004 115019 293009 250012.
312019 288024 268030 277020 276025 270018
287012 280024 204011 270027 288013 128007
151019 158015 110019 096015 033012 156028
358028 337018 304036 PPC002 284008 281032.
299011 PPC000 293017 267013 253017 277024
271030 270020 326015 267025 260022 092011
148013 005008 324078 318077 323055 097052
108035 153017 310049 315037 116055 117033.
145022 135028 182012 266016 250024 296016
278023 278028 265030 267026 278013 085005
098013 094024 153025 114022 127022 175032
148023 144033 120038 163019 149018 112009.
105009 197021 226008 279019 262018 269018
273023 266028 270028 271027 279023 137009
077011 145016 071021 080026 079027 120022
081032 098024 099026 125029 101021 157008.
163010 239016 287026 272018 277026 289013
279019 271028 253021 341007 332009 279006
095008 081016 150011 067028 071029 086020
136036 101032 132038 118024 138029 147024.
130011 222009 235011 267012 261019 266021
275022 305016 296013 274025 275021 074012
064010 146015 145015 143022 097023 082034
102032 115037 128030 099031 103012 124013.
272018 275025 259034 272023 280030 286028
038007 285027 271017 258008 232018 092008
184025 082028 100021 074027 118034 146037
147029 105058 121028 104040 105043 115042.
110036 111027 101014 201008 262010 183012
249007 223010 212009 188016 117016 108011
089029 084027 119031 084037 088041 083035
079040 092031 098035 106036 122020 137020.
250013 270008 258019 254027 289010 281023
301011 239025 259014 190022 335019 263021
314071 290059 316082 312079 317082 302091
304079 305075 307080 308069 324036 310041.
104032 106022 203013 134036 103032 106026
109016 031009 285023 264022 276025 263012
123014 108026 056029 092016 081033 084030
078029 080020 118030 102035 106033 108043.
132022 104014 096009 287011 284015 274015
273019 269024 268024 266017 275022 334006
116018 091017 075020 102026 133022 103017
117033 153033 100028 099035 126029 145018.
279004 270008 282015 284007 258021 279024
262024 269023 270020 268024 265031 293013
072013 074014 038019 093017 107024 076012
304008 280028 302036 296018 274026 281026.
285011 259016 269010 311007 273012 279020
306015 PPC002 058014 156017 265020 289032
314041 322063 315067 323069 329056 316065
323067 308054 311069 334052 325033 087028.
117029 140039 112040 120026 150018 092017
159017 112011 103014 059007 019009 029012
232011 104018 171015 340049 307059 311096
313092 286071 304059 346038 343034 326021.
127040 166011 263014 288015 278021 237014
182015 246012 284030 263020 284017 278019
217005 006034 117031 323093 316082 332066
315070 349024 325034 106056 111029 113026.
122026 126021 186017 179006 312009 263024
279025 270031 275029 273022 265015 031005
154013 033020 069022 130032 090027 153029
085020 062015 110025 096018 112027 102008.
244008 275016 272013 265031 269020 256018
277031 263030 275031 257016 030007 137007
077010 171012 165022 283053 300058 284049
281049 296047 295043 272029 259033 345014.
309017 317026 290035 268024 244033 286029
340038 288051 315117 275037 044006 187010
287039 312037 304035 281028 332061 320054
343060 347059 311040 334078 010052 018021.
253053 307020 343035 349055 316036 322052
319045 328040 116028 310013 180022 063011
341011 159019 160016 176020 033027 123029
074030 089018 057007 281024 239012 299020.
286021 082012 170005 314012 264016 261027
269029 280031 263025 283032 272022 257018
099008 062014 069026 071018 080024 076030
079026 100032 094018 093018 099008 132026.
143016 251014 272024 263024 261027 278027
264030 268029 273024 267016 285019 202009
083013 110013 073013 142012 169014 076023
114008 284052 322081 308072 316068 316045.
302050 324040 262036 273022 307016 326039
308047 312060 319047 312063 284046 303039
299034 296041 295079 312081 332064 314081
276079 286064 276027 291027 258040 262029=
266015 263018 271021 268022 271024 270025
265026 267028 275023 271030 271019 138004
031004 098013 107024 123037 116033 101040
101056 107061 101069 096047 115038 100056.
105036 117033 105034 166018 160013 179021
159020 188010 144031 120051 101021 130029
167024 127015 129027 115020 085017 147012
144018 119017 099014 104015 113012 115017.
118014 132018 196007 322009 302011 175011
041006 289010 PPC001 303008 183008 158009
216011 057014 144018 129020 107018 134024
125017 134030 132023 158020 164018 100010.
137009 284013 273023 268027 277032 279027
273030 270028 261022 276017 279023 255006
095014 081013 117015 082031 076035 107045
110040 088042 101038 104043 104047 119029.
128033 122028 135022 188011 263010 284015
279014 254016 256016 292008 254007 132014
123020 099036 109040 117038 092041 100038
109030 124026 125034 140022 136015 133021.
205011 280017 289015 297019 293014 281017
283018 304013 286016 296015 300018 253014
097009 153013 287028 323049 285040 330045
348048 321030 333031 324019 172013 076005.
234012 302011 286018 177013 256015 312012
167017 159014 255011 297039 294044 315060
301048 285056 290054 324034 303041 288069
320056 319052 288053 309057 302051 295042.
307037 320032 317023 307030 307024 079008
292022 267020 251012 242009 222011 354011
131015 137016 155018 159021 151033 150017
154024 210017 227006 097016 299009 248012.
314018 290023 268027 277022 275025 271018
279014 279021 217010 269028 297013 144007
153018 149015 108020 068018 047014 127023
006028 002029 301033 137003 276009 282031.
338012 063003 285018 262011 270016 272023
272032 273023 308017 270023 257015 090012
155013 336009 323079 317079 328052 095047
116039 150014 316049 314043 115051 118034.
153021 134029 178013 259016 253024 286014
283022 280027 268028 268029 278014 074005
123012 100022 153021 118026 128026 157035
141028 133029 121035 165020 150018 101010.
119009 198019 231008 273019 264018 267019
271024 267027 272028 270029 280024 150009
082012 121016 072023 088024 083023 114025
085032 097025 095026 121025 102022 156011.
176011 236015 286026 265020 276024 290011
281018 270027 256020 304010 320008 289006
116010 102015 158013 075029 067029 094026
128036 107031 125035 120027 143029 149023.
139013 218008 251011 263012 264019 270022
268024 305014 293012 276024 273023 001015
035008 152016 139015 127020 100028 086036
098034 116036 124029 100029 104014 125015.
262017 273026 261034 274022 279029 288028
069010 289024 262020 267010 243018 102008
179026 085025 098022 074024 118034 142032
140027 102055 124034 105039 105045 112040.
109033 108030 102018 275009 267011 200011
240009 207011 210009 186016 114014 105011
092026 083027 115031 091032 079040 084035
081041 090033 097035 105035 120020 134020.
244012 267010 263017 254026 289010 275021
302013 246023 261013 185023 335019 270018
316074 300057 305086 314076 315077 309086
306070 307075 306071 311065 323050 316039.
104032 107018 204013 129032 106031 111027
111015 346006 285020 267019 275025 272012
135012 107023 051028 082022 092028 092029
082032 075026 123032 102036 105032 106042.
128023 107013 081011 298011 278015 273016
270020 268025 267024 267018 270021 320008
111016 084021 081023 109026 128028 101025
112033 134031 103031 100033 123032 139018.
219003 263009 282015 277008 267019 279023
264024 269023 266023 264023 266030 289012
088014 069015 051019 092016 078024 076015
314007 284025 305037 301017 274027 280028.
283012 262015 279009 309007 270014 278020
306014 PPC002 019014 164016 270019 289035
316047 319069 313063 322065 325071 316069
323072 308068 314066 335048 331034 084025.
121031 134037 108037 122030 135020 088016
158018 115010 094013 064008 025010 037012
196011 083019 161015 336043 301068 318090
312083 305064 306055 340035 341034 326024.
124037 142013 258014 288014 278022 243016
176014 242012 282030 270022 278017 277020
211009 002036 080022 328072 314086 326063
318065 337033 337039 105058 114033 115031.
123025 131024 180015 190005 314011 271023
281026 270031 277029 272022 272014 356007
169012 030016 069023 125027 094025 163030
118021 064021 094022 092019 115026 110009.
244008 281017 269015 265030 268022 260018
276029 265028 276030 273016 006007 171007
088009 167010 150020 296044 295060 288054
288057 300050 304048 280030 266035 306020.
304016 307024 292033 273023 248029 286026
328038 288057 313098 271036 080006 200008
278033 307041 293036 280032 338056 323054
341055 343056 310046 336057 008048 025023.
253051 308020 351036 348049 317037 322052
317050 325043 116025 307014 176020 046011
313011 143017 159017 190025 048024 116027
085028 102018 046008 287024 240015 304017.
291019 061010 150006 299011 263015 264026
268028 280031 264025 277030 272021 235014
070009 057018 075023 079018 092021 077029
084026 094028 096020 096019 105010 128026.
145016 254014 267024 266024 265025 273026
267029 266029 273024 268016 276020 187008
080010 117014 068015 145012 151014 066020
150009 292041 327075 307067 317070 306048.
304040 324049 268033 274025 001013 327035
305046 313061 318047 306055 287046 298034
298036 287043 294086 315077 327064 308080
284078 282059 281028 285031 261038 268025=
072100 1657 112112 1654
059101 2001 095069 2012
034122 1551 054109 1607
056091 1516 087088 1517
052103 1412 084095 1250
054311 1143 109349 1447
089312 0743 137296 0742
051299 2004 081313 2043
045005 1543 079342 1611
097320 1120 154345 1120
042142 1126 089107 1323
039091 1516 071074 1454
045126 1428 073126 1416
048103 1621 076113 1621
059108 1610 097127 1841
044079 1325 074070 1524
106314 1228 186311 1123
053109 1950 085104 1949
044130 1618 078123 1617
047306 1709 075317 1715
094322 1008 160301 1313
096294 1231 183355 1323
106320 1248 176309 1247
040108 2021 066103 1153
073281 1346 129285 1345
115323 0511 223333 0511
065314 0213 108310 0212
038080 1527 062074 1526
090311 1913 153340 1723
116304 1127 205300 1119=
D=
K=
A=
S=
B=
??????
******
YF
O2201
河南省
豫新安石井
新安县石井乡政府院内
丘陵；城镇；地面
空缺
计算机
计算机
计算机
计算机
计算机
20120208=
JY
8888=
GK
01/
05/=
BZ
BB/01/日最低气温用21时00分数据代替。
BB/02/日最低气温用21时00分数据代替。日最高气温用20时01分数据代替。
BB/03/日最低气温用21时00分数据代替。日最高气温用14时54分数据代替。
BB/04/日最低气温用21时00分数据代替。日最高气温用13时18分数据代替。
BB/05/日最低气温用21时00分数据代替。日最高气温用13时01分数据代替。
BB/06/日最低气温用21时00分数据代替。日最高气温用15时50分数据代替。
BB/07/日最低气温用21时00分数据代替。日最高气温用14时29分数据代替。
BB/08/日最低气温用21时00分数据代替。日最高气温用15时21分数据代替。
BB/09/日最低气温用21时00分数据代替。日最高气温用14时33分数据代替。
BB/10/日最低气温用21时00分数据代替。日最高气温用10时01分数据代替。
BB/11/日最低气温用21时00分数据代替。日最高气温用15时31分数据代替。
BB/12/日最低气温用21时00分数据代替。日最高气温用14时50分数据代替。
BB/13/日最低气温用21时00分数据代替。日最高气温用13时41分数据代替。
BB/14/日最低气温用21时00分数据代替。日最高气温用14时30分数据代替。
BB/15/日最低气温用21时00分数据代替。日最高气温用13时43分数据代替。
BB/16/日最低气温用21时00分数据代替。日最高气温用14时19分数据代替。
BB/17/日最低气温用21时00分数据代替。日最高气温用15时46分数据代替。
BB/18/日最低气温用21时00分数据代替。日最高气温用15时07分数据代替。
BB/19/日最低气温用21时00分数据代替。日最高气温用14时56分数据代替。
BB/20/日最低气温用21时00分数据代替。日最高气温用13时32分数据代替。
BB/21/日最低气温用21时00分数据代替。日最高气温用15时41分数据代替。
BB/22/日最低气温用21时00分数据代替。日最高气温用15时13分数据代替。
BB/23/日最低气温用21时00分数据代替。日最高气温用14时09分数据代替。
BB/24/日最低气温用21时00分数据代替。日最高气温用16时02分数据代替。
BB/25/日最低气温用21时00分数据代替。日最高气温用14时27分数据代替。
BB/26/日最低气温用21时00分数据代替。日最高气温用12时29分数据代替。
BB/27/日最低气温用21时00分数据代替。日最高气温用13时04分数据代替。
BB/28/日最低气温用21时00分数据代替。日最高气温用14时27分数据代替。
BB/29/日最低气温用21时00分数据代替。日最高气温用15时23分数据代替。
BB/30/日最低气温用21时00分数据代替。日最高气温用20时04分数据代替。
00/345744/1120547
10/24/逐时观测
10/24/24时连续观测
11/不守班=
######
