O2215 3425N 11233E 003390 003390 105 000 S15 91999999919999199999 0 2011 03
P=
TB
-015 -015 -016 -017 -018 -020 -021 -024 -027 -025 -016 -007
0015 0028 0035 0042 0053 0063 0064 0060 0063 0048 0035 0037 0072 1414 -030 0450.
0031 0027 0017 0026 0015 0012 0012 0016 0014 0016 0004 0008
0026 0045 0065 0075 0080 0088 0089 0099 0095 0075 0056 0046 0105 1448 -001 0737.
0045 0039 0042 0036 0022 0036 0031 0030 0026 0023 0020 0021
0034 0059 0062 0068 0077 0086 0089 0092 0086 0069 0052 0049 0100 1426 0016 0726.
0042 0036 0032 0025 0018 0013 0014 0012 0009 0008 0007 0021
0035 0048 0070 0072 0076 0085 0087 0079 0084 0065 0062 0059 0099 1341 0006 0705.
0057 0056 0058 0057 0053 0046 0036 0030 0024 0021 0015 0023
0043 0058 0083 0095 0107 0107 0121 0120 0123 0110 0101 0095 0134 1631 0015 0700.
0081 0079 0072 0065 0060 0072 0064 0068 0066 0064 0064 0064
0073 0076 0074 0081 0106 0113 0120 0116 0112 0099 0082 0073 0124 1512 0054 0106.
0067 0061 0060 0045 0051 0040 0047 0023 0023 0024 0023 0040
0043 0083 0109 0136 0159 0164 0174 0170 0167 0148 0132 0116 0181 1428 0015 0452.
0112 0105 0099 0089 0085 0073 0064 0056 0053 0050 0056 0056
0064 0072 0109 0125 0141 0168 0173 0156 0150 0140 0132 0121 0177 1424 0040 0525.
0118 0103 0100 0086 0080 0074 0067 0060 0055 0051 0049 0056
0066 0073 0100 0117 0125 0127 0129 0144 0134 0118 0102 0093 0144 1600 0049 0700.
0092 0086 0079 0064 0058 0066 0056 0032 0033 0021 0034 0046
0073 0093 0118 0135 0152 0163 0166 0173 0173 0149 0138 0119 0187 1608 0017 0622.
0121 0107 0104 0099 0092 0059 0069 0069 0083 0077 0064 0071
0094 0127 0125 0150 0167 0180 0186 0173 0167 0158 0149 0144 0193 1424 0054 0208.
0132 0130 0122 0115 0110 0109 0089 0085 0078 0070 0075 0107
0117 0146 0173 0205 0230 0231 0242 0227 0214 0192 0179 0173 0247 1412 0064 0541.
0165 0154 0147 0140 0136 0133 0125 0120 0119 0113 0119 0126
0145 0156 0158 0163 0163 0177 0173 0186 0181 0160 0147 0142 0192 1545 0111 0638.
0135 0134 0132 0121 0118 0129 0114 0120 0105 0091 0078 0076
0072 0051 0055 0062 0061 0053 0058 0066 0064 0064 0066 0067 0142 2001 0044 1026.
0065 0065 0063 0057 0052 0049 0041 0041 0037 0037 0032 0039
0049 0062 0072 0091 0102 0098 0100 0103 0101 0094 0080 0072 0110 1543 0031 0659.
0069 0060 0062 0054 0048 0044 0044 0038 0037 0028 0032 0057
0073 0104 0108 0121 0133 0145 0144 0148 0140 0129 0111 0086 0155 1520 0011 0624.
0077 0085 0095 0085 0073 0066 0068 0071 0067 0055 0056 0086
0126 0144 0171 0169 0181 0191 0196 0190 0181 0162 0149 0144 0200 1512 0043 0122.
0137 0132 0130 0121 0113 0105 0101 0098 0094 0084 0079 0088
0125 0133 0143 0154 0157 0158 0159 0164 0156 0143 0130 0123 0168 1241 0075 0654.
0115 0108 0100 0099 0085 0084 0084 0074 0080 0095 0098 0102
0109 0108 0104 0096 0112 0106 0097 0082 0072 0062 0058 0057 0122 2001 0057 2000.
0051 0046 0041 0041 0040 0038 0037 0037 0038 0037 0040 0047
0052 0063 0066 0074 0073 0080 0083 0081 0079 0077 0063 0052 0085 1516 0035 0350.
0045 0044 0042 0043 0041 0040 0040 0040 0044 0045 0043 0050
0063 0077 0086 0089 0092 0101 0086 0078 0069 0061 0059 0054 0101 1400 0039 0242.
0049 0045 0042 0045 0044 0043 0040 0037 0033 0027 0027 0037
0056 0068 0081 0091 0101 0116 0113 0118 0103 0096 0087 0080 0125 1435 0025 0640.
0075 0071 0065 0047 0055 0040 0048 0038 0038 0032 0030 0042
0051 0071 0097 0115 0133 0122 0119 0127 0124 0109 0102 0095 0140 1307 0026 0654.
0096 0087 0080 0074 0076 0067 0063 0052 0043 0042 0040 0045
0054 0060 0068 0086 0089 0101 0093 0098 0097 0085 0076 0073 0108 1526 0036 0638.
0059 0058 0053 0049 0042 0043 0039 0031 0020 0015 0016 0054
0071 0092 0114 0124 0131 0148 0147 0145 //// //// //// 0101 0154 1440 0009 0612.
0094 0085 0079 0073 0071 0069 0054 0044 0045 0041 0042 0055
0082 0112 0137 0154 0167 0168 0167 0171 0166 0149 0128 0118 0179 1422 0040 0504.
0116 0104 0098 0079 0082 0068 0053 0041 0034 0030 0033 0063
0078 0102 0117 0147 0149 0162 0161 0170 0160 0149 0135 0125 0183 1527 0028 0610.
0114 0104 0099 0097 0090 0084 0059 0077 0060 0059 0053 0098
0116 0140 0156 0192 0187 0192 0198 0195 0193 0176 0152 0145 0205 1436 0052 0604.
0135 0125 0116 0110 0100 0082 0081 0063 0046 0049 0052 0074
0098 0128 0145 0168 0191 0201 0197 0200 0179 0163 0149 0144 0207 1505 0046 0500.
0143 0137 0119 0123 0113 0114 0110 0104 0083 0079 0083 0095
0114 0144 0168 0199 0219 0201 0219 0208 0201 0191 0175 0164 0221 1502 0077 0637.
0160 0156 0149 0144 0139 0132 0130 0116 0110 0102 0100 0111
0143 0157 0176 0203 0218 0233 0236 0232 0221 0208 0196 0189 0243 1436 0091 0638=
I=
E=
U=
N=
H=
C=
V=
R6
=
=
0000 ////////// 00000=
W=
L=
Z=
G=
FN
PPC000 PPC000 PPC000 PPC000 PPC000 PPC000
PPC000 PPC000 PPC000 PPC000 PPC000 PPC000
PPC000 307013 324013 317012 261012 PPC002
238010 246032 265006 PPC002 213015 277011.
316014 298015 312009 340018 283008 314006
238008 294005 316006 339014 308006 PPC000
329018 292014 322007 328026 345021 317012
318023 311009 334011 332010 144034 214022.
242029 227022 245013 325008 205004 229010
PPC000 335014 336011 331017 323016 334017
334033 023012 328031 315024 294023 324012
319022 322020 198009 162012 222007 216038.
210031 213031 227041 ////// 235019 233022
233025 237030 234024 244017 233013 //////
211030 182022 157034 162040 123044 122043
135027 150025 154034 147021 147020 140021.
152019 178031 174024 145023 152023 231009
PPC000 ////// PPC000 334021 PPC002 PPC000
PPC000 301023 285015 359004 PPC001 314019
278013 PPC000 PPC000 PPC000 PPC000 108006.
PPC000 PPC000 PPC000 PPC000 320003 PPC000
PPC000 331018 ////// 007011 330019 344008
309005 334030 337019 327019 310016 //////
311024 230009 PPC002 313014 112021 113020.
102021 115012 126015 245006 235003 264008
276014 341005 255003 PPC000 PPC000 267012
324010 336009 293022 286028 304023 321032
305035 308031 314026 326025 322019 PPC000.
338025 334006 138018 PPC000 PPC000 PPC000
335016 PPC000 PPC000 PPC000 PPC000 302013
329010 269013 148020 255017 317020 000007
168009 120025 122006 141016 129022 142026.
142032 345010 194012 338010 227003 333011
PPC000 327019 329016 314010 334026 121009
301018 314021 314019 133014 299013 340017
313017 229007 289003 308021 313003 286020.
236019 245012 161004 PPC000 296003 201010
335015 315012 314016 280006 333014 307017
302014 334030 317026 322030 350013 117010
333012 PPC001 PPC000 129018 130012 123007.
136019 126021 116020 113018 064016 PPC000
129003 PPC000 262016 324009 318009 PPC000
321010 300015 305013 285013 150020 232023
212022 144039 145035 146037 128022 135023.
110021 112024 110017 120003 PPC000 169007
PPC000 PPC000 336011 PPC000 PPC000 PPC000
316008 317014 326011 252015 206017 345013
133016 148036 152038 143045 147044 138042.
140033 136031 123032 131023 120026 130025
134019 116025 133026 118032 119033 146020
138028 147030 147021 123023 117033 137029
136031 145047 141039 137037 130025 132020.
124019 110011 102009 284019 339017 330029
329025 312053 317059 310068 320048 313055
300084 305078 305065 331047 324046 329048
314053 306034 312060 286046 305043 319053.
305042 314043 329048 324034 311045 311035
307030 306057 309048 311060 304047 300059
316066 324053 301071 306069 300039 314055
314081 308048 303073 301047 307024 306016.
316019 318003 329020 314026 339022 PPC000
309004 PPC000 225006 PPC000 203004 287009
286005 257022 302041 298035 302036 272044
294047 304037 310041 287023 331010 344014.
PPC000 112016 138028 119022 321011 116022
120014 100024 111024 063008 196006 116010
135017 138027 140043 145046 136037 137031
141047 139049 137048 143049 137039 147041.
143026 143022 134029 131025 129021 136019
108025 107016 140011 348017 309015 299015
323038 309060 319054 306042 300032 //////
289030 296030 291040 314046 303035 341027.
327019 329019 326008 327010 PPC000 PPC000
330013 PPC000 136018 122036 177019 141024
135024 PPC000 157043 019011 337012 329015
275026 233008 222014 307008 304019 302019.
323023 324040 322031 331017 329020 330019
PPC000 328010 PPC000 317005 309022 310011
330028 329028 331035 319017 273009 292013
321027 307013 311014 327013 328021 310026.
324034 320028 322022 313025 298015 328022
332028 327014 329026 329034 321016 308018
322033 326034 311022 311038 312058 281026
313046 288044 306053 315027 295043 311069.
312041 314035 316023 312051 309066 304033
317048 319049 311043 311022 303019 288016
293023 325030 330032 329040 270023 295026
318040 288034 311042 301028 310018 332023.
335032 327019 PPC002 PPC000 PPC000 PPC000
PPC000 PPC000 PPC001 244009 PPC000 296017
298015 335020 PPC002 ////// 308027 257013
346011 220018 230016 139032 137027 159024.
280005 309020 PPC000 302016 334037 319014
316019 319021 286007 310042 311029 301053
316042 314068 311054 271042 297035 313043
299044 284031 303026 289015 286023 246031.
283018 279012 316008 286017 PPC000 315003
PPC002 PPC000 PPC000 PPC000 PPC000 PPC000
PPC000 258014 324029 326018 322028 257027
310039 285025 ////// ////// ////// 287012.
317005 295010 PPC000 PPC000 292014 304016
PPC000 PPC001 232003 267009 312009 292022
305019 277017 304013 288012 257029 304031
324045 315036 294011 264028 304013 303004.
299012 310012 339008 PPC000 327014 //////
122004 300012 279010 PPC000 PPC000 328005
302009 312013 306018 256016 025015 151018
305012 315015 317020 316013 130014 //////.
142018 112022 119025 130020 099020 115017
312012 303017 291013 320007 052004 320016
304005 327031 323025 045021 340019 280036
330029 273025 261043 294016 278016 PPC001.
331006 119029 126023 138023 142011 326010
321013 304018 PPC000 ////// PPC000 319010
293011 119020 145021 140015 120026 147024
141040 146044 142036 144028 116021 121037.
147057 146042 109013 138028 122026 115020
152008 108015 350011 035006 343009 328019
335014 327011 041005 151033 123032 164017
137035 150052 143039 142059 130037 138035.
134036 148049 145036 143031 150029 135013
129029 125017 083010 320009 PPC000 336014
PPC001 293009 255013 136016 156018 127033
147038 152038 143044 144037 136033 144041=
PPC000 PPC000 PPC000 PPC000 PPC000 PPC000
PPC000 PPC000 PPC000 PPC000 PPC000 PPC000
PPC000 324012 303009 317011 272008 280009
256014 299021 304003 273004 218011 295008.
305011 301004 305008 334023 PPC002 317008
254005 292009 308006 331014 319007 310004
334017 304010 319014 324020 329020 317016
315020 326013 301008 331010 190030 223021.
237020 229021 246018 312005 233007 242010
PPC001 331014 325010 328012 329014 331017
331032 020016 327032 314023 299023 339014
317020 337014 214003 147010 217013 214034.
218033 215029 222028 ////// 235024 230023
236023 235029 231021 247015 241015 //////
214028 172027 144027 152040 136038 123034
133032 152026 145031 144020 151020 133022.
151019 171027 177024 180024 173027 231011
337004 ////// PPC000 333018 307012 PPC001
PPC000 302017 295011 004010 354009 291017
277013 PPC000 281005 286003 PPC000 PPC001.
PPC000 PPC000 PPC000 PPC000 PPC000 PPC002
345007 331015 ////// 343009 333016 353007
307007 333028 329020 323017 303013 //////
318022 094011 319007 312007 114018 112020.
102017 123012 151015 226005 258004 266003
255012 335008 270003 PPC000 PPC000 263009
317012 327011 278017 287021 299019 311033
303039 304036 301023 318021 326019 303005.
333027 337005 140009 PPC000 PPC000 304004
332003 PPC000 PPC000 PPC000 318003 309013
332007 291018 138021 276015 298020 189010
159015 115013 PPC002 137019 132022 139026.
144035 354010 170004 338014 152004 338011
PPC000 322014 328017 306005 327026 032013
304013 311016 319023 080018 287018 326018
314024 220007 276007 309019 PPC002 284016.
237013 263009 172004 162008 233006 236009
330014 317013 313013 271003 328011 304017
312014 334026 324023 324024 335017 035006
313010 309009 PPC000 130012 126014 122005.
136021 127018 116019 109014 071009 316008
PPC001 PPC000 249015 321009 321011 PPC000
323007 316005 302018 286011 165014 193017
190019 146038 144038 144035 131019 126022.
111022 114024 115021 125011 PPC002 116010
PPC000 PPC002 338014 PPC000 130009 PPC000
313011 317011 313012 304014 208015 331017
211017 147033 147038 146043 147036 143047.
140032 130031 127026 129025 117025 125029
129021 113027 129028 125026 123023 143018
141025 147028 135022 134022 125029 136034
140031 144043 142032 140032 136023 128020.
131018 109010 106010 264008 330017 330031
327024 312052 317057 308063 312057 310065
305075 306076 311069 321050 326044 328058
319046 308033 310051 300040 305040 314058.
313037 315038 321046 324035 318047 309034
307026 307058 308049 306057 307047 306057
310065 313057 306054 311057 300040 316055
312067 313063 302050 305048 307022 309015.
311020 PPC002 321034 314025 337021 PPC001
307011 PPC001 271004 PPC000 PPC000 268005
288006 263022 304039 308037 305039 280039
303040 306033 307044 301024 334012 332006.
PPC000 110016 142023 119021 247010 120022
121015 102023 115023 062008 181004 121007
137016 137023 146028 150037 140033 143043
138042 139052 138046 142051 140046 138041.
138027 140026 134027 135026 137022 134019
107024 101010 142009 347015 308015 299014
316024 311060 314052 309048 302052 //////
296036 290030 293036 310043 309032 335026.
327010 326021 321006 329015 PPC000 PPC000
325013 PPC000 136008 129030 152016 136020
136019 PPC000 152027 048012 335013 324019
287018 213010 229013 295013 306013 307016.
311023 324031 324030 326017 328021 331016
332007 321005 PPC000 305004 310016 318011
329027 328021 324030 323013 292007 311014
326021 299018 316014 323012 329026 311029.
325030 320019 324020 319025 306014 330022
326031 327014 329026 328032 325017 312019
319027 313035 308024 311041 310054 280031
313049 299049 308050 309034 299032 310062.
311046 315038 315022 310051 314055 308038
316043 317040 312040 315021 309014 292012
302028 319026 328006 318031 264018 294029
313031 293033 309045 304036 316023 323013.
327026 327017 PPC002 PPC000 PPC000 PPC000
PPC000 PPC000 PPC000 240003 PPC000 300013
305013 317016 289008 ////// 303015 249004
334010 222017 220014 139034 138029 148024.
274010 312020 290009 297012 332035 319023
326024 307017 284012 311036 314031 307048
314046 312068 309049 292041 301042 300031
306052 279032 289022 293020 286023 264033.
293011 286004 PPC001 289011 PPC000 PPC000
298005 PPC000 PPC000 PPC000 PPC000 PPC000
PPC000 280015 294020 304019 313022 286020
288033 288025 ////// ////// ////// 288014.
320005 290004 292005 PPC000 305011 306012
PPC000 PPC002 294009 304010 316003 290019
296017 298016 311019 295019 274025 306029
319048 303034 292029 265023 293014 298008.
295012 315012 335011 PPC000 323012 //////
PPC002 313016 289005 PPC001 PPC000 PPC001
321012 319014 316018 305019 326020 088014
301017 326015 322018 320016 132013 //////.
140019 121020 118027 135025 108017 114010
314013 302018 298004 325007 PPC002 325016
310007 329028 325029 030012 044018 293018
321022 293033 265038 296026 282012 299006.
313007 120031 131027 139023 149017 327009
324012 301015 PPC001 ////// PPC000 314010
302013 124019 166022 148024 128023 148028
150039 147041 142039 144034 128027 120034.
146052 141040 106016 136027 123024 121019
142015 100014 344008 018004 351006 327016
328015 315010 085010 135020 141024 153034
140039 143050 140042 144055 132041 134036.
126039 144046 145039 144034 143028 138016
127025 124022 094010 317008 PPC000 334015
PPC000 297014 270012 159016 145021 130028
145030 147039 145042 142030 141037 142038=
021299 1600 034242 1346
031183 1907 042312 2056
034214 2000 052225 1951
045147 1118 072158 1302
042152 0040 058205 0031
030331 1009 042321 1125
045307 1439 076301 1452
027333 2100 043222 1231
036145 2059 046104 2009
031327 1041 053326 1237
039142 1648 050141 1644
050142 1953 068152 1645
046145 1717 072166 1619
083308 1049 139315 0802
077310 0616 128301 1545
051308 1452 081307 1303
060142 1941 086149 1646
067311 1013 099304 1111
040144 0629 058135 0629
036326 2248 048349 0846
063306 1432 109309 1948
062312 2002 094301 0423
037139 1752 051152 1855
071304 1117 106309 1418
041324 1623 072248 1445
053323 1456 099301 1610
025306 1623 044292 1115
046303 1428 077287 1706
048150 1626 069141 1213
057140 2118 085160 1736
057147 2220 079096 2115=
D=
K=
A=
S=
B=
??????
******
YF
O2215
河南省
豫伊川工业园
伊川县工业园办公区
丘陵；城镇；地面
未上报
计算机
计算机
计算机
计算机
计算机
20110504=
JY
8888=
GK
01/
05/=
BZ
BB/01-31/由于河南省大气探测装备中心对区域自动站设备升级，造成本月正点与分钟数据不符，部分仪器最大风、极大风时间错误，所有数据基本不可用。因此，为了保证数据文件的完整性，仅对A文件进行了处理，未处理J文件。
BB/04/24时气温用前后正点数据内插求得。08时气温用前后正点数据内插求得。
BB/05/04时气温用前后正点数据内插求得。
BB/06/05时气温用前后正点数据内插求得。14时气温用前后正点数据内插求得。
BB/18/14时气温用前后正点数据内插求得。
BB/23/12时气温用前后正点数据内插求得。
BB/27/02时气温用前后正点数据内插求得。20时气温用前后正点数据内插求得。
BB/29/06时气温用前后正点数据内插求得。
00/342435/1123236
10/24/逐时观测
10/24/24时连续观测
11/不守班=
######
