O2227 3440N 11225E 001830 001830 105 000 S15 91999999919999199999 0 2012 06
P=
TB
0239 0235 0230 0223 0224 0226 0222 0220 0215 0216 0219 0223
0230 0246 0266 0285 0305 0306 0307 0302 0298 0276 0264 0259 0319 1418 0210 0532.
0246 0247 0240 0229 0222 0203 0194 0186 0193 0184 0206 0221
0239 0256 0278 0297 0316 0321 0324 0321 0314 0293 0285 0269 0328 1447 0181 0433.
0270 0262 0248 0242 0243 0241 0233 0228 0218 0209 0231 0249
0258 0281 0285 0291 0302 0303 0295 0298 0298 0285 0274 0263 0313 1530 0205 0539.
0259 0255 0249 0243 0229 0219 0214 0204 0197 0201 0215 0236
0253 0270 0283 0294 0307 0319 0331 0328 0314 0307 0298 0282 0334 1503 0194 0453.
0271 0268 0259 0251 0239 0237 0223 0220 0215 0216 0230 0249
0267 0279 0298 0302 0324 0316 0295 0301 0295 0291 0273 0276 0328 1346 0213 0541.
0269 0262 0257 0224 0235 0229 0231 0228 0227 0228 0231 0241
0247 0254 0266 0279 0284 0283 0292 0267 0270 0263 0256 0253 0296 1455 0221 2333.
0244 0239 0234 0227 0221 0218 0210 //// //// 0205 0223 0236
0262 0285 0302 0319 0311 0331 0336 0334 0332 0315 0312 0285 0344 1508 0205 0600.
0269 0284 0272 0260 0253 0235 0230 0227 0222 0218 0244 0262
0294 0319 0335 0332 0325 0329 0317 0326 0331 0316 0304 0290 0348 1112 0209 0543.
0276 0268 0258 0259 0232 0230 0226 0219 0223 0221 0243 0272
0304 0318 0343 0360 0372 0379 0386 0386 0383 0360 0327 0291 0392 1451 0217 0407.
0280 0267 0258 0255 0249 0241 0236 0236 0226 0228 0252 0276
0297 0314 0324 0343 0354 0350 0355 0362 0327 0298 0285 0269 0368 1610 0221 0523.
0260 0254 0255 0249 0243 0233 0218 0214 0209 0203 0227 0247
0273 0284 0306 0322 0339 0354 0353 0361 0344 0330 0318 0295 0367 1423 0202 0543.
0300 0274 0262 0249 0229 0229 0210 0206 0200 0210 0238 0285
0324 0347 0342 0360 0375 0393 0384 0388 0376 0356 0327 0294 0397 1403 0197 0438.
0282 0259 0249 0242 0229 0231 0239 0225 0209 0206 0242 0285
0311 0328 0353 0375 0413 0414 0426 0422 0402 0384 0367 0357 0433 1457 0204 0542.
0341 0337 0331 0323 0316 0306 0298 0276 0256 0253 0271 0276
0279 0299 0315 0324 0330 0344 0365 0356 0350 0325 0319 0310 0366 1458 0251 0527.
0292 0267 0258 0257 0253 0246 0231 0226 0215 0215 0237 0264
0270 0293 0312 0317 0342 0349 0346 0362 0354 0322 0303 0298 0366 1623 0208 0526.
0275 0265 0251 0261 0253 0247 0226 0224 0216 0208 0233 0262
0289 0298 0314 0338 0333 0351 0354 0356 0361 0324 0306 0309 0371 1526 0205 0529.
0302 0298 0301 0276 0281 0256 0246 0233 0228 0227 0239 0263
0288 0309 0321 0339 0362 0360 0366 0362 0359 0339 0328 0317 0376 1513 0223 0520.
0310 0299 0298 0298 0283 0259 0245 0237 0222 0226 0239 0270
0289 0312 0329 0344 0362 0381 0385 0387 0380 0350 0342 0331 0391 1437 0219 0528.
0312 0295 0281 0269 0256 0254 0254 0246 0244 0235 0252 0270
0286 0302 0319 0334 0347 0357 0366 0358 0355 0336 0326 0306 0367 1639 0234 0601.
0301 0283 0282 0268 0259 0258 0244 0238 0238 0243 0247 0269
0289 0302 0319 0311 0323 0318 0321 0332 0336 0324 0308 0289 0345 1629 0232 0444.
0294 0268 0263 0250 0239 0233 0227 0224 0218 0220 0242 0277
0299 0313 0334 0339 0355 0372 0372 0365 0356 0336 0326 0302 0376 1357 0211 0519.
0306 0279 0277 0269 0261 0251 0247 0233 0230 0230 0247 0284
0295 0306 0333 0350 0363 0365 0376 0372 0365 0351 0348 0334 0382 1546 0226 0510.
0329 0307 0299 0294 0277 0271 0271 0267 0257 0252 0274 0294
0304 0315 0333 0344 0355 0364 0358 0368 0352 0209 0213 0223 0372 1546 0200 1824.
0228 0227 0225 0229 0231 0231 0225 0222 0220 0224 0243 0256
0270 0282 0298 0307 0322 0324 0334 0289 0272 0261 0246 0235 0337 1458 0219 0539.
0234 0229 0231 0226 0227 0230 0227 0233 0226 0234 0240 0239
0241 0241 0245 0243 0228 0228 0225 0218 0216 0214 0213 0214 0246 1105 0213 1834.
0214 0214 0214 0213 0214 0210 0211 0212 0212 0214 0219 0229
0244 0266 0274 0280 0287 0293 0295 0296 0299 0289 0284 0275 0301 1334 0209 0205.
0271 0266 0259 0249 0239 0238 0237 0237 0236 0236 0237 0241
0243 0243 0257 0270 0281 0290 0270 0272 0267 0265 0260 0260 0291 1401 0234 0115.
0256 0255 0242 0234 0229 0226 0225 0221 0220 0227 0229 0231
0236 0244 0243 0243 0243 0250 0250 0247 0244 0243 0239 0237 0261 2002 0218 0442.
0237 0234 0229 0221 0220 0221 0220 0221 0220 0221 0222 0227
0229 0235 0240 0246 0262 0256 0262 0266 0257 0247 0240 0235 0266 1531 0219 0248.
0231 0231 0231 0231 0229 0223 0223 0223 0221 0223 0235 0249
0275 0289 0305 0323 0321 0329 0334 0342 0316 0302 0288 0275 0345 1504 0219 0513=
I=
E=
U=
N=
H=
C=
V=
R6
0000 0000 0000
0000 0000 0000
0000 0000 0000
0000 0000 0000
0000 0000 0000
0000 0000 0000
//// 0000 ////
0000 0000 0000
0000 0000 0000
0000 0000 0000
0000 0000 0000
0000 0000 0000
0000 0000 0000
0000 0000 0000
0000 0000 0000
0000 0000 0000
0000 0000 0000
0000 0000 0000
0000 0000 0000
0000 0000 0000
0000 0000 0000
0000 0000 0000
0000 0529 0529
0001 0011 0012
0000 0128 0128
0000 0000 0000
0002 0000 0002
0000 0000 0000
0000 0001 0001
0000 0000 0000=
0000 0000 0000 0000 0000 0000 0000 0000 0000 0000 0000 0000
0000 0000 0000 0000 0000 0000 0000 0000 0000 0000 0000 0000.
0000 0000 0000 0000 0000 0000 0000 0000 0000 0000 0000 0000
0000 0000 0000 0000 0000 0000 0000 0000 0000 0000 0000 0000.
0000 0000 0000 0000 0000 0000 0000 0000 0000 0000 0000 0000
0000 0000 0000 0000 0000 0000 0000 0000 0000 0000 0000 0000.
0000 0000 0000 0000 0000 0000 0000 0000 0000 0000 0000 0000
0000 0000 0000 0000 0000 0000 0000 0000 0000 0000 0000 0000.
0000 0000 0000 0000 0000 0000 0000 0000 0000 0000 0000 0000
0000 0000 0000 0000 0000 0000 0000 0000 0000 0000 0000 0000.
0000 0000 0000 0000 0000 0000 0000 0000 0000 0000 0000 0000
0000 0000 0000 0000 0000 0000 0000 0000 0000 0000 0000 0000.
0000 0000 0000 0000 0000 0000 0000 //// //// //// //// ////
0000 0000 0000 0000 0000 0000 0000 0000 0000 0000 0000 0000.
0000 0000 0000 0000 0000 0000 0000 0000 0000 0000 0000 0000
0000 0000 0000 0000 0000 0000 0000 0000 0000 0000 0000 0000.
0000 0000 0000 0000 0000 0000 0000 0000 0000 0000 0000 0000
0000 0000 0000 0000 0000 0000 0000 0000 0000 0000 0000 0000.
0000 0000 0000 0000 0000 0000 0000 0000 0000 0000 0000 0000
0000 0000 0000 0000 0000 0000 0000 0000 0000 0000 0000 0000.
0000 0000 0000 0000 0000 0000 0000 0000 0000 0000 0000 0000
0000 0000 0000 0000 0000 0000 0000 0000 0000 0000 0000 0000.
0000 0000 0000 0000 0000 0000 0000 0000 0000 0000 0000 0000
0000 0000 0000 0000 0000 0000 0000 0000 0000 0000 0000 0000.
0000 0000 0000 0000 0000 0000 0000 0000 0000 0000 0000 0000
0000 0000 0000 0000 0000 0000 0000 0000 0000 0000 0000 0000.
0000 0000 0000 0000 0000 0000 0000 0000 0000 0000 0000 0000
0000 0000 0000 0000 0000 0000 0000 0000 0000 0000 0000 0000.
0000 0000 0000 0000 0000 0000 0000 0000 0000 0000 0000 0000
0000 0000 0000 0000 0000 0000 0000 0000 0000 0000 0000 0000.
0000 0000 0000 0000 0000 0000 0000 0000 0000 0000 0000 0000
0000 0000 0000 0000 0000 0000 0000 0000 0000 0000 0000 0000.
0000 0000 0000 0000 0000 0000 0000 0000 0000 0000 0000 0000
0000 0000 0000 0000 0000 0000 0000 0000 0000 0000 0000 0000.
0000 0000 0000 0000 0000 0000 0000 0000 0000 0000 0000 0000
0000 0000 0000 0000 0000 0000 0000 0000 0000 0000 0000 0000.
0000 0000 0000 0000 0000 0000 0000 0000 0000 0000 0000 0000
0000 0000 0000 0000 0000 0000 0000 0000 0000 0000 0000 0000.
0000 0000 0000 0000 0000 0000 0000 0000 0000 0000 0000 0000
0000 0000 0000 0000 0000 0000 0000 0000 0000 0000 0000 0000.
0000 0000 0000 0000 0000 0000 0000 0000 0000 0000 0000 0000
0000 0000 0000 0000 0000 0000 0000 0000 0000 0000 0000 0000.
0000 0000 0000 0000 0000 0000 0000 0000 0000 0000 0000 0000
0000 0000 0000 0000 0000 0000 0000 0000 0000 0000 0000 0000.
0000 0000 0000 0000 0000 0000 0000 0000 0000 0000 0000 0000
0000 0000 0000 0000 0000 0000 0000 0000 0000 0109 0403 0017.
0001 0000 0000 0000 0000 0000 0000 0000 0000 0000 0000 0000
0000 0000 0000 0000 0000 0000 0000 0000 0000 0000 0004 0007.
0000 0000 0000 0000 0000 0000 0000 0000 0000 0000 0000 0000
0000 0001 0000 0000 0037 0015 0008 0005 0026 0028 0007 0001.
0000 0000 0000 0000 0000 0000 0000 0000 0000 0000 0000 0000
0000 0000 0000 0000 0000 0000 0000 0000 0000 0000 0000 0000.
0000 0000 0000 0000 0000 0002 0000 0000 0000 0000 0000 0000
0000 0000 0000 0000 0000 0000 0000 0000 0000 0000 0000 0000.
0000 0000 0000 0000 0000 0000 0000 0000 0000 0000 0000 0000
0000 0000 0000 0000 0000 0000 0000 0000 0000 0000 0000 0000.
0000 0000 0000 0000 0000 0000 0000 0000 0000 0000 0000 0000
0000 0000 0000 0000 0000 0000 0000 0000 0000 0001 0000 0000.
0000 0000 0000 0000 0000 0000 0000 0000 0000 0000 0000 0000
0000 0000 0000 0000 0000 0000 0000 0000 0000 0000 0000 0000=
0000 ////////// 00000=
W=
L=
Z=
G=
FN
264008 108009 295004 071010 221007 210020
175007 219009 260012 262009 222009 197010
227021 271009 195016 226018 290016 160015
208026 233030 219024 092013 253013 226014.
199012 231018 213011 172017 257010 220005
220004 PPC001 122006 247011 248016 212030
210015 255027 198022 261018 262022 300009
215025 175017 250027 175013 300012 187013.
226014 266012 045005 135013 237008 216008
224009 235011 221007 236007 101007 137014
125014 050005 041015 274009 215017 227019
239024 215025 203022 200012 189011 235011.
203009 140014 185010 184009 035012 200007
059010 PPC002 050007 025004 095005 088006
152009 096008 245011 028007 203012 136011
062011 175008 116011 074016 056017 128007.
113008 213004 PPC000 045014 042009 PPC002
315004 300005 324004 PPC000 036009 036010
057006 096015 141013 258004 030004 265014
174004 138006 208019 227025 076011 220012.
PPC002 288012 241010 035010 265013 210005
022008 224008 079007 074004 009009 040004
037011 166007 078012 055008 070010 140008
123003 037015 039019 045015 076020 043010.
051014 050019 036015 025010 174005 106005
127006 ////// ////// ////// ////// //////
248020 229017 334011 241013 203013 222019
025025 060011 160007 105004 243020 228011.
154006 101010 247026 087008 225009 237005
111005 199009 108008 161003 217006 231017
281006 200012 041027 081019 155015 183012
116012 258019 205026 229025 248022 227018.
162014 162009 141011 206013 295003 024008
078006 046003 237005 196004 229008 241015
197009 224015 177013 254026 161007 343011
228030 252033 264012 118015 104011 173005.
245007 065007 073006 106006 295007 095007
208007 PPC000 PPC000 PPC002 183011 PPC002
023007 132013 076022 016016 075017 036038
056018 103017 039040 057044 085045 057027.
057018 048020 064032 049019 047021 048011
042007 051012 311003 142008 030008 037011
036013 193012 218017 229018 220017 222015
245030 130016 046022 097023 224013 244024.
256030 235007 241020 181011 178007 241004
143007 083003 164009 261009 181012 246012
132012 042041 078029 147011 280013 178018
053019 236029 089018 112017 155005 245005.
031007 PPC002 076008 PPC001 215009 236008
223010 217009 357008 250006 012005 205009
318004 213015 167016 138016 227013 067016
221026 231024 144010 188013 171017 217024.
230019 208024 216028 213030 216025 242021
232020 067008 240010 113006 084012 045031
143006 100010 207010 038015 249018 047025
030011 041016 036016 219011 240037 235025.
042015 023016 029018 151003 044016 127010
051008 050013 PPC001 330007 027007 PPC001
224012 244013 146007 040018 005010 006034
205009 208017 169012 233010 140008 226015.
222005 027011 211005 049012 050016 055028
082006 033011 119008 102003 032006 054008
148005 229014 131011 088016 061012 116012
059013 087010 177011 106005 054004 155007.
168011 167010 231021 136006 214020 304006
PPC001 292007 044006 043004 PPC002 022010
006007 124007 173018 146012 194015 090007
264007 084017 198012 170015 138018 282008.
196020 273011 220019 196028 246017 241009
PPC001 039005 PPC000 283004 119005 256004
037008 140008 202012 132012 252008 140013
255012 242016 228009 040014 056014 220013.
114005 PPC002 044015 048016 047005 040011
047009 051014 057017 041009 052013 092012
039021 058011 178012 070007 253009 113017
023016 213015 117007 080014 080019 096014.
246021 258022 227013 003012 023010 136010
226006 006008 162003 153007 227009 201006
238013 124006 307009 PPC001 353011 054017
050026 057006 139008 059018 099006 059010.
097011 129006 274007 273005 143005 048007
PPC001 121006 032006 051006 001008 049006
063007 315009 128017 151015 178012 204012
216023 234012 244018 222012 277007 295006.
027009 067009 050005 264009 PPC000 142005
135006 053004 PPC000 065006 340007 056005
109014 306013 216013 359007 214013 113015
073009 049017 115013 061007 232013 202013.
199016 057010 050012 035009 PPC000 042014
169003 278005 PPC000 037007 071007 031012
069015 067016 091014 063013 029021 056013
073016 021011 040013 060041 216009 185008.
009022 227006 063015 129012 037011 118007
117004 001004 145005 PPC000 052014 057015
035013 054017 053018 350008 043012 104012
284014 222022 086016 228012 059012 031031.
062013 PPC000 PPC002 PPC000 055005 327005
288004 307008 PPC002 041012 081011 080017
041016 041021 070013 034012 027012 043020
054041 079022 076019 032013 061015 061010.
041017 017008 024012 PPC000 214005 PPC000
139006 PPC000 PPC000 PPC000 319003 PPC001
PPC002 057022 055018 077022 074016 027028
064025 039027 060013 049022 077016 043017.
048016 056030 053026 055022 074016 076014
050016 050022 055024 066022 043031 050022
052023 060032 046046 069027 096024 104020
052029 064025 077034 066022 054017 062021.
046013 198013 153008 200008 072007 165008
270008 225007 253008 055012 066014 034018
046016 070014 055018 079007 091021 078021
055031 058012 086017 048016 111014 077008.
049021 053019 053022 058016 257006 042017
041016 053013 035013 079005 039010 052008
081007 041008 052004 022005 301005 045008
045006 PPC000 084004 046010 068007 059011.
029007 106003 001005 360011 007009 PPC000
PPC000 232007 PPC000 272004 089009 058009
202010 267009 219013 240014 254018 182008
199014 317010 208023 211023 208022 212026=
241008 193009 059005 080009 217007 213019
188009 214011 255012 250010 234009 204011
225022 242012 207017 228020 247015 193017
215029 227029 221025 163016 211013 227018.
175013 235019 210015 198014 247009 142004
184003 PPC001 137007 247009 234013 218024
230019 244026 217021 249019 238018 124013
214025 183023 227020 180014 280014 176012.
184013 257013 085006 121009 236008 204009
212007 237011 218008 236007 171007 075012
127012 334008 065015 338012 158011 223020
235023 210021 213021 216013 197011 194010.
206010 150014 195012 205008 038013 176006
042011 054003 037007 044004 109005 104006
141007 142010 229012 060009 235013 095016
009010 145011 098014 059017 065016 128008.
100007 PPC002 PPC000 046015 048009 PPC001
289003 329005 PPC002 PPC001 038010 042010
052006 086014 103011 227008 065008 225011
176006 161007 209016 214022 036010 225012.
254005 278012 239010 005007 260012 199003
034009 203005 072007 139004 022009 029004
033009 186007 076015 059010 062011 137006
160006 054012 039018 050017 062017 051015.
058016 049018 039013 021009 193005 104007
166006 ////// ////// ////// ////// //////
229015 317015 329013 236015 227018 203014
024020 052012 173010 168008 242019 220012.
183006 110009 238021 093012 283009 235007
097003 165009 104007 176005 221009 239018
109008 203014 018020 175019 115015 134013
164014 250028 238033 241027 250023 229018.
178012 136009 146012 175011 261004 032007
079005 056005 235005 155003 187008 244016
205010 212015 234012 171021 187011 011018
237034 251028 191019 182014 117010 172005.
232006 058006 095005 167004 264004 076007
199006 PPC001 PPC000 PPC001 131009 208005
034008 136011 064019 024019 078017 034033
060019 070015 046039 065048 081043 054032.
064023 054020 053033 049018 059018 035013
044007 052011 334007 139007 046009 037012
061011 217015 219013 225018 170015 228014
225031 109016 071024 120020 199012 238021.
252029 183007 231015 146010 184006 231007
147005 084004 158005 236009 167011 240017
136011 044027 082023 132014 254014 124015
051024 215029 103020 108017 143007 217004.
030007 PPC002 110006 146003 209007 230009
231013 212009 020008 241006 356007 192007
360007 208013 199014 125016 235012 072015
219024 232026 162012 196017 190016 215023.
222019 212022 218026 217026 217025 240021
225021 014010 282009 089006 074012 047026
094008 169012 209012 040014 167014 066019
299011 012015 018014 168009 244030 247024.
026017 024016 026015 085005 046015 108010
059007 044013 PPC002 287005 020007 108004
241012 222014 167010 034020 068012 345024
192013 206014 168011 185010 137008 233016.
224003 029013 300006 058011 054020 050024
077006 040011 160006 134004 062006 059009
201005 228016 120013 089015 084014 207011
090014 076010 175010 115006 086004 129009.
205010 183010 227018 100009 227017 292004
025003 284006 050006 013007 115003 041010
022006 133007 188015 123013 179015 095010
106011 078020 164012 180019 158015 275012.
186016 257012 228015 205026 268013 248010
240004 044005 PPC001 330005 096006 110005
044009 157010 198011 086012 242012 167016
196013 238015 200009 048015 065016 223015.
099010 056006 047013 045014 051007 036011
053008 050013 057014 043007 056013 081012
044017 053013 145010 058010 173010 102016
001013 187014 138007 078017 079017 078012.
237016 241020 235015 337009 030009 135010
223007 019006 128004 117006 248008 209007
236014 141007 239010 357006 016011 058015
053019 090007 116010 070016 083007 059009.
090009 088005 185005 274004 111004 043007
PPC002 130003 045005 054007 018007 060007
054008 284010 168014 089015 156014 210016
219022 212018 213020 214011 252009 321006.
345008 059008 049006 283010 PPC002 137006
161006 PPC002 PPC001 078005 357010 074005
088014 326013 166011 034010 212014 071013
019010 069017 108010 089008 223014 189011.
218015 055011 048011 038010 PPC000 040014
182003 296005 PPC002 032007 071007 041010
067015 074017 053013 073014 035027 052019
067017 070013 048015 054040 221011 164008.
318017 206005 062012 158008 055010 099007
111003 044004 175003 111003 069011 052015
069013 069015 052017 046012 050013 075016
325012 195019 089016 200010 065016 035027.
056014 PPC002 007004 348003 077004 020004
PPC002 344007 PPC001 043012 073013 056015
040017 046023 061012 039013 043013 049020
047038 066022 072017 034013 054017 061012.
129012 020008 023006 PPC001 236005 PPC001
150005 PPC001 PPC000 PPC001 308003 065003
334005 052019 055020 071022 065019 040031
056031 048025 060018 051025 068017 045018.
057017 055028 054024 059025 063017 091015
059017 051018 059022 077021 042029 042024
056022 054028 054037 072033 076030 098023
062028 055025 068037 063024 054019 056020.
058015 085011 184010 200011 333006 164007
248009 158006 253007 062013 057014 041018
050016 070015 046020 105008 071016 067016
079022 058017 081015 062014 089011 083008.
053022 054020 059020 061017 096007 037012
051013 048014 039015 064007 038010 051009
066008 010008 046005 029007 273006 013008
065006 PPC002 072004 052009 067007 058013.
038011 075004 010006 008009 004009 PPC001
PPC000 228006 PPC000 256003 110008 095008
223010 244011 192012 212011 180016 154011
177013 297009 219024 208023 212023 208026=
036230 1603 078230 1725
037215 1521 076230 1513
033240 1517 061211 1547
022058 1356 047158 1409
024196 1755 057233 1711
024045 1834 054040 1952
028236 1319 083222 1232
047255 1826 091230 1701
042247 1457 086243 1457
059052 1748 130051 1821
052050 2008 104040 2008
037237 1605 086016 1455
033221 1555 064243 1425
035245 1902 073278 1934
034255 1206 063232 2012
028052 0055 059104 0047
027092 1641 063142 1927
030217 0009 082187 2321
022077 1905 052049 1518
036235 2119 069243 2119
035224 1409 075225 1448
024036 1526 042120 1530
075060 1753 179045 1750
048213 1527 095183 1526
046048 1521 082039 1519
036051 1458 081026 1707
046058 1348 103078 1428
027045 1613 057033 1056
025055 2328 058025 2030
035214 1833 063231 1850=
D=
K=
A=
S=
B=
??????
******
YF
O2227
河南省
豫洛阳王城公园
洛阳市区中州中路王城公园
平原；景区；地面
空缺
计算机
计算机
计算机
计算机
计算机
20120716=
JY
8888=
GK
01/
05/=
BZ
BB/07/06时气温用正点后10分钟值代替。07时气温用正点前10分钟值代替。08时气温用正点前10分钟值代替。日最低气温用06时00分数据代替。
00/344008/1122449
10/24/逐时观测
10/24/24时连续观测
11/不守班=
######
