O2200 3454N 11207E 004630 004630 105 000 S15 91999999919999199999 0 2010 01
P=
TB
-001 0004 -006 -014 -022 -022 -020 -026 -013 -003 -008 0017
0028 0067 0113 0126 0157 0176 0169 0159 0132 0102 0111 0096 0180 1512 -030 0408.
0071 0063 0080 0061 0058 0056 0048 0056 0022 0042 0017 0008
0020 0054 0082 0111 0130 0132 0082 0057 0029 0009 -001 -008 0140 1401 -014 1947.
-023 -029 -037 -038 -044 -037 -037 -041 -043 -044 -044 -043
-038 -033 -032 -011 -008 0009 0025 0016 -002 -017 -017 -018 0029 1452 -047 0032.
-021 -022 -024 -024 -029 -038 -047 -049 -054 -053 -056 -059
-054 -029 -002 0031 0046 0060 0043 0031 -015 -038 -048 -053 0067 1416 -060 0757.
-056 -061 -066 -068 -069 -073 -077 -083 -080 -084 -083 -079
-069 -065 -053 -046 -036 -035 -032 -035 -046 -056 -064 -067 -028 1318 -086 0628.
-071 -075 -079 -085 -086 -089 -091 -094 -090 -100 -095 -098
-076 -056 -045 -028 -017 -012 -017 -024 -039 -051 -058 -060 -003 1431 -101 0601.
-069 -072 -075 -075 -072 -076 -083 -083 -084 -087 -090 -081
-071 -058 -053 -046 -038 -033 -024 -033 -043 -054 -065 -071 -023 1454 -092 0621.
-072 -078 -080 -083 -087 -092 -092 -091 -096 -095 -097 -095
-076 -066 //// //// -023 -016 -021 -028 -037 -050 -057 -054 -009 1438 -100 0713.
-055 -062 -063 -063 -062 -061 -071 -072 -073 -067 -076 -067
-057 -049 -030 -015 -008 -014 -014 -024 -031 -036 -041 -043 -004 1329 -077 0703.
-045 -042 -044 -045 -044 -043 -043 -042 -044 -044 -050 -055
-043 -029 -008 -004 0011 0018 0009 0007 -011 -020 -021 -022 0024 1415 -055 0756.
-029 -033 -041 -043 -044 -046 -054 -049 -044 -045 -045 -044
-033 -023 0002 0043 0049 0055 0054 0042 0036 0032 0027 0019 0060 1349 -056 0305.
0019 0009 0007 -008 -010 0016 0013 0016 0015 0015 0014 0014
0025 0038 0040 0034 0036 0031 0029 0020 0009 0002 -007 -010 0044 1030 -014 0016.
-018 -022 -027 -033 -038 -043 -046 -047 -068 -053 -073 -073
-048 -017 0015 0013 0032 0038 0064 0041 0021 -007 -012 -012 0068 1510 -081 0738.
-028 -031 -031 -036 -037 -052 -043 -047 -046 -050 -063 -054
-028 0006 0034 0062 0087 0100 0124 0124 0093 0079 0061 0052 0133 1504 -066 0710.
0055 0043 0021 0019 0009 -001 -007 -005 0000 -014 -026 -039
-028 -011 0006 0021 0027 0035 0036 0023 0002 -015 -020 -022 0067 2034 -040 0810.
-023 -021 -031 -037 -043 -042 -042 -049 -051 -048 -054 -040
-041 0001 0022 0044 0058 0071 0071 0065 0039 0007 0004 0001 0076 1417 -061 0721.
-005 0004 -005 -009 -014 -021 -013 -029 -023 -023 -035 -037
-014 0024 0060 0084 0097 0108 0110 0104 0075 0043 0037 0026 0119 1336 -039 0715.
0021 0035 0018 0013 0011 -003 0000 -003 0009 -022 -002 -010
0014 0032 0040 0063 0063 0076 0064 0056 0043 0038 0036 0038 0084 1337 -028 0612.
0038 0037 0039 0042 0043 0045 0043 0040 0039 0037 0034 0031
0028 0023 0027 0025 0031 0036 0037 0037 0036 0031 0032 0035 0046 0213 0023 0944.
0036 0034 0036 0035 0035 0030 0029 0031 0058 0075 0070 0073
0078 0084 0088 0086 0082 0077 0077 0061 0050 0039 0032 0021 0089 1030 0021 1956.
0016 0010 0005 -002 -010 -014 -015 -018 -019 -021 -022 -023
-022 -018 -013 0001 -002 -001 0004 -008 -014 -017 -019 -020 0021 2001 -023 0630.
-020 -019 -019 -015 -020 0012 0015 0011 0005 -003 -007 -012
-008 -006 0003 0009 0014 0025 0026 0025 0012 -001 -013 -029 0032 1530 -030 0146.
-023 -018 -027 -034 -043 -049 -052 -053 -049 -055 -065 -044
-023 0001 0012 0019 0041 0049 0048 0041 0032 0000 -009 0003 0056 1448 -065 0654.
-005 -008 -016 -021 -027 -030 -028 -032 -022 -035 -037 -039
-012 0037 0066 0070 0098 0094 0082 0081 0070 0069 0070 0066 0115 1310 -040 0725.
0062 0064 0058 0055 0050 0043 0032 0025 0015 0007 0001 0002
0019 0027 0037 0046 0049 0055 0073 0054 0052 0023 0010 0001 0083 1428 -004 0650.
-004 -002 -007 -015 -020 -027 -031 -033 -033 -034 -030 -032
-021 0002 0019 0046 0058 0064 0064 0054 0040 0020 0018 0012 0070 1405 -038 0450.
0026 0027 0022 0028 0027 0020 0016 0031 0034 0028 0037 0037
0067 0080 0087 0104 0119 0126 0135 0134 0118 0091 0071 0077 0143 1513 0007 0239.
0063 0052 0046 0035 0035 0034 0043 0035 0029 0015 0006 0014
0044 0059 0074 0104 0108 0115 0134 0123 0107 0086 0072 0067 0150 1456 0000 0721.
0051 0036 0026 0022 0013 0007 0001 -004 -008 -016 -014 -008
0008 0032 0068 0078 0096 0093 0089 0083 0076 0063 0061 0062 0112 1316 -020 0736.
0052 0053 0057 0044 0038 0048 0027 0056 0034 0023 0020 0021
0048 0067 0093 0114 0117 0115 0122 0117 0115 0089 0065 0071 0143 1327 0014 0629.
0072 0072 0081 0075 0071 0065 0044 0036 0030 0015 0003 0014
0036 0063 0093 0093 0095 0081 0074 0073 0064 0056 0049 0048 0102 1121 -001 0711=
I=
E=
U=
N=
H=
C=
V=
R6
=
=
0000 ////////// 00000=
W=
L=
Z=
G=
FN
260019 273015 292008 084010 184003 264011
092008 251016 242013 296012 262012 327017
////// 231018 119009 114012 112013 101010
218005 317024 123004 341007 312031 261011.
PPC002 140010 322011 184009 231009 077008
327012 334011 208011 031009 131015 106012
050020 016009 144008 126018 103017 //////
119036 104025 113023 097018 113027 118013.
110014 102032 103015 106023 017009 036008
103029 103027 111022 112018 095014 107007
070005 153006 018009 153012 341008 //////
136016 134014 099005 110008 071005 230008.
163007 173012 246006 057015 272007 090008
097010 067008 198003 ////// 190004 227010
157014 120010 ////// 133009 112017 146014
290024 103032 111040 108033 107033 113036.
121029 106030 086012 108025 092005 133015
033014 025008 050016 038009 117008 111026
104031 102024 ////// 104017 129014 141011
147010 156012 128013 127010 116013 108020.
102019 098009 083008 046010 077003 PPC001
064005 075007 306007 076006 115014 098006
112009 128013 120014 145013 155009 104027
079016 129014 110024 120019 113012 108019.
135003 110014 102007 308013 306009 331007
PPC000 059008 340007 031004 096007 //////
////// 113021 056011 110008 108011 182008
124012 137009 138011 149017 119013 098010.
143012 PPC002 104011 132004 046008 115007
048006 017006 145003 PPC001 059007 046011
112014 111016 ////// ////// 111019 114017
116020 107024 ////// 124012 141003 308017.
281011 127005 216006 275013 281012 268007
PPC000 012005 092006 PPC002 118006 123004
120010 148007 069011 111013 135007 116020
129018 111020 122018 120014 119016 120012.
073004 073004 103013 151003 041012 042011
228005 PPC002 108008 230012 110004 //////
233012 228011 193006 233003 152009 199007
083014 106013 104005 PPC002 306006 090007.
060003 141009 131010 PPC000 157007 PPC002
308012 264013 204006 PPC002 178009 047007
109010 121013 108013 114011 309033 //////
305048 316049 322075 316071 310033 301015.
293030 305013 299012 258017 ////// 306048
296034 309035 301046 296063 306065 303040
293042 312044 313059 326079 317071 //////
319072 326084 313075 315056 270025 320019.
308016 312027 307036 305040 301045 303034
309034 302028 262021 309025 231018 102012
096011 119012 099013 313035 316018 307032
084013 110015 112014 PPC001 150007 190007.
352005 108003 331010 058016 151006 258010
177006 282014 247019 031008 PPC001 298013
093008 228011 ////// 124022 135019 114024
118018 148013 097008 134010 206007 323017.
087012 056007 092013 094025 136009 048006
277008 300008 037017 101016 090022 109011
109019 212004 121015 091011 116023 115021
108019 105028 ////// 106011 100006 032015.
000008 027019 331005 306015 088005 345004
307011 306006 264010 299008 092009 311013
280010 157009 135005 136013 154003 137015
142015 128014 105011 PPC001 112006 302008.
PPC000 300010 082007 216007 PPC001 223003
333005 061005 238008 250007 PPC002 303007
109006 131009 132005 093009 130015 145014
123014 127014 121013 073006 317009 078008.
PPC000 265011 324008 037010 302008 248011
140005 297005 338016 246019 300013 PPC002
065005 118010 108023 115018 109021 094024
109038 116029 109037 127015 105012 144019.
103034 112017 138012 109010 117017 132010
106021 113006 058010 078009 071005 086006
104017 PPC000 021006 209005 302006 130009
088008 128007 131007 087003 299007 309009.
303010 020008 PPC002 255006 340003 054007
268008 237012 296017 303027 291025 268026
315038 309052 318026 298013 311023 292019
126011 175017 117016 112022 135017 124017.
125018 122016 129019 111020 116027 114020
111014 101009 102012 112008 154008 //////
111011 104012 127015 117012 131023 137011
133008 110021 114018 121015 104016 //////.
PPC001 233011 242013 023010 295014 311038
302045 310047 316062 307048 320065 310041
312057 318078 311050 320064 314053 306025
318052 317042 315048 301019 267008 157003.
////// 307018 ////// 234008 333009 198007
217011 ////// 280006 202008 ////// //////
////// 101015 112028 114028 132014 124022
147010 129013 047012 308010 PPC000 316013.
307013 259007 300009 034010 079009 268024
157007 227012 275013 064008 085007 268007
146005 151010 132012 106015 306018 311038
313049 312036 319060 319064 311068 318062.
315052 318083 318052 318074 318054 316074
315053 317071 245018 142028 095020 275015
124009 123019 121024 145009 188010 //////
243006 144014 149014 116011 102010 200007.
199005 243013 253010 167005 306012 032005
PPC000 334003 353008 286008 335006 067013
271010 266007 096010 097024 034014 108020
////// 121012 126010 ////// 019018 001010.
008014 036018 310010 307014 305007 275008
276013 308023 311010 251014 253025 245018
258032 290022 303034 310036 272044 301048
277019 269016 352012 300019 237006 307020.
309009 172008 119003 287012 303007 PPC000
273017 113014 316018 144005 140008 005010
////// 279008 331006 199010 151010 180009
114013 011008 115014 121013 258013 296007.
114021 048024 037008 222008 120004 054009
314009 060010 257008 135010 253006 //////
309011 271010 217013 130012 146012 129014
161013 127016 189015 127010 257014 296007.
321005 299016 320010 230007 268013 320017
135009 323043 160008 194012 273020 275013
115014 259014 304024 325013 268017 301034
290028 302044 259027 278017 038025 308025.
320023 297021 314050 307035 302026 266012
300005 236012 111012 162012 129012 214007
229006 169014 034014 119023 122029 //////
107043 109026 117028 106021 052009 014012=
266019 275014 277008 088007 201003 262013
074007 235010 254011 297011 260013 329017
////// 237018 137007 114011 128011 093009
162008 310025 208006 346008 310026 283016.
184010 139009 320011 190011 228013 075009
308009 336012 166011 051011 128012 108012
048018 033010 128015 130017 114017 //////
115034 106026 110025 108016 117017 119015.
106017 106027 109014 104026 020006 092006
099029 107024 110025 111022 098013 098007
088007 107008 021009 127008 291009 //////
130014 132011 097005 103006 066005 247006.
158005 193011 281008 056014 283006 091006
100010 083011 144008 ////// 148008 244008
154010 128007 ////// 085009 119016 147013
287020 104026 110041 107039 108044 111031.
112029 109025 108014 116015 107012 111010
032011 033008 047013 041011 114009 110025
105021 107025 ////// 126013 121011 151012
145014 154011 127011 135010 115013 108021.
101019 100013 099010 043008 098005 082004
080006 086008 003006 088006 108010 100004
110010 115014 116018 150015 183008 130016
102014 125012 109019 113020 118012 105019.
076004 098009 064007 309011 307009 317005
PPC002 040007 337007 349003 106005 //////
////// 115012 064011 143007 122010 158012
137011 171011 134011 145014 122011 109007.
132013 108003 110009 104004 055005 117006
060005 032007 126005 PPC001 066005 046010
116010 100017 ////// ////// 100015 118016
115017 108019 ////// 125011 074003 311016.
289010 113008 193006 274015 273013 269009
PPC000 351006 098004 275006 106005 094007
125008 182008 122012 102013 129011 121018
129018 108021 113016 116014 115016 123011.
077004 122005 103012 114006 042009 053007
132009 PPC001 106008 229012 033003 //////
234011 229011 173005 187006 148010 199009
095017 110012 108003 PPC000 346003 085005.
073005 145007 136007 125003 184004 093006
316010 262009 213006 PPC002 218011 353006
097008 115014 120012 138011 317022 //////
310046 316049 316061 314070 312033 302014.
300026 304013 303018 266017 ////// 307047
300041 304044 303037 301054 302049 304038
303041 312046 308043 320071 317066 //////
317074 318070 317078 314059 292024 321031.
311016 313038 308036 306045 300046 306039
297031 303025 266022 314022 232020 089013
110013 128011 096011 314038 318024 313032
055011 114022 110014 PPC001 145009 209005.
351004 114004 325010 054013 122008 258010
206007 280012 242015 011010 288004 306011
087007 195008 ////// 111015 119019 111020
116014 140012 110009 062011 224009 319016.
060018 043005 097013 102021 128011 079006
259011 272010 033012 100019 105025 113010
108017 162007 107013 115017 105018 114018
110018 107022 ////// 111011 088008 016012.
356008 021015 324007 310013 072005 324005
309011 306008 262007 304008 084007 306010
269011 169005 192011 138015 153010 135011
138013 148013 113009 PPC002 PPC001 293007.
PPC000 299010 067007 226006 314003 PPC002
356006 079004 239007 249007 158004 302007
085007 130008 139006 117010 119013 127012
119013 130014 122013 092005 317012 082007.
181004 266013 340006 042009 348008 250009
187008 344007 329012 225013 302015 088008
054012 101010 109025 105021 109023 110020
108031 107028 106034 104014 112013 125020.
104029 101016 114013 105011 109013 122011
106018 117005 073006 091012 113004 117007
111012 165004 021007 189006 304007 116011
095010 106007 124005 071003 306005 306009.
280010 024006 097004 PPC002 317004 074008
274004 252012 285017 310025 280025 284032
317046 312054 315023 316027 318026 298016
131010 172013 146013 110022 132018 119018.
123017 123016 131022 110021 115030 106024
110011 110012 114016 112009 144008 //////
111012 106013 119016 087012 121021 128016
103013 110024 111021 118015 105015 //////.
PPC002 238009 245014 006010 298011 314037
302039 310044 317060 307050 319061 311045
313062 316072 312049 319062 316046 314035
316042 317043 314038 303019 270008 143003.
////// 308011 ////// 212006 325009 187005
243007 ////// 292005 194008 ////// //////
////// 116012 112025 113022 132014 140015
150010 119013 051009 302010 PPC000 317013.
305009 256006 310007 049009 065006 267021
163005 219006 270013 057008 090008 248008
171008 147009 139013 114015 294017 315031
313052 314039 319056 317062 316065 315052.
316050 317064 315056 318068 319054 313071
314045 317068 311018 137022 107016 294020
172012 127016 117019 153009 216011 //////
317009 120024 138015 108013 119008 202006.
275003 239014 240010 206006 305010 012008
329003 296004 335005 279007 303007 078008
270009 271008 101009 104013 083018 112020
////// 129015 115011 ////// 026016 347010.
025017 029013 301009 305012 296006 277008
272015 308022 311009 248016 246027 245022
275027 289024 293039 304036 270041 306040
294026 287016 344010 305012 238009 309017.
308008 239013 042007 283011 297007 PPC000
280020 120012 312013 PPC001 126005 015005
////// 279006 296007 180010 165009 195010
091013 053008 104009 115007 253012 301013.
114021 045020 040008 213008 106011 064011
295006 045011 260007 137010 255007 //////
308013 259012 193015 183014 157013 136014
151013 135012 182012 126009 252012 290005.
359006 298013 319013 171004 270012 321016
140009 319040 186008 204010 264028 285015
132007 257013 276025 011012 290015 296027
297027 310037 262022 276016 055011 307023.
317022 291021 316039 306035 306028 276014
314007 240008 109009 115008 130007 207007
225010 195011 147014 123023 119028 //////
105032 108031 108030 106023 063007 018012=
036313 1539 044323 1532
042106 1511 053135 1448
032104 0424 044098 0358
051112 1624 070118 1714
039107 2015 054115 2011
025111 1651 032112 1731
019106 2001 027110 0959
022109 1607 038158 1221
028109 1517 043112 1528
018092 1501 023129 1338
073313 1751 098315 1744
089316 1620 149312 1616
053312 2353 075318 2351
027109 1421 043107 1412
027109 0010 041132 0045
018304 0009 026149 1533
014111 1307 022107 1439
034107 1233 053115 1659
037106 2117 065112 2112
056314 0953 093323 0946
033110 0118 044104 0055
085317 0721 117312 0714
030104 1112 041101 1122
082314 1836 107323 1827
079316 0144 105312 0116
036106 1535 045127 1431
047311 0828 071318 0822
021286 0258 031245 1318
023044 2204 033250 1137
044319 0403 065318 0345
047306 2347 072318 2249=
D=
K=
A=
S=
B=
??????
******
YF
O2200
河南省
豫新安北冶
新安县北冶乡政府院内
丘陵；城镇；地面
空缺
计算机
计算机
计算机
计算机
计算机
20100309=
JY
8888=
GK
01/
05/=
BZ
BB/01/09时温度用正点前3分钟值代替。
BB/02/14时温度用正点前7分钟值代替。
BB/03/14时温度用正点前2分钟值代替。
BB/04/06时温度用正点前7分钟值代替。11时温度用正点前5分钟值代替。
BB/05/11时温度用正点后3分钟值代替。
BB/07/08时温度用正点前5分钟值代替。09时温度用正点前5分钟值代替。
BB/08/17时温度用正点前1分钟值代替。
BB/10/08时温度用正点前1分钟值代替。
BB/11/14时温度用正点前1分钟值代替。
BB/12/01时温度用正点前1分钟值代替。14时温度用正点前3分钟值代替。
BB/14/11时温度用前后正点数据内插。
BB/15/17时温度用正点前5分钟值代替。
BB/21/08时温度用正点前9分钟值代替。20时温度用正点前1分钟值代替。
BB/23/21时温度用正点后3分钟值代替。23时温度用正点前7分钟值代替。04时温度用正点前2分钟值代替。07时温度用正点前4分钟值代替。09时温度用正点后2分钟值代替。08时温度用前后正点数据内插。
BB/25/14时温度用正点前3分钟值代替。
BB/26/15时温度用正点前3分钟值代替。18时温度用正点前10分钟值代替。
BB/28/09时温度用正点前3分钟值代替。
BB/29/08时温度用正点前2分钟值代替。
BB/31/14时温度用正点前1分钟值代替。
00/345333/1120637
10/24/逐时观测
10/24/24时连续观测
11/不守班=
######
