O2225 3439N 11228E 001290 001300 105 000 S15 91999999919999199999 1 2008 10
P=
TB
0166 0156 0153 0152 0143 0141 0141 0149 0145 0142 0146 0153
0177 0195 0216 0236 0245 0255 0255 0258 0253 0228 0198 0186 0264 1515 0135 0229.
0189 0186 0175 0173 0171 0174 0168 0169 0162 0167 0164 0172
0192 0203 0211 0232 0239 0250 0256 0253 0249 0221 0191 0203 0264 1445 0161 0429.
0188 0194 0179 0178 0174 0169 0163 0155 0153 0150 0147 0160
0178 0197 0217 0235 0247 0255 0259 0257 0244 0228 0224 0211 0264 1349 0147 0629.
0212 0203 0201 0199 0193 0197 0195 0189 0190 0191 0187 0192
0196 0198 0217 0220 0233 0249 0252 0249 0241 0215 0203 0193 0254 1452 0187 0642.
0192 0191 0181 0173 0172 0171 0170 0167 0164 0169 0170 0181
0196 0212 0219 0223 0230 0230 0233 0229 0224 0206 0188 0173 0241 1419 0163 0415.
0162 0143 0132 0140 0133 0130 0124 0121 0122 0120 0121 0130
0139 0145 //// 0171 //// 0189 0193 0196 0194 0181 0168 0158 0199 1605 0117 0629.
//// 0143 //// //// //// 0133 //// 0119 0113 //// //// 0130
//// //// 0177 0189 0190 0189 0188 0177 0161 0150 0146 0144 0197 1226 0108 0546.
0143 0142 0142 0141 0141 0142 0140 0140 0140 0140 0140 0144
0149 0160 0170 0189 0212 0218 0227 0235 0222 0199 0181 0163 0235 1600 0140 0022.
0158 0153 0150 0150 0147 0157 0161 0156 0154 0148 0146 0152
0162 0167 0184 0193 0207 0213 0220 0214 0206 0202 0186 0195 0223 1505 0145 0101.
0192 0186 0180 0172 0158 0156 0165 0163 0145 0151 0144 0161
0176 0189 0201 0210 0215 0214 0213 0210 0204 0186 0179 0175 0222 1247 0142 0716.
0169 0170 0168 0167 0161 0161 0163 0157 0153 0156 0155 0159
0163 0173 0178 0178 0183 0189 0189 0186 0178 0166 0159 0152 0190 1501 0152 0449.
0134 0125 0127 0130 0128 0120 0116 0111 0112 0111 0111 0117
0132 0153 0173 0189 0212 0223 0232 0237 0226 0182 0163 0156 0241 1506 0104 0523.
0153 0153 0167 0157 0152 0144 0141 0136 0138 0135 0136 0146
0159 0186 0210 0236 0261 0279 0290 0286 0272 0244 0219 0179 0290 1500 0133 0537.
0201 0185 0178 0177 0169 0162 0156 //// //// //// //// ////
//// //// //// //// //// //// //// //// //// //// //// //// 0210 2046 0148 0315.
//// //// //// //// //// //// //// //// //// //// //// ////
//// //// //// //// //// //// //// //// //// 0231 0216 0209 0253 1728 0207 1950.
0203 0198 0202 0195 0188 0191 0188 0191 0181 0176 0168 0186
0203 0227 0246 0253 0264 0275 0275 0271 0255 0206 0192 0188 0277 1452 0166 0702.
0177 0159 0158 0153 0149 0156 0152 0137 0144 0140 0135 0144
0166 0191 0205 0223 0239 0255 0252 0251 0239 0211 0180 0170 0261 1454 0133 0633.
0155 0149 0144 0149 0156 0159 0154 0157 0159 0157 0163 0177
0201 0217 0223 0240 0242 0255 0254 0249 0240 0229 0220 0213 0259 1449 0144 2258.
0205 0192 0187 0185 0184 0166 0144 0153 0155 0150 0147 0152
0164 0192 0207 0220 0234 0232 0240 0234 0223 0200 0195 0191 0244 1423 0142 0308.
0188 0185 0192 0173 0171 0170 0172 0169 0168 0170 0171 0171
0173 0174 0180 0184 0179 0179 0179 0169 0170 0167 0164 0164 0196 2243 0163 1859.
0159 0161 0162 0159 0157 0158 0160 0161 0161 0162 0163 0165
0170 0174 0179 0188 0195 0204 0208 0210 0200 0191 0169 0164 0215 1414 0157 0025.
0156 0154 0163 0167 0167 0166 0167 0168 0168 0166 0164 0166
0167 0172 0179 0178 0164 0143 0135 0131 0129 0127 0129 0131 0180 1102 0125 1731.
0131 0124 0120 0116 0114 0111 0113 0113 0111 0107 0102 0107
0125 0146 0163 0169 0173 0187 0186 0175 0165 0153 0146 0139 0189 1422 0101 0644.
0134 0097 0107 0104 0080 0079 0078 0063 0073 0072 0072 0094
0110 0132 0157 0175 0178 0192 0198 0198 0188 0168 0156 0135 0203 1544 0061 0527.
0130 0125 0113 0105 0099 0094 0095 0085 0082 0082 0080 0091
0108 0130 0159 0181 0200 0206 0209 0202 0191 0177 0171 0157 0209 1456 0079 0701.
0146 0146 0140 0116 0100 0086 0105 0103 0092 0092 0086 0096
0118 0150 0172 0194 0206 0224 0225 0222 0208 0197 0188 0174 0236 1437 0079 0212.
0156 0153 0147 0127 0117 0109 0099 0086 0076 0070 0079 0117
0135 0150 0185 0205 0211 0208 0215 0207 0198 0167 0179 0171 0221 1433 0070 0559.
0150 0145 0145 0157 0156 0132 0125 0123 0123 0120 0122 0123
0128 0131 0135 0136 0136 0138 0143 0148 0147 0143 0138 0138 0173 2004 0118 0626.
0135 0134 0135 0128 0127 0128 0123 0119 0122 0114 0115 0123
0135 0154 0161 0187 0194 0203 0206 0205 0198 0160 0164 0156 0210 1504 0112 0603.
0149 0140 0134 0129 0131 0130 0131 0128 0126 0125 0121 0120
0120 0121 0125 0127 0132 0142 0151 0152 0145 0144 0143 0142 0156 2001 0119 0835.
0142 0143 0130 0129 0136 0134 0138 0114 0100 0118 0125 0132
0145 0162 0178 0191 0202 0207 0202 0202 0191 0151 0142 0129 0208 1408 0096 0518=
I=
E=
U=
N=
H=
C=
V=
R6
//// 0000 ////
0000 0000 0000
0000 0000 0000
0000 0000 0000
0091 0001 0092
0000 //// ////
//// 0059 0059
0046 0000 0046
0000 0000 0000
0000 0000 0000
0000 0000 0000
0000 0000 0000
0000 0000 0000
//// //// ////
//// //// ////
0000 0000 0000
0000 0000 0000
0000 0000 0000
0000 0000 0000
0004 0001 0005
0015 0001 0016
0000 0109 0109
0000 0000 0000
0000 0000 0000
0000 0000 0000
0000 0000 0000
0000 0000 0000
0032 0002 0034
0001 0000 0001
//// 0000 ////
0000 0000 0000=
0000 0000 0000 0000 0000 0000 0000 //// //// 0000 0000 0000
0000 0000 0000 0000 0000 0000 0000 0000 0000 0000 0000 0000.
0000 0000 0000 0000 0000 0000 0000 0000 0000 0000 0000 0000
0000 0000 0000 0000 0000 0000 0000 0000 0000 0000 0000 0000.
0000 0000 0000 0000 0000 0000 0000 0000 0000 0000 0000 0000
0000 0000 0000 0000 0000 0000 0000 0000 0000 0000 0000 0000.
0000 0000 0000 0000 0000 0000 0000 0000 0000 0000 0000 0000
0000 0000 0000 0000 0000 0000 0000 0000 0000 0000 0000 0000.
0000 0000 0028 0062 0001 0000 0000 0000 0000 0000 0000 0000
0000 0001 0000 0000 //// 0000 0000 0000 0000 0000 0000 0000.
0000 0000 0000 0000 0000 0000 0000 0000 0000 0000 0000 0000
0000 0000 //// //// //// //// //// //// //// //// //// ////.
//// //// //// //// //// //// //// //// //// //// //// ////
//// //// //// 0000 0000 0000 0000 0000 0004 0025 0018 0012.
0008 0004 0012 0011 0007 0003 0001 0000 0000 0000 0000 0000
0000 0000 0000 0000 0000 0000 0000 0000 0000 0000 0000 0000.
0000 0000 0000 0000 0000 0000 0000 0000 0000 0000 0000 0000
0000 0000 0000 0000 0000 0000 0000 0000 0000 0000 0000 0000.
0000 0000 0000 0000 0000 0000 0000 0000 0000 0000 0000 0000
0000 0000 0000 0000 0000 0000 0000 0000 0000 0000 0000 0000.
0000 0000 0000 0000 0000 0000 0000 0000 0000 0000 0000 0000
0000 0000 0000 0000 0000 0000 0000 0000 0000 0000 0000 0000.
0000 0000 0000 0000 0000 0000 0000 0000 0000 0000 0000 0000
0000 0000 0000 0000 0000 0000 0000 0000 0000 0000 0000 0000.
0000 0000 0000 0000 0000 0000 0000 0000 0000 0000 0000 0000
0000 0000 0000 0000 0000 0000 0000 0000 0000 0000 0000 0000.
0000 0000 0000 0000 0000 0000 0000 //// //// //// //// ////
//// //// //// //// //// //// //// //// //// //// //// ////.
//// //// //// //// //// //// //// //// //// //// //// ////
//// //// //// //// //// //// //// //// //// 0000 0000 0000.
0000 0000 0000 0000 0000 0000 0000 0000 0000 0000 0000 0000
0000 0000 0000 0000 0000 0000 0000 0000 0000 0000 0000 0000.
0000 0000 0000 0000 0000 0000 0000 0000 0000 0000 0000 0000
0000 0000 0000 0000 0000 0000 0000 0000 0000 0000 0000 0000.
0000 0000 0000 0000 0000 0000 0000 0000 0000 0000 0000 0000
0000 0000 0000 0000 0000 0000 0000 0000 0000 0000 0000 0000.
0000 0000 0000 0000 0000 0000 0000 0000 0000 0000 0000 0000
0000 0000 0000 0000 0000 0000 0000 0000 0000 0000 0000 0000.
0000 0000 0000 0002 0002 0000 0000 0000 0000 0000 0000 0000
0000 0000 0000 0000 0000 0000 0000 0000 0000 0000 0001 0000.
0006 0000 0000 0006 0003 0000 0000 0000 0000 0000 0000 0000
0001 0000 0000 0000 0000 0000 0000 0000 0000 0000 0000 0000.
0000 0000 0000 0000 0000 0000 0000 0000 0000 0000 0000 0000
0000 0000 0000 0000 0034 0026 0015 0016 0009 0008 0001 0000.
0000 0000 0000 0000 0000 0000 0000 0000 0000 0000 0000 0000
0000 0000 0000 0000 0000 0000 0000 0000 0000 0000 0000 0000.
0000 0000 0000 0000 0000 0000 0000 0000 0000 0000 0000 0000
0000 0000 0000 0000 0000 0000 0000 0000 0000 0000 0000 0000.
0000 0000 0000 0000 0000 0000 0000 0000 0000 0000 0000 0000
0000 0000 0000 0000 0000 0000 0000 0000 0000 0000 0000 0000.
0000 0000 0000 0000 0000 0000 0000 0000 0000 0000 0000 0000
0000 0000 0000 0000 0000 0000 0000 0000 0000 0000 0000 0000.
0000 0000 0000 0000 0000 0000 0000 0000 0000 0000 0000 0000
0000 0000 0000 0000 0000 0000 0000 0000 0000 0000 0000 0000.
0000 0000 0000 0000 0000 0005 0006 0006 0005 0006 0003 0001
0001 0001 0000 0000 0000 0000 0000 0000 0000 0000 0000 0000.
0000 0001 0000 0000 0000 0000 0000 0000 0000 0000 0000 0000
0000 0000 0000 0000 0000 0000 0000 0000 0000 0000 0000 0000.
0000 0000 0000 0000 0000 0000 0000 0000 0000 //// 0000 0000
0000 0000 0000 0000 0000 0000 0000 0000 0000 0000 0000 0000.
0000 0000 0000 0000 0000 0000 0000 0000 0000 0000 0000 0000
0000 0000 0000 0000 0000 0000 0000 0000 0000 0000 0000 0000=
0000 ////////// 00000=
W=
L=
Z=
G=
FN
PPC001 273003 276008 325006 285009 PPC001
305007 239020 PPC002 275008 236011 275015
077005 235011 029007 183009 326015 346021
109012 138013 089009 073009 048006 201005.
PPC001 303009 062005 PPC000 283005 005009
261010 PPC000 296009 234010 255012 243009
246006 235012 247007 220011 PPC001 089017
066010 126015 141011 137005 157008 247011.
285012 279012 307009 287013 324008 282013
221012 240009 222010 271008 263011 240012
275010 253012 146009 329016 090011 000012
059018 095023 113012 041008 121008 076009.
075008 004008 290004 274004 299006 330003
067011 338006 068007 211022 215006 000014
064012 131010 134005 353015 180007 245010
210023 210015 099017 084018 056010 032006.
021010 354019 081013 146017 293016 322010
326017 282013 258018 305037 296032 272031
290034 288033 349033 357042 301035 342038
322030 351021 002028 093021 083016 056008.
049008 011006 050008 005009 026011 036017
053011 039009 067009 044011 064012 075013
107021 114015 ////// 252009 ////// 317009
094015 150019 096018 071012 076008 084007.
////// 302003 ////// ////// ////// 048005
////// 036007 164008 ////// ////// 056010
////// ////// 102028 084017 092016 096010
301010 002017 352010 063006 055015 260011.
168003 162008 213004 297009 298011 259010
276009 259015 249019 259025 288014 242011
239026 253014 239018 244012 244011 219014
356003 203004 124009 138011 128008 036005.
183005 226003 282010 057006 292009 039006
054009 049011 078012 070009 073011 091006
087006 044013 136009 155011 245009 127006
326008 347009 328004 212007 282010 278018.
287016 283024 303019 286012 348014 282020
288027 298019 295016 289017 237005 301010
291013 358010 060020 116012 096025 096014
077014 042007 086005 068006 PPC000 055008.
040005 049004 346005 016005 006003 064008
048010 PPC002 055005 053008 051005 033005
051011 008017 089014 059017 048009 076011
029008 107005 PPC000 178006 177005 344005.
PPC001 257003 265010 269010 252022 241007
284007 245006 268007 269014 243017 252017
270014 283016 259017 238025 238023 239010
234007 194009 200006 273003 PPC000 282010.
261011 285016 256015 251019 266018 257020
255020 283016 258021 259026 267010 242025
245023 267019 183011 253017 255023 294018
291017 239017 251014 266018 257006 270020.
295023 184015 247009 265020 258028 260018
264017 ////// ////// ////// ////// //////
////// ////// ////// ////// ////// //////
////// ////// ////// ////// ////// //////.
////// ////// ////// ////// ////// //////
////// ////// ////// ////// ////// //////
////// ////// ////// ////// ////// //////
////// ////// ////// 045008 047008 357006.
144006 287008 278016 346006 PPC000 320009
002008 302011 271006 268011 PPC001 263010
269014 274012 218008 110008 005011 085011
069013 102009 072009 PPC001 032008 066009.
306004 309004 331007 330004 346009 269008
333007 291011 259013 261030 270015 263014
255011 085011 120016 063017 030008 104014
082015 079014 109011 069007 292005 355005.
321005 PPC002 290010 315008 271013 258017
289017 229006 281020 229020 244019 236012
293024 289045 304048 287037 286031 298046
284042 295038 280042 282028 284037 284031.
259020 262017 288017 301016 287029 347003
PPC000 275010 282020 275019 242018 244013
232013 229015 306011 052011 215012 307005
042011 105008 PPC000 058004 289005 PPC001.
296004 295006 255018 291006 268012 267013
196009 263009 PPC000 261009 113008 208007
106006 PPC000 047005 057011 082019 104022
062016 083014 103019 098011 345014 008011.
024008 045005 342007 042009 018009 355006
003009 011005 326009 005008 011009 046009
349008 317009 347010 203007 149005 076006
169015 219009 152008 111011 104008 105007.
030005 357003 020007 055005 026006 179006
268009 346011 077005 089005 PPC002 095013
084004 338006 074009 299022 307026 274055
293055 294067 287076 296071 302040 297073.
286057 287070 293041 289046 282050 276042
284041 293057 307052 304048 300048 303049
299049 283035 305026 343037 264070 272053
293037 292050 287052 276039 299045 298027.
313042 006008 313012 298007 093003 099012
146014 174015 068016 065011 170009 022007
240013 246014 268020 313036 245044 296043
309039 298024 286021 259013 251018 257012.
281022 281015 288020 279018 274017 278024
253020 256021 270018 254016 268013 251015
268027 214011 208011 094006 154004 269024
292033 303032 271020 275020 272026 268031.
253020 249024 287016 194008 249006 349004
265017 242019 265008 277013 284018 268015
269018 298008 192009 305004 081010 249017
290032 289025 283014 301029 298037 209010.
272013 262033 241015 079006 299007 019008
PPC000 152004 PPC000 296007 269008 259016
214008 261014 229016 150010 014014 163009
116019 078012 113006 PPC000 254009 225012.
PPC000 014007 294008 265020 223020 253013
279015 269012 226010 152008 229007 270017
262008 236009 288014 237021 245015 243014
295011 289020 247017 237016 222011 254018.
232011 237013 246021 256015 238015 250020
263015 270013 229009 260004 243008 270010
209010 276016 245011 180013 229019 133016
184011 102021 094012 PPC000 053011 077010.
104012 032014 043009 071017 051018 052016
046012 079015 060016 055011 068011 057018
040018 064016 023009 311007 053008 069011
204010 297021 259016 254021 269017 278015.
245015 246010 154007 234005 276019 279012
250019 240007 PPC000 278015 313023 290013
287016 239013 344014 141014 101012 088011
114017 109013 103014 062006 304005 PPC001=
007006 PPC001 257007 319004 281009 PPC002
300008 239016 252006 272008 247012 270011
088005 221009 089010 296008 340014 010015
100016 120014 077010 076009 057006 199008.
PPC001 277007 062007 PPC002 273006 333004
277008 310004 279006 237011 259010 258009
237006 282007 233011 217010 080007 110011
081013 131013 135009 138005 160003 247009.
285011 282013 315007 287013 323009 279013
230009 247009 231008 272012 262008 240014
256013 239012 065008 000011 067012 035013
062016 088016 105012 063007 110011 077009.
085010 011005 319004 269004 327005 346004
076010 019008 038007 241010 281008 021011
061011 136010 154007 358012 182012 235010
209015 210015 115010 083017 062009 048005.
011010 012012 081012 145011 285013 324012
317018 282014 270015 304034 294029 271037
289044 301039 334030 348039 313034 346039
339033 002030 013019 091020 085014 080010.
056008 003007 044006 011007 036009 050013
046009 039008 053008 051011 066011 078013
103018 119016 ////// 236009 ////// 317008
088015 138019 095016 078014 075010 104008.
////// 318005 ////// ////// ////// 045005
////// 061007 147007 ////// ////// 046007
////// ////// 099027 072020 088009 073009
309007 010015 333010 PPC002 046014 267008.
075004 114008 101005 311008 288010 240011
265009 265015 249017 265018 278015 250014
243021 262018 245016 242014 232017 225012
304012 201006 133009 145010 115008 040005.
PPC002 213003 280009 054006 294008 PPC001
039008 052010 057007 056006 071009 073006
013008 045010 183010 138010 186006 069009
268009 341011 344003 206007 279009 281017.
286022 284024 293022 287014 341009 284014
288028 299022 276008 288016 258010 300009
298013 332011 051015 098014 090017 085017
079018 062010 070003 067003 PPC001 059005.
041005 PPC002 340006 359005 000005 021007
056007 PPC002 063003 057008 024007 031007
079009 016012 065010 054017 058009 060012
058010 107004 056004 178003 183006 333006.
PPC000 PPC000 264011 269011 258016 256011
276010 261008 251009 257014 248014 257015
254014 259020 247017 241023 242015 244011
241012 186009 204007 PPC001 186003 270010.
263011 286015 265017 246019 268019 257020
256016 281015 261020 260019 265013 235022
244028 249014 217012 246015 257025 294016
290018 252017 254016 267018 257009 272014.
288023 185015 257013 269018 257023 259023
265022 ////// ////// ////// ////// //////
////// ////// ////// ////// ////// //////
////// ////// ////// ////// ////// //////.
////// ////// ////// ////// ////// //////
////// ////// ////// ////// ////// //////
////// ////// ////// ////// ////// //////
////// ////// ////// 079008 060007 357007.
PPC002 324003 270013 008006 295004 295010
326011 311013 269007 282011 290007 267007
262011 283008 239009 076008 031010 079009
073011 075011 083006 PPC001 027005 066007.
PPC001 305004 350007 308005 349008 270008
343009 288010 257010 263024 253016 257015
250009 107007 095011 084012 068012 093014
084014 074016 092014 073008 PPC002 001006.
309005 PPC000 286010 319007 273008 263017
282018 255008 267022 229016 244017 243014
278023 290040 296035 279038 290042 292040
296047 288045 278037 286031 287037 287029.
260019 271013 277015 293020 289023 326003
082004 274008 273014 271016 240012 247018
230012 258014 258011 084008 227007 011007
073013 086010 PPC001 063003 295004 PPC000.
300004 295005 259020 275009 269011 259012
204010 252010 331004 261005 126010 192008
120007 PPC002 098007 053011 076015 103012
060017 082013 105018 090008 351011 042010.
038009 034006 016005 051007 026005 034006
007006 012004 328009 002007 000010 037007
356006 315008 335010 225003 060007 140007
159011 233009 153012 115012 PPC002 108007.
012003 PPC001 019005 056003 019005 186007
272008 337011 080006 108006 034005 101013
PPC002 325007 082003 302017 309024 279052
288056 292068 292074 294061 296047 296077.
290058 287060 294048 288041 286048 276042
289044 295053 304055 296046 289051 304047
299044 298033 299035 329033 263048 274046
288046 284053 285053 282040 296043 298030.
315033 000008 326009 318008 115004 080005
153014 169010 073010 058010 183009 345006
216007 238016 265017 298025 260042 285036
307026 285030 273026 250015 253018 259014.
281021 270015 285020 267023 277018 279023
259024 257016 263018 250016 269014 267015
268026 219015 214009 074006 239006 274025
294026 299025 269019 271019 263023 259025.
255019 245022 281018 169008 224006 302004
264015 237012 278010 273012 284014 272015
263015 300011 203008 294010 085012 271011
277028 290024 279021 294027 297037 206011.
268014 261029 249016 050006 305006 348007
PPC001 193004 PPC000 303006 277008 270014
220009 261015 214013 196010 048015 063007
102012 086012 101010 PPC001 243010 240009.
PPC000 001005 300009 259017 235024 268015
275010 287011 238009 156004 225008 265013
266008 242007 278015 239015 237013 239013
279017 277021 243017 240016 234010 250020.
242011 241018 246023 259012 249009 245020
261015 270012 232010 267005 243008 282011
229006 277012 226014 180015 227016 142011
138014 104019 093012 PPC002 058013 093010.
090013 041012 048010 067011 060014 060010
049010 064012 066013 050011 070009 060018
053017 072013 041011 333006 030007 052010
238010 295018 269021 257019 263018 263019.
247017 248010 157006 219007 272014 279013
253020 257003 PPC000 279017 303020 296013
273015 258009 312010 131014 094009 098013
125017 126015 104014 085006 332005 PPC001=
018034 1417 031062 1413
017159 1534 031166 1530
022099 1623 032090 1632
024100 1731 036107 1726
055282 0848 080301 0803
020055 0211 033051 0204
028096 1058 043101 1050
025260 0942 038253 1311
017260 1927 025295 1958
031297 2121 050290 2107
017049 1045 028070 1043
028259 1130 040281 1121
029241 0612 048264 1251
030267 0139 042270 0130
011138 1733 018163 1734
019088 1523 027118 1517
027266 0602 035267 0559
051275 1343 076321 1504
032281 2013 051281 2015
020260 2258 035059 1541
016168 1648 024065 2007
081285 1652 131298 1953
076297 2002 112295 2020
044299 1327 060287 1336
035272 1427 060295 1530
038294 1901 059298 1809
030260 2152 036256 2134
026245 0058 035256 0113
023247 2259 030222 2251
025286 1610 041059 0802
025305 0708 046318 0705=
D=
K=
A=
S=
B=
??????
QP=
QTB
099 099 099 099 099 099 099 099 099 099 099 099 099 099 099 099 099 099 099 099 099 099 099 099 099 099 099 099
099 099 099 099 099 099 099 099 099 099 099 099 099 099 099 099 099 099 099 099 099 099 099 099 099 099 099 099
099 099 099 099 099 099 099 099 099 099 099 099 099 099 099 099 099 099 099 099 099 099 099 099 099 099 099 099
099 099 099 099 099 099 099 099 099 099 099 099 099 099 099 099 099 099 099 099 099 099 099 099 099 099 099 099
099 099 099 099 099 099 099 099 099 099 099 099 099 099 099 099 099 099 099 099 099 099 099 099 099 099 099 099
099 099 099 099 099 099 099 099 099 099 099 099 099 099 899 099 899 099 099 099 099 099 099 099 099 099 099 099
899 099 899 899 899 099 899 099 099 899 899 099 899 899 099 099 099 099 099 099 099 099 099 099 099 099 099 099
099 099 099 099 099 099 099 099 099 099 099 099 099 099 099 099 099 099 099 099 099 099 099 099 099 099 099 099
099 099 099 099 099 099 099 099 099 099 099 099 099 099 099 099 099 099 099 099 099 099 099 099 099 099 099 099
099 099 099 099 099 099 099 099 099 099 099 099 099 099 099 099 099 099 099 099 099 099 099 099 099 099 099 099
099 099 099 099 099 099 099 099 099 099 099 099 099 099 099 099 099 099 099 099 099 099 099 099 099 099 099 099
099 099 099 099 099 099 099 099 099 099 099 099 099 099 099 099 099 099 099 099 099 099 099 099 099 099 099 099
099 099 099 099 099 099 099 099 099 099 099 099 099 099 099 099 099 099 099 099 099 099 099 099 099 099 099 099
099 099 099 099 099 099 099 899 899 899 899 899 899 899 899 899 899 899 899 899 899 899 899 899 099 099 099 099
899 899 899 899 899 899 899 899 899 899 899 899 899 899 899 899 899 899 899 899 899 099 099 099 099 099 099 099
099 099 099 099 099 099 099 099 099 099 099 099 099 099 099 099 099 099 099 099 099 099 099 099 099 099 099 099
099 099 099 099 099 099 099 099 099 099 099 099 099 099 099 099 099 099 099 099 099 099 099 099 099 099 099 099
099 099 099 099 099 099 099 099 099 099 099 099 099 099 099 099 099 099 099 099 099 099 099 099 099 099 099 099
099 099 099 099 099 099 099 099 099 099 099 099 099 099 099 099 099 099 099 099 099 099 099 099 099 099 099 099
099 099 099 099 099 099 099 099 099 099 099 099 099 099 099 099 099 099 099 099 099 099 099 099 099 099 099 099
099 099 099 099 099 099 099 099 099 099 099 099 099 099 099 099 099 099 099 099 099 099 099 099 099 099 099 099
099 099 099 099 099 099 099 099 099 099 099 099 099 099 099 099 099 099 099 099 099 099 099 099 099 099 099 099
099 099 099 099 099 099 099 099 099 099 099 099 099 099 099 099 099 099 099 099 099 099 099 099 099 099 099 099
099 099 099 099 099 099 099 099 099 099 099 099 099 099 099 099 099 099 099 099 099 099 099 099 099 099 099 099
099 099 099 099 099 099 099 099 099 099 099 099 099 099 099 099 099 099 099 099 099 099 099 099 099 099 099 099
099 099 099 099 099 099 099 099 099 099 099 099 099 099 099 099 099 099 099 099 099 099 099 099 099 099 099 099
099 099 099 099 099 099 099 099 099 099 099 099 099 099 099 099 099 099 099 099 099 099 099 099 099 099 099 099
099 099 099 099 099 099 099 099 099 099 099 099 099 099 099 099 099 099 099 099 099 099 099 099 099 099 099 099
099 099 099 099 099 099 099 099 099 099 099 099 099 099 099 099 099 099 099 099 099 099 099 099 099 099 099 099
099 099 099 099 099 099 099 099 099 099 099 099 099 099 099 099 099 099 099 099 099 099 099 099 099 099 099 099
099 099 099 099 099 099 099 099 099 099 099 099 099 099 099 099 099 099 099 099 099 099 099 099 099 099 099 099=
QI=
QE=
QU=
QN=
QH=
QC=
QV=
QR6
899 099 899
099 099 099
099 099 099
099 099 099
099 099 099
099 899 899
899 099 099
099 099 099
099 099 099
099 099 099
099 099 099
099 099 099
099 099 099
899 899 899
899 899 899
099 099 099
099 099 099
099 099 099
099 099 099
099 099 099
099 099 099
099 099 099
099 099 099
099 099 099
099 099 099
099 099 099
099 099 099
099 099 099
099 099 099
899 099 899
099 099 099=
099 099 099 099 099 099 099 899 899 099 099 099 099 099 099 099 099 099 099 099 099 099 099 099
099 099 099 099 099 099 099 099 099 099 099 099 099 099 099 099 099 099 099 099 099 099 099 099
099 099 099 099 099 099 099 099 099 099 099 099 099 099 099 099 099 099 099 099 099 099 099 099
099 099 099 099 099 099 099 099 099 099 099 099 099 099 099 099 099 099 099 099 099 099 099 099
099 099 099 099 099 099 099 099 099 099 099 099 099 099 099 099 899 099 099 099 099 099 099 099
099 099 099 099 099 099 099 099 099 099 099 099 099 099 899 899 899 899 899 899 899 899 899 899
899 899 899 899 899 899 899 899 899 899 899 899 899 899 899 099 099 099 099 099 099 099 099 099
099 099 099 099 099 099 099 099 099 099 099 099 099 099 099 099 099 099 099 099 099 099 099 099
099 099 099 099 099 099 099 099 099 099 099 099 099 099 099 099 099 099 099 099 099 099 099 099
099 099 099 099 099 099 099 099 099 099 099 099 099 099 099 099 099 099 099 099 099 099 099 099
099 099 099 099 099 099 099 099 099 099 099 099 099 099 099 099 099 099 099 099 099 099 099 099
099 099 099 099 099 099 099 099 099 099 099 099 099 099 099 099 099 099 099 099 099 099 099 099
099 099 099 099 099 099 099 099 099 099 099 099 099 099 099 099 099 099 099 099 099 099 099 099
099 099 099 099 099 099 099 899 899 899 899 899 899 899 899 899 899 899 899 899 899 899 899 899
899 899 899 899 899 899 899 899 899 899 899 899 899 899 899 899 899 899 899 899 899 099 099 099
099 099 099 099 099 099 099 099 099 099 099 099 099 099 099 099 099 099 099 099 099 099 099 099
099 099 099 099 099 099 099 099 099 099 099 099 099 099 099 099 099 099 099 099 099 099 099 099
099 099 099 099 099 099 099 099 099 099 099 099 099 099 099 099 099 099 099 099 099 099 099 099
099 099 099 099 099 099 099 099 099 099 099 099 099 099 099 099 099 099 099 099 099 099 099 099
099 099 099 099 099 099 099 099 099 099 099 099 099 099 099 099 099 099 099 099 099 099 099 099
099 099 099 099 099 099 099 099 099 099 099 099 099 099 099 099 099 099 099 099 099 099 099 099
099 099 099 099 099 099 099 099 099 099 099 099 099 099 099 099 099 099 099 099 099 099 099 099
099 099 099 099 099 099 099 099 099 099 099 099 099 099 099 099 099 099 099 099 099 099 099 099
099 099 099 099 099 099 099 099 099 099 099 099 099 099 099 099 099 099 099 099 099 099 099 099
099 099 099 099 099 099 099 099 099 099 099 099 099 099 099 099 099 099 099 099 099 099 099 099
099 099 099 099 099 099 099 099 099 099 099 099 099 099 099 099 099 099 099 099 099 099 099 099
099 099 099 099 099 099 099 099 099 099 099 099 099 099 099 099 099 099 099 099 099 099 099 099
099 099 099 099 099 099 099 099 099 099 099 099 099 099 099 099 099 099 099 099 099 099 099 099
099 099 099 099 099 099 099 099 099 099 099 099 099 099 099 099 099 099 099 099 099 099 099 099
099 099 099 099 099 099 099 099 099 899 099 099 099 099 099 099 099 099 099 099 099 099 099 099
099 099 099 099 099 099 099 099 099 099 099 099 099 099 099 099 099 099 099 099 099 099 099 099=
099 899 099=
QW=
QL=
QZ=
QG=
QFN
099 099 099 099 099 099 099 099 099 099 099 099 099 099 099 099 099 099 099 099 099 099 099 099
099 099 099 099 099 099 099 099 099 099 099 099 099 099 099 099 099 099 099 099 099 099 099 099
099 099 099 099 099 099 099 099 099 099 099 099 099 099 099 099 099 099 099 099 099 099 099 099
099 099 099 099 099 099 099 099 099 099 099 099 099 099 099 099 099 099 099 099 099 099 099 099
099 099 099 099 099 099 099 099 099 099 099 099 099 099 099 099 099 099 099 099 099 099 099 099
099 099 099 099 099 099 099 099 099 099 099 099 099 099 899 099 899 099 099 099 099 099 099 099
899 099 899 899 899 099 899 099 099 899 899 099 899 899 099 099 099 099 099 099 099 099 099 099
099 099 099 099 099 099 099 099 099 099 099 099 099 099 099 099 099 099 099 099 099 099 099 099
099 099 099 099 099 099 099 099 099 099 099 099 099 099 099 099 099 099 099 099 099 099 099 099
099 099 099 099 099 099 099 099 099 099 099 099 099 099 099 099 099 099 099 099 099 099 099 099
099 099 099 099 099 099 099 099 099 099 099 099 099 099 099 099 099 099 099 099 099 099 099 099
099 099 099 099 099 099 099 099 099 099 099 099 099 099 099 099 099 099 099 099 099 099 099 099
099 099 099 099 099 099 099 099 099 099 099 099 099 099 099 099 099 099 099 099 099 099 099 099
099 099 099 099 099 099 099 899 899 899 899 899 899 899 899 899 899 899 899 899 899 899 899 899
899 899 899 899 899 899 899 899 899 899 899 899 899 899 899 899 899 899 899 899 899 099 099 099
099 099 099 099 099 099 099 099 099 099 099 099 099 099 099 099 099 099 099 099 099 099 099 099
099 099 099 099 099 099 099 099 099 099 099 099 099 099 099 099 099 099 099 099 099 099 099 099
099 099 099 099 099 099 099 099 099 099 099 099 099 099 099 099 099 099 099 099 099 099 099 099
099 099 099 099 099 099 099 099 099 099 099 099 099 099 099 099 099 099 099 099 099 099 099 099
099 099 099 099 099 099 099 099 099 099 099 099 099 099 099 099 099 099 099 099 099 099 099 099
099 099 099 099 099 099 099 099 099 099 099 099 099 099 099 099 099 099 099 099 099 099 099 099
099 099 099 099 099 099 099 099 099 099 099 099 099 099 099 099 099 099 099 099 099 099 099 099
099 099 099 099 099 099 099 099 099 099 099 099 099 099 099 099 099 099 099 099 099 099 099 099
099 099 099 099 099 099 099 099 099 099 099 099 099 099 099 099 099 099 099 099 099 099 099 099
099 099 099 099 099 099 099 099 099 099 099 099 099 099 099 099 099 099 099 099 099 099 099 099
099 099 099 099 099 099 099 099 099 099 099 099 099 099 099 099 099 099 099 099 099 099 099 099
099 099 099 099 099 099 099 099 099 099 099 099 099 099 099 099 099 099 099 099 099 099 099 099
099 099 099 099 099 099 099 099 099 099 099 099 099 099 099 099 099 099 099 099 099 099 099 099
099 099 099 099 099 099 099 099 099 099 099 099 099 099 099 099 099 099 099 099 099 099 099 099
099 099 099 099 099 099 099 099 099 099 099 099 099 099 099 099 099 099 099 099 099 099 099 099
099 099 099 099 099 099 099 099 099 099 099 099 099 099 099 099 099 099 099 099 099 099 099 099=
099 099 099 099 099 099 099 099 099 099 099 099 099 099 099 099 099 099 099 099 099 099 099 099
099 099 099 099 099 099 099 099 099 099 099 099 099 099 099 099 099 099 099 099 099 099 099 099
099 099 099 099 099 099 099 099 099 099 099 099 099 099 099 099 099 099 099 099 099 099 099 099
099 099 099 099 099 099 099 099 099 099 099 099 099 099 099 099 099 099 099 099 099 099 099 099
099 099 099 099 099 099 099 099 099 099 099 099 099 099 099 099 099 099 099 099 099 099 099 099
099 099 099 099 099 099 099 099 099 099 099 099 099 099 899 099 899 099 099 099 099 099 099 099
899 099 899 899 899 099 899 099 099 899 899 099 899 899 099 099 099 099 099 099 099 099 099 099
099 099 099 099 099 099 099 099 099 099 099 099 099 099 099 099 099 099 099 099 099 099 099 099
099 099 099 099 099 099 099 099 099 099 099 099 099 099 099 099 099 099 099 099 099 099 099 099
099 099 099 099 099 099 099 099 099 099 099 099 099 099 099 099 099 099 099 099 099 099 099 099
099 099 099 099 099 099 099 099 099 099 099 099 099 099 099 099 099 099 099 099 099 099 099 099
099 099 099 099 099 099 099 099 099 099 099 099 099 099 099 099 099 099 099 099 099 099 099 099
099 099 099 099 099 099 099 099 099 099 099 099 099 099 099 099 099 099 099 099 099 099 099 099
099 099 099 099 099 099 099 899 899 899 899 899 899 899 899 899 899 899 899 899 899 899 899 899
899 899 899 899 899 899 899 899 899 899 899 899 899 899 899 899 899 899 899 899 899 099 099 099
099 099 099 099 099 099 099 099 099 099 099 099 099 099 099 099 099 099 099 099 099 099 099 099
099 099 099 099 099 099 099 099 099 099 099 099 099 099 099 099 099 099 099 099 099 099 099 099
099 099 099 099 099 099 099 099 099 099 099 099 099 099 099 099 099 099 099 099 099 099 099 099
099 099 099 099 099 099 099 099 099 099 099 099 099 099 099 099 099 099 099 099 099 099 099 099
099 099 099 099 099 099 099 099 099 099 099 099 099 099 099 099 099 099 099 099 099 099 099 099
099 099 099 099 099 099 099 099 099 099 099 099 099 099 099 099 099 099 099 099 099 099 099 099
099 099 099 099 099 099 099 099 099 099 099 099 099 099 099 099 099 099 099 099 099 099 099 099
099 099 099 099 099 099 099 099 099 099 099 099 099 099 099 099 099 099 099 099 099 099 099 099
099 099 099 099 099 099 099 099 099 099 099 099 099 099 099 099 099 099 099 099 099 099 099 099
099 099 099 099 099 099 099 099 099 099 099 099 099 099 099 099 099 099 099 099 099 099 099 099
099 099 099 099 099 099 099 099 099 099 099 099 099 099 099 099 099 099 099 099 099 099 099 099
099 099 099 099 099 099 099 099 099 099 099 099 099 099 099 099 099 099 099 099 099 099 099 099
099 099 099 099 099 099 099 099 099 099 099 099 099 099 099 099 099 099 099 099 099 099 099 099
099 099 099 099 099 099 099 099 099 099 099 099 099 099 099 099 099 099 099 099 099 099 099 099
099 099 099 099 099 099 099 099 099 099 099 099 099 099 099 099 099 099 099 099 099 099 099 099
099 099 099 099 099 099 099 099 099 099 099 099 099 099 099 099 099 099 099 099 099 099 099 099=
099 099 099 099
099 099 099 099
099 099 099 099
099 099 099 099
099 099 099 099
099 099 099 099
099 099 099 099
099 099 099 099
099 099 099 099
099 099 099 099
099 099 099 099
099 099 099 099
099 099 099 099
099 099 099 099
099 099 099 099
099 099 099 099
099 099 099 099
099 099 099 099
099 099 099 099
099 099 099 099
099 099 099 099
099 099 099 099
099 099 099 099
099 099 099 099
099 099 099 099
099 099 099 099
099 099 099 099
099 099 099 099
099 099 099 099
099 099 099 099
099 099 099 099=
QD=
QK=
QA=
QS=
QB=
=
******
YF
O2225
河南省
豫洛阳牡丹研究所
洛阳市牡丹研究所牡丹培育
平原
许怀庆
刘景莉
冯林凡
关莉娜
王国安
关莉娜
20081127=
JY
8888=
GK
01/月平均温度16.8℃，最高温度29.0℃。月降水量36.2毫米。


02/主要降水过程出现在5-8日 20-22日。
05/=
BZ
00/343900/1122800
10/343900/1122800
10/24/24小时连续观测
11/不守班=
######
