O2215 3425N 11233E 003390 003390 105 000 S15 91999999919999199999 0 2009 07
P=
TB
0304 0292 0279 0271 0262 0247 0240 0232 0227 0227 0240 0257
0277 0300 0321 0334 0346 //// //// //// //// //// //// 0305 0349 1236 0223 0521.
0298 0286 0281 0275 0273 0265 0259 0253 0246 0241 0251 0266
0284 0300 0313 0330 0321 0323 0322 0332 0331 0324 0311 0299 0336 1215 0240 0529.
0294 0285 0279 0272 0265 0260 0256 0254 0248 0235 0244 0267
0292 0311 0333 0341 0346 0349 0353 0347 0342 0327 0312 0301 0357 1444 0233 0552.
0293 0286 0279 0277 0271 0265 0263 0255 0251 0249 0254 0271
0292 0310 0327 0336 0348 0348 0352 0344 0330 0316 0309 0301 0354 1409 0245 0528.
0293 0289 0286 0279 0270 0266 0266 0261 0260 0258 0265 0279
0295 0304 0309 0314 0315 0313 0310 0310 0305 0294 0285 0282 0332 1416 0258 0422.
0280 0276 0272 0268 0262 0263 0260 0259 0258 0257 0265 0264
0269 0280 0282 0290 0311 0315 0306 0277 0288 0282 0281 0278 0328 1441 0257 0520.
0277 0275 0271 0269 0263 0262 0260 0259 0257 0255 0262 0271
0276 0289 0297 0302 0307 0325 0299 0277 0280 0283 0282 0277 0329 1408 0253 0520.
0276 0274 0270 0267 0264 0266 0254 0255 0257 0260 0262 0270
0284 0289 0298 0305 0317 0333 0327 0312 0281 0250 0250 0252 0338 1434 0246 1743.
0257 0260 0244 0248 0238 0233 0226 0225 0213 0211 0219 0232
0251 0273 0280 0283 0283 0286 0300 0299 0298 0277 0262 0251 0310 1454 0210 0546.
0245 0244 0236 0233 0230 0226 0228 0226 0226 0218 0218 0230
0256 0275 0272 0271 0265 0250 0238 0231 0228 0221 0222 0227 0279 0950 0213 0521.
0214 0217 0213 0216 0215 0206 0189 0186 0187 0177 0184 0192
0200 0227 0256 0268 0288 0296 0310 0305 0299 0290 0286 0250 0316 1629 0176 0556.
0239 0245 0248 0248 0248 0239 0234 0230 0222 0218 0237 0252
0270 0277 0299 0306 0316 0314 0313 0305 0299 0290 0278 0264 0320 1316 0216 0528.
0255 0255 0234 0225 0225 0225 0215 0211 0212 0211 0209 0211
0212 0220 0219 0221 0225 0226 0225 0223 0232 0256 0253 0241 0266 2022 0208 0658.
0240 0236 0234 0237 0234 0231 0226 0221 0218 0220 0230 0244
0257 0269 0271 0290 0294 0304 0303 0302 0300 0296 0288 0275 0315 1515 0217 0050.
0269 0265 0256 0253 0252 0247 0246 0244 0242 0237 0249 0266
0282 0294 0305 0306 0296 0286 0285 0286 0284 0283 0282 0276 0307 1144 0236 0557.
0275 0271 0266 0265 0261 0256 0255 0257 0266 0256 0260 0263
0264 0270 0271 0294 0303 0321 0331 0332 0333 0321 0309 0292 0334 1520 0252 0522.
0297 0294 0293 0292 0289 0279 0276 0273 0271 0270 0270 0278
0294 0310 0317 0317 0339 0340 0351 0329 0305 0310 0290 0295 0359 1343 0269 0533.
0285 0279 0280 0275 0270 0265 0262 0258 0256 0256 0258 0261
0275 0295 0289 0283 0299 0324 0313 0323 0309 0300 0285 0279 0334 1414 0254 0609.
0269 0264 0266 0257 0251 0249 0247 0243 0241 0240 0246 0252
0262 0276 0289 0296 0307 0315 0317 0311 0309 0301 0294 0288 0320 1522 0239 0508.
0285 0283 0281 0280 0279 0280 0276 0269 0264 0269 0266 0278
0283 0304 0316 0321 0338 0360 0352 0347 0331 0319 0314 0307 0363 1432 0260 0510.
0301 0293 0290 0287 0279 0272 0274 0274 0273 0272 0277 0285
0296 0311 0332 0331 0353 0338 0335 0334 0325 0303 0300 0295 0357 1256 0269 0629.
0293 0292 0288 0276 0278 0261 0257 0254 0253 0255 0256 0258
0242 0227 0242 0230 0232 0224 0221 0218 0210 0206 0207 0206 0295 2001 0205 1937.
0207 0205 0205 0209 0210 0211 0214 0211 0209 0212 0223 0240
0264 0277 0291 0304 0315 0328 0328 0337 0336 0328 0313 0302 0347 1617 0204 2137.
0284 0272 0268 0265 0256 0247 0247 0243 0237 0238 0246 0251
0232 0231 0238 0280 0299 0312 0302 0297 0291 0285 0279 0271 0312 1359 0230 0852.
0265 0260 0233 0241 0233 0230 0234 0233 0231 0226 0228 0227
0228 0230 0233 0242 0245 0238 0239 0244 0243 0242 0239 0235 0271 2001 0225 2223.
0228 0224 0218 0217 0215 0209 0204 0210 0212 0209 0217 0221
0246 0257 0271 0270 0272 0270 0268 0266 0261 0256 0253 0246 0280 1149 0202 0308.
0247 0245 0242 0237 0237 0231 0214 0218 0217 0218 0227 0226
0242 0246 0253 0267 0267 0266 0260 0256 0254 0246 0241 0229 0274 1432 0214 0259.
0227 0216 0215 0218 0216 0210 0207 0208 0209 0205 0206 0212
0224 0241 0251 0273 0272 0296 0293 0298 0288 0278 0269 0260 0303 1412 0204 0603.
0256 0250 0247 0241 0234 0232 0228 0226 0224 0223 0232 0239
0247 0258 0271 0279 0293 0296 0294 0299 0291 0282 0271 0259 0303 1546 0222 0511.
0251 0251 0250 0246 0245 0242 0241 0235 0232 0228 0236 0247
0253 0270 0282 0286 0284 0290 0302 0287 0282 0277 0268 0264 0303 1459 0227 0548.
0259 0252 0253 0251 0248 0242 0238 0236 0232 0232 0235 0234
0238 0243 0262 0272 0282 0281 0277 0276 0264 0263 0258 0250 0290 1311 0231 0524=
I=
E=
U=
N=
H=
C=
V=
R6
0000 0000 0000
0000 0000 0000
0000 0000 0000
0000 0000 0000
0000 0000 0000
0000 0005 0005
0000 0000 0000
0010 0051 0061
0003 0000 0003
0000 0022 0022
0067 0002 0069
0000 0000 0000
0108 0050 0158
0000 0000 0000
0000 0000 0000
0000 0000 0000
0000 //// ////
0000 0000 0000
0000 0000 0000
0000 0000 0000
0000 0000 0000
0000 0068 0068
0003 0000 0003
0000 0000 0000
0082 0000 0082
0000 0000 0000
0000 0001 0001
0001 0000 0001
0000 0000 0000
0000 0000 0000
0000 0001 0001=
0000 0000 0000 0000 0000 0000 0000 0000 0000 0000 0000 0000
0000 0000 0000 0000 0000 0000 0000 0000 0000 0000 0000 0000.
0000 0000 0000 0000 0000 0000 0000 0000 0000 0000 0000 0000
0000 0000 0000 0000 0000 0000 0000 0000 0000 0000 0000 0000.
0000 0000 0000 0000 0000 0000 0000 0000 0000 0000 0000 0000
0000 0000 0000 0000 0000 0000 0000 0000 0000 0000 0000 0000.
0000 0000 0000 0000 0000 0000 0000 0000 0000 0000 0000 0000
0000 0000 0000 0000 0000 0000 0000 0000 0000 0000 0000 0000.
0000 0000 0000 0000 0000 0000 0000 0000 0000 0000 0000 0000
0000 0000 0000 0000 0000 0000 0000 0000 0000 0000 0000 0000.
0000 0000 0000 0000 0000 0000 0000 0000 0000 0000 0000 0000
0000 0000 0000 0000 0000 0000 0000 0004 0001 0000 0000 0000.
0000 0000 0000 0000 0000 0000 0000 0000 0000 0000 0000 0000
0000 0000 0000 0000 0000 0000 0000 0000 0000 0000 0000 0000.
0000 0000 0000 0000 0000 0000 0010 0000 0000 0000 0000 0000
0000 0000 0000 0000 0000 0000 0000 //// //// 0051 0000 0000.
0000 0000 0002 0001 //// 0000 0000 0000 0000 0000 //// 0000
0000 0000 0000 0000 0000 0000 0000 0000 0000 0000 0000 0000.
0000 0000 0000 0000 0000 0000 0000 0000 0000 0000 0000 0000
0000 0000 0000 0000 0000 0006 0008 0003 0004 //// 0001 0000.
0000 0004 0010 //// 0000 0000 0018 0018 0012 //// 0003 0002
0002 0000 0000 0000 //// 0000 0000 //// 0000 0000 0000 0000.
0000 0000 0000 0000 0000 0000 0000 0000 0000 0000 0000 0000
0000 0000 0000 0000 0000 0000 0000 0000 0000 0000 0000 0000.
//// 0000 0004 0006 0011 0005 0006 0008 0001 0001 0066 ////
//// 0027 0005 //// 0004 0014 //// 0000 0000 //// 0000 0000.
0000 0000 0000 0000 0000 0000 0000 0000 0000 0000 0000 0000
0000 0000 0000 0000 0000 0000 0000 0000 0000 0000 0000 0000.
0000 0000 0000 0000 0000 0000 0000 0000 0000 0000 0000 0000
0000 0000 0000 0000 0000 0000 0000 0000 0000 0000 0000 0000.
0000 0000 0000 0000 0000 0000 0000 0000 0000 0000 0000 0000
0000 0000 0000 0000 0000 0000 0000 0000 0000 0000 0000 0000.
0000 0000 0000 0000 0000 0000 0000 0000 0000 0000 0000 0000
//// //// //// //// //// //// //// //// //// //// //// ////.
0000 0000 0000 0000 0000 0000 0000 0000 0000 0000 0000 0000
0000 0000 0000 0000 0000 0000 0000 0000 0000 0000 0000 0000.
0000 0000 0000 0000 0000 0000 0000 0000 0000 0000 0000 0000
0000 0000 0000 0000 0000 0000 0000 0000 0000 0000 0000 0000.
0000 0000 0000 0000 0000 0000 0000 0000 0000 0000 0000 0000
0000 0000 0000 0000 0000 0000 0000 0000 0000 0000 0000 0000.
0000 0000 0000 0000 0000 0000 0000 0000 0000 0000 0000 0000
0000 0000 0000 0000 0000 0000 0000 0000 0000 0000 0000 0000.
0000 0000 0000 0000 0000 0000 0000 0000 0000 0000 0000 0000
0000 0004 0001 0004 0005 0013 0005 0000 0002 0011 0023 0000.
0003 0000 0000 0000 0000 0000 0000 0000 0000 0000 0000 0000
0000 0000 0000 0000 0000 0000 0000 0000 0000 0000 0000 0000.
0000 0000 0000 0000 0000 0000 0000 0000 0000 0000 0000 0000
0000 0000 0000 0000 0000 0000 0000 0000 0000 0000 0000 0000.
0000 0000 0082 0000 0000 0000 0000 0000 0000 0000 0000 0000
0000 0000 0000 0000 0000 0000 0000 0000 0000 0000 0000 0000.
0000 0000 0000 0000 0000 0000 0000 0000 0000 0000 0000 0000
0000 0000 0000 0000 0000 0000 0000 0000 0000 0000 0000 0000.
0000 0000 0000 0000 0000 0000 0000 0000 0000 0000 0000 0000
0000 0000 0000 0000 0000 0000 0000 0000 0000 0000 0000 0001.
0000 0000 0000 0000 0000 0000 0000 0000 0000 0000 0000 0001
0000 0000 0000 0000 0000 0000 0000 0000 0000 0000 0000 0000.
0000 0000 0000 0000 0000 0000 0000 0000 0000 0000 0000 0000
0000 0000 0000 0000 0000 0000 0000 0000 0000 0000 0000 0000.
0000 0000 0000 0000 0000 0000 0000 0000 0000 0000 0000 0000
0000 0000 0000 0000 0000 0000 0000 0000 0000 0000 0000 0000.
0000 0000 0000 0000 0000 0000 0000 0000 0000 0000 0000 0000
0000 0000 0000 0000 0000 0000 0000 0000 0001 0000 0000 0000=
0000 ////////// 00000=
W=
L=
Z=
G=
FN
124042 114028 102015 115025 107013 315015
358008 267015 289013 294013 270011 299016
339013 315016 304022 299014 ////// //////
////// ////// ////// ////// ////// 137044.
125036 113050 101046 105037 106039 118024
120024 106019 313012 304017 302013 314013
328011 305014 149028 227036 122035 136049
144041 147046 148054 148036 148045 128032.
124042 118043 135031 133026 121029 114029
122028 115031 125013 042008 319014 247016
159020 151019 028014 138044 145045 143031
147044 147068 141057 153063 139052 140053.
148048 120025 140034 136028 126027 125025
127029 121027 128026 116026 108016 121030
147033 147020 145033 150037 140065 138072
145050 151061 141063 138047 146050 132034.
135027 126033 143037 143038 129029 128028
129027 126029 136028 133024 119026 123035
142046 136039 135046 144043 144057 142050
146047 136041 145037 131042 135039 126036.
126032 127039 145030 142043 149033 130021
139020 114020 132020 114021 134007 309023
320020 319007 349021 036016 293011 060014
131034 134029 138032 149035 139031 148024.
136023 122032 136027 147023 090017 093015
129011 067008 086017 098019 140023 133020
109040 107045 113053 128035 116037 118023
139036 143055 149045 143046 139036 148028.
141030 132038 119027 125028 112027 137033
127036 121029 114029 123033 131027 139029
134033 140049 140032 115036 120036 134039
120038 144032 ////// 022009 PPC002 320010.
323009 324028 326039 320049 335028 353015
342014 039015 101024 100014 083007 122016
255008 019013 319017 348012 342012 323021
017009 212023 154023 138040 146027 151020.
137020 092009 103013 109018 137029 120029
117031 122022 135012 103007 335006 039006
003008 297018 246019 331021 230015 072007
152039 144033 134034 137033 227017 201020.
322009 099010 014010 110013 085012 115026
097019 094013 321024 330007 314019 304016
303019 276027 257027 278023 260016 281023
335014 277015 155028 136025 151012 145020.
143026 125031 128032 115030 115018 100019
096012 113009 304011 348010 156013 321008
150021 134020 141036 145046 135048 147053
129054 141040 147040 144037 121032 151036.
126039 146036 136033 120029 113026 114029
283020 313008 286010 295015 056008 088003
130021 133009 313015 305020 276019 225019
////// 334036 339017 339012 317009 076011.
269014 086013 102013 078005 ////// 100007
286013 345009 340011 302017 326017 336027
349015 023013 312014 301025 276026 285016
////// 318012 290020 119010 131024 125032.
117034 134028 103019 122027 120029 116022
136024 ////// 123033 108020 124022 109018
182008 ////// 137037 143055 151050 136035
141034 151032 118027 ////// 138033 138033.
151036 128042 142021 132029 ////// 120021
126022 128026 ////// 119025 143019 323016
////// ////// ////// ////// ////// 123029
147042 ////// ////// 129031 129032 //////.
124030 135032 ////// 139032 149033 135027
////// 113023 115020 126030 ////// //////
////// ////// ////// ////// ////// //////
////// 142032 332036 326028 304015 301034.
304012 298017 300013 319008 032003 326004
341003 PPC002 027004 344013 333011 344019
313013 327013 321027 337019 327013 348018
147023 119015 151042 150026 144026 127023.
124025 112024 140025 104030 102018 112025
110009 025010 313009 015007 149017 129028
152035 153029 150037 138031 117013 188012
145037 138035 152043 128029 151036 142029.
149054 147045 143033 145036 142043 143044
105009 335013 358009 129009 228013 242021
256017 300014 306020 340015 229017 141015
201017 130017 153036 139033 123027 130024.
125022 291009 013009 106009 296019 295014
289012 PPC000 325006 337012 046005 315017
324019 336018 342015 328021 033017 039011
122038 135029 154026 134035 149024 141027.
130031 087016 101013 308020 146039 296016
218009 332008 305009 340010 037009 013019
346029 353026 342024 340026 344015 313023
340016 301030 306028 311025 276028 286012.
308010 339010 301015 309011 326014 PPC001
286010 319017 332009 340010 272008 326010
317032 323025 317053 298038 326031 312033
332027 306014 228021 217016 299009 144019.
134025 090013 096018 102009 348011 359010
017007 321014 026009 103017 128010 119034
111034 116026 238029 201018 145019 147029
140048 161047 142047 142037 117031 125041.
143031 105022 111024 138028 325013 112015
116036 128046 097029 119040 130047 125046
114038 098030 113027 116027 120019 114020
125026 130027 120032 116032 099023 099020.
080014 095012 087011 100012 107013 067012
316010 108020 110022 115024 116015 338010
137016 140030 149030 077018 146028 140031
160015 351012 221014 111019 123028 136024.
124025 117018 118017 111019 109018 359009
346006 340006 136025 061007 075012 299017
282012 332017 359012 143017 243009 348014
005019 005014 017009 352014 321009 303013.
299022 301019 315018 040004 127013 281018
295012 009009 324005 320015 308016 304018
278012 020010 321016 323015 324011 137025
074014 146041 148039 145048 142032 146041.
146047 122046 127034 121029 124036 106029
140022 125032 125033 124022 130018 150025
148023 139035 154048 135045 134043 143044
134045 135042 148046 147047 143038 122035.
126035 129030 144043 143033 143041 141027
145046 125023 127025 124029 123029 141024
149039 147037 149042 142041 139036 151035
137028 144038 144029 126027 138024 147023.
111021 117018 121029 118024 144026 127022
132020 134022 090010 113012 318011 317016
328011 016009 133023 116022 119029 107026
114022 137025 146026 146022 134033 141023=
119034 120027 101020 119027 105016 321012
358009 285013 289015 299014 286011 298017
326020 338013 304024 336021 ////// //////
////// ////// ////// ////// ////// 130044.
130037 117045 105041 106041 112037 118026
122022 101016 358006 305014 303012 313013
318016 294017 149029 153022 139030 144044
142041 145054 144056 144044 146045 129032.
126036 117037 134029 137027 121026 121034
123028 116030 109010 026006 320012 250014
148017 197016 105015 148032 145036 142042
142043 146054 145051 148062 142055 144050.
144046 122022 142030 134030 129028 121026
130027 119023 126029 120026 102016 121026
143034 149025 146035 143042 142058 142062
146056 145057 142064 140051 144053 141049.
137035 126028 142038 137035 127030 130027
131030 127027 135027 133025 122024 129030
143039 145041 142047 146044 144054 142048
145049 138044 144038 136038 139039 130035.
131038 129037 136031 140042 147031 127027
136022 115021 128021 117015 120007 305021
326018 315009 346022 036019 299013 043014
137033 138028 137034 149036 142029 144031.
134025 121026 138028 143021 101013 097014
127008 069008 092014 100021 123025 121026
117040 119044 129048 113034 109033 105031
141034 146059 148048 148048 144037 146030.
135030 133033 127026 129033 119026 134034
121033 118031 112030 126031 141033 140036
137037 141045 139037 135035 125033 134034
131039 140040 ////// 014009 086004 337007.
321010 323027 326031 323054 332028 022018
337017 027012 100020 100016 094010 138013
277008 007017 324020 351017 032014 316026
339010 198025 149027 137038 146025 147018.
142022 095009 073009 103017 127032 119028
120032 114023 135015 163006 005007 352009
018008 310014 239021 334024 261014 087008
149034 144033 139032 139032 204017 196017.
322008 126015 016009 103009 089016 113027
099017 087014 321020 330009 301016 304017
287020 270027 273023 288024 277028 293021
347015 300019 151021 137022 147014 148026.
142028 126026 118029 116029 117018 096016
092011 091009 298011 351010 156012 323009
145016 136020 138026 144042 138046 145052
133049 138046 145038 145036 119032 146043.
122040 145037 138037 122023 125021 112030
281012 328008 307011 295013 338009 092008
131021 123013 299009 296018 254018 229017
////// 331047 330017 343013 313008 111016.
324011 093012 103015 075005 ////// 080007
291012 345009 341009 304014 319012 337020
352015 356013 311015 294024 295023 294017
////// 327016 307014 074007 129021 130030.
123029 135025 105020 116025 120026 113023
128027 ////// 125027 104017 117021 118021
152021 ////// 142036 140045 150049 140035
142032 147028 119026 ////// 141034 142035.
143032 130041 136020 133029 ////// 123022
128022 130027 ////// 121028 139019 324010
////// ////// ////// ////// ////// 125030
141038 ////// ////// 139035 127036 //////.
124032 133028 ////// 141030 140030 128029
////// 115024 114025 128030 ////// //////
////// ////// ////// ////// ////// //////
////// 142034 326035 321026 303014 303032.
304016 295015 303013 322010 PPC002 PPC000
340006 356003 009006 343008 334017 340018
325013 356014 320023 336019 320015 345018
135024 116016 150041 146029 143026 119019.
121021 117024 137029 110028 099018 119021
106010 359009 311010 019005 145016 131028
149029 137021 149031 145032 131022 153016
145032 145041 144037 142035 143035 140032.
145054 143044 137032 142041 144041 142043
091009 315014 344014 130010 212015 237014
260016 297012 295018 325016 230016 170014
195021 141018 145032 143030 131027 129024.
127026 289010 351008 090009 303019 297016
288013 PPC001 331008 334011 017007 311017
323019 328020 341020 340019 024015 045013
127038 141030 138026 136034 144024 133030.
135029 090015 102012 282010 143036 297016
243005 358006 305010 000006 034006 013018
349027 350026 344021 331021 314007 307021
337022 302031 308028 307024 279022 288013.
314011 321010 296012 279010 311015 PPC002
290007 312014 333010 328010 296007 316010
311029 305026 314037 300034 317034 311026
330021 315016 246020 222016 299009 144020.
129027 090015 094016 104015 342006 047009
032008 324013 031009 099017 120011 121024
109039 119029 230023 246016 160015 148024
142048 152047 145045 146041 117025 123041.
133033 134021 115019 137030 007014 104009
118032 122039 103032 117039 122041 124042
116039 109035 124033 112027 120018 115017
126031 129031 119027 121024 104026 101018.
089014 095011 092011 091010 105013 069010
323007 104018 108021 115028 114014 325012
131021 143025 153025 110022 145025 148025
219012 332012 227018 117016 131025 134018.
125026 116017 119016 112022 108017 348009
352008 334008 140015 075007 072009 296016
291012 337021 003011 104014 314010 357015
000021 354014 011011 001013 353008 306011.
295019 289024 315016 050007 121010 285016
294013 347011 331005 325015 303016 303019
288014 355010 322016 029010 331009 117019
113023 142039 143039 143044 142029 147033.
141038 130036 127034 125029 122040 109028
134021 122029 121035 123025 134023 148023
149024 134041 151045 145049 143048 143045
132044 132042 143043 136040 139035 125035.
129032 129034 143043 146030 145036 139030
145043 125023 124025 123029 121028 138023
149033 146035 145042 147042 139040 138031
130030 143035 144035 139028 138030 144026.
114019 114022 124026 126025 139027 126019
127025 136022 093009 120010 017006 309016
330011 345013 135032 116027 112026 090018
123028 153027 138027 148023 130026 140025=
044130 2000 066112 2114
065131 1424 084155 1848
066149 1751 095160 1747
070142 1324 109158 1655
054143 1222 086112 1243
043146 0004 055146 0004
060143 1601 084160 1547
050145 1023 083304 1646
058323 2344 074332 2358
040147 1711 054152 1504
035256 0946 050264 0942
061147 1430 075132 1426
050328 1601 060340 1555
033145 1949 043141 1950
050148 1126 069163 1123
043149 1530 065155 2136
038315 1643 063307 1802
042146 1656 053194 1649
045147 1716 070138 1933
059143 2104 081138 2055
040121 1433 056143 1719
037142 0103 051158 0106
046310 1127 068301 1058
051148 1448 071132 1551
046129 0721 084338 2217
033136 1347 049141 1004
033132 2024 041301 0930
045143 1804 060149 1653
054151 1155 074124 1448
047140 2318 074149 1154
037139 1445 051152 1544=
D=
K=
A=
S=
B=
??????
******
YF
O2215
河南省
豫伊川工业园
伊川县工业园办公区
丘陵；地面；村镇
褚桂成
张国莉
张国莉
张国莉
王国安
张国莉
20090807=
JY
8888=
GK
01/本月平均气温为：26.7度；本月降水量为：47.4MM。
02/主要天气过程在：6日、8-11日、13日、22-23日、25日、27-28日、31日。
05/=
BZ
BB/01/13时气温用前后十分钟数据代替；14时-19时气温缺测；13时-19时两分钟、十分钟风向风速缺测。
BB/08/17时气温用内插求得；17时两分钟、十分钟风向风速缺测。
BB/13/15时气温用内插求得；15时两分钟、十分钟风向风速缺测。
BB/14/01时、15时气温用内插求得；01时、15时两分钟、十分钟风向风速缺测。
BB/15/04时、10时、18时气温用内插求得；04时、10时、18时两分钟、十分钟风向风速缺测。
BB/16/01时、05时气温用内插求得；09时-13时、16时-17时气温用前后十分钟数据代替；01时、05时、09时-13时、16时-17时时两分钟、十分钟风向风速缺测。
BB/17/03时、23时气温用内插求得；7时-15时气温用前后十分钟数据代替；降水量不明；03时、23时、07时-15时两分钟、十分钟风向风速缺测。
00/342400/1123200
10/342400/1123200
10/24/24小时连续观测
11/不守班=
######
