O2216 3425N 11241E 004090 004090 105 000 S15 91999999919999199999 0 2012 04
P=
TB
0171 0156 0146 0137 0130 0118 0117 0117 0110 0107 0111 0133
0159 0185 0213 0232 0221 0223 0231 0227 0224 0213 0193 0195 0238 1436 0103 0547.
0187 0135 0126 0106 0097 0098 0098 0094 0094 0094 0091 0096
0108 0118 0118 0128 0132 0133 0157 0164 0166 0125 0090 0086 0194 2001 0085 1952.
0074 0067 0044 0045 0044 0032 0026 0029 0044 0012 0027 0099
0122 0135 0156 0170 0186 0192 0201 0180 0177 0183 0144 0106 0203 1507 0010 0553.
0106 0110 0088 0083 0073 0061 0059 0064 0064 0071 0071 0098
0122 0150 0165 0193 0206 0228 0227 0229 0214 0206 0160 0158 0235 1422 0058 0304.
0126 0126 0115 0102 0105 0083 0081 0078 0088 0071 0100 0137
0178 0185 0200 0211 0220 0232 0229 0233 0217 0199 0168 0164 0245 1435 0057 0513.
0155 0144 0125 0111 0099 0099 0084 0088 0080 0077 0089 0139
0170 0200 0210 0215 0225 0223 0232 0233 0230 0214 0194 0163 0241 1608 0070 0604.
0178 0163 0160 0152 0123 0114 0105 0101 0096 0099 0109 0159
0178 0196 0212 0214 0246 0251 0246 0248 0251 0234 0208 0181 0262 1646 0094 0511.
0194 0175 0164 0146 0134 0138 0139 0114 0105 0103 0118 0156
0211 0218 0231 0253 0271 0271 0273 0265 0258 0236 0222 0213 0281 1447 0100 0610.
0206 0188 0189 0174 0164 0162 0147 0142 0145 0142 0164 0169
0180 0191 0191 0179 0173 0156 0152 0151 0150 0149 0142 0139 0213 2001 0130 0608.
0139 0142 0145 0142 0140 0139 0132 0134 0114 0120 0117 0130
0148 0165 0179 0185 0185 0190 0207 0216 0220 0205 0181 0168 0221 1642 0108 0505.
0148 0152 0136 0125 0129 0122 0124 0111 0119 0119 0133 0146
0159 0165 0181 0188 0193 0196 0202 0194 0188 0177 0167 0163 0205 1453 0110 0403.
0144 0139 0133 0133 0134 0135 0125 0101 0090 0090 0080 0073
0072 0078 0079 0085 0091 0098 0107 0114 0112 0118 0110 0092 0163 2001 0071 0818.
0088 0096 0089 0106 0080 0070 0067 0060 0057 0069 0080 0138
0155 0168 0187 0200 0221 0222 0233 0233 0231 0211 0185 0160 0237 1555 0052 0438.
0141 0136 0134 0114 0103 0104 0094 0102 0088 0092 0108 0145
0180 0198 0212 0209 0211 0215 0210 0204 0209 0195 0178 0154 0227 1342 0077 0328.
0144 0139 0135 0117 0108 0098 0087 0080 0070 0071 0088 0120
0158 0159 0178 0197 0231 0232 0244 0252 0258 0247 0207 0188 0261 1653 0069 0501.
0165 0149 0134 0132 0130 0114 0112 0121 0120 0141 0138 0142
0153 0169 0183 0195 0209 0208 0213 0211 0200 0185 0170 0161 0221 1328 0103 0429.
0146 0137 0134 0131 0127 0127 0120 0117 0121 0116 0127 0139
0160 0173 0180 0197 0210 0214 0201 0199 0194 0193 0183 0175 0214 1323 0110 0414.
0165 0167 0162 0160 0162 0159 0160 0151 0156 0148 0151 0157
0159 0171 0208 0214 0223 0234 0240 0218 0210 0203 0191 0179 0243 1441 0145 0543.
0169 0170 0163 0160 0157 0147 0137 0122 0123 0112 0126 0155
0173 0207 0235 0245 0248 0258 0262 0253 0237 0225 0220 0212 0270 1338 0100 0541.
0209 0203 0194 0190 0178 0174 0173 0173 0170 0154 0152 0152
0164 0178 0188 0193 0197 0181 0199 0204 0199 0187 0178 0168 0212 2001 0148 0704.
0161 0153 0149 0147 0141 0128 0135 0130 0131 0133 0138 0149
0164 0169 0187 0180 0195 0209 0210 0218 0212 0196 0182 0171 0224 1624 0123 0223.
0163 0160 0153 0145 0144 0145 0146 0142 0127 0141 0146 0149
0153 0182 0210 0231 0244 0256 0255 0255 0255 0241 0224 0222 0267 1323 0126 0501.
0225 0214 0213 0208 0201 0199 0181 0182 0181 0182 0203 0215
0242 0248 0257 0263 0268 0260 0255 0250 0246 0241 0233 0228 0277 1211 0174 0538.
0217 0209 0199 0188 0186 0187 0185 0184 0183 0184 0184 0184
0162 0161 0155 0166 0166 0163 0154 0141 0142 0147 0147 0139 0235 2012 0139 1952.
0132 0131 0118 0126 0122 0108 0103 0100 0123 0103 0122 0135
0152 0165 0171 0181 0191 0195 0205 0206 0197 0187 0168 0136 0208 1518 0096 0609.
0131 0121 0106 0105 0118 0127 0117 0125 0099 0087 0121 0163
0192 0209 0228 0227 0235 0251 0255 0250 0247 0229 0205 0203 0257 1416 0086 0555.
0193 0194 0176 0170 0166 0162 0141 0130 0126 0123 0150 0189
0219 0246 0252 0270 0285 0293 0305 0307 0282 0271 0248 0242 0313 1547 0116 0555.
0234 0227 0220 0200 0206 0181 0172 0180 0172 0175 0181 0223
0230 0243 0244 0243 0247 0241 0244 0238 0229 0217 0201 0185 0251 1110 0150 0528.
0173 0164 0157 0149 0143 0142 0134 0136 0135 0130 0135 0144
0150 0189 0204 0215 0224 0235 0248 0252 0242 0229 0214 0197 0257 1554 0127 0633.
0184 0172 0169 0164 0155 0154 0145 0146 0148 0152 0153 0161
0174 0192 0195 0202 0196 0199 0193 0198 0193 0178 0176 0174 0210 1152 0143 0250=
I=
E=
U=
N=
H=
C=
V=
R6
0000 0000 0000
0000 0000 0000
0000 0000 0000
0000 0000 0000
0000 0000 0000
0000 0000 0000
0000 0000 0000
0000 0000 0000
0000 0004 0004
0000 0000 0000
0000 0000 0000
0007 0001 0008
0000 0000 0000
0000 0000 0000
0000 0000 0000
0000 0000 0000
0000 0000 0000
0000 0000 0000
0000 0000 0000
0000 0000 0000
0012 0000 0012
0000 0000 0000
0000 0000 0000
0196 0043 0239
0000 0000 0000
0000 0000 0000
0000 0000 0000
0000 0000 0000
0000 0000 0000
0000 0000 0000=
0000 0000 0000 0000 0000 0000 0000 0000 0000 0000 0000 0000
0000 0000 0000 0000 0000 0000 0000 0000 0000 0000 0000 0000.
0000 0000 0000 0000 0000 0000 0000 0000 0000 0000 0000 0000
0000 0000 0000 0000 0000 0000 0000 0000 0000 0000 0000 0000.
0000 0000 0000 0000 0000 0000 0000 0000 0000 0000 0000 0000
0000 0000 0000 0000 0000 0000 0000 0000 0000 0000 0000 0000.
0000 0000 0000 0000 0000 0000 0000 0000 0000 0000 0000 0000
0000 0000 0000 0000 0000 0000 0000 0000 0000 0000 0000 0000.
0000 0000 0000 0000 0000 0000 0000 0000 0000 0000 0000 0000
0000 0000 0000 0000 0000 0000 0000 0000 0000 0000 0000 0000.
0000 0000 0000 0000 0000 0000 0000 0000 0000 0000 0000 0000
0000 0000 0000 0000 0000 0000 0000 0000 0000 0000 0000 0000.
0000 0000 0000 0000 0000 0000 0000 0000 0000 0000 0000 0000
0000 0000 0000 0000 0000 0000 0000 0000 0000 0000 0000 0000.
0000 0000 0000 0000 0000 0000 0000 0000 0000 0000 0000 0000
0000 0000 0000 0000 0000 0000 0000 0000 0000 0000 0000 0000.
0000 0000 0000 0000 0000 0000 0000 0000 0000 0000 0000 0000
0000 0000 0000 0000 0000 0000 0000 0000 0000 0000 0001 0003.
0000 0000 0000 0000 0000 0000 0000 0000 0000 0000 0000 0000
0000 0000 0000 0000 0000 0000 0000 0000 0000 0000 0000 0000.
0000 0000 0000 0000 0000 0000 0000 0000 0000 0000 0000 0000
0000 0000 0000 0000 0000 0000 0000 0000 0000 0000 0000 0000.
0000 0000 0000 0000 0000 0000 0000 0005 0000 0000 0000 0002
0001 0000 0000 0000 0000 0000 0000 0000 0000 0000 0000 0000.
0000 0000 0000 0000 0000 0000 0000 0000 0000 0000 0000 0000
0000 0000 0000 0000 0000 0000 0000 0000 0000 0000 0000 0000.
0000 0000 0000 0000 0000 0000 0000 0000 0000 0000 0000 0000
0000 0000 0000 0000 0000 0000 0000 0000 0000 0000 0000 0000.
0000 0000 0000 0000 0000 0000 0000 0000 0000 0000 0000 0000
0000 0000 0000 0000 0000 0000 0000 0000 0000 0000 0000 0000.
0000 0000 0000 0000 0000 0000 0000 0000 0000 0000 0000 0000
0000 0000 0000 0000 0000 0000 0000 0000 0000 0000 0000 0000.
0000 0000 0000 0000 0000 0000 0000 0000 0000 0000 0000 0000
0000 0000 0000 0000 0000 0000 0000 0000 0000 0000 0000 0000.
0000 0000 0000 0000 0000 0000 0000 0000 0000 0000 0000 0000
0000 0000 0000 0000 0000 0000 0000 0000 0000 0000 0000 0000.
0000 0000 0000 0000 0000 0000 0000 0000 0000 0000 0000 0000
0000 0000 0000 0000 0000 0000 0000 0000 0000 0000 0000 0000.
0000 0000 0000 0000 0000 0000 0000 0000 0000 0000 0000 0000
0000 0000 0000 0000 0000 0000 0000 0000 0000 0000 0000 0000.
0000 0001 0006 0001 0003 0000 0000 0000 0000 0000 0000 0001
0000 0000 0000 0000 0000 0000 0000 0000 0000 0000 0000 0000.
0000 0000 0000 0000 0000 0000 0000 0000 0000 0000 0000 0000
0000 0000 0000 0000 0000 0000 0000 0000 0000 0000 0000 0000.
0000 0000 0000 0000 0000 0000 0000 0000 0000 0000 0000 0000
0000 0000 0000 0000 0000 0000 0000 0000 0000 0000 0000 0000.
0000 0000 0000 0023 0058 0010 0007 0017 0024 0010 0028 0019
0025 0009 0005 0001 0000 0000 0000 0001 0000 0001 0001 0000.
0000 0000 0000 0000 0000 0000 0000 0000 0000 0000 0000 0000
0000 0000 0000 0000 0000 0000 0000 0000 0000 0000 0000 0000.
0000 0000 0000 0000 0000 0000 0000 0000 0000 0000 0000 0000
0000 0000 0000 0000 0000 0000 0000 0000 0000 0000 0000 0000.
0000 0000 0000 0000 0000 0000 0000 0000 0000 0000 0000 0000
0000 0000 0000 0000 0000 0000 0000 0000 0000 0000 0000 0000.
0000 0000 0000 0000 0000 0000 0000 0000 0000 0000 0000 0000
0000 0000 0000 0000 0000 0000 0000 0000 0000 0000 0000 0000.
0000 0000 0000 0000 0000 0000 0000 0000 0000 0000 0000 0000
0000 0000 0000 0000 0000 0000 0000 0000 0000 0000 0000 0000.
0000 0000 0000 0000 0000 0000 0000 0000 0000 0000 0000 0000
0000 0000 0000 0000 0000 0000 0000 0000 0000 0000 0000 0000=
0000 ////////// 00000=
W=
L=
Z=
G=
FN
149055 118034 101032 101032 092029 102029
096026 106031 106039 105040 098029 113032
111034 119031 145024 169030 144031 151036
154040 135045 116040 129045 090033 157046.
126024 276033 320015 288014 281010 179008
179018 324017 084013 134021 088034 116020
110020 291041 304011 330045 328028 303034
297093 306093 315093 044029 027073 140023.
118016 092034 321013 116011 032009 184022
PPC000 064006 059011 150014 203003 PPC000
290016 302059 304063 300049 331043 333055
313032 294047 301023 288010 PPC002 246011.
073024 072027 078008 144009 143010 PPC001
151012 PPC000 PPC000 339008 181009 PPC000
047011 PPC000 298008 307017 237031 202030
275052 298054 279062 298057 290037 330023.
259016 065024 PPC000 126005 070013 PPC000
PPC002 160012 076011 156013 254013 304013
023031 035026 294039 292040 003019 235024
254034 302030 287034 268025 267030 153021.
101017 089019 053012 088012 148010 141008
PPC000 169009 152006 117005 330016 319028
320044 319036 313040 351028 332043 295021
337030 327018 329017 289017 325024 282024.
185035 090019 082021 072024 PPC000 114010
132005 PPC000 PPC000 136008 186004 PPC000
PPC000 266016 292037 303042 289039 322036
351029 320029 156012 157014 150020 067017.
124016 090020 076024 120014 111012 091014
081022 PPC000 PPC000 PPC000 PPC000 PPC000
265003 315030 283034 292015 325020 054012
PPC002 061014 165038 157039 145044 159035.
145027 084025 101025 066017 086025 118018
097015 066021 048014 125011 100019 105019
105028 151041 120035 145051 161041 120036
123043 113033 096023 112026 103021 097020.
097016 111019 110021 129018 109014 086018
189011 076015 350005 130007 306017 250011
286025 285028 284042 316047 333040 308024
307043 307041 332027 304046 340012 110013.
323018 001013 PPC000 227008 PPC000 123011
024016 196017 063015 089016 091022 146024
109024 128052 140049 123041 117039 108046
119035 122028 100034 122045 121044 124035.
099038 112047 090027 069023 103021 327010
274027 302082 306060 308099 312085 307101
300079 310079 302084 306077 304074 300088
293087 303075 299054 291088 291048 266017.
278011 299041 302048 314037 046006 113012
341012 351010 PPC000 320011 181010 323013
303052 318035 322059 298058 306054 284043
309031 309036 249019 272015 262014 073013.
066014 063023 064013 148011 165010 PPC000
PPC000 PPC001 027006 PPC000 086006 149008
PPC000 PPC000 291016 PPC000 291022 276013
159025 169023 167029 124029 101016 098022.
096021 097027 099026 118014 112010 106012
153009 100007 318005 143007 PPC000 PPC000
234006 279021 PPC000 PPC000 246015 318016
295031 261028 245019 PPC000 137012 091019.
073020 147011 128009 126012 PPC000 119011
PPC000 301022 PPC002 098018 124018 105035
111031 110026 117035 121035 138021 139025
135030 112036 109035 106028 140032 120018.
139021 078017 103016 116015 122013 130012
069012 PPC000 041011 318007 089008 146014
205010 179007 147015 196013 189038 176021
134025 129025 088020 130017 089014 074012.
106012 082016 087019 080024 090019 089021
089016 051012 089015 PPC000 163007 311011
301015 325012 291016 261018 321028 315019
197011 117045 123028 112022 095024 088029.
073021 093023 077031 082025 090017 090022
110009 216007 PPC000 297007 287007 172012
068012 358007 212011 321017 349013 173042
172034 171029 175037 154027 139028 102022.
075012 126019 108024 107020 027020 004029
033042 053020 043017 324012 PPC000 275019
269010 301017 301032 280027 216020 325035
311018 174030 135017 121027 101021 120031.
118026 027011 068009 343006 271005 285017
265011 234014 292010 PPC000 098008 151016
124020 174025 182033 172031 108020 141040
144027 153029 159028 151034 145022 132013.
092022 095030 101023 105022 095017 083023
093019 083019 222009 134009 150003 294011
296013 177015 210006 202018 140011 145044
131036 129028 138040 147052 088032 077021.
123016 107018 133015 099030 114017 119034
086026 090021 086027 082027 108028 100023
144035 157043 136030 156049 153051 139070
142047 144052 144052 119027 088038 107025.
138044 135038 117031 100020 103015 105016
087018 071011 088017 093005 322012 301013
302090 300053 306071 308059 307090 310086
308081 318071 324057 325040 337031 306017.
292025 333014 301026 323025 321033 267013
307022 250011 320050 302018 323056 315054
305080 303075 299078 299086 293095 286099
302083 304083 299065 310035 351013 354009.
PPC000 057018 073005 086012 074031 087028
095024 104028 080015 PPC000 137009 106012
118024 103031 189029 164034 159025 142044
165045 127031 116025 098021 096022 107028.
095020 086020 094017 094022 092022 093019
164014 163009 PPC000 PPC001 PPC001 PPC000
328009 277021 277014 299013 275018 PPC002
261008 182017 173036 089012 082029 101037.
093046 139028 052008 113021 138025 055018
111021 072024 108015 060017 088013 166010
150017 124041 118043 107044 107034 095041
117039 106036 108056 115034 116031 119033.
113039 100025 117028 103021 100021 122019
109013 103030 088017 124012 123017 125016
078022 122039 128020 022007 186007 256004
084019 095031 118040 110040 111023 117022.
135020 115014 129020 105035 115033 112023
091032 106024 121022 104032 163016 084018
115023 144039 126018 128031 282028 358007
068013 115042 141029 126031 113031 118022=
146055 120033 109029 106026 092028 102030
093026 111030 105037 103037 102031 114035
111033 118029 146023 162031 153033 143034
155040 135049 115039 129042 091031 151049.
134025 278032 322016 293015 291011 153006
176016 316016 073012 102015 103028 125018
106020 289037 299017 321043 320029 301035
298087 306094 315103 043034 021062 136023.
106016 096031 344010 088013 028012 195022
PPC000 073005 046014 157015 158004 PPC001
301019 302057 302058 296053 330046 333054
313035 293050 301025 293011 295003 236011.
092020 074027 093008 129008 145010 156004
145011 PPC001 PPC000 337009 169008 PPC001
056010 PPC000 311007 308017 233035 215026
279052 298056 280058 296058 291037 331025.
261016 067022 PPC000 111007 074012 PPC001
202005 160006 057014 124007 246014 299014
028034 038027 310031 302034 344024 199020
273028 305037 287033 265025 267028 158019.
089018 087020 054015 114010 174009 116008
PPC001 160010 137007 071007 341015 317025
322045 313037 314042 344034 349033 300022
342028 339018 313018 292015 323025 284024.
184031 084017 087020 077026 169004 121011
141004 PPC000 PPC001 136008 PPC002 PPC000
PPC000 271016 292036 301040 302033 319028
348028 337028 156013 161015 148022 068016.
125015 094020 076027 110014 116011 088014
084020 PPC000 PPC001 090003 PPC000 PPC000
253003 309028 287035 299019 247017 061012
106006 067018 168035 155040 149042 156035.
145030 085025 100025 089015 085027 119018
090016 067022 056014 106013 104017 103020
103027 145041 120031 148049 157040 121039
119041 112036 103024 111028 102022 099021.
100017 116020 122022 124017 114014 080018
167011 081015 012006 131008 321016 245012
295025 291028 294039 312051 329041 305029
307044 308039 324027 305046 340014 113009.
323018 341017 PPC000 235008 PPC002 139012
031017 185016 061013 099015 097022 140020
106027 138048 136043 116043 115047 112048
114036 123036 105039 125043 120040 126037.
098035 116042 092030 071022 103023 338009
279027 304077 310060 311084 310073 308090
303077 308082 302084 308069 303073 301088
299085 303076 300060 290079 293051 269016.
264010 301040 301048 313039 049003 113012
321011 353010 PPC000 318012 173009 335010
304047 314041 317062 294057 311049 298038
313033 304033 250021 276015 260015 070012.
065015 067025 063014 145013 153009 115006
070003 082007 032006 PPC000 079006 155009
PPC000 PPC002 310013 PPC001 291022 280010
168026 161023 160030 135032 109019 094024.
093023 097029 095025 117015 105011 096014
158010 105006 355005 151005 PPC000 PPC000
259006 287021 PPC000 PPC000 261015 311018
296029 259028 250019 208005 143011 084021.
074020 131010 127008 134013 PPC002 145010
PPC000 303023 250007 100020 125018 107032
111034 115027 122032 119034 145024 139024
125029 117032 108036 110031 132032 117026.
140019 081016 110016 112016 127015 127015
073011 PPC000 037011 307008 087007 136014
200012 185007 163012 167012 183031 187023
134028 132024 082018 136020 091014 072008.
099014 086018 090020 082021 092018 089019
088015 047014 080016 PPC000 158008 311010
308014 326012 257016 291020 315027 321018
222011 108039 117032 112026 100022 092027.
076023 089026 081030 086022 091016 095022
102012 242004 PPC000 280008 300007 142006
069010 348008 251009 315017 351011 160034
171034 172029 177037 152029 141021 098021.
104014 128024 098021 111017 044015 008034
039036 061024 055020 314012 PPC001 277021
282009 302017 299029 285028 242015 320032
317019 149021 142018 123026 103022 116033.
121024 357010 060006 355005 230005 285017
269011 251018 288010 PPC001 092008 148015
146021 172024 172033 155031 111027 134029
140028 150028 157027 154032 150022 120013.
095023 098032 102022 101021 101019 085021
094018 088019 207008 130010 107004 289011
292015 137013 178011 214018 142016 143044
131036 131043 135043 146054 088033 096021.
132022 098020 142018 101025 111016 117030
085027 091023 089025 085025 108031 107023
144029 157043 133029 153051 149051 139063
146052 143048 137046 120025 094038 105023.
140043 138040 114027 103025 102017 109019
087017 080012 092015 089007 325011 299013
304088 301054 306065 310065 308083 310081
310081 318075 321062 327046 336032 311016.
295023 326015 298026 320025 324031 271013
300021 256014 319051 306017 323054 315054
306076 302078 302085 301080 294092 289094
299086 303086 303069 312039 350014 352011.
PPC000 060018 075006 094012 073029 082028
101023 103026 078013 PPC001 142010 112013
127024 107026 186036 162033 143026 138037
160043 124033 124024 098022 090023 106025.
096023 092020 093016 088022 092021 087021
161014 162009 PPC000 323005 151004 PPC001
339009 244017 295014 287017 279021 059006
233011 182016 175034 092015 087028 089034.
092042 144030 082010 114019 139026 049019
107020 076023 105016 066018 085015 150009
146020 123036 120039 108041 113035 093041
117037 104039 112046 111038 116033 118034.
113033 110030 115026 102020 107020 119019
102016 112024 100018 107016 116019 108016
084023 122034 130017 018008 158009 055011
100018 105021 114034 111033 116023 121023.
134026 119015 127020 103034 112031 111024
094031 108025 121024 108026 153018 093013
124024 129036 116022 104027 285029 007012
070015 117041 133033 128031 113030 116022=
057140 1557 093154 1945
116304 1633 182299 1622
073299 1235 108300 1235
072305 1432 100286 1433
052302 1524 074020 0858
052352 1146 079356 1146
050297 1131 068304 1130
050160 1748 082174 1809
056156 1153 107124 1333
060297 1452 089307 1509
059114 1737 091086 1721
101301 1233 147306 1222
072304 1033 094299 1032
038163 1440 059164 1440
042312 1522 055327 1522
042113 0857 072110 1655
041169 1333 057176 1334
043120 1517 069099 1523
042171 1506 065136 1717
040009 0157 086039 0157
041163 1108 065087 1252
065146 1751 103130 1726
072164 1515 147175 1515
097311 1449 143294 1453
102293 1539 146293 1519
053168 1435 083164 1535
041081 1914 067087 1913
048112 1924 091093 1731
042120 2145 077125 2039
052131 1746 092118 1746=
D=
K=
A=
S=
B=
??????
******
YF
O2216
河南省
豫伊川江左
伊川县江左乡烟叶收购站
丘陵；城镇；地面
空缺
计算机
计算机
计算机
计算机
计算机
20120511=
JY
8888=
GK
01/
05/=
BZ
00/342441/1124040
10/24/逐时观测
10/24/24时连续观测
11/不守班=
######
