O2206 3449N 11233E 001960 001960 105 000 S15 91999999919999199999 0 2011 11
P=
TB
0127 0132 0130 0123 0123 0132 0136 0137 0135 0132 0130 0130
0136 0137 0138 0145 0152 0155 0157 0159 0154 0137 0124 0134 0160 1541 0118 0043.
0134 0132 0131 0131 0134 0131 0130 0129 0128 0130 0131 0131
0134 0137 0142 0152 0162 0168 0165 0161 0156 0152 0149 0143 0169 1401 0128 0351.
0144 0143 0144 0140 0139 0137 0135 0125 0120 0115 0108 0107
0108 0109 0110 0115 0126 0130 0131 0128 0126 0124 0123 0124 0144 2030 0106 0726.
0123 0122 0122 0121 0120 0117 0117 0116 0115 0113 0112 0113
0116 0122 0128 0143 0144 0149 0155 0151 0145 0138 0132 0130 0157 1507 0112 0627.
0128 0128 0128 0127 0127 0127 0126 0126 0126 0125 0125 0127
0128 0129 0128 0132 0136 0139 0138 0137 0134 0130 0127 0128 0141 1344 0125 0344.
0127 0128 0126 0125 0123 0120 0117 0114 0112 0109 0106 0105
0106 0112 0110 0113 0111 0109 0111 0110 0105 0101 0100 0101 0128 2001 0099 1847.
0100 0100 0098 0096 0096 0093 0092 0091 0090 0089 0089 0089
0090 0090 0088 0088 0089 0089 0089 0090 0088 0088 0087 0087 0101 2001 0086 1221.
0087 0088 0089 0089 0088 0088 0088 0089 0089 0089 0088 0088
0091 0093 0094 0096 0097 0106 0106 0111 0105 0098 0097 0095 0112 1551 0086 2046.
0089 0091 0093 0091 0086 0083 0068 0063 0060 0058 0071 0073
0093 0109 0137 0145 0150 0151 0159 0152 0128 0103 0093 0090 0160 1501 0058 0506.
0096 0093 0086 0073 0059 0075 0063 0046 0047 0037 0041 0058
0081 0104 0109 0113 0115 0130 0129 0123 0111 0090 0085 0073 0134 1416 0035 0637.
0062 0055 0052 0048 0043 0039 0040 0038 0042 0034 0032 0046
0073 0105 0137 0145 0160 0164 0166 0164 0140 0125 0125 0119 0168 1547 0029 0615.
0104 0094 0089 0115 0120 0091 0087 0084 0079 0067 0076 0082
0099 0149 0162 0161 0156 0166 0163 0141 0128 0115 0114 0106 0174 1423 0067 0548.
0098 0091 0091 0085 0083 0068 0059 0044 0040 0028 0022 0037
0125 0171 0176 0192 0191 0196 0187 0178 0144 0119 0113 0105 0199 1222 0020 0649.
0092 0091 0081 0072 0057 0054 0040 0029 0027 0026 0023 0034
0086 0131 0137 0152 0155 0159 0148 0140 0127 0107 0094 0091 0160 1357 0021 0701.
0101 0098 0098 0096 0095 0093 0093 0094 0094 0093 0093 0095
0099 0110 0124 0118 0120 0118 0120 0113 0109 0105 0102 0095 0124 1057 0090 2019.
0092 0092 0091 0092 0090 0089 0088 0090 0091 0092 0091 0091
0093 0094 0095 0096 0098 0099 0099 0100 0100 0101 0099 0098 0101 1636 0080 0307.
0097 0096 0095 0093 0092 0091 0090 0090 0089 0089 0088 0089
0090 0091 0093 0096 0097 0099 0100 0099 0097 0096 0095 0093 0100 1406 0088 0635.
0093 0092 0092 0092 0093 0094 0095 0096 0096 0097 0095 0099
0106 0118 0152 0171 0192 0197 0184 0175 0153 0137 0128 0118 0200 1411 0091 2013.
0111 0100 0093 0085 0097 0089 0091 0068 0067 0057 0053 0073
0088 0115 0136 0130 0149 0151 0160 0148 0113 0074 0064 0042 0161 1504 0042 1959.
0073 0056 0046 0031 0044 0042 0032 0025 0008 0005 0021 0032
0051 0062 0073 0083 0092 0105 0104 0094 0089 0068 0048 0039 0110 1405 0004 0603.
0030 0028 0024 0026 0031 0028 0029 0029 0028 0033 0036 0037
0070 0074 0088 0085 0100 0106 0101 0097 0091 0083 0082 0079 0106 1400 0023 2258.
0078 0080 0079 0078 0079 0075 0067 0060 0051 0049 0047 0048
0093 0125 0141 0158 0167 0169 0165 0158 0137 0126 0117 0101 0176 1343 0038 0725.
0090 0052 0051 0032 0033 0014 0019 0026 0006 -008 -003 0000
0054 0073 0081 0090 0089 0088 0083 0075 0058 0049 0042 0035 0117 2025 -009 0603.
0028 0023 0013 0012 -005 -013 -017 -020 -001 0012 0019 0025
0048 0065 0060 0064 0066 0070 0087 0084 0062 0047 0040 0024 0090 1446 -021 0410.
0011 0006 0021 0030 0030 0033 0027 0015 0033 0033 0036 0040
0045 0050 0056 0055 0055 0056 0057 0055 0052 0050 0049 0049 0059 1512 0003 2223.
0049 0049 0048 0048 0048 0048 0047 0047 0048 0049 0049 0054
0062 0078 0093 0103 0125 0117 0119 0109 0096 0082 0064 0052 0129 1316 0046 2241.
0053 0051 0055 0037 0033 0027 0021 0018 0022 0013 0011 0014
0036 0056 0072 0091 0094 0099 0097 0095 0085 0076 0065 0056 0102 1331 0006 0729.
0070 0076 0076 0077 0074 0073 0073 0073 0073 0065 0064 0062
0062 0061 0063 0065 0067 0065 0063 0063 0061 0060 0061 0061 0077 2228 0056 2001.
0062 0062 0064 0064 0064 0063 0065 0062 0058 0055 0051 0049
0046 0043 0041 0036 0034 0027 0011 0015 0017 0016 0016 0014 0065 0240 0011 1456.
0014 0017 0015 0016 0017 0015 0014 0015 0014 0015 0014 0017
0020 0024 0029 0037 0045 0028 0031 0030 0028 0026 0024 0025 0046 1252 0012 2028=
I=
E=
U=
N=
H=
C=
V=
R6
0000 0000 0000
0000 0000 0000
0009 0003 0012
0016 0002 0018
0016 0001 0017
0000 0030 0030
0197 0207 0404
0003 0000 0003
0000 0000 0000
0000 0000 0000
0000 0000 0000
0000 0000 0000
0000 0000 0000
0000 0000 0000
0001 0005 0006
0052 0055 0107
0115 0006 0121
0076 0000 0076
0000 0000 0000
0000 0000 0000
0000 0000 0000
0022 0001 0023
0000 0000 0000
0000 0000 0000
0000 0000 0000
0000 0000 0000
0000 0000 0000
0153 0042 0195
0000 0000 0000
0000 0000 0000=
0000 0000 0000 0000 0000 0000 0000 0000 0000 0000 0000 0000
0000 0000 0000 0000 0000 0000 0000 0000 0000 0000 0000 0000.
0000 0000 0000 0000 0000 0000 0000 0000 0000 0000 0000 0000
0000 0000 0000 0000 0000 0000 0000 0000 0000 0000 0000 0000.
0000 0000 0000 0000 0000 0000 0000 0000 0004 0001 0000 0004
0002 0001 0000 0000 0000 0000 0000 0000 0000 0000 0000 0000.
0000 0000 0000 0000 0000 0000 0000 0000 0000 0002 0007 0007
0001 0001 0000 0000 0000 0000 0000 0000 0000 0000 0000 0000.
0000 0000 0001 0001 0004 0000 0008 0002 0000 0000 0000 0000
0001 0000 0000 0000 0000 0000 0000 0000 0000 0000 0000 0000.
0000 0000 0000 0000 0000 0000 0000 0000 0000 0000 0000 0000
0000 0000 0000 0000 0000 0000 0000 0000 0001 0008 0012 0009.
0017 0011 0021 0014 0012 0007 0027 0018 0020 0012 0005 0033
0027 0045 0036 0025 0025 0012 0013 0007 0005 0003 0007 0002.
0001 0000 0001 0000 0001 0000 0000 0000 0000 0000 0000 0000
0000 0000 0000 0000 0000 0000 0000 0000 0000 0000 0000 0000.
0000 0000 0000 0000 0000 0000 0000 0000 0000 0000 0000 0000
0000 0000 0000 0000 0000 0000 0000 0000 0000 0000 0000 0000.
0000 0000 0000 0000 0000 0000 0000 0000 0000 0000 0000 0000
0000 0000 0000 0000 0000 0000 0000 0000 0000 0000 0000 0000.
0000 0000 0000 0000 0000 0000 0000 0000 0000 0000 0000 0000
0000 0000 0000 0000 0000 0000 0000 0000 0000 0000 0000 0000.
0000 0000 0000 0000 0000 0000 0000 0000 0000 0000 0000 0000
0000 0000 0000 0000 0000 0000 0000 0000 0000 0000 0000 0000.
0000 0000 0000 0000 0000 0000 0000 0000 0000 0000 0000 0000
0000 0000 0000 0000 0000 0000 0000 0000 0000 0000 0000 0000.
0000 0000 0000 0000 0000 0000 0000 0000 0000 0000 0000 0000
0000 0000 0000 0000 0000 0000 0000 0000 0000 0000 0000 0000.
0000 0000 0000 0000 0000 0000 0001 0000 0000 0000 0000 0000
0000 0000 0000 0000 0000 0000 0000 0000 0000 0000 0000 0005.
0005 0009 0009 0008 0005 0002 0004 0003 0004 0003 0000 0000
0002 0002 0009 0001 0000 0000 0000 0001 0011 0004 0010 0015.
0003 0004 0015 0020 0024 0017 0002 0009 0008 0006 0004 0003
0001 0000 0000 0000 0000 0000 0000 0000 0000 0000 0001 0004.
0012 0028 0001 0004 0022 0005 0001 0003 0000 0000 0000 0000
0000 0000 0000 0000 0000 0000 0000 0000 0000 0000 0000 0000.
0000 0000 0000 0000 0000 0000 0000 0000 0000 0000 0000 0000
0000 0000 0000 0000 0000 0000 0000 0000 0000 0000 0000 0000.
0000 0000 0000 0000 0000 0000 0000 0000 0000 0000 0000 0000
0000 0000 0000 0000 0000 0000 0000 0000 0000 0000 0000 0000.
0000 0000 0000 0000 0000 0000 0000 0000 0000 0000 0000 0000
0000 0000 0000 0000 0000 0000 0000 0000 0000 0000 0000 0000.
0000 0000 0005 0007 0009 0001 0000 0000 0000 0000 0000 0000
0000 0000 0001 0000 0000 0000 0000 0000 0000 0000 0000 0000.
0000 0000 0000 0000 0000 0000 0000 0000 0000 0000 0000 0000
0000 0000 0000 0000 0000 0000 0000 0000 0000 0000 0000 0000.
0000 0000 0000 0000 0000 0000 0000 0000 0000 0000 0000 0000
0000 0000 0000 0000 0000 0000 0000 0000 0000 0000 0000 0000.
0000 0000 0000 0000 0000 0000 0000 0000 0000 0000 0000 0000
0000 0000 0000 0000 0000 0000 0000 0000 0000 0000 0000 0000.
0000 0000 0000 0000 0000 0000 0000 0000 0000 0000 0000 0000
0000 0000 0000 0000 0000 0000 0000 0000 0000 0000 0000 0000.
0000 0000 0000 0000 0000 0000 0000 0000 0000 0000 0000 0000
0000 0000 0000 0000 0000 0000 0000 0000 0000 0000 0000 0000.
0000 0000 0000 0000 0000 0000 0000 0000 0000 0047 0056 0050
0032 0009 0001 0000 0000 0000 0000 0000 0000 0000 0000 0000.
0000 0000 0000 0000 0000 0000 0000 0000 0000 0000 0000 0000
0000 0000 0000 0000 0000 0000 0000 0000 0000 0000 0000 0000.
0000 0000 0000 0000 0000 0000 0000 0000 0000 0000 0000 0000
0000 0000 0000 0000 0000 0000 0000 0000 0000 0000 0000 0000=
0000 ////////// 00000=
W=
L=
Z=
G=
FN
326006 020007 019007 036006 PPC002 017006
353007 PPC002 065013 062012 051016 061015
065013 041006 349010 059012 055009 053011
059017 062007 134008 PPC000 286007 341008.
PPC000 PPC000 PPC000 313008 028005 088009
326006 037003 024003 044018 036019 019009
028011 062024 061024 063037 077040 089021
077020 064031 064032 076018 075020 076022.
071026 084021 077019 091019 087025 082020
072018 054011 083036 074039 077037 068034
085031 065021 056026 060023 065024 068041
074017 070016 075026 082022 077018 049021.
054018 068028 052015 027013 036014 010021
039014 038013 031014 025010 037012 025009
030012 053016 078012 080013 124008 072008
028016 084008 PPC000 054005 PPC000 292010.
261008 246006 019005 050006 PPC000 055005
310004 PPC001 PPC000 042006 049007 031007
065011 120010 071014 125004 064018 066014
040012 018012 062011 052012 PPC002 016010.
341008 065012 009008 041010 083015 060014
066014 081024 077023 073027 067029 067022
072012 077034 091027 073025 073017 051017
052021 029012 057005 001010 051016 014009.
042016 082021 086019 079023 085019 080024
066027 075026 089035 081025 100019 095015
089029 083025 080018 072015 096009 097010
085012 274006 025010 042007 090008 046007.
PPC000 PPC000 268013 238008 PPC000 PPC002
161006 118009 069014 093010 094012 093008
049012 058012 076010 075016 090014 120011
095014 082018 067022 085024 061021 037019.
020015 012013 040015 007012 013005 348005
280010 223006 284010 236009 229017 257009
239012 042003 062008 310009 098016 114013
158012 151011 066010 068008 064011 048015.
048013 011008 332009 012006 322010 322010
297007 236005 289010 299009 222007 PPC002
354005 074014 068010 076013 063012 050008
026017 090014 PPC001 PPC000 282013 274009.
296010 281010 256011 259007 357005 245007
208012 232006 283009 308009 247005 263008
225009 221016 269030 209032 204023 225020
196023 200014 210016 269020 262020 235013.
232008 265010 294015 294050 300022 303003
234011 299021 305015 172009 299010 287008
254010 215014 238020 216011 326021 294016
283025 279027 257023 264020 291028 282024.
227016 221010 223009 272007 252008 251010
263010 242013 271012 255012 274013 245010
239005 237009 262014 359005 087007 137017
087018 095014 087014 074017 062013 046019.
022013 031013 017006 355011 019005 334007
289011 278012 300009 287012 288012 265009
268005 225009 335010 156008 099011 107011
092008 074009 106007 283007 319007 331013.
136007 200007 200012 200005 189010 221008
216014 253012 PPC000 230008 PPC000 267005
118005 132005 073007 052010 055023 046024
063021 084012 068010 045011 048006 049013.
066005 016008 046014 042016 027013 057017
067019 069016 054023 056016 068015 078013
068021 080015 066022 059024 078029 080031
077032 078026 071034 069041 082032 085029.
081035 079035 082035 077030 073026 075025
065031 056027 042023 031021 030017 057017
053016 030007 053014 058016 052020 069013
076018 080014 051011 084015 102016 081015.
099012 085009 355006 031007 324010 001008
245008 267007 217010 200015 240018 210016
241029 226018 228011 224020 238016 236019
029008 171011 303008 058022 053017 349008.
017006 288011 261009 290019 305039 290023
009010 180006 085010 273011 302005 330018
207006 267013 250013 025010 264035 291028
279028 295028 312017 316011 281016 311004.
245003 040011 072006 348011 002014 340007
042005 038007 321005 332007 078006 025010
008014 051016 121011 071013 047021 084023
097014 074011 079015 070005 282007 290011.
305008 289010 314012 270014 289012 245008
246007 294010 212007 289011 223009 284009
033007 126007 066007 081017 084015 103012
109010 120007 100012 PPC001 232010 268007.
249011 233013 208015 215019 261021 262017
225017 175012 221015 185011 252011 232008
163009 267040 288050 254033 246041 298051
271082 289073 288055 275059 279045 350018.
014010 282013 175007 299012 293010 280009
101013 118006 141008 277011 293012 036015
076027 085029 060028 094027 074026 078026
064030 063038 054026 051025 012021 027012.
023013 023012 340008 302005 341006 324010
309009 010006 337005 328009 267004 342003
019013 050009 078011 021009 006011 038009
100008 293007 094011 063009 084009 268005.
293015 004008 046016 006011 006011 057013
059009 018007 057016 026009 053012 022020
060022 065024 069031 055026 055021 066019
079026 045017 041015 046012 052010 051012.
049009 044009 055006 329005 263005 320007
PPC000 196006 237012 237013 217015 246010
258025 238017 238021 219021 203017 189026
208023 186022 201008 266013 214006 277012.
281012 041006 035013 346005 329011 346009
068007 339008 288012 340012 PPC000 256007
PPC001 014008 355012 022013 051016 069015
066012 082019 046011 040011 033008 051006.
003008 341006 011008 PPC000 PPC000 PPC000
277010 295019 005009 295011 247008 055007
357017 011010 073023 068027 067024 077023
083019 075023 075031 012015 048015 044011.
046014 045013 045017 028006 070007 099011
100013 089020 085009 096023 105033 101017
099034 107039 093032 068021 042010 103024
126012 285008 032006 089028 093009 196005.
085005 106011 065010 073015 079022 083012
102010 072020 107013 111015 095010 090025
095018 091031 077020 031021 065018 090024
081035 046013 051013 017010 317006 038009=
338005 018007 021007 011006 PPC002 019006
356006 001003 063014 059012 053015 062016
061013 042008 016010 057011 057009 033010
039015 061008 125007 PPC001 286007 342009.
PPC002 PPC000 PPC000 312007 016005 087009
323006 041004 021004 041016 042020 029011
036017 061024 062026 066032 078035 079029
083023 064032 065030 075020 074020 077020.
072024 079022 076020 085018 087026 079020
074015 051013 077034 079041 076037 068029
080029 067025 060026 062024 065025 065041
073017 069018 070028 081021 074021 052022.
059020 066024 051016 028014 042016 025022
034012 044016 036015 027011 042014 030009
032011 055015 077012 090013 090008 077009
029011 087009 PPC002 056003 PPC000 293009.
257008 249005 023004 039005 PPC000 060006
PPC002 PPC002 PPC002 036006 049008 037006
065011 112010 080013 110004 067016 067013
043012 032012 058012 053012 PPC001 031010.
359010 059012 015007 041011 077016 063014
068014 078024 075025 080024 065028 074021
064011 080028 098022 071023 076016 054018
051019 012013 058007 350008 046015 021009.
040017 079026 086019 076021 085020 084024
069028 079026 086034 082027 099017 095016
100025 087029 078020 080015 101009 103010
087011 332007 027011 039006 085009 060007.
PPC002 PPC002 268013 242010 163003 PPC002
168004 114008 071012 090010 096011 088009
057012 061012 075011 086015 089015 114011
087016 083020 068025 079027 063025 042018.
030013 022011 034017 018013 020005 341007
282010 224006 286010 228008 224015 254010
243011 065006 067010 315010 074011 104014
161014 150013 071010 072009 068012 052014.
050013 013007 334008 022005 323009 325010
300007 212003 286010 312007 229007 PPC001
032004 073014 066011 065012 054012 050009
037014 083016 051004 PPC000 284012 281009.
299010 281011 256010 257007 340005 220006
198010 221006 286009 300009 213006 265008
219012 224017 265028 206027 206025 218022
201021 211016 221018 261019 258019 232014.
259007 272010 286016 293047 301026 297006
224012 297020 303014 195008 295010 261008
263012 223013 239017 224011 321021 289018
291026 280029 257022 265022 293029 282024.
226014 222011 226008 256007 262008 261010
268010 262013 273011 260012 270012 239011
241006 165007 259012 313006 042008 116015
099019 094016 087015 079015 057014 051018.
024012 020013 019008 009010 005007 331007
289011 281011 297008 288012 286011 259009
272006 224009 340009 164009 058009 094011
085009 081010 111007 263006 311008 328012.
121007 192007 210011 212005 184009 214009
221014 249012 PPC000 222007 PPC000 263005
124005 128006 094007 044012 057021 045021
065020 078014 067009 037011 032006 051014.
070006 023008 040013 034014 026015 056016
066018 072014 060022 053019 068017 077015
072019 075020 066022 064024 078024 078029
076030 075031 068029 073036 080036 085036.
082035 081038 076035 074030 073031 072026
063031 055030 032020 028020 026017 059019
052016 032009 050015 060016 054018 068012
082016 092014 050012 077015 099015 079015.
096011 088011 355007 070007 338010 002006
230005 257007 219010 201013 232018 214016
241025 226019 236012 229020 231016 244019
038010 166010 288008 031018 054018 004009.
006006 292010 262010 283017 302038 294023
023011 183007 111010 279012 306007 323019
224006 274012 252014 351009 264036 296029
288022 296027 308018 316011 293016 318004.
329009 036012 075006 341011 010012 351009
028006 039009 311005 326006 046006 001008
357011 052016 124011 073015 038015 073019
092014 084012 084013 078006 291006 294009.
302009 287010 313012 274013 295011 249009
249008 298010 237007 284009 225009 286010
010005 136005 059007 076014 089013 098010
096009 116007 092011 041004 229008 251007.
250012 225014 208016 219018 255018 263018
222017 190013 216015 195012 246012 232011
156010 265041 281048 257035 249040 297053
267078 293070 291055 277060 277049 353016.
004011 266010 181007 298011 297011 266007
105014 111007 142008 302007 293012 035012
076026 080030 066029 088028 067028 075025
061030 061036 052025 049026 021020 028014.
024013 014012 342007 334007 001006 328009
307010 001006 329005 330009 271005 332004
006012 059011 058010 344009 351010 016011
034008 284006 098010 066010 094010 247003.
294014 003008 044016 015012 010012 053015
059009 023008 055018 018008 052013 031016
064022 063023 072034 060027 060018 065020
073022 048018 051014 048013 048009 052012.
054009 037008 053005 320004 274005 320006
PPC001 216007 236010 233012 220013 250012
259025 239019 242023 218023 208018 195026
196025 186020 183010 265012 243007 276012.
277011 036006 045012 344005 327011 332008
070007 340007 287012 332010 PPC001 254006
317004 019011 009010 018011 055016 071017
073016 082017 045012 032009 016007 027005.
001008 357007 003007 PPC001 PPC002 PPC000
280010 294017 000012 238007 239008 047007
354015 351016 077024 065024 062025 073027
074020 077025 073030 012014 050013 058010.
036012 040013 051016 037008 054007 100010
097011 092018 085010 099022 101029 094023
102029 103036 092033 072024 044009 101020
127014 289010 353007 090029 091009 189006.
101005 098010 066009 073014 082021 086012
098012 078021 100015 107017 092012 087024
098018 093028 087022 039020 075021 092028
081032 062014 056011 030009 332005 048009=
021065 0738 032084 0453
040083 1314 082075 1329
045068 0612 097078 0607
025046 2008 052055 0117
020084 1330 033072 1331
037071 1041 088092 1041
039083 1012 074073 1012
036083 1740 065092 1739
027054 2017 051044 2012
018065 0955 030041 0955
033202 1312 064242 1226
050293 0002 070293 0006
024071 1442 042081 1442
021037 2138 035047 2138
023056 1407 037036 1405
048078 1915 089086 1913
050083 2150 092096 2149
029281 1407 049296 1405
046275 1320 065295 1312
024054 2049 047064 2031
019059 1147 029044 0926
100269 1446 156257 1514
038066 1246 068051 1329
018032 2015 035062 2024
037073 1102 063092 1057
030188 1354 054182 1428
027089 1533 039091 1531
034068 1352 060072 1349
041098 0827 075079 0854
041088 1008 068114 0929=
D=
K=
A=
S=
B=
??????
******
YF
O2206
河南省
豫孟津送庄
孟津县送庄镇梁凹村福温凝聚力小学
平原；城镇；地面
空缺
计算机
计算机
计算机
计算机
计算机
20120208=
JY
8888=
GK
01/
05/=
BZ
00/344849/1123315
10/24/逐时观测
10/24/24时连续观测
11/不守班=
######
