O2200 3454N 11207E 004630 004630 105 000 S15 91999999919999199999 0 2009 10
P=
TB
0201 0195 0191 0175 0177 0172 0166 0169 0169 0168 0170 0188
0213 0252 0282 0290 0293 0296 0290 0289 0276 0257 0238 0235 0308 1333 0163 0242.
0235 0203 0192 0217 0184 0177 0169 0165 0173 0154 0159 0181
0220 0261 0255 0283 0296 0291 0294 0285 0268 0241 0230 0203 0304 1323 0154 0600.
0206 0208 0203 0180 0163 0163 0156 0160 0146 0152 0157 0183
0208 0222 0238 0279 0253 0282 0262 0262 0247 0231 0224 0213 0285 1207 0140 0611.
0215 0206 0195 0192 0189 0187 0171 0160 0157 0149 0150 0170
0209 0242 0253 0263 0272 0268 0233 0157 0160 0159 0160 0160 0283 1346 0149 0559.
0162 0146 0150 0144 0138 0143 0132 0127 0122 0125 0125 0142
0169 0202 0219 0233 0257 0265 0265 0256 0234 0210 0191 0186 0271 1426 0121 0457.
0179 0177 0171 0165 0159 0169 0174 0159 0153 0140 0142 0165
0177 0217 0233 0240 0231 0242 0235 0226 0211 0202 0207 0206 0251 1334 0136 0626.
0203 0185 0171 0170 0160 0153 0156 0155 0150 0147 0148 0146
0149 0153 0156 0154 0154 0155 0153 0151 0146 0143 0141 0140 0207 2046 0140 1947.
0141 0139 0136 0135 0135 0134 0136 0136 0135 0134 0135 0137
0139 0143 0145 0149 0154 0158 0162 0166 0161 0149 0144 0148 0171 1543 0133 0016.
0141 0142 0138 0140 0142 0141 0144 0146 0146 0144 0143 0142
0143 0143 0146 0148 0149 0152 0149 0150 0149 0146 0143 0139 0153 1330 0137 2239.
0140 0140 0140 0140 0143 0142 0139 0140 0140 0137 0137 0132
0127 0126 0121 0119 0118 0116 0117 0118 0118 0118 0118 0118 0147 0027 0116 1239.
0119 0120 0122 0124 0124 0123 0121 0120 0121 0121 0121 0121
0118 0116 0119 0118 0116 0120 0119 0121 0122 0121 0117 0121 0125 0014 0115 1223.
0114 0110 0109 0107 0108 0107 0104 0105 0109 0109 0111 0116
0131 0145 0176 0176 0176 0175 0189 0192 0176 0157 0155 0150 0195 1555 0103 0255.
0148 0135 0134 0160 0154 0137 0153 0159 0123 0118 0124 0150
0175 0213 0217 0230 0227 0230 0226 0218 0196 0186 0180 0174 0235 1127 0116 0603.
0160 0145 0138 0145 0128 0128 0129 0112 0102 0104 0106 0120
0155 0180 0201 0214 0221 0225 0239 0230 0206 0170 0166 0161 0246 1430 0102 0459.
0155 0139 0140 0115 0114 0107 0105 0099 0093 0095 0109 0123
0151 0199 0228 0246 0264 0264 0264 0251 0238 0196 0184 0189 0279 1428 0087 0616.
0187 0167 0177 0170 0162 0143 0158 0165 0163 0174 0149 0163
0197 0220 0226 0228 0230 0237 0232 0226 0217 0205 0199 0179 0239 1431 0141 0156.
0156 0164 0157 0149 0150 0153 0146 0133 0119 0106 0093 0110
0150 0197 0210 0220 0250 0255 0256 0244 0232 0208 0188 0168 0269 1431 0087 0638.
0154 0144 0136 0134 0126 0123 0128 0123 0135 0134 0134 0155
0156 0188 0205 0221 0228 0234 0234 0234 0227 0211 0192 0190 0240 1411 0118 0145.
0182 0174 0166 0165 0157 0149 0135 0120 0107 0104 0103 0120
0139 0167 0186 0209 0216 0223 0212 0201 0193 0181 0168 0154 0230 1407 0098 0641.
0139 0130 0140 0116 0118 0110 0113 0118 0104 0105 0104 0133
0162 0202 0219 0235 0237 0250 0250 0241 0217 0193 0194 0194 0256 1457 0098 0617.
0187 0173 0163 0141 0128 0133 0123 0115 0114 0115 0115 0135
0165 0195 0211 0226 0237 0254 0238 0221 0205 0188 0186 0183 0259 1358 0103 0532.
0168 0168 0158 0159 0139 0135 0130 0121 0127 0120 0131 0162
0193 0212 0250 0255 0267 0278 0269 0255 0241 0222 0212 0181 0288 1346 0115 0531.
0178 //// //// //// //// //// //// //// //// //// //// 0140
0170 0215 0233 0251 0268 0276 0271 0266 0233 0200 0183 0185 0284 1406 0140 0810.
0176 0161 0156 0148 0141 0134 0137 0136 0145 0140 0130 0137
0158 0179 0196 0209 0220 0230 0225 0220 0201 0176 0163 0159 0237 1434 0127 0640.
0165 0154 0157 0159 0160 0147 0141 0148 0130 0127 0132 0140
0167 0202 0199 0224 0232 0246 0243 0226 0200 0184 0180 0176 0253 1416 0121 0614.
0166 0166 0160 0157 0154 0152 0148 0141 0146 0143 0140 0159
0178 0197 0204 0213 0223 0236 0245 0218 0203 0185 0184 0177 0249 1502 0136 0649.
0163 0164 0170 0166 0163 0162 0158 0153 0138 0135 0139 0143
0154 0183 0189 0194 0215 0213 0207 0197 0186 0168 0162 0157 0220 1315 0132 0627.
0161 0152 0156 0153 0145 0137 0128 0125 0128 0123 0117 0128
0163 0182 0209 0235 0231 0244 0243 0230 0212 0193 0184 0181 0247 1349 0114 0638.
0182 0175 0170 0164 0159 0169 0152 0147 0141 0144 0146 0148
0178 0206 0213 0219 0243 0241 0250 0231 0210 0196 0182 0174 0259 1425 0141 0453.
0173 0175 0170 0168 0166 0164 0157 0152 0153 0156 0158 0159
0163 0167 0167 0167 0167 0168 0165 0162 0159 0157 0156 0154 0177 2012 0150 0342.
0154 0151 0146 0142 0141 0140 0140 0134 0122 0110 0104 0113
0122 0130 0156 0157 0151 0153 0155 0146 0137 0126 0119 0110 0158 1145 0103 0657=
I=
E=
U=
N=
H=
C=
V=
R6
0000 0000 0000
0000 0000 0000
0000 0000 0000
0000 0104 0104
0001 0000 0001
0000 0000 0000
0018 0012 0030
0010 0001 0011
0000 0000 0000
0000 0040 0040
0026 0025 0051
0034 0000 0034
0000 0001 0001
0000 0000 0000
0000 0000 0000
0000 0000 0000
0000 0000 0000
0000 0000 0000
0000 0000 0000
0000 0000 0000
0000 0000 0000
0000 0000 0000
0000 0000 0000
0000 0000 0000
0000 0000 0000
0000 0000 0000
0000 0000 0000
0000 0000 0000
0000 0000 0000
0000 0000 0000
0136 0000 0136=
0000 0000 0000 0000 0000 0000 0000 0000 0000 0000 0000 0000
0000 0000 0000 0000 0000 0000 0000 0000 0000 0000 0000 0000.
0000 0000 0000 0000 0000 0000 0000 0000 0000 0000 0000 0000
0000 0000 0000 0000 0000 0000 0000 0000 0000 0000 0000 0000.
0000 0000 0000 0000 0000 0000 0000 0000 0000 0000 0000 0000
0000 0000 0000 0000 0000 0000 0000 0000 0000 0000 0000 0000.
0000 0000 0000 0000 0000 0000 0000 0000 0000 0000 0000 0000
0000 0000 0000 0000 0000 0000 0000 0082 0022 0000 0000 0000.
0000 0000 0000 0000 0001 0000 0000 0000 0000 0000 0000 0000
0000 0000 0000 0000 0000 0000 0000 0000 0000 0000 0000 0000.
0000 0000 0000 0000 0000 0000 0000 0000 0000 0000 0000 0000
0000 0000 0000 0000 0000 0000 0000 0000 0000 0000 0000 0000.
0000 0000 0001 0002 0001 0001 0002 0001 0003 0004 0001 0002
0002 0002 0000 0000 0000 0001 0001 0000 0001 0003 0000 0002.
0002 0000 0001 0006 0001 0000 0000 0000 0000 0000 0000 0000
0000 0000 0000 0001 0000 0000 0000 0000 0000 0000 0000 0000.
0000 0000 0000 0000 0000 0000 0000 0000 0000 0000 0000 0000
0000 0000 0000 0000 0000 0000 0000 0000 0000 0000 0000 0000.
0000 0000 0000 0000 0000 0000 0000 0000 0000 0000 0000 0000
0000 0002 0007 0003 0005 0004 0002 0005 0001 0006 0003 0002.
0000 0001 0000 0000 0000 0000 0006 0001 0001 0004 0007 0006
0004 0003 0006 0003 0002 0000 0001 0001 0000 0001 0002 0002.
0005 0006 0006 0006 0003 0004 0003 0001 0000 0000 0000 0000
0000 0000 0000 0000 0000 0000 0000 0000 0000 0000 0000 0000.
0000 0000 0000 0000 0000 0000 0000 0000 0000 0000 0000 0000
0000 0000 0000 0000 0001 0000 0000 0000 0000 0000 0000 0000.
0000 0000 0000 0000 0000 0000 0000 0000 0000 0000 0000 0000
0000 0000 0000 0000 0000 0000 0000 0000 0000 0000 0000 0000.
0000 0000 0000 0000 0000 0000 0000 0000 0000 0000 0000 0000
0000 0000 0000 0000 0000 0000 0000 0000 0000 0000 0000 0000.
0000 0000 0000 0000 0000 0000 0000 0000 0000 0000 0000 0000
0000 0000 0000 0000 0000 0000 0000 0000 0000 0000 0000 0000.
0000 0000 0000 0000 0000 0000 0000 0000 0000 0000 0000 0000
0000 0000 0000 0000 0000 0000 0000 0000 0000 0000 0000 0000.
0000 0000 0000 0000 0000 0000 0000 0000 0000 0000 0000 0000
0000 0000 0000 0000 0000 0000 0000 0000 0000 0000 0000 0000.
0000 0000 0000 0000 0000 0000 0000 0000 0000 0000 0000 0000
0000 0000 0000 0000 0000 0000 0000 0000 0000 0000 0000 0000.
0000 0000 0000 0000 0000 0000 0000 0000 0000 0000 0000 0000
0000 0000 0000 0000 0000 0000 0000 0000 0000 0000 0000 0000.
0000 0000 0000 0000 0000 0000 0000 0000 0000 0000 0000 0000
0000 0000 0000 0000 0000 0000 0000 0000 0000 0000 0000 0000.
0000 0000 0000 0000 0000 0000 0000 0000 0000 0000 0000 0000
0000 0000 0000 0000 0000 0000 0000 0000 0000 0000 0000 0000.
0000 0000 0000 0000 0000 0000 0000 0000 0000 0000 0000 0000
0000 0000 0000 0000 0000 0000 0000 0000 0000 0000 0000 0000.
0000 0000 0000 0000 0000 0000 0000 0000 0000 0000 0000 0000
0000 0000 0000 0000 0000 0000 0000 0000 0000 0000 0000 0000.
0000 0000 0000 0000 0000 0000 0000 0000 0000 0000 0000 0000
0000 0000 0000 0000 0000 0000 0000 0000 0000 0000 0000 0000.
0000 0000 0000 0000 0000 0000 0000 0000 0000 0000 0000 0000
0000 0000 0000 0000 0000 0000 0000 0000 0000 0000 0000 0000.
0000 0000 0000 0000 0000 0000 0000 0000 0000 0000 0000 0000
0000 0000 0000 0000 0000 0000 0000 0000 0000 0000 0000 0000.
0000 0000 0000 0000 0000 0000 0000 0000 0000 0000 0000 0000
0000 0000 0000 0000 0000 0000 0000 0000 0000 0000 0000 0000.
0000 0000 0000 0000 0000 0000 0000 0000 0000 0000 0000 0000
0000 0000 0000 0000 0000 0000 0000 0000 0000 0000 0000 0000.
0000 0000 0000 0000 0000 0000 0000 0000 0000 0000 0000 0000
0000 0000 0000 0000 0000 0000 0000 0000 0000 0000 0000 0000.
0000 0000 0000 0001 0003 0021 0013 0006 0010 0023 0049 0010
0000 0000 0000 0000 0000 0000 0000 0000 0000 0000 0000 0000=
0000 ////////// 00000=
W=
L=
Z=
G=
FN
280010 302013 300008 326016 057004 //////
034004 PPC000 ////// 094006 036012 PPC002
////// ////// 344006 318016 ////// 294027
////// ////// 318041 ////// 311025 314023.
318029 102017 044022 321029 143014 //////
266018 259014 290011 296009 096006 056012
146009 190008 118020 127016 230019 246015
////// ////// ////// 250014 304013 238012.
////// 322016 081005 137010 081007 302007
PPC000 210007 045009 ////// 294008 //////
084005 184009 123009 131015 113014 079014
110022 054006 ////// 164006 294009 PPC002.
087012 068008 041024 310019 301019 293009
049010 327009 050004 141005 099008 280007
172007 127009 257009 ////// 086022 109046
108042 ////// ////// 312008 242014 265014.
314019 098007 300016 166008 215006 240010
068004 168005 340007 022006 165005 105009
219005 129011 157011 127020 288009 120018
131012 142020 ////// ////// 009006 318009.
348009 315008 140007 001008 306010 027008
309008 147005 126006 PPC000 275009 271006
108003 036007 189007 187011 145013 097028
////// ////// 100005 097010 108008 127015.
143024 235013 250013 184018 308008 341009
292011 299011 PPC000 320016 306010 320006
245007 ////// 020010 294008 236009 289006
////// 141012 153011 226007 238008 PPC000.
213008 160009 116010 PPC000 PPC001 011005
315009 PPC002 PPC000 PPC000 140004 //////
098005 PPC000 111007 037008 043011 //////
135010 202007 135006 153008 PPC000 261009.
337006 239011 152006 ////// 256005 029012
030016 070004 115012 090009 090006 097013
094020 ////// ////// 087018 099019 142009
////// ////// 060007 036013 038018 039015.
////// 035017 ////// 100007 117013 118014
116014 102017 100020 115012 102017 //////
093010 099014 063006 061008 ////// 043012
////// 280005 ////// 289011 ////// 285007.
299009 159006 318016 319011 300011 303008
042017 067008 308006 ////// 040013 058009
108020 107017 102010 131009 032016 000008
330012 ////// 046009 043011 033009 //////.
009011 302009 317012 324010 PPC002 261013
263010 264011 329015 149006 218009 010006
////// 237014 166012 ////// 157008 154008
////// ////// 219005 241006 293009 329019.
321022 272012 276003 317022 285013 237007
024005 318025 282010 228003 249005 //////
120007 145012 310035 313023 ////// //////
////// ////// 317030 318049 ////// 317032.
////// 100019 034023 028015 328009 311008
313020 158004 325005 ////// 245010 PPC000
////// ////// 092012 137013 068013 078011
////// ////// 118009 140010 272010 //////.
306016 038009 294018 PPC000 196005 077008
047005 094007 071008 312004 ////// 167007
247006 219010 206009 ////// 124007 245012
159009 ////// 138008 182003 326014 308015.
316018 241013 308021 ////// 251016 214009
301015 319030 324026 268038 272027 252026
306034 312034 302057 ////// 304066 //////
////// 312060 316039 307039 319053 319010.
241010 288017 304023 305031 311032 309026
315022 ////// 258011 ////// 102012 //////
////// 119015 145015 137011 116015 063012
295014 ////// 295009 327013 ////// 293008.
097006 028008 PPC002 PPC002 192007 337009
292008 258009 224008 230012 041011 144008
114005 312022 ////// 308028 ////// 307050
////// ////// 344011 315032 304021 312034.
////// 317042 292017 323045 315034 306021
////// 271012 152003 109011 228008 //////
////// ////// ////// 340012 ////// 257025
////// 265030 296019 ////// 321022 //////.
103009 319007 316020 133008 285017 //////
////// 346007 259010 154011 325010 //////
107005 155009 219021 ////// ////// 313022
319025 318023 ////// 315015 ////// 313019.
278011 309016 323007 104007 173008 312011
030011 ////// ////// ////// 264005 PPC000
////// 132008 ////// 169010 113014 119020
////// 067006 ////// 340010 ////// 310010.
296005 309011 343009 319020 072007 //////
035011 042011 118009 240011 020009 //////
154010 180009 131016 313015 ////// 065017
332022 ////// 321022 304020 310022 037015.
////// ////// ////// ////// ////// //////
////// ////// ////// ////// ////// //////
086012 161012 316005 ////// 140016 128011
////// 152017 ////// 108013 103012 035008.
070008 349010 323008 322009 ////// 277012
161004 107007 028008 292009 284008 037004
////// 069006 107012 122009 ////// 117009
////// 141012 152011 207008 025005 126008.
044003 322010 ////// 047016 043018 026008
311015 316012 ////// ////// 309009 PPC000
096007 124011 049010 136010 010003 178011
143016 194007 138010 104005 066005 067005.
193006 308009 038008 ////// 308008 130012
094007 317009 PPC000 110012 073005 //////
037008 046009 152010 164019 134016 146015
181012 128011 140011 PPC002 269009 123014.
007010 024013 030010 012009 014008 040015
////// 304009 124003 320010 026011 //////
////// 096008 ////// 148009 111009 132012
103022 ////// 086016 113013 091004 305009.
307006 321012 305016 037016 302013 //////
116008 290010 192007 ////// PPC000 //////
////// 122006 ////// 177010 106015 //////
////// 144015 ////// 088009 ////// //////.
PPC002 324005 PPC000 285009 274012 292011
023003 ////// 267005 ////// ////// //////
////// 134008 ////// 128013 128011 122007
120012 093017 118008 ////// 099006 //////.
////// 077007 087005 ////// 040019 //////
////// 346009 084006 109010 104018 053016
////// 085010 ////// 103019 110017 123020
104023 ////// ////// 111010 121007 //////.
////// 169003 047015 054014 040014 123007
049009 321079 ////// 315037 228019 //////
PPC001 294012 320029 321018 307037 //////
320019 ////// 042003 118009 074005 //////=
279010 302012 302009 323009 063004 //////
062005 PPC000 ////// 079008 042009 268005
////// ////// 294009 294016 ////// 307025
////// ////// 314035 ////// 310024 311024.
321028 106016 049020 318026 137012 //////
277015 255011 313010 305008 068009 066008
128008 159009 115018 143011 204013 251022
////// ////// ////// 246015 295018 244011.
////// 317012 356011 137010 090007 309006
227004 216008 088003 ////// 309007 //////
133008 227010 151006 147011 103013 088012
107024 085006 ////// 160005 306009 082004.
093010 042009 043021 308015 301018 293007
046009 011008 029005 117006 093006 296007
245006 121009 296009 ////// 099018 111028
104044 ////// ////// 311006 257018 267016.
314020 090008 297016 112008 200008 238010
086008 168003 357005 018007 125006 106008
222004 136010 140014 122015 234010 127017
134014 142017 ////// ////// 358008 319007.
347008 320006 084004 350013 313011 002008
333008 206008 077009 PPC000 268008 260007
PPC002 081006 197005 154012 114010 104020
////// ////// 080007 104008 083009 119013.
148023 228013 258013 205011 331008 325005
319010 300013 287005 319015 307012 347008
249006 ////// 024008 250006 280008 318008
////// 141011 152011 203008 251007 PPC000.
187004 156009 112007 113003 307005 348005
315010 298004 071003 PPC000 127005 //////
093004 PPC000 052006 028006 068005 //////
135010 217008 151006 152007 PPC002 253008.
344004 240011 169005 ////// 300006 033011
031015 099007 110008 093010 082006 092009
094023 ////// ////// 100020 096021 125012
////// ////// 076009 044012 042014 054010.
////// 042017 ////// 139008 108012 105016
090011 110020 101021 111014 103020 //////
108011 104014 088010 087008 ////// 041010
////// 255004 ////// 296010 ////// 094005.
308008 340008 312016 312013 295006 291010
042017 070008 312008 ////// 034009 045009
107016 107019 075009 078012 036015 098007
357009 ////// 020008 001007 008004 //////.
017009 304006 315011 319008 PPC000 266011
268011 259010 318009 242003 220005 027005
////// 242015 154009 ////// 148012 148008
////// ////// 210005 210005 291012 323019.
317016 274010 207004 318026 281015 255008
355010 320025 278010 PPC001 221008 //////
090007 148011 312019 315027 ////// //////
////// ////// 318038 319043 ////// 317030.
////// 102018 044020 028015 319009 335009
315022 PPC001 329006 ////// 239011 PPC002
////// ////// 111012 130015 100014 085013
////// ////// 117010 144010 265010 //////.
302017 053007 298016 PPC001 193004 111006
033005 097006 078006 301007 ////// 163008
336004 199010 193008 ////// 130012 188012
190012 ////// 152007 189006 322015 301011.
313019 253013 295016 ////// 250016 190008
303013 319026 322025 272035 266026 253027
274026 307042 304056 ////// 313078 //////
////// 314060 320045 312040 320047 338011.
256007 295017 305022 306030 310031 304028
313022 ////// 262012 ////// 089009 //////
////// 139010 133014 124019 130016 042009
309021 ////// 300012 330012 ////// 289009.
096010 043006 214007 348004 190005 334006
279006 198005 252006 234016 051011 136012
126009 309017 ////// 297021 ////// 311047
////// ////// 327020 314027 307020 316041.
////// 319040 287018 323044 312036 308025
////// 265013 PPC002 112010 216007 //////
////// ////// ////// 359013 ////// 259020
////// 267024 303019 ////// 320019 //////.
104008 342008 316018 135006 282014 //////
////// 355010 254011 177007 339006 //////
094005 157008 213014 ////// ////// 299022
309016 325029 ////// 311011 ////// 312021.
288012 311014 330008 082008 160007 312011
030008 ////// ////// ////// 267006 PPC001
////// 136009 ////// 160010 125014 124014
////// 116008 ////// 338010 ////// 313010.
308005 310010 012007 313015 087006 //////
063010 050008 077012 236013 355007 //////
135011 188012 139013 332022 ////// 026017
312026 ////// 318020 307019 311021 036014.
////// ////// ////// ////// ////// //////
////// ////// ////// ////// ////// //////
106009 157009 054007 ////// 135015 139015
////// 145017 ////// 114013 098010 048005.
079007 330011 341005 315009 ////// 280012
141004 087008 022010 298007 278008 083010
////// 009003 109010 144008 ////// 085008
////// 149013 149010 205008 054007 126007.
036004 312008 ////// 039017 041015 348010
309013 312010 ////// ////// 295007 146003
099007 090010 087010 134014 116008 154012
165013 181009 133010 090006 066005 051006.
185003 311010 029007 ////// 306007 208007
154006 288004 262004 108010 084008 //////
349003 088008 146009 157013 132010 139012
166013 127011 144012 169005 280009 121013.
359007 024010 028010 003009 013009 036015
////// 292009 138003 317011 022009 //////
////// 121005 ////// 119014 094011 127021
099024 ////// 097014 108011 078006 303012.
321007 317009 309015 039014 301013 //////
118008 273007 216007 ////// 296003 //////
////// 119008 ////// 171008 113015 //////
////// 145015 ////// 102006 ////// //////.
126005 326007 PPC002 322005 267011 297012
017004 ////// 350006 ////// ////// //////
////// 137009 ////// 126011 131011 103013
124012 100018 132006 ////// 077007 //////.
////// 074005 082004 ////// 042020 //////
////// 344009 089007 098011 090014 069013
////// 091012 ////// 106021 104022 112020
104021 ////// ////// 105010 066006 //////.
////// 120006 055011 047012 036010 083009
055007 319080 ////// 315028 239019 //////
308005 271008 320026 308018 306025 //////
313028 ////// 072006 112006 PPC001 //////=
058317 1615 091326 1611
030231 1649 044264 1524
032111 1430 042112 1432
049108 1445 068098 1456
020265 2010 029121 1506
027035 2349 035076 1453
023138 2043 059101 2037
013039 0140 019037 1213
030104 1010 051090 1016
027102 0510 047115 0803
022105 0909 042104 0845
026319 1925 029321 1923
048313 1510 067321 1448
034318 2021 045323 2031
018299 2059 027135 1231
097314 1156 145309 1038
035314 0109 049315 0113
061308 1320 094329 1305
051317 0120 066309 2126
046297 1315 063287 1311
022248 2111 030056 1533
035312 1516 060318 1232
027139 1422 037174 1412
022107 1318 038048 1310
019035 2228 029110 1510
022312 0009 027307 2354
032106 1433 041065 1425
020316 0138 028143 1409
022095 1620 035110 1409
032099 1052 043129 1331
087324 0409 131340 0406=
D=
K=
A=
S=
B=
??????
******
YF
O2200
河南省
豫新安北冶
新安县北冶乡政府院内
丘陵；乡村；地面
杨仕贤
胡容
胡容
胡容
王国安
胡容
20091124=
JY
8888=
GK
01/本月平均温度17.3℃，降水量40.8毫米。
02/本月主要降水过程出现在4-5日、7-8日、10-13日、31日。
05/=
BZ
BB/01/09时温度用正点前1分钟值代替。10时温度用正点前2分钟值代替。15时温度用正点前1分钟值代替。16时温度用正点前6分钟值代替。
BB/01-31/气温定时数据缺测一小时的用内插法，缺测两小时或两小时的按缺测处理。风速风向定时数据缺测的按缺测处理。
BB/02/15时温度用正点前1分钟值代替。16时温度用正点前1分钟值代替。17时温度用正点前2分钟值代替。
BB/04/16时温度用正点前3分钟值代替。17时温度用正点前10分钟值代替。
BB/05/17时温度用正点前2分钟值代替。18时温度用正点前2分钟值代替。
BB/06/15时温度用正点前2分钟值代替。16时温度用正点前2分钟值代替。
BB/09/10时温度用正点前10分钟值代替。15时温度用正点前2分钟值代替。16时温度用正点前4分钟值代替。11时温度用前后正点数据内插。
BB/12/15时温度用正点前1分钟值代替。16时温度用正点前1分钟值代替。
BB/13/13时温度用正点前4分钟值代替。14时温度用正点前1分钟值代替。15时温度用正点前2分钟值代替。16时温度用正点前2分钟值代替。
BB/14/09时温度用正点前1分钟值代替。10时温度用正点前8分钟值代替。15时温度用正点前1分钟值代替。16时温度用正点前3分钟值代替。
BB/16/14时温度用正点前2分钟值代替。15时温度用正点前5分钟值代替。
BB/17/08时温度用正点前5分钟值代替。09时温度用正点后1分钟值代替。
BB/18/15时温度用正点前1分钟值代替。16时温度用正点前1分钟值代替。
BB/19/08时温度用正点前1分钟值代替。09时温度用正点前7分钟值代替。10时温度用正点前4分钟值代替。11时温度用正点前1分钟值代替。
BB/20/02时温度用正点前1分钟值代替。03时温度用正点前1分钟值代替。12时温度用正点前1分钟值代替。13时温度用正点后1分钟值代替。
BB/21/04时温度用正点前1分钟值代替。05时温度用正点前1分钟值代替。06时温度用正点前1分钟值代替。
BB/23/21时温度用正点前2分钟值代替。08时温度用正点后10分钟值代替。
BB/25/05时温度用正点前1分钟值代替。06时温度用正点前1分钟值代替。
BB/27/08时温度用正点前1分钟值代替。09时温度用正点前1分钟值代替。
BB/28/08时温度用正点前6分钟值代替。09时温度用正点后1分钟值代替。14时温度用正点前1分钟值代替。15时温度用正点前3分钟值代替。19时温度用正点前4分钟值代替。20时温度用正点前1分钟值代替。
BB/29/06时温度用正点前1分钟值代替。07时温度用正点前1分钟值代替。08时温度用正点前1分钟值代替。09时温度用正点前1分钟值代替。20时温度用正点前1分钟值代替。
BB/30/21时温度用正点前1分钟值代替。02时温度用正点前1分钟值代替。03时温度用正点前3分钟值代替。16时温度用正点后5分钟值代替。17时温度用正点前4分钟值代替。20时温度用正点前1分钟值代替。
BB/31/21时温度用正点前2分钟值代替。20时温度用正点前5分钟值代替。
00/345300/1120600
10/345300/1120600
10/24/24小时连续观测
11/不守班=
######
