O2225 3440N 11228E 001290 001300 105 000 S15 91999999919999199999 0 2009 08
P=
TB
0265 0266 0260 0254 0251 0245 0241 0241 0241 0245 0250 0262
0270 0284 0302 0305 0311 0324 0325 0325 0318 0309 0301 0291 0331 1411 0239 0339.
0283 0283 0278 0276 0265 0269 0264 0265 0258 0260 0261 0267
0280 0299 0313 0320 0330 0336 0343 0344 0332 0283 0260 0261 0351 1451 0257 0526.
0261 0261 0254 0253 0252 0248 0247 0248 0247 0246 0248 0250
0255 0256 0266 0265 0266 0262 0259 0263 0254 0251 0248 0244 0272 1137 0244 1949.
0242 0241 0240 0236 0237 0236 0237 0234 0234 0231 0239 0247
0253 0254 0251 0251 0255 0264 0268 0266 0254 0252 0247 0243 0273 1436 0231 0540.
0246 0241 0244 0239 0237 0236 0235 0235 0233 0232 0233 0237
0238 0242 0240 0239 0235 0235 0244 0247 0248 0240 0233 0229 0251 1545 0229 1949.
0228 0225 0224 0224 0226 0226 0228 0227 0227 0226 0226 0228
0235 0248 0262 0272 0276 0276 0288 0297 0290 0283 0273 0261 0299 1552 0223 2348.
0250 0245 0242 0244 0234 0225 0233 0237 0234 0236 0238 0245
0252 0266 0284 0298 0304 0310 0315 0309 0307 0298 0287 0275 0319 1451 0225 0200.
0267 0259 //// //// 0254 0253 0249 0253 0250 0248 0243 0253
0259 0266 0277 0289 0303 0301 0309 0305 0305 0299 0290 0275 0313 1502 0238 0618.
0269 0260 0250 0249 0254 0252 0251 0246 0242 0243 0249 0264
0272 0282 0283 0307 0312 0317 0322 0320 0319 0312 0297 0289 0327 1525 0240 0537.
0277 0275 0260 0268 0265 0263 0265 0260 0256 0256 0255 0262
0271 0274 0296 0315 0319 0328 0324 0316 0306 0298 0290 0279 0334 1341 0254 0640.
0274 0271 0265 0262 0258 0255 0248 0244 0238 0236 0240 0265
0290 0296 0305 0317 0319 0335 0331 0315 0310 0308 0297 0293 0346 1441 0234 0610.
0287 0281 0275 //// //// //// //// //// //// //// //// ////
//// //// //// //// //// //// //// //// //// //// //// //// 0292 2001 0274 2258.
//// //// //// 0263 0260 0252 0239 0236 0227 0223 0231 0231
0268 0267 0322 0340 0357 0357 0376 0373 0366 0352 0323 0294 0378 1435 0222 0607.
0287 0288 0273 0270 0257 0247 0247 0252 0241 0240 0237 0251
0278 0277 0313 0332 0349 0365 0364 0357 0358 0342 0341 0310 0368 1404 0233 0537.
0297 0269 0279 0279 0269 0250 0263 0249 0253 0245 0250 0262
0279 0306 0318 0318 0340 0346 0350 0351 0353 0330 0317 0301 0355 1437 0245 0556.
0293 0292 0285 0276 0270 0264 0264 0254 0245 0248 0263 0275
0275 0302 0312 0327 0326 0331 0298 0299 0280 0252 0235 0229 0334 1211 0229 2000.
0229 0226 0226 0229 0234 0234 0237 0237 0237 0239 0239 0237
0238 0246 0245 0252 0259 0275 0274 0274 0268 0272 0272 0250 0282 1338 0222 2053.
0246 0246 0239 0237 0238 0238 0231 0223 0223 0227 0236 0236
0249 0272 0287 0294 0283 0283 0285 0279 0279 0276 0276 0266 0301 1327 0221 0416.
0263 0262 0266 0266 0258 0256 0255 0255 0239 0240 0238 0238
0242 0254 0266 0296 0312 0318 0303 0293 0294 0291 0280 0271 0320 1352 0232 0358.
0267 0262 0258 0254 0249 0247 0247 0246 0227 0227 0223 0232
0236 0243 0243 0253 0271 0280 0280 0284 0286 0279 0270 0250 0293 1602 0221 0606.
0261 0259 0256 0255 0253 0252 0248 0247 0244 0243 0239 0236
0238 0242 0241 0244 0244 0237 0232 0232 0205 0204 0205 0206 0262 2214 0197 1712.
0206 0203 0198 0195 0197 0198 0197 0196 0193 0193 0193 0193
0197 0201 0205 0211 0227 0224 0224 0222 0222 0223 0218 0214 0230 1257 0192 0616.
0212 0211 0210 0210 0208 0204 0204 0207 0203 0206 0212 0212
0240 0251 0262 0264 0274 0277 0285 0282 0290 0281 0281 0257 0290 1605 0201 0212.
0250 0242 0236 0237 0239 0237 0231 0226 0226 0223 0223 0230
0233 0244 0257 0268 0283 0287 0291 0291 0284 0274 0267 0261 0295 1526 0222 0610.
0256 0252 0249 0248 0247 0245 0242 0241 0237 0229 0239 0245
0253 0268 0284 0298 0307 0324 0321 0325 0318 0310 0296 0290 0328 1423 0229 0558.
0284 0279 0271 0264 0265 0258 0266 0231 0233 0232 0239 0260
0275 0294 0294 0297 0307 0310 0312 0305 0296 0288 0276 0266 0318 1405 0230 0355.
0262 0262 0257 0252 0251 0249 0243 0235 0234 0229 0229 0253
0254 0299 0299 0318 0324 0345 0346 0349 0346 0346 0311 0285 0352 1630 0227 0607.
0283 0261 0261 0261 0254 0244 0244 0233 0225 0226 0226 0231
0250 0268 0284 0294 0292 0300 0293 0287 0287 0274 0274 0256 0305 1326 0223 0456.
0249 0241 0233 0233 0207 0206 0205 0192 0192 0189 0169 0164
0163 0169 0169 0162 0163 0167 0176 0179 0179 0179 0174 0173 0255 2001 0161 1052.
0169 0168 0168 0156 0154 0159 0157 0156 0148 0149 0157 0172
0189 0205 0225 0236 0255 0255 0269 0264 0264 0260 0219 0204 0273 1433 0148 0500.
0221 0213 0200 0191 0188 0170 0168 0173 0175 0171 0180 0193
0216 0228 0245 0246 0266 0287 0288 0287 0288 0287 0272 0241 0293 1626 0166 0255=
I=
E=
U=
N=
H=
C=
V=
R6
0000 0000 0000
0000 0000 0000
0000 0010 0010
0001 0000 0001
0000 0004 0004
0001 0000 0001
0000 0000 0000
0025 0000 0025
0003 0000 0003
0000 0000 0000
0000 0000 0000
0000 0000 0000
0000 0000 0000
0000 0000 0000
0000 0000 0000
0000 0336 0336
0427 0006 0433
0000 0000 0000
0001 0000 0001
0000 0000 0000
0000 0037 0037
0002 0000 0002
0000 0000 0000
0000 0000 0000
0000 0000 0000
0148 0000 0148
0000 0000 0000
0000 0000 0000
0359 0019 0378
0000 0000 0000
0000 0000 0000=
0000 0000 0000 0000 0000 0000 0000 0000 0000 0000 0000 0000
0000 0000 0000 0000 0000 0000 0000 0000 0000 0000 0000 0000.
0000 0000 0000 0000 0000 0000 0000 0000 0000 0000 0000 0000
0000 0000 0000 0000 0000 0000 0000 0000 0000 0000 0000 0000.
0000 0000 0000 0000 0000 0000 0000 0000 0000 0000 0000 0000
0000 0000 0000 0000 0000 0000 0000 0000 0006 0000 0004 0000.
0000 0000 0001 0000 0000 0000 0000 0000 0000 0000 0000 0000
0000 0000 0000 0000 0000 0000 0000 0000 0000 0000 0000 0000.
0000 0000 0000 0000 0000 0000 0000 0000 0000 0000 0000 0000
0000 0000 0000 0000 0000 0000 0000 0000 0004 0000 0000 0000.
0000 0000 0000 0000 0000 0000 0001 0000 0000 0000 0000 0000
0000 0000 0000 0000 0000 0000 0000 0000 0000 0000 0000 0000.
0000 0000 0000 0000 0000 0000 0000 0000 0000 0000 0000 0000
0000 0000 0000 0000 0000 0000 0000 0000 0000 0000 0000 0000.
0000 0000 0000 0000 0000 0000 0000 0000 0000 0008 0017 0000
0000 0000 0000 0000 0000 0000 0000 0000 0000 0000 0000 0000.
0000 0000 0000 0000 0000 0000 0000 0000 0000 0003 0000 0000
0000 0000 0000 0000 0000 0000 0000 0000 0000 0000 0000 0000.
0000 0000 0000 0000 0000 0000 0000 0000 0000 0000 0000 0000
0000 0000 0000 0000 0000 0000 0000 0000 0000 0000 0000 0000.
0000 0000 0000 0000 0000 0000 0000 0000 0000 0000 0000 0000
0000 0000 0000 0000 0000 0000 0000 0000 0000 0000 0000 0000.
0000 0000 0000 0000 0000 0000 0000 0000 0000 0000 0000 0000
0000 0000 0000 0000 0000 0000 0000 0000 0000 0000 0000 0000.
0000 0000 0000 0000 0000 0000 0000 0000 0000 0000 0000 0000
0000 0000 0000 0000 0000 0000 0000 0000 0000 0000 0000 0000.
0000 0000 0000 0000 0000 0000 0000 0000 0000 0000 0000 0000
0000 0000 0000 0000 0000 0000 0000 0000 0000 0000 0000 0000.
0000 0000 0000 0000 0000 0000 0000 0000 0000 0000 0000 0000
0000 0000 0000 0000 0000 0000 0000 0000 0000 0000 0000 0000.
0000 0000 0000 0000 0000 0000 0000 0000 0000 0000 0000 0000
0000 0000 0000 0000 0000 0011 0001 0000 0000 0020 0182 0122.
0333 0008 0012 0026 0033 0000 0001 0006 0002 0004 0001 0001
0000 0000 0000 0002 0003 0001 0000 0000 0000 0000 0000 0000.
0000 0000 0000 0000 0000 0000 0000 0000 0000 0000 0000 0000
0000 0000 0000 0000 0000 0000 0000 0000 0000 0000 0000 0000.
0000 0000 0000 0000 0000 0000 0000 0001 0000 0000 0000 0000
0000 0000 0000 0000 0000 0000 0000 0000 0000 0000 0000 0000.
0000 0000 0000 0000 0000 0000 0000 0000 0000 0000 0000 0000
0000 0000 0000 0000 0000 0000 0000 0000 0000 0000 0000 0000.
0000 0000 0000 0000 0000 0000 0000 0000 0000 0000 0000 0000
0000 0000 0000 0000 0000 0000 0000 0000 0018 0019 0000 0000.
0001 0000 0000 0000 0001 0000 0000 0000 0000 0000 0000 0000
0000 0000 0000 0000 0000 0000 0000 0000 0000 0000 0000 0000.
0000 0000 0000 0000 0000 0000 0000 0000 0000 0000 0000 0000
0000 0000 0000 0000 0000 0000 0000 0000 0000 0000 0000 0000.
0000 0000 0000 0000 0000 0000 0000 0000 0000 0000 0000 0000
0000 0000 0000 0000 0000 0000 0000 0000 0000 0000 0000 0000.
0000 0000 0000 0000 0000 0000 0000 0000 0000 0000 0000 0000
0000 0000 0000 0000 0000 0000 0000 0000 0000 0000 0000 0000.
0000 0000 0000 0000 0000 0000 0000 0147 0000 0000 0000 0001
0000 0000 0000 0000 0000 0000 0000 0000 0000 0000 0000 0000.
0000 0000 0000 0000 0000 0000 0000 0000 0000 0000 0000 0000
0000 0000 0000 0000 0000 0000 0000 0000 0000 0000 0000 0000.
0000 0000 0000 0000 0000 0000 0000 0000 0000 0000 0000 0000
0000 0000 0000 0000 0000 0000 0000 0000 0000 0000 0000 0000.
0000 0000 0001 0023 0020 0006 0053 0078 0071 0059 0038 0010
0003 0008 0004 0002 0001 0001 0000 0000 0000 0000 0000 0000.
0000 0000 0000 0000 0000 0000 0000 0000 0000 0000 0000 0000
0000 0000 0000 0000 0000 0000 0000 0000 0000 0000 0000 0000.
0000 0000 0000 0000 0000 0000 0000 0000 0000 0000 0000 0000
0000 0000 0000 0000 0000 0000 0000 0000 0000 0000 0000 0000=
0000 ////////// 00000=
W=
L=
Z=
G=
FN
177010 244018 259012 268014 289013 268011
028006 154009 149007 142007 211010 203010
352010 340008 111018 192010 048009 136017
093012 140023 121019 132019 131013 213009.
195014 211015 236013 272016 279014 280018
278010 229016 165010 185011 269025 237022
286013 279019 279022 279026 270012 236023
043010 348010 082021 120041 108023 068013.
077015 044017 054027 097014 062012 068012
093010 100014 065017 056013 076022 059020
068020 079028 097033 087025 068025 080035
066031 080018 089015 123009 111009 038007.
076008 046008 359012 PPC000 056005 026007
095009 144008 134003 PPC000 PPC000 065004
095014 091011 254017 281017 356012 347014
089013 092017 144013 342007 119013 003007.
112012 091008 079012 070010 073012 059007
070012 069023 068010 034010 062014 060019
059013 066016 069017 067023 083012 059011
102019 107029 091026 124025 104025 062018.
051008 087016 066012 016007 354015 010005
077008 060007 010007 355003 081010 084012
075012 054017 090015 134017 107026 011014
053019 109014 084012 115014 064009 083011.
083008 PPC002 000004 054012 148007 PPC000
086009 137013 055009 054010 071010 054019
110017 107023 079013 092028 104026 085034
097024 097032 099025 075019 106011 071015.
056013 030007 ////// ////// 153009 064008
078006 063009 067012 110015 014006 033011
059011 115015 046017 075023 092030 097030
124023 122019 100021 107013 111015 129009.
159010 149008 047008 325004 005003 131004
353003 351005 161013 166012 154006 116011
096013 083014 098019 071015 121023 145019
106014 148020 140015 074010 090011 072013.
055008 314010 272003 257014 267018 287020
291021 241016 278019 268025 287031 284023
280021 258020 271027 254017 243012 131022
156022 116025 114021 135015 127014 174014.
250015 243013 267017 ////// 267017 241017
269015 259016 267014 262022 270011 //////
257021 269013 251018 246028 233022 233032
238031 245037 236022 261028 259027 268025.
259020 ////// 255019 ////// ////// //////
////// ////// ////// ////// ////// //////
////// ////// ////// ////// ////// //////
////// ////// ////// ////// ////// //////.
////// ////// ////// 254022 252018 246024
246023 250011 258023 243022 244016 269019
229026 203018 240026 214018 241025 187022
179022 162023 179017 120011 058016 018006.
093011 297008 082004 319007 320007 358005
340005 244012 261019 244015 236018 237022
238015 198013 165016 141019 346016 331010
139017 117016 121018 184018 166014 183014.
114011 024006 055011 017005 004010 PPC001
242009 284010 258016 245016 243025 250012
211011 290008 064015 171024 118017 129018
119022 105015 086018 095017 073019 060011.
089009 101014 063005 053009 049010 052008
074010 126008 254004 034006 065006 PPC001
022013 098012 063017 080023 074022 137016
351032 183018 215014 047011 220010 263043.
031010 081017 315005 325014 309011 PPC001
177008 158011 PPC000 PPC000 ////// //////
042010 354008 334014 316007 ////// 055018
072031 133029 101014 093028 055020 076016.
075013 ////// 085014 058009 103011 //////
063011 254004 PPC000 053015 044009 054018
076024 064020 080031 129018 127013 083023
092017 132015 122024 075014 097014 PPC002.
079003 301011 079007 036009 104010 182005
302011 290035 288039 307048 278036 296038
279039 299046 291061 289061 297046 287049
287060 296042 287067 ////// 288042 275024.
280042 281034 292036 ////// 286026 286022
291038 227016 244020 PPC000 ////// //////
161009 289013 ////// ////// 001009 063012
069012 ////// 077011 059011 057007 057008.
048008 098008 PPC001 015005 054004 046015
058009 048009 076008 076015 028008 065013
091015 074019 081016 067020 055015 078021
064011 ////// 135026 088012 074016 075017.
079017 080024 073014 045014 067013 109019
074014 000024 076005 344009 050006 096012
047007 PPC000 129010 067017 147013 095016
097016 084017 057012 063012 082018 077012.
054013 160004 061003 121005 081006 088004
068007 119011 202009 163003 086007 //////
275016 132008 141010 206011 046005 142012
055013 167008 097011 111009 044007 080011.
086010 093004 034005 050008 008008 067012
056016 073009 052013 096011 071014 011010
091013 045022 082022 090022 052022 047012
101026 080015 045016 070023 078019 084011.
076008 060009 064007 051017 087014 070013
049005 034006 357008 043005 100011 063008
135008 158009 125014 119014 156015 050010
148022 118019 095020 077014 062011 124009.
074010 011011 PPC000 345007 183006 332005
293017 PPC001 273004 274027 282030 290026
284039 277027 299065 292070 300047 289049
296051 303036 309025 297038 301017 266021.
260026 262023 247014 262022 296020 305016
272013 254010 242017 287009 295014 254015
////// 299031 306021 ////// 281018 248025
229022 226016 245027 240026 185010 217006.
245017 233006 293015 274015 244024 259021
263016 330004 166017 088011 ////// 072009
044008 ////// 092042 ////// 094033 068038
081043 097055 ////// 089028 ////// 097023.
096018 096020 101021 105030 042031 063016
////// 069011 101026 ////// ////// 089050
087027 082038 ////// 101033 068019 074010
062016 087018 098012 097016 067013 130008.
172012 193007 133004 299008 157011 241012
261017 227010 278008 248011 255016 239019
279018 357012 140010 213025 317020 118014
300011 135014 171014 168012 149007 220008.
227014 214021 PPC000 280015 204007 221007
294013 276019 273017 258013 240017 252014
222015 238022 199013 011010 156018 144018
////// 118021 ////// ////// ////// 194017=
173009 245019 253015 270012 283013 276010
PPC001 160010 149004 136008 193008 193009
345011 359012 127013 166013 033011 117015
103018 131018 129019 133016 129012 206012.
196010 207014 231010 268016 281014 274016
263012 223013 161011 163009 257020 242020
254017 280019 290017 267020 248018 246019
011011 035008 080018 107047 099021 075020.
072012 057023 055021 080014 077016 071013
100009 100014 069017 069017 080017 064022
065023 069023 092026 083029 078023 081028
070030 075018 101014 116008 099009 043008.
056011 048007 357008 PPC001 062003 PPC002
105008 140005 158006 PPC000 PPC001 049005
106011 106012 230008 276019 351009 350015
065013 101017 146011 347009 123016 017006.
110013 078007 081009 072011 094012 066009
067010 063019 073011 051013 060012 073019
072015 064011 074015 068021 058019 034012
096015 102028 103021 113020 105026 077016.
017012 086015 063011 345003 358009 030006
072007 041007 017008 044005 074009 095010
072010 079015 093019 127018 099022 043017
067016 112015 081013 116018 078013 082010.
073007 PPC002 005003 038008 141007 PPC001
075008 115011 051007 057009 077011 059016
096017 100025 103014 085024 100021 086025
089028 098027 115018 081021 087015 068014.
067010 067006 ////// ////// 153010 063008
061004 057009 072011 105010 005005 036008
061009 115013 067014 079023 088029 103023
104022 121024 116024 112017 102018 154009.
158011 155008 047005 345005 PPC001 108004
025003 008004 159014 163011 160006 107007
104013 084015 097021 086017 115021 153021
110017 156020 147009 100008 079007 075014.
060006 315012 PPC002 259015 264011 275017
289021 248014 265026 280023 290025 278018
267019 265021 277023 259011 257011 117020
152021 118021 113016 135016 126012 169012.
259019 251015 268018 ////// 269018 242017
263018 254015 274015 258020 267012 //////
265019 255016 237020 239026 240022 229030
243031 244031 243022 257025 262022 265024.
257018 ////// 249019 ////// ////// //////
////// ////// ////// ////// ////// //////
////// ////// ////// ////// ////// //////
////// ////// ////// ////// ////// //////.
////// ////// ////// 258016 249026 250021
247020 248014 262022 247018 245021 255021
238025 232018 247020 217018 258021 179028
193024 175022 182019 144012 075011 035006.
091010 297005 044010 330005 342003 341007
326004 250012 259019 245016 240019 243022
234011 237014 160015 166015 071014 355013
140020 133016 126017 180019 170014 183013.
117010 026005 076010 009004 003012 PPC002
235012 284010 261017 259014 243026 257017
209011 261014 091012 153019 072014 129017
113021 118017 092021 088019 076016 062007.
087010 098010 073011 053008 058009 067007
077008 110006 236004 040004 040006 PPC002
040009 068009 063015 067019 070023 134020
003020 162016 209014 066012 217016 264040.
051014 088020 314004 315012 308010 079005
169005 160010 PPC000 PPC000 ////// //////
033011 359008 344014 321009 ////// 071017
076020 123024 081014 092023 061019 072014.
079009 ////// 081007 068009 107009 //////
056010 246003 PPC001 053013 053008 063016
077024 071016 104027 129022 127013 084021
090017 138011 112022 073012 102013 157005.
082005 322007 105009 042003 094008 170006
291006 290039 284039 303046 281036 291039
289042 292039 291050 290056 293046 277054
286056 289053 288054 ////// 294041 273031.
278035 286034 287034 ////// 286023 292021
291031 247016 244020 297005 ////// //////
200008 284011 ////// ////// 014008 073011
088013 ////// 078016 069011 048007 066006.
057008 089007 007005 027005 059005 051012
068008 048011 078009 064014 048008 059010
091013 087017 078019 079017 079017 091033
076015 ////// 132022 087017 086017 079017.
078013 083021 064013 055012 073014 110020
084013 354020 027013 013008 048007 093012
054007 PPC000 115010 066014 103012 101013
088014 088015 078012 081011 083014 079010.
069014 100009 055004 092005 072006 079004
058005 119010 204009 PPC001 120007 //////
269010 140010 135008 173011 073007 177010
094010 122011 089012 094007 062005 079012.
079008 070006 047004 047005 005007 032009
056014 061012 059010 079011 073009 053010
081014 069020 084019 088023 054017 068016
094023 068016 061019 073021 085018 091011.
066008 061010 055006 044014 059014 062010
041005 033003 001004 058003 101006 057007
115007 099010 125012 117013 130019 032012
141018 125016 101019 081013 069012 109009.
083009 014009 064003 324003 PPC002 314008
300015 347005 271005 275024 283029 290040
283045 283035 288059 286059 293048 311039
308042 314037 312029 296029 300024 267017.
259022 263020 266017 263020 296021 288019
268012 240011 241016 279009 288012 246016
////// 298028 296018 ////// 254016 237018
242024 221016 241023 243026 200010 218003.
248014 234008 288015 272017 259021 250021
271015 293010 162006 088012 ////// 080010
081013 ////// 092041 ////// 088031 080036
087041 099050 ////// 089032 ////// 100024.
093017 094016 100016 101028 049020 039018
////// 077016 094024 ////// ////// 097040
087023 088046 ////// 098034 080016 084011
068013 101015 090017 102016 076011 125009.
172011 189008 151004 310006 160010 242012
262013 233014 250007 240011 260015 239018
243020 305016 161011 176020 290018 149010
296013 157015 152010 173011 150007 209007.
237014 229019 180006 278015 205008 204007
292013 280016 276017 262015 247013 248019
217014 218017 198014 311014 152013 116014
////// 124021 ////// ////// ////// 200017=
022252 2213 037124 1543
047102 1759 059096 1744
045099 1113 071090 1122
023299 1144 034318 1136
030115 1626 047093 1855
022099 1300 035118 1512
032100 1451 058065 1444
031114 1552 051124 1546
024094 1035 038107 1031
028291 0737 040284 0702
046237 1437 058248 1434
025271 2006 040236 2005
029244 0230 046160 1428
027241 0633 042233 0625
026242 0659 039107 1650
050244 1840 076248 1841
040263 2001 053138 1629
027112 1059 043059 0847
065293 1649 098292 0344
044291 2225 059281 2223
038103 1348 065093 1344
031094 0131 048093 0123
018169 1522 028121 1522
024100 1027 039093 1738
022128 1627 031096 1521
061297 1136 107304 0323
036287 0950 059318 0131
052097 1448 079104 1334
055100 1049 080110 0737
022177 1122 039287 1254
025129 1606 041197 1908=
D=
K=
A=
S=
B=
??????
******
YF
O2225
河南省
豫洛阳牡丹研究所
洛阳市牡丹研究所牡丹培育园
平原；城镇；地面
许怀庆
刘景莉
刘景莉
刘景莉
王国安
刘景莉
20090911=
JY
8888=
GK
01/本月平均温度25.7℃，比历年平均值25.8℃低0.1℃，月最高温度37.8℃，出现在13日，月降水量137.9毫米。
02/月内主要有六次降水过程，分别出现在3-6日 8-9日 16-17日 21-22日 26日 29日。一日最大降水量43.3毫米出现在17日。
05/=
BZ
BB/08/23―24时温度缺测。23―24时二分钟、十分钟风向风速缺测。
BB/11/24时、8时温度缺测，故该时次记录用内插求得。24时、8时二分钟、十分钟风向风速缺测。
BB/12/22时温度缺测，故该时次记录用内插求得。24―20时温度缺测，影响该日的4次和24次平均，故缺测。22时、24―20时二分钟、十分钟风向风速缺测，影响该日的4次和24次平均，故缺测。
BB/13/21―23时温度缺测。21―23时二分钟、十分钟风向风速缺测。
BB/16/20时温度数据（23.5）是错误的，正确的数据（22.9）用分钟记录代替。
BB/17/7―8时、13时二分钟、十分钟风向风速缺测。
BB/18/22时、2时二分钟、十分钟风向风速缺测。
BB/19/18时二分钟、十分钟风向风速缺测。
BB/20/24时温度缺测，故该时次记录用内插求得。24时、7―8时、11―12时、16时二分钟、十分钟风向风速缺测，影响该日的4次和24次平均，故缺测。
BB/21/16时二分钟、十分钟风向风速缺测。
BB/23/8时二分钟、十分钟风向风速缺测。
BB/27/9时、12时二分钟、十分钟风向风速缺测。
BB/28/7时、10时、12时、17时、19时二分钟、十分钟风向风速缺测。
BB/29/3时、6时、7时、11时二分钟、十分钟风向风速缺测。
BB/31/15时、17―19时二分钟、十分钟风向风速缺测。
00/343900/1122800
10/343900/1122800
10/24/24小时连续观测
11/不守班=
######
