O2220 3418N 11233E 002941 002941 105 000 S15 91999999919999199999 0 2012 05
P=
TB
0169 0171 0170 //// //// //// //// //// //// //// 0165 0177
0184 0199 0226 0240 0240 0242 0229 0227 0223 0218 0212 0203 0257 1250 0162 0626.
0182 0194 0188 //// //// //// //// //// //// 0155 0175 0198
0216 0230 0253 0260 0265 0263 0261 0252 0243 0234 0218 0205 0271 1309 0155 0600.
0205 0196 0192 0188 //// //// //// //// //// 0156 0177 0211
0231 0239 0243 0260 0254 0262 0254 0258 0253 0237 0214 0193 0267 1228 0156 0601.
0183 0194 0189 0174 //// //// //// //// //// 0159 0170 0203
0233 0249 0264 0277 0283 0292 0286 0289 0279 0258 0234 0220 0298 1426 0153 0544.
0213 0214 0201 0179 //// //// //// //// //// //// 0179 0206
0232 0263 0287 0304 0322 0320 0326 0316 0305 0276 0253 0227 0333 1516 0154 0626.
0232 0221 0197 //// //// //// //// //// //// //// 0195 0218
0243 0266 0287 0296 0306 0316 0315 0313 0300 0280 0258 0246 0325 1514 0180 0635.
0241 0237 0237 //// //// //// //// //// //// 0189 //// ////
0202 0213 0227 0227 0229 0242 0228 0230 0233 0230 0215 0193 0247 1335 0186 0548.
0191 0179 0171 //// //// //// //// //// //// //// 0188 0214
0237 0258 0267 0276 0285 0297 0287 0285 0276 0261 0242 0226 0303 1352 0169 2254.
0213 0211 0196 //// //// //// //// //// //// //// 0202 0221
0229 0244 0258 0266 0272 0275 0278 0277 0276 0263 0250 0240 0283 1538 0191 0636.
0232 0226 0211 0208 //// //// //// //// //// 0177 0198 0218
0242 0264 0275 0288 0295 0296 0298 0296 0285 0269 0249 0231 0301 1353 0177 0558.
0219 0218 0213 //// //// //// //// //// //// //// 0195 0210
0219 0242 0250 0263 0258 0251 0251 0245 0233 0229 0222 0216 0269 1210 0177 0617.
0209 0206 //// //// //// //// //// //// //// //// 0186 0188
0189 0204 0200 0200 0204 0200 0202 0193 0189 0185 0182 0156 0216 2003 0156 2000.
0162 0131 0123 0114 //// //// //// //// //// 0117 0129 0158
0184 0209 0223 0244 0250 0251 0246 0228 0217 0208 0205 0201 0255 1309 0108 2342.
0200 0194 0197 //// //// //// //// //// //// //// 0173 0191
0210 0218 0236 0260 0263 0285 0285 0284 0275 0260 0237 0210 0290 1431 0163 0625.
0189 0171 0180 //// //// //// //// //// //// //// 0166 0179
0206 0239 0262 0276 0285 0294 0294 0289 0290 0273 0237 0200 0301 1452 0152 2226.
0154 0129 0135 //// //// //// //// //// //// 0133 0173 0202
0220 0259 0281 0305 0297 0311 0317 0313 0309 0286 0251 0222 0320 1543 0126 2158.
0196 0184 0154 //// //// //// //// //// //// //// 0172 0203
0229 0256 0283 0304 0319 0323 0323 0324 0309 0281 0250 0241 0334 1447 0148 0621.
0241 0235 0223 //// //// //// //// //// //// //// 0198 0224
0236 0255 0257 0268 0281 0281 0277 //// //// 0254 //// //// 0289 1327 0198 0702.
//// //// //// 0195 //// //// //// //// //// //// 0199 0221
0246 0267 0285 0296 0298 0302 0302 0298 0292 0275 0247 0224 0312 1512 0161 0616.
0208 0204 //// //// //// //// //// //// //// //// 0193 0222
0243 0265 0276 0287 0293 0297 0291 0284 0271 0253 0234 0213 0302 1313 0178 0627.
0203 0200 //// //// //// //// //// //// //// //// 0164 0180
0203 0205 0228 0243 0226 0237 0240 0233 0233 0225 0212 0198 0248 1204 0164 0702.
0202 0196 //// //// //// //// //// //// //// //// //// 0193
0203 0199 0203 0205 0201 0194 0187 0189 0191 0191 0186 0182 0210 1129 0182 2000.
0175 0170 //// //// //// //// //// //// //// //// 0171 0184
0193 0214 0218 0234 0248 0256 0258 0254 0240 0231 0223 0216 0271 1419 0158 0617.
0211 0212 0207 //// //// //// //// //// //// //// 0184 0193
0195 0198 0208 0219 0229 0252 0253 0243 0235 0228 0218 0209 0262 1422 0184 0700.
0197 0197 0186 0173 //// //// //// //// //// //// 0176 0188
0204 0222 0246 0258 0271 //// //// //// //// 0257 0237 0223 0284 1327 0162 0619.
0211 0203 0199 0190 0171 0155 0161 0156 0149 0147 0192 0227
0240 0271 0293 0299 0317 0322 0324 0322 0305 0292 0263 0242 0330 1524 0138 0544.
0238 0236 0228 0212 0208 0204 0187 0176 0173 0181 0194 0223
0234 0262 0276 0291 0302 0313 0308 0302 0296 0279 0257 0235 0319 1420 0168 0543.
0232 0222 0218 0216 0194 0194 0176 0173 0171 0175 0197 0222
0248 0264 0270 0290 0302 0294 0297 0290 0284 0275 0264 0252 0309 1335 0163 0441.
0241 0239 0232 0231 0225 0233 0219 0211 0186 0180 0178 0173
0173 0173 0180 0185 0210 0223 0228 0248 0258 0254 0228 0199 0261 1655 0169 0841.
0187 0178 0179 0164 0156 0142 0146 0145 0146 0154 0188 0213
0236 0261 0280 0291 0289 0309 0303 0311 0291 0276 0257 0235 0314 1357 0140 0202.
0217 0207 0207 0213 0202 0179 0184 0181 0178 0181 0203 0218
0236 0258 0261 0258 0256 0253 0253 0247 0241 0239 0228 0218 0263 1045 0173 0426=
I=
E=
U=
N=
H=
C=
V=
R6
0002 0000 0002
//// 0000 ////
//// //// ////
//// 0000 ////
//// 0000 ////
//// 0000 ////
//// 0001 0001
//// 0000 ////
//// 0000 ////
//// 0000 ////
//// 0000 ////
0004 0000 0004
//// 0000 ////
//// 0000 ////
//// 0000 ////
//// 0000 ////
//// 0000 ////
//// //// ////
//// 0000 ////
//// 0000 ////
//// 0001 0001
//// 0008 0008
//// 0000 ////
//// 0000 ////
//// //// ////
0000 0000 0000
0000 0000 0000
0000 0000 0000
0024 0014 0038
0000 0000 0000
0000 0000 0000=
0001 0000 0000 //// //// //// //// //// //// //// 0001 0000
0000 0000 0000 0000 0000 0000 0000 0000 0000 0000 0000 0000.
0000 0000 0000 //// //// //// //// //// //// 0000 0000 0000
0000 0000 0000 0000 0000 0000 0000 0000 0000 0000 0000 0000.
0000 0000 0000 0000 //// //// //// //// //// //// 0000 0000
0000 0000 0000 0000 0000 //// 0000 0000 0000 0000 0000 0000.
0000 0000 0000 0000 //// //// //// //// //// //// 0000 0000
0000 0000 0000 0000 0000 0000 0000 0000 0000 0000 0000 0000.
0000 0000 0000 //// //// //// //// //// //// //// 0000 0000
0000 0000 0000 0000 0000 0000 0000 0000 0000 0000 0000 0000.
0000 0000 0000 //// //// //// //// //// //// //// 0000 0000
0000 0000 0000 0000 0000 0000 0000 0000 0000 0000 0000 0000.
0000 0000 0000 //// //// //// //// //// //// 0000 //// ////
//// 0001 0000 0000 0000 0000 0000 0000 0000 0000 0000 0000.
0000 0000 0000 //// //// //// //// //// //// //// 0000 0000
0000 0000 0000 0000 0000 0000 0000 0000 0000 0000 0000 0000.
0000 0000 0000 //// //// //// //// //// //// //// 0000 0000
0000 0000 0000 0000 0000 0000 0000 0000 0000 0000 0000 0000.
0000 0000 0000 //// //// //// //// //// //// //// 0000 0000
0000 0000 0000 0000 0000 0000 0000 0000 0000 0000 0000 0000.
0000 0000 0000 //// //// //// //// //// //// //// 0000 0000
0000 0000 0000 0000 0000 0000 0000 0000 0000 0000 0000 0000.
0001 0003 //// //// //// //// //// //// //// //// //// ////
0000 0000 0000 0000 0000 0000 0000 0000 0000 0000 0000 0000.
0000 0000 0000 //// //// //// //// //// //// //// 0000 0000
0000 0000 0000 0000 0000 0000 0000 0000 0000 0000 0000 0000.
0000 0000 0000 //// //// //// //// //// //// //// 0000 0000
0000 0000 0000 0000 0000 0000 0000 0000 0000 0000 0000 0000.
0000 0000 0000 //// //// //// //// //// //// //// 0000 0000
0000 0000 0000 0000 0000 0000 0000 0000 0000 0000 0000 0000.
0000 0000 0000 //// //// //// //// //// //// //// 0000 0000
0000 0000 0000 0000 0000 0000 0000 0000 0000 0000 0000 0000.
0000 0000 0000 //// //// //// //// //// //// //// 0000 0000
0000 0000 0000 0000 0000 0000 0000 0000 0000 0000 0000 0000.
0000 0000 0000 //// //// //// //// //// //// //// //// 0000
0000 0000 0000 0000 0000 0000 0000 //// //// 0000 //// ////.
//// //// //// //// //// //// //// //// //// //// 0000 0000
0000 0000 0000 0000 0000 0000 0000 0000 0000 0000 0000 0000.
0000 0000 //// //// //// //// //// //// //// //// 0000 0000
0000 0000 0000 0000 0000 0000 0000 0000 0000 0000 0000 0000.
0000 0000 //// //// //// //// //// //// //// //// //// 0000
0000 0000 0000 0001 0000 0000 0000 0000 0000 0000 0000 0000.
0000 0000 //// //// //// //// //// //// //// //// //// 0000
0000 0000 0002 0001 0000 0000 0001 0003 0001 0000 0000 0000.
0000 0000 //// //// //// //// //// //// //// //// 0000 0000
0000 0000 0000 0000 0000 0000 0000 0000 0000 0000 0000 0000.
0000 0000 //// //// //// //// //// //// //// //// 0000 0000
0000 0000 0000 0000 0000 0000 0000 0000 0000 0000 0000 0000.
0000 0000 //// //// //// //// //// //// //// //// 0000 0000
0000 0000 0000 0000 0000 //// //// //// //// 0000 0000 0000.
0000 0000 0000 0000 0000 0000 0000 0000 0000 0000 0000 0000
0000 0000 0000 0000 0000 0000 0000 0000 0000 0000 0000 0000.
0000 0000 0000 0000 0000 0000 0000 0000 0000 0000 0000 0000
0000 0000 0000 0000 0000 0000 0000 0000 0000 0000 0000 0000.
0000 0000 0000 0000 0000 0000 0000 0000 0000 0000 0000 0000
0000 0000 0000 0000 0000 0000 0000 0000 0000 0000 0000 0000.
0000 0000 0000 0000 0000 0000 0000 0000 0002 0007 0004 0011
0007 0004 0003 0000 0000 0000 0000 0000 0000 0000 0000 0000.
0000 0000 0000 0000 0000 0000 0000 0000 0000 0000 0000 0000
0000 0000 0000 0000 0000 0000 0000 0000 0000 0000 0000 0000.
0000 0000 0000 0000 0000 0000 0000 0000 0000 0000 0000 0000
0000 0000 0000 0000 0000 0000 0000 0000 0000 0000 0000 0000=
0000 ////////// 00000=
W=
L=
Z=
G=
FN
130012 236009 322011 ////// ////// //////
////// ////// ////// ////// 228007 263016
281013 119035 142026 133041 312030 325019
299016 284016 282017 321009 282009 PPC002.
054006 PPC001 139021 ////// ////// //////
////// ////// ////// PPC002 325016 342026
277024 264008 295023 203025 168033 157042
148048 136029 132032 122041 132033 121040.
105044 109045 130036 119035 ////// //////
////// ////// ////// ////// 126015 142029
116030 131048 130042 139050 130045 107052
122056 118057 121053 124038 123028 131025.
136021 081012 067017 153009 ////// //////
////// ////// ////// ////// 336026 313024
267016 321011 359010 130034 119036 124037
150027 137040 132034 115037 120038 115041.
120033 120045 125034 ////// ////// //////
////// ////// ////// ////// 341011 351024
326020 202007 333015 350023 345016 033018
003013 190023 137033 112040 122041 124037.
115029 138025 151021 ////// ////// //////
////// ////// ////// ////// 335010 335010
288021 323019 198010 238009 130032 111044
103056 124067 116058 122053 118051 120051.
118052 114055 120046 ////// ////// //////
////// ////// ////// 132009 ////// //////
////// 124019 270013 327051 286034 308027
353030 316019 298018 331016 PPC000 062013.
139012 152015 160008 ////// ////// //////
////// ////// ////// ////// 281012 315019
324016 265015 105023 287008 103029 310013
142008 099019 129038 129033 120042 120040.
123033 120032 134031 ////// ////// //////
////// ////// ////// ////// 254006 281016
303013 130012 165023 115022 121029 111035
148018 120037 120041 125034 127024 143028.
096019 129019 131022 ////// ////// //////
////// ////// ////// ////// 317008 322016
325012 140025 149037 116047 116053 125078
131077 122071 132058 124052 130050 131042.
130033 112040 119038 ////// ////// //////
////// ////// ////// ////// 131040 158027
142033 127029 137046 113033 125045 130035
129031 125013 303013 316019 301013 291019.
284012 310014 ////// ////// ////// //////
////// ////// ////// ////// ////// //////
303021 316048 310050 298047 293051 299047
297047 292043 299033 316021 359018 040014.
043016 146006 PPC000 ////// ////// //////
////// ////// ////// ////// 332025 351019
341024 263023 024023 080015 141031 134029
141033 130027 120028 141028 164029 080005.
288017 317010 307066 ////// ////// //////
////// ////// ////// ////// 328026 324050
309042 309043 290039 323050 321051 337059
268058 282048 279082 288049 293028 281020.
323016 322012 349003 ////// ////// //////
////// ////// ////// ////// 347028 325020
337019 310027 312038 292053 280052 302039
280058 296069 312050 284037 295018 335012.
142012 115010 213006 ////// ////// //////
////// ////// ////// ////// 087006 323029
334029 284021 280030 298050 306073 290061
278065 296065 297037 331027 298017 218013.
290009 142026 138022 ////// ////// //////
////// ////// ////// ////// 002025 335020
333027 318037 262023 036025 292033 082014
020014 004012 137036 119038 121042 120043.
115053 120048 129033 ////// ////// //////
////// ////// ////// ////// ////// 145035
162033 125054 132045 125047 129045 124051
137047 ////// ////// 114041 ////// //////.
////// ////// ////// ////// ////// //////
////// ////// ////// ////// 018003 208004
203014 304022 128030 167042 112050 123060
111055 142079 126056 122057 115040 117036.
119037 127034 ////// ////// ////// //////
////// ////// ////// ////// 146022 139051
138047 136054 122071 104065 120060 130080
125076 116069 127092 115066 122058 124042.
117036 112032 ////// ////// ////// //////
////// ////// ////// ////// ////// 140040
125064 128053 139053 123053 141032 134047
126061 112052 130051 121044 133022 131014.
109019 140014 ////// ////// ////// //////
////// ////// ////// ////// ////// 256012
321020 351027 330030 325023 345033 300033
315025 301020 328018 273013 335012 358009.
138005 136007 ////// ////// ////// //////
////// ////// ////// ////// 003010 342018
318015 304013 288018 317012 010018 126018
139028 173025 162021 120039 111036 115037.
110035 120031 ////// ////// ////// //////
////// ////// ////// ////// 300017 291025
302028 326032 323022 290033 334030 279029
283034 318034 319036 310028 297027 299016.
321014 340025 ////// ////// ////// //////
////// ////// ////// ////// 328015 345024
320018 320020 341031 291030 254014 //////
////// ////// ////// 126047 121037 117044.
120051 129047 124047 142016 133024 140017
250008 094014 134013 PPC001 244005 002018
355018 331029 244010 118024 176023 201013
095026 129042 128050 135054 120048 121040.
118044 116048 123045 117035 137033 136024
351006 273007 PPC001 194007 121009 250012
082007 193012 168006 139039 120050 137051
149050 130064 136059 124069 118045 120040.
114051 125043 129041 119046 136029 149026
148010 139010 150014 131018 144021 149035
136042 134054 136049 140078 120059 116073
120064 118051 115054 120048 125031 136039.
144024 147042 126026 121043 135028 151025
246018 292028 297028 290017 325023 317016
293013 287015 296018 289013 319018 288018
325029 326033 334016 013010 120021 118038.
132042 127040 121049 134032 140022 129016
164010 PPC000 316014 308014 313025 330019
286027 292017 287014 160017 132026 076012
164022 101004 137036 124049 135049 127041.
124025 132032 134027 161024 120024 127019
115018 120024 134018 140023 132023 150026
161011 103019 173026 118030 138028 165028
127044 131032 122031 114036 138037 140034=
127012 240008 321011 ////// ////// //////
////// ////// ////// ////// 227006 269014
280016 116031 131021 120030 254023 340013
282014 282015 283017 315009 281009 280006.
079008 PPC002 140020 ////// ////// //////
////// ////// ////// PPC000 325019 334021
278023 294019 279020 190015 147030 141038
149040 139029 127035 121039 131035 120042.
112044 112042 127036 121035 ////// //////
////// ////// ////// ////// 122014 135030
125033 135044 121042 140043 129045 109042
122053 120049 124051 128041 123030 128027.
135022 089014 070015 148012 ////// //////
////// ////// ////// ////// 339023 316022
274015 269013 311011 148029 118031 115024
149030 133041 123038 121036 118042 116041.
119036 116045 125037 ////// ////// //////
////// ////// ////// ////// 345014 350020
327020 249006 312021 335026 317016 350020
012019 190025 142034 113042 121043 128037.
115029 138027 147021 ////// ////// //////
////// ////// ////// ////// 335010 333011
310018 308017 207008 151014 122034 114044
113052 123062 118054 123054 118050 120049.
115049 116053 116047 ////// ////// //////
////// ////// ////// PPC001 ////// //////
////// 131015 252012 328043 297030 308035
351030 325020 286016 354013 PPC000 061010.
146012 149015 151012 ////// ////// //////
////// ////// ////// ////// 280011 298021
326017 276013 128020 213012 120026 272013
188011 114020 125037 129031 122039 121033.
122034 118032 135031 ////// ////// //////
////// ////// ////// ////// 286006 285012
289012 145016 145025 117024 131029 117032
139027 128010 124032 123036 126024 142028.
108026 118017 132023 ////// ////// //////
////// ////// ////// ////// 318011 327016
342012 137021 138033 123044 119049 125068
128068 123067 127058 125057 128054 132040.
128034 111041 120042 ////// ////// //////
////// ////// ////// ////// 131037 151034
144028 132032 134038 123039 117043 127035
127028 132016 312018 322021 306014 291018.
284015 297013 ////// ////// ////// //////
////// ////// ////// ////// ////// //////
304025 318045 311045 304054 296053 300050
301046 295042 298030 321020 352016 031013.
040013 189008 253008 ////// ////// //////
////// ////// ////// ////// 346025 335021
322022 270020 013017 072014 150023 136026
135030 126027 121026 135026 129016 176013.
280017 335011 312057 ////// ////// //////
////// ////// ////// ////// 326027 322044
310044 303041 294046 318048 313042 317036
276051 290049 280065 287049 290030 286023.
322016 326014 350006 ////// ////// //////
////// ////// ////// ////// 348024 325017
341017 330029 328037 292059 281051 297046
287061 292066 309049 286035 301016 321012.
141012 119014 195008 ////// ////// //////
////// ////// ////// ////// 073005 325025
333026 285018 285030 301043 299059 286061
280062 288066 301040 323031 297015 228010.
292010 147027 145019 ////// ////// //////
////// ////// ////// ////// 354025 334023
326027 317035 270024 005021 306022 058025
016014 054016 137036 118038 122042 118049.
114051 118045 135033 ////// ////// //////
////// ////// ////// ////// ////// 153036
149033 128051 126043 129045 124046 129050
137057 ////// ////// 116041 ////// //////.
////// ////// ////// ////// ////// //////
////// ////// ////// ////// 034006 137006
187011 333019 160027 149039 119049 133054
133061 130066 125058 123054 122039 115036.
122036 128035 ////// ////// ////// //////
////// ////// ////// ////// 147026 138052
139051 134052 124068 117061 119063 130077
126076 122079 126079 122072 125056 122042.
119034 113033 ////// ////// ////// //////
////// ////// ////// ////// ////// 136040
127072 132055 130056 136051 139043 136048
126052 118050 127048 126043 130024 132015.
117019 139014 ////// ////// ////// //////
////// ////// ////// ////// ////// 252010
316022 340020 330028 317024 346028 311037
316029 304024 324018 283013 336009 350010.
134006 137011 ////// ////// ////// //////
////// ////// ////// ////// 341009 334018
324019 288014 280018 323012 014018 103017
136027 170030 151028 124037 116036 114040.
113033 117025 ////// ////// ////// //////
////// ////// ////// ////// 283003 292025
296026 320028 317023 287030 332031 284029
304036 318037 316030 307025 293022 294019.
319014 340021 ////// ////// ////// //////
////// ////// ////// ////// 324021 334018
329021 327024 343026 273022 246015 //////
////// ////// ////// 124046 121042 117042.
117052 129045 125047 143022 133029 141019
224010 121014 136013 PPC002 270004 349017
341020 335022 243014 083020 161022 189019
108020 140031 127054 134051 119044 123041.
119042 117046 125047 123033 132034 138027
343008 248007 036003 233007 120008 245011
086004 188010 206012 147035 141040 136053
144055 134060 137064 123066 119049 119043.
116049 124040 127041 119045 138026 150025
143010 134013 146012 134018 145020 142029
133044 129050 136053 134075 124063 118062
118065 116049 117054 121049 126033 137041.
152032 145040 125028 121039 137026 143029
236012 293027 301031 291018 336020 318017
284012 296016 306015 306017 316019 308024
319027 333029 338014 009011 124023 123030.
128043 122039 119050 135034 142023 137012
147009 PPC000 313013 308013 331028 330024
288032 324022 247013 159027 110019 100013
156024 073008 135036 127050 134044 127037.
128026 133029 136027 155025 119021 124015
113024 121021 134016 138021 131022 145023
143017 114019 153026 122028 135025 156027
128042 134034 123033 116032 138038 136034=
042119 1220 060143 1228
045141 1450 058138 1405
055122 1709 071132 1003
044135 1609 065146 1600
046116 2157 060107 2003
067119 1610 082118 1610
056112 2134 071127 2129
043120 1839 051127 1837
042124 2038 053124 2122
071127 1442 098121 1335
046128 2014 068132 0751
056300 1335 082307 1320
040133 1917 052062 1907
071280 1702 094277 1639
076282 1538 115277 1529
074279 1525 120315 1534
052114 1953 068107 1945
061135 1430 078110 2038
069125 1603 088112 1453
090132 1731 121121 1726
075130 0857 095149 0844
044315 1354 056318 1353
041145 1636 056152 1607
043114 2013 063329 1556
046124 1800 056121 1808
054127 1700 080132 1627
071122 1746 086129 1758
076129 1239 110149 1344
047291 0417 060301 0412
054128 1816 074135 1834
044132 1455 057143 2129=
D=
K=
A=
S=
B=
??????
******
YF
O2220
河南省
豫汝阳大安
汝阳县大安工业区
丘陵；城镇；地面
空缺
计算机
计算机
计算机
计算机
计算机
20120613=
JY
8888=
GK
01/
05/=
BZ
BB/03/06时气温用正点后1分钟值代替。
BB/04/06时气温用正点前1分钟值代替。
BB/05/24时气温用正点前2分钟值代替。
BB/07/09时气温用正点后7分钟值代替。
BB/10/24时气温用正点前8分钟值代替。06时气温用正点前2分钟值代替。
BB/12/07时气温用正点前8分钟值代替。08时气温用正点后7分钟值代替。
BB/13/24时气温用正点前10分钟值代替。06时气温用正点后6分钟值代替。
BB/16/06时气温用正点后7分钟值代替。
BB/18/07时气温用正点后1分钟值代替。
BB/19/24时气温用正点后5分钟值代替。
BB/21/07时气温用正点后1分钟值代替。
BB/24/23时气温用正点前4分钟值代替。
BB/25/23时气温用正点前8分钟值代替。24时气温用正点前5分钟值代替。
00/341758/1123236
10/24/逐时观测
10/24/24时连续观测
11/不守班=
######
