O2226 3442N 11224E 002420 002420 105 000 S15 91999999919999199999 0 2010 08
P=
TB
0310 0302 0300 0296 0293 0281 0280 0277 0284 0256 0258 0270
0271 0271 0282 0295 0297 0302 0295 0293 0287 0281 0268 0263 0320 2001 0255 0602.
0259 0255 0251 0248 0241 0238 0238 0236 0234 0233 0233 0235
0237 0250 0251 0251 0259 0271 0286 0282 0283 0276 0269 0262 0290 1436 0232 0616.
0261 0257 0256 0254 0254 0252 0251 0253 0252 0249 0252 0260
0273 0290 0312 0314 0326 0333 0338 0343 0344 0336 0320 0306 0351 1622 0249 0545.
0298 0288 0281 0279 0276 0274 0272 0273 0268 0265 0280 0295
0312 0325 0349 0364 0375 0382 0381 0381 0371 0355 0329 0307 0390 1443 0265 0550.
0300 0298 0295 0283 0273 0266 0263 0262 0257 0257 0265 0275
0302 0318 0318 0329 0327 0307 0312 0318 0303 0290 0281 0256 0336 1304 0255 0546.
0258 0255 0252 0242 0236 0231 0233 0246 0248 0244 0252 0268
0271 0277 0298 0300 0309 0307 0309 0307 0300 0290 0277 0267 0313 1333 0229 0222.
0262 0263 0258 0255 0233 0231 0230 0239 0240 0241 0244 0245
0250 0261 0266 0282 0289 0285 0292 0298 0293 0285 0276 0268 0302 1630 0227 0210.
0257 0259 0250 0249 0249 0251 0241 0240 0240 0245 0251 0255
0277 0293 0311 0315 0324 0334 0332 0336 0331 0321 0306 0287 0340 1557 0235 0530.
0282 0282 0267 0270 0267 0260 0255 0255 0253 0249 0265 0287
0294 0313 0319 0335 0342 0349 0350 0304 0292 0297 0293 0288 0352 1352 0248 0601.
0285 0274 0266 0270 0265 0262 0262 0259 0259 0255 0260 0265
0272 0278 0286 0301 0308 0310 0299 0290 0285 0279 0273 0268 0314 1353 0254 0603.
0265 0263 0261 0258 0255 0253 0249 0249 0248 0248 0248 0251
0254 0262 0257 0266 0285 0285 0294 0279 0279 0279 0276 0273 0298 1513 0247 0526.
0277 0274 0274 0271 0269 0271 0255 0250 0248 0250 0249 0252
0260 0277 0281 0294 0300 0302 0309 0314 0316 0312 0296 0275 0318 1553 0248 0441.
0271 0271 0265 0257 0254 0253 0254 0254 0255 0255 0262 0270
0282 0295 0317 0328 0325 0349 0328 0328 0318 0302 0300 0278 0349 1400 0252 0146.
0274 0278 0265 0255 0256 0253 0247 0239 0238 0238 0241 0244
0248 0257 0268 0280 0292 0290 0286 0283 0285 0273 0260 0253 0294 1248 0237 0425.
0249 0241 0238 0234 0231 0215 0209 0220 0209 0208 0217 0226
0238 0243 0259 0272 0294 0306 0311 0314 0312 0292 0272 0241 0318 1616 0207 0313.
0216 0209 0202 0199 0200 0191 0184 0182 0177 0177 0196 0216
0248 0276 0286 0305 0314 0321 0330 0329 0323 0307 0270 0249 0335 1433 0174 0530.
0245 0238 0224 0217 0213 0209 0202 0201 0200 0195 0206 0233
0260 0276 0286 0304 0312 0319 0324 0312 0304 0294 0281 0280 0327 1434 0192 0544.
0273 0244 0242 0247 0244 0236 0237 0239 0232 0225 0240 0262
0280 0297 0306 0315 0316 0324 0321 0309 0303 0303 0295 0286 0333 1436 0225 0554.
0278 0279 0283 0279 0277 0278 0273 0258 0257 0255 0265 0274
0282 0298 0302 0302 0318 0327 0290 0266 0249 0241 0241 0242 0338 1345 0240 1803.
0244 0241 0238 0233 0229 0227 0226 0228 0230 0229 0230 0231
0233 0235 0235 0237 0239 0240 0242 0243 0245 0244 0244 0240 0246 1620 0226 0205.
0239 0239 0236 0232 0231 0226 0226 0226 0225 0225 0226 0227
0234 0240 0249 0254 0268 0255 0265 0257 0248 0229 0232 0233 0270 1306 0222 1749.
0232 0231 0230 0228 0226 0226 0224 0213 0211 0211 0215 0221
0230 0242 0247 0236 0236 0232 0231 0231 0230 0221 0219 0212 0247 1059 0211 0432.
0209 0208 0208 0207 0208 0208 0206 0205 0206 0206 0207 0210
0216 0220 0219 0224 0227 0227 0221 0211 0210 0189 0188 0183 0229 1325 0182 1941.
0178 0175 0171 0170 0166 0164 0165 0163 0163 0166 0168 0171
0172 0174 0178 0181 0187 0193 0193 0196 0192 0189 0187 0185 0196 1332 0162 0236.
0184 0185 0184 0184 0183 0184 0184 0182 0185 0184 0186 0190
0191 0194 0202 0207 0209 0218 0217 0218 0220 0221 0205 0197 0223 1601 0182 0400.
0190 0192 0187 0187 0188 0186 0182 0177 0170 0168 0176 0198
0228 0244 0257 0262 0276 0281 0274 0259 0237 0235 0219 0216 0283 1401 0167 0554.
0194 0186 0181 0178 0179 0178 0177 0177 0177 0174 0181 0189
0223 0242 0261 0260 0253 0265 0276 0279 0264 0263 0221 0203 0284 1554 0169 0535.
0199 0195 0186 0182 0174 0170 0166 0164 0156 0156 0177 0205
0235 0249 0265 0279 0294 0296 0300 0304 0288 0277 0238 0221 0304 1521 0154 0504.
0218 0213 0200 0202 0195 0187 0181 0179 0175 0172 0186 0214
0237 0262 0270 0290 0302 0298 0318 0316 0311 0296 0273 0229 0321 1547 0171 0602.
0221 0212 0210 0206 0204 0195 0193 0193 0192 0191 0201 0217
0232 0256 0284 0291 0304 0315 0326 0324 0318 0296 0251 0234 0331 1630 0189 0510.
0240 0228 0230 0228 //// //// //// 0228 0225 0224 0230 0236
0250 0257 0262 0282 0284 0284 0256 0251 0240 0243 0229 0225 0297 1345 0222 0525=
I=
E=
U=
N=
H=
C=
V=
R6
0146 0012 0158
0000 0000 0000
0000 0000 0000
0000 0000 0000
0000 0000 0000
0000 0000 0000
0000 0000 0000
0000 0000 0000
0000 0000 0000
0000 0000 0000
0000 0000 0000
0036 0001 0037
0000 0000 0000
0113 0001 0114
0000 0000 0000
0000 0000 0000
0000 0000 0000
0000 0000 0000
0000 0073 0073
0006 0009 0015
0005 0017 0022
0027 0001 0028
0011 0066 0077
0185 0108 0293
0002 0000 0002
0000 0000 0000
0015 0000 0015
0000 0000 0000
0000 0000 0000
0000 0000 0000
//// 0002 0002=
0000 0000 0000 0000 0000 0000 0000 0000 0000 0145 0001 0000
0000 0010 0001 0001 0000 0000 0000 0000 0000 0000 0000 0000.
0000 0000 0000 0000 0000 0000 0000 0000 0000 0000 0000 0000
0000 0000 0000 0000 0000 0000 0000 0000 0000 0000 0000 0000.
0000 0000 0000 0000 0000 0000 0000 0000 0000 0000 0000 0000
0000 0000 0000 0000 0000 0000 0000 0000 0000 0000 0000 0000.
0000 0000 0000 0000 0000 0000 0000 0000 0000 0000 0000 0000
0000 0000 0000 0000 0000 0000 0000 0000 0000 0000 0000 0000.
0000 0000 0000 0000 0000 0000 0000 0000 0000 0000 0000 0000
0000 0000 0000 0000 0000 0000 0000 0000 0000 0000 0000 0000.
0000 0000 0000 0000 0000 0000 0000 0000 0000 0000 0000 0000
0000 0000 0000 0000 0000 0000 0000 0000 0000 0000 0000 0000.
0000 0000 0000 0000 0000 0000 0000 0000 0000 0000 0000 0000
0000 0000 0000 0000 0000 0000 0000 0000 0000 0000 0000 0000.
0000 0000 0000 0000 0000 0000 0000 0000 0000 0000 0000 0000
0000 0000 0000 0000 0000 0000 0000 0000 0000 0000 0000 0000.
0000 0000 0000 0000 0000 0000 0000 0000 0000 0000 0000 0000
0000 0000 0000 0000 0000 0000 0000 0000 0000 0000 0000 0000.
0000 0000 0000 0000 0000 0000 0000 0000 0000 0000 0000 0000
0000 0000 0000 0000 0000 0000 0000 0000 0000 0000 0000 0000.
0000 0000 0000 0000 0000 0000 0000 0000 0000 0000 0000 0000
0000 0000 0000 0000 0000 0000 0000 0000 0000 0000 0000 0000.
0000 0000 0000 0000 0000 0000 0024 0000 0003 0001 0002 0006
0001 0000 0000 0000 0000 0000 0000 0000 0000 0000 0000 0000.
0000 0000 0000 0000 0000 0000 0000 0000 0000 0000 0000 0000
0000 0000 0000 0000 0000 0000 0000 0000 0000 0000 0000 0000.
0000 0000 0000 0027 0000 0000 0002 0037 0041 0006 0000 0000
0000 0001 0000 0000 0000 0000 0000 0000 0000 0000 0000 0000.
0000 0000 0000 0000 0000 0000 0000 0000 0000 0000 0000 0000
0000 0000 0000 0000 0000 0000 0000 0000 0000 0000 0000 0000.
0000 0000 0000 0000 0000 0000 0000 0000 0000 0000 0000 0000
0000 0000 0000 0000 0000 0000 0000 0000 0000 0000 0000 0000.
0000 0000 0000 0000 0000 0000 0000 0000 0000 0000 0000 0000
0000 0000 0000 0000 0000 0000 0000 0000 0000 0000 0000 0000.
0000 0000 0000 0000 0000 0000 0000 0000 0000 0000 0000 0000
0000 0000 0000 0000 0000 0000 0000 0000 0000 0000 0000 0000.
0000 0000 0000 0000 0000 0000 0000 0000 0000 0000 0000 0000
0000 0000 0000 0000 0000 0000 0000 0002 0003 0055 0012 0001.
0001 0000 0005 0000 0000 0000 0000 0000 0000 0000 0000 0000
0000 0003 0001 0001 0003 0000 0001 0000 0000 0000 0000 0000.
0000 0000 0000 0000 0000 0005 0000 0000 0000 0000 0000 0000
0000 0000 0000 0000 0000 0001 0000 0000 0000 0015 0001 0000.
0000 0000 0000 0000 0000 0000 0000 0008 0013 0005 0000 0001
0000 0000 0000 0000 0000 0000 0000 0000 0000 0000 0000 0001.
0004 0003 0001 0000 0000 0001 0000 0000 0000 0001 0001 0000
0002 0001 0001 0000 0000 0000 0001 0007 0008 0027 0012 0007.
0017 0017 0029 0030 0020 0032 0017 0014 0004 0001 0001 0003
0013 0021 0024 0022 0015 0003 0000 0000 0005 0004 0001 0000.
0000 0000 0000 0000 0001 0000 0000 0001 0000 0000 0000 0000
0000 0000 0000 0000 0000 0000 0000 0000 0000 0000 0000 0000.
0000 0000 0000 0000 0000 0000 0000 0000 0000 0000 0000 0000
0000 0000 0000 0000 0000 0000 0000 0000 0000 0000 0000 0000.
0014 0000 0001 0000 0000 0000 0000 0000 0000 0000 0000 0000
0000 0000 0000 0000 0000 0000 0000 0000 0000 0000 0000 0000.
0000 0000 0000 0000 0000 0000 0000 0000 0000 0000 0000 0000
0000 0000 0000 0000 0000 0000 0000 0000 0000 0000 0000 0000.
0000 0000 0000 0000 0000 0000 0000 0000 0000 0000 0000 0000
0000 0000 0000 0000 0000 0000 0000 0000 0000 0000 0000 0000.
0000 0000 0000 0000 0000 0000 0000 0000 0000 0000 0000 0000
0000 0000 0000 0000 0000 0000 0000 0000 0000 0000 0000 0000.
0000 0000 0000 0000 0000 //// //// 0000 0000 0000 0000 0000
0000 0000 0000 0000 0000 0000 0001 0000 0001 0000 0000 0000=
0000 ////////// 00000=
W=
L=
Z=
G=
FN
169019 215018 208015 130010 140009 PPC000
022014 198005 061017 047024 032019 059030
062035 059042 044017 041031 060051 057051
055048 065046 064051 ////// 060043 059041.
055028 063040 065020 055018 035032 035022
043017 058027 045012 060021 031011 022019
064013 070018 051014 029013 051012 068017
104016 079017 051009 029020 048013 037012.
052016 050004 033012 059005 019008 351006
350009 334007 318010 311017 283008 266008
292007 201013 171011 231014 334019 237015
183013 210021 167014 204022 173015 193013.
123014 245010 001010 321008 329006 335006
028004 300008 058006 342004 308011 289015
263015 265012 224025 257022 318014 226028
254028 273036 289023 273034 284017 299014.
315021 299019 015006 043024 045017 345014
351015 002016 229005 331010 307013 251011
305017 270030 308031 329017 339030 318020
287012 256018 296018 260022 354006 344006.
045007 291008 355007 PPC000 344011 340009
330005 014007 052015 034015 050031 068026
056039 068032 057046 057055 085046 050040
055045 056041 053036 054038 059037 067025.
058023 081020 081017 074018 022009 PPC000
006009 350015 057006 062010 060015 074019
057024 041018 060020 061022 053019 054032
076023 069009 043021 032022 051016 053021.
027011 036012 026010 026010 328006 358010
000013 346009 295008 208020 200011 246008
240014 341005 267012 ////// 339015 007015
118023 081019 034027 064020 049015 056012.
020011 357009 020009 016016 017015 291006
286007 253009 308011 004006 PPC000 156007
310005 044018 076020 113029 095023 082023
044024 123057 075022 054037 058037 058029.
056030 069017 034018 045023 065026 052025
072017 045020 061026 082009 047016 050020
066019 ////// 070021 017027 034027 057040
053048 034036 064033 050031 062029 071026.
059034 058036 073020 042026 063023 055023
040027 023031 050026 036009 074020 026013
048024 029024 066025 041022 036024 350015
042030 057022 026022 028015 343011 067008.
065013 027011 065008 073009 337007 265019
203006 300008 320011 311015 PPC000 PPC000
292011 262009 316014 247020 249022 236025
250026 251023 224010 185023 120007 PPC000.
002010 023022 031020 052012 029011 025010
358007 015007 PPC000 094005 293006 311011
288018 306007 253016 266018 258015 349014
315021 309022 313019 316019 317015 304009.
336007 031014 115015 126010 081021 080017
336010 005010 212018 288015 303016 314013
248024 255015 316012 303015 316013 //////
310022 272013 300016 242012 289018 281022.
260023 294026 299027 306018 302015 279008
218007 190010 035005 072008 298004 PPC000
353014 355006 281012 248027 166019 121020
186025 187025 192025 174027 157014 183007.
348007 354007 357008 336013 336008 311005
339011 339008 346010 332010 287008 188013
273012 221006 072015 118019 327014 187017
117019 ////// 052020 072015 070010 042015.
036012 028013 311007 008005 337009 306005
328012 336013 322010 299007 247008 //////
284013 300006 008015 034015 079024 097028
105019 114028 094020 061029 069013 141013.
160011 018012 345004 003011 349015 078010
347007 047014 001011 011005 PPC000 025013
310005 000017 047018 120017 077028 108018
090030 055022 ////// 060018 053024 039014.
037015 345009 149017 140011 137015 205010
297011 348011 042006 020011 019005 246011
013006 216014 328006 179008 108010 099015
340011 035041 041033 098016 083015 091016.
090020 006010 064021 053030 062025 061022
356008 328005 038011 072013 068016 036010
051020 042012 046034 033019 041021 049019
053027 058017 058018 061018 ////// 050022.
075019 ////// ////// 048016 055015 056034
140008 359018 155008 ////// 084009 043017
056020 066017 316009 326012 027015 299015
243017 253024 257032 268024 257017 //////.
////// 264029 285019 274015 290020 297012
291012 272015 257010 275009 263007 //////
////// 120012 ////// 077020 079016 090021
068018 093020 088018 036018 046018 PPC000.
051006 019013 057011 321007 306012 279007
////// ////// PPC000 ////// 213005 //////
////// 009004 ////// ////// 259013 //////
////// 299011 223014 ////// 346012 //////.
009012 047015 ////// 012011 063017 109010
PPC000 337006 ////// ////// ////// //////
313007 ////// ////// 303009 ////// //////
////// 132006 174012 ////// 172013 147005.
PPC000 PPC000 342005 PPC000 ////// 039005
PPC000 PPC000 035005 PPC000 ////// //////
////// ////// 189013 ////// ////// //////
////// ////// ////// ////// ////// PPC000.
////// ////// ////// ////// 265007 //////
PPC000 PPC000 302006 286008 310008 248014
////// 219016 ////// 199012 017009 313006
115020 080032 095030 070034 074016 054017.
008009 299011 324010 314008 282008 288012
278005 289010 017008 PPC000 223010 272012
241017 271014 ////// 020021 037033 044022
088020 045027 085020 083010 013005 343007.
349009 280008 ////// 297008 PPC000 PPC000
005004 314007 297006 ////// 258006 //////
316009 ////// ////// ////// ////// //////
////// 221013 105026 ////// ////// //////.
////// 266004 359008 ////// ////// //////
275007 ////// ////// ////// ////// 256010
282010 235016 215011 281013 206009 288004
173022 207023 194023 176013 176018 PPC000.
016007 341006 342010 334012 325008 PPC000
PPC000 314004 232007 PPC000 257009 245025
240018 001010 308010 098015 004009 161012
145009 143005 169013 063018 024010 328005.
081011 PPC000 305009 304008 ////// //////
////// PPC000 217004 283009 325007 303007
026018 067013 075014 112021 093019 099012
000017 ////// 255032 062018 001016 317014=
167016 212017 207017 136011 150011 PPC000
017015 212005 072018 052028 029017 057027
058036 059037 046018 049033 057046 057051
054049 066049 060053 ////// 057040 060036.
056027 066036 061020 049021 034028 037023
045024 051027 051014 052015 023010 023018
065015 064021 048016 026015 043013 055016
049013 068016 044011 042019 047012 034013.
053014 041006 024011 049005 017009 338005
344009 324009 317011 312016 286007 276007
247008 223010 166010 243016 300018 256016
180016 217026 153012 189022 168016 187013.
123013 243011 009009 335007 323005 336006
033005 315007 048005 PPC000 311010 296015
272016 261015 232020 279018 298014 229027
247029 278030 273023 275029 283017 294012.
323018 286015 032010 046024 045020 356015
338013 360015 249005 313010 308012 260011
297019 280025 306028 325020 337027 314022
283015 261016 301018 260021 345006 351005.
042007 287007 347008 PPC000 332010 348008
PPC000 022009 049018 041016 050025 064024
061037 066035 059042 060048 086045 051047
055049 059040 058041 061036 059034 065027.
066022 074022 079017 081021 019007 PPC000
010009 355013 054008 068010 061016 068016
057025 047022 050022 044024 067025 051033
069021 065011 050023 039021 053018 055022.
027010 044013 018011 023011 326005 002010
003013 357008 277008 206019 204009 277010
248014 303008 304011 ////// 014014 352013
128019 076019 037024 054021 045016 050011.
018010 356009 020009 024013 015016 313006
290005 255009 314010 359006 044004 127008
319008 065017 056020 102025 088024 075019
047022 113054 072022 052035 062034 057027.
057033 063019 030020 044027 061025 048021
060018 049020 063026 105007 034017 053019
068018 ////// 060022 041027 040026 062037
053043 046038 063035 052033 059033 057023.
060029 059034 068020 047026 059023 051025
043027 028025 051020 040013 074019 036012
050024 025026 069028 042020 021022 347017
039029 044021 030019 025013 340009 049008.
064014 034012 050011 066008 336007 276018
196006 298009 318010 302013 293006 PPC000
289011 250012 304014 241021 240027 236024
253023 254020 226011 188025 124008 PPC000.
007009 023019 027019 043014 033012 012009
003008 013007 PPC000 084006 283009 306010
284016 308010 256015 248018 283014 350017
315019 314022 316019 318021 308015 289008.
351008 036019 114013 130010 086018 074015
341010 004010 210013 282014 299016 316014
248021 261018 317012 301016 327011 //////
310024 273014 289016 263014 287020 283025.
273023 296027 295026 292019 274016 283008
206006 200010 032007 048008 001004 336004
351011 352007 258012 249023 135019 118019
183025 177025 195027 172027 166017 184009.
345006 349007 353008 330013 321008 323006
337011 342009 348010 334009 282006 203015
245013 215008 064015 026014 011014 176018
108017 ////// 060020 071015 071010 042014.
034013 023014 304008 006008 335008 326006
329010 334012 322010 297008 260008 //////
264011 314008 358014 038015 080022 108030
134022 117031 090022 059027 072012 139014.
144013 010011 348005 357010 353015 065010
329008 044012 336009 001004 PPC000 032013
237007 021018 046017 115021 076030 119019
096029 047024 ////// 057021 049023 041016.
025018 012013 159020 152014 148014 206010
295012 342010 057007 018012 034005 239010
004009 232013 318011 163010 103013 106017
360017 030032 062025 081019 080017 094015.
079017 017011 055024 050032 060026 049019
350008 333007 045013 065017 067014 041015
049018 040015 048030 033019 044023 053018
059025 050019 052017 057017 ////// 054023.
074019 ////// ////// 043016 049013 051032
114011 005017 118009 ////// 067012 047016
059022 059016 341009 345013 031016 283013
252017 256029 256029 268024 258019 //////.
////// 262025 286016 279017 289016 284012
283013 275014 254010 273008 270007 //////
////// 128010 ////// 080022 082018 092022
067020 083021 087019 034017 048019 360005.
054006 018012 056011 330007 307012 292008
////// ////// 275004 ////// 225005 //////
////// 045005 ////// ////// 264014 //////
////// 307014 228015 ////// 344013 //////.
007019 039014 ////// 009010 055019 078009
066004 340007 ////// ////// ////// //////
318008 ////// ////// 318008 ////// //////
////// 106007 170010 ////// 173012 133005.
PPC000 322004 339004 PPC000 ////// PPC000
PPC000 PPC000 PPC000 PPC000 ////// //////
////// ////// 187013 ////// ////// //////
////// ////// ////// ////// ////// PPC000.
////// ////// ////// ////// 265007 //////
PPC000 PPC000 324006 297008 320008 248013
////// 221016 ////// 177012 339010 295009
104022 082036 091031 068035 083019 054017.
000011 305013 328010 305008 292008 289013
284005 298010 015008 PPC000 225010 269011
241014 278015 ////// 044015 033030 052020
071021 049027 089018 083009 021005 347007.
340009 291008 ////// 299009 PPC000 PPC000
PPC000 315006 308005 ////// PPC000 //////
312009 ////// ////// ////// ////// //////
////// 198013 109027 ////// ////// //////.
////// 298004 003009 ////// ////// //////
291006 ////// ////// ////// ////// 271010
292011 225014 224013 266015 218010 263006
173020 210025 195022 172016 176018 PPC000.
005008 340006 340010 328010 320009 320004
PPC000 312006 252007 PPC000 256009 249023
238016 344011 283011 114016 301009 159016
166011 155008 172012 060017 023009 330005.
080009 PPC000 304010 302008 ////// //////
////// PPC000 202004 282009 321007 305008
038016 068015 068013 107024 091022 089017
005017 ////// 257029 078016 348013 322012=
062068 1533 095067 1702
038062 2001 064070 2149
031190 1821 044176 1905
038267 1546 061242 1650
040049 2341 064303 1325
064068 1137 102049 1122
036060 1253 049060 1252
028058 1826 041043 1645
063066 1544 082080 1544
052061 1444 070078 1740
036058 2201 050064 2027
032236 1259 046250 1321
037175 1924 053185 1923
032317 1508 055259 1956
037170 1821 048261 2145
026063 1731 039086 1546
036113 1410 054122 1510
033081 1255 051108 1521
050008 1642 076007 1645
041059 0016 060036 2320
041258 1610 058275 1606
029086 1414 050278 2016
029027 1747 062064 1742
026356 2050 036021 2113
026238 1707 026188 1544
042067 1622 060081 1545
040041 1245 057010 1224
032117 1654 044119 1647
031212 1554 040183 1725
024124 1409 029255 0925
033254 1701 051252 1701=
D=
K=
A=
S=
B=
??????
******
YF
O2226
河南省
豫洛阳国家牡丹园
洛阳市邙山中沟国家牡丹园
丘陵；景区；地面
空缺
计算机
计算机
计算机
计算机
计算机
20100926=
JY
8888=
GK
01/
05/=
BZ
BB/01/18时温度用正点前3分钟值代替。
BB/08/12时温度用正点前3分钟值代替。
BB/10/10时温度用正点前2分钟值代替。
BB/14/14时温度用正点前1分钟值代替。
BB/16/16时温度用正点前3分钟值代替。
BB/17/08时温度用正点前3分钟值代替。
BB/18/17时温度用正点前1分钟值代替。
BB/20/19时温度用正点前1分钟值代替。
BB/21/22时温度用正点前3分钟值代替。23时温度用正点前1分钟值代替。06时温度用正点前1分钟值代替。20时温度用正点前4分钟值代替。
BB/22/21时温度用正点前1分钟值代替。08时温度用正点前4分钟值代替。09时温度用正点前1分钟值代替。11时温度用正点前1分钟值代替。
BB/23/03时温度用正点前2分钟值代替。04时温度用正点前2分钟值代替。06时温度用正点前1分钟值代替。08时温度用正点前1分钟值代替。09时温度用正点前3分钟值代替。11时温度用正点前3分钟值代替。12时温度用正点前1分钟值代替。14时温度用正点前2分钟值代替。15时温度用正点前1分钟值代替。18时温度用正点前3分钟值代替。20时温度用正点前1分钟值代替。
BB/24/23时温度用正点前3分钟值代替。05时温度用正点前3分钟值代替。06时温度用正点前3分钟值代替。07时温度用正点前4分钟值代替。08时温度用正点前2分钟值代替。10时温度用正点前4分钟值代替。11时温度用正点前2分钟值代替。13时温度用正点前3分钟值代替。14时温度用正点前3分钟值代替。15时温度用正点前3分钟值代替。18时温度用正点前1分钟值代替。
BB/25/01时温度用正点前1分钟值代替。07时温度用正点前3分钟值代替。08时温度用正点前3分钟值代替。09时温度用正点前3分钟值代替。10时温度用正点前3分钟值代替。12时温度用正点前3分钟值代替。13时温度用正点前3分钟值代替。14时温度用正点前4分钟值代替。15时温度用正点前1分钟值代替。16时温度用正点前4分钟值代替。17时温度用正点前3分钟值代替。18时温度用正点前2分钟值代替。19时温度用正点前3分钟值代替。
BB/26/21时温度用正点前3分钟值代替。22时温度用正点前3分钟值代替。23时温度用正点前3分钟值代替。24时温度用正点前3分钟值代替。02时温度用正点前3分钟值代替。09时温度用正点前1分钟值代替。11时温度用正点前1分钟值代替。
BB/27/11时温度用正点前1分钟值代替。
BB/28/23时温度用正点后5分钟值代替。06时温度用正点前1分钟值代替。08时温度用正点前1分钟值代替。10时温度用正点前1分钟值代替。11时温度用正点前3分钟值代替。12时温度用正点前2分钟值代替。13时温度用正点前1分钟值代替。14时温度用正点前3分钟值代替。15时温度用正点前1分钟值代替。18时温度用正点前1分钟值代替。19时温度用正点前2分钟值代替。20时温度用正点前1分钟值代替。
BB/29/21时温度用正点前2分钟值代替。24时温度用正点前2分钟值代替。01时温度用正点前2分钟值代替。02时温度用正点前1分钟值代替。04时温度用正点前1分钟值代替。05时温度用正点前1分钟值代替。06时温度用正点前1分钟值代替。07时温度用正点前3分钟值代替。
BB/31/16时温度用正点前3分钟值代替。
00/344223/1122341
10/24/逐时观测
10/24/24时连续观测
11/不守班=
######
