O2215 3424N 11232E 003390 003390 105 105 S15 91999999919999199999 1 2008 06
P=
TB
0277 0274 0255 0251 0250 0247 0237 0217 0206 0216 0242 0249
0269 0290 0284 0308 0325 0321 0330 0329 0319 0300 0286 0267 0337 1520 0201 0514.
0263 0253 0247 0233 0221 0212 0205 0202 0201 0200 0208 0229
0242 0257 0259 0271 0276 0285 0284 0287 0279 0280 0272 0268 0290 1556 0197 0518.
0267 0163 0177 0172 0171 0171 0173 0165 0163 0163 0161 0176
0196 0207 0226 0256 0278 0284 0295 0296 0261 0235 0227 0215 0303 1528 0158 0638.
0198 0173 0162 0154 0148 0148 0142 0143 0135 0136 0149 0172
0195 0209 0228 0240 0249 0264 0266 0276 0276 0274 0263 0241 0287 1512 0131 0506.
0229 0220 0212 0208 0206 0197 0193 0193 0196 0201 0210 0219
0241 0255 0273 0278 0289 0300 0299 0300 0293 0287 0279 0272 0304 1511 0191 0307.
0262 0255 0249 0241 0239 0237 0215 0202 0203 0205 0217 0225
0243 0256 0262 0270 0279 0271 0284 0284 0271 0263 0254 0243 0291 1517 0199 0348.
0239 0230 0224 0219 0219 0213 0210 0204 0206 //// //// 0225
0240 0249 0258 0269 0284 0285 0286 0286 0290 0284 0275 0256 0294 1541 0202 0428.
0254 0245 0243 0233 0226 0225 0212 0209 0199 0202 0209 0224
0246 0268 0293 0305 0317 0331 0342 0328 0326 0320 0311 0293 0345 1506 0198 0457.
0280 0281 0270 0265 0263 0251 0242 0226 0213 0219 0234 0250
0267 0287 0298 0327 0332 0339 0338 0333 0320 0316 0305 0295 0344 1346 0212 0502.
0284 0283 0267 0261 0260 0259 0257 0248 0237 0232 0242 0244
0256 0283 0307 0334 0322 0341 0335 0325 0313 0297 0289 0280 0341 1350 0231 0525.
0269 0266 0246 0226 0237 0214 0213 0210 0213 0201 0212 0224
0241 0249 0263 0274 0288 0285 0301 0307 0294 0288 0225 0220 0308 1538 0201 0541.
0217 0215 0214 0209 0202 0201 0199 0198 0198 0195 0201 0225
0243 0260 0279 0304 0309 0314 0315 0306 0301 0295 0288 0286 0320 1408 0195 0558.
0264 0251 0246 0235 0219 0210 0209 0207 0201 //// //// ////
0232 0245 0260 0275 0281 0294 0292 0300 0294 0264 0244 0239 0303 1540 0197 0429.
0243 0230 0219 0210 0206 0206 0204 0205 0215 0204 0215 0230
0235 0243 0251 0258 0275 0282 0296 0294 0289 0285 0276 0262 0296 1401 0200 0548.
0254 0245 0238 0232 0227 0219 0215 0211 0214 0214 0213 0215
0220 0226 0230 0223 0238 0250 0257 0258 0254 0250 0244 0238 0263 1426 0211 0345.
0233 0230 0222 0210 0211 0206 0198 0200 0194 0183 0184 0185
0190 0202 0201 0204 0203 0201 0205 0198 0192 0198 0195 0187 0238 2001 0182 0626.
0178 0173 0173 0168 0168 0166 0162 0155 0152 0150 0161 0176
0182 0201 0217 0221 0225 0229 0244 0242 0238 0235 0225 0213 0247 1623 0147 0524.
0205 0203 0195 0192 0181 0177 0177 0169 0166 0170 0187 0209
0225 0240 0251 0272 0275 0282 0288 0291 0283 0273 0266 0256 0294 1452 0166 0449.
0250 0247 0244 0240 0236 0231 0222 0216 0215 0213 0224 0238
0247 0259 0259 0278 0297 0281 0270 0275 0279 0267 0257 0250 0300 1248 0213 0524.
0247 0242 0245 0242 0242 0238 0233 0227 0227 0220 0223 0232
0250 0265 0274 0288 0307 0315 0314 0317 0320 0314 0309 0305 0335 1429 0219 0609.
0300 0280 0270 0264 0265 0263 0258 0245 0240 0239 0255 0265
0275 0283 0287 0302 0314 0322 0330 0327 0307 0296 0287 0281 0332 1505 0237 0513.
0274 0273 0261 0256 0253 0255 0242 0242 0236 0240 0252 0258
0261 0269 0285 0290 0285 0287 0290 0240 0238 0232 0229 0221 0293 1445 0221 1950.
0214 0213 0207 0205 0206 0209 0210 0210 0208 0210 0215 0240
0250 0272 0298 0309 0331 0342 0352 0351 0354 0345 0332 0309 0361 1645 0202 2335.
0297 0273 0270 0256 0249 0234 0231 0236 0223 0221 0238 0245
0255 0269 0284 0300 0315 0330 0325 0323 0322 0308 0303 0281 0332 1358 0218 0606.
0285 0275 0269 0264 0257 0234 0226 0223 0219 0221 0226 0237
0264 0285 0306 0329 0350 0362 0364 0361 0360 0355 0341 0329 0374 1447 0218 0511.
0323 0312 0301 0277 0266 0253 0225 0217 0213 0214 0226 0240
0251 0264 0275 0280 0295 0297 0302 0300 0300 0298 0287 0278 0329 2001 0212 0520.
0277 0271 0266 0260 0251 0242 0236 0229 0227 0222 0227 0238
0260 0276 0281 0306 0321 0326 0335 0322 0316 0311 0300 0293 0335 1353 0220 0618.
0286 0276 0270 0266 0258 0252 0240 0237 0233 0233 0237 0248
0255 0270 0287 0293 0310 0314 0318 0320 0317 0303 0291 0283 0326 1542 0228 0529.
0276 0269 0264 0263 0258 0254 0249 0242 0235 0236 0247 0255
0261 0285 0307 0306 0332 0341 0331 0335 0344 0329 0327 0318 0355 1632 0230 0511.
0294 0289 0286 0269 0263 0264 0263 0264 0250 0247 0253 0259
0277 0290 0298 0302 0304 0298 0303 0295 0287 0285 0281 0276 0324 2029 0245 0546=
I=
E=
U=
N=
H=
C=
V=
R6
0000 0001 0001
0000 0000 0000
0062 0000 0062
0000 0000 0000
0000 0000 0000
0007 0000 0007
//// 0000 ////
//// 0000 ////
0000 0000 0000
0000 //// ////
0005 0000 0005
0000 0000 0000
//// 0000 ////
0000 0000 0000
//// 0000 ////
0015 0001 0016
0000 0000 0000
0000 0000 0000
0000 0000 0000
0001 0000 0001
0000 0000 0000
0000 0001 0001
0000 0000 0000
0000 0000 0000
0000 0000 0000
0000 0000 0000
0000 0000 0000
0000 0000 0000
0000 0000 0000
//// 0000 ////=
0000 0000 0000 0000 0000 0000 0000 0000 0000 0000 0000 0000
0000 0000 0000 0001 0000 0000 0000 0000 0000 0000 0000 0000.
0000 0000 0000 0000 0000 0000 0000 0000 0000 0000 0000 0000
0000 0000 0000 0000 0000 0000 0000 0000 0000 0000 0000 0000.
0000 0043 0018 0001 0000 0000 0000 0000 0000 0000 0000 0000
0000 0000 0000 0000 0000 0000 0000 0000 0000 0000 0000 0000.
0000 0000 0000 0000 0000 0000 0000 0000 0000 0000 0000 0000
0000 0000 0000 0000 0000 0000 0000 0000 0000 0000 0000 0000.
0000 0000 0000 0000 0000 0000 0000 0000 0000 0000 0000 0000
0000 0000 0000 0000 0000 0000 0000 0000 0000 0000 0000 0000.
0000 0000 0000 0000 //// 0000 0002 0005 0000 0000 0000 0000
0000 0000 0000 0000 0000 0000 0000 0000 0000 0000 0000 0000.
0000 0000 0000 0000 0000 0000 0000 0000 0000 //// //// 0000
0000 0000 0000 0000 0000 0000 0000 0000 0000 0000 0000 0000.
0000 0000 0000 0000 0000 0000 //// 0000 0000 0000 0000 0000
0000 0000 0000 0000 0000 0000 0000 0000 0000 0000 0000 0000.
0000 0000 0000 0000 0000 0000 0000 0000 0000 0000 0000 0000
0000 0000 0000 0000 0000 0000 0000 0000 0000 0000 0000 0000.
0000 0000 0000 0000 0000 0000 0000 0000 0000 0000 0000 0000
0000 0000 0000 0000 0000 0000 0000 0000 0000 0000 //// 0000.
0000 0000 0000 0000 0000 0004 0001 0000 0000 0000 0000 0000
0000 0000 0000 0000 0000 0000 0000 0000 0000 0000 0000 0000.
0000 0000 0000 0000 0000 0000 0000 0000 0000 0000 0000 0000
0000 0000 0000 0000 0000 0000 0000 0000 0000 0000 0000 0000.
0000 0000 0000 0000 0000 0000 0000 0000 0000 //// //// ////
0000 0000 0000 0000 0000 0000 0000 0000 0000 0000 0000 0000.
0000 0000 0000 0000 0000 0000 0000 0000 0000 0000 0000 0000
0000 0000 0000 0000 0000 0000 0000 0000 0000 0000 0000 0000.
//// 0000 0000 0000 0000 0000 0000 0000 0000 0000 0000 0000
0000 0000 0000 0000 0000 0000 0000 0000 0000 0000 0000 0000.
0000 0000 0000 0000 0000 0000 0000 0000 0000 0003 0007 0005
0000 0001 0000 0000 0000 0000 0000 0000 0000 0000 0000 0000.
0000 0000 0000 0000 0000 0000 0000 0000 0000 0000 0000 0000
0000 0000 0000 0000 0000 0000 0000 0000 0000 0000 0000 0000.
0000 0000 0000 0000 0000 0000 0000 0000 0000 0000 0000 0000
0000 0000 0000 0000 0000 0000 0000 0000 0000 0000 0000 0000.
0000 0000 0000 0000 0000 0000 0000 0000 0000 0000 0000 0000
0000 0000 0000 0000 0000 0000 0000 0000 0000 0000 0000 0000.
0000 0000 0000 0000 0000 0000 0000 0000 0001 0000 0000 0000
0000 0000 0000 0000 0000 0000 0000 0000 0000 0000 0000 0000.
0000 0000 0000 0000 0000 0000 0000 0000 0000 0000 0000 0000
0000 0000 0000 0000 0000 0000 0000 0000 0000 0000 0000 0000.
0000 0000 0000 0000 0000 0000 0000 0000 0000 0000 0000 0000
0000 0000 0000 0000 0000 0001 0000 0000 0000 0000 0000 0000.
0000 0000 0000 0000 0000 0000 0000 0000 0000 0000 0000 0000
0000 0000 0000 0000 0000 0000 0000 0000 0000 0000 0000 0000.
0000 0000 0000 0000 0000 0000 0000 0000 0000 0000 0000 0000
0000 0000 0000 0000 0000 0000 0000 0000 0000 0000 0000 0000.
0000 0000 0000 0000 0000 0000 0000 0000 0000 0000 0000 0000
0000 0000 0000 0000 0000 0000 0000 0000 0000 0000 0000 0000.
0000 0000 0000 0000 0000 0000 0000 0000 0000 0000 0000 0000
0000 0000 0000 0000 0000 0000 0000 0000 0000 0000 0000 0000.
0000 0000 0000 0000 0000 0000 0000 0000 0000 0000 0000 0000
0000 0000 0000 0000 0000 0000 0000 0000 0000 0000 0000 0000.
0000 0000 0000 0000 0000 0000 0000 0000 0000 0000 0000 0000
0000 0000 0000 0000 0000 0000 0000 0000 0000 0000 0000 0000.
0000 0000 0000 0000 0000 0000 0000 0000 0000 0000 0000 0000
0000 0000 0000 0000 0000 0000 0000 0000 0000 0000 0000 0000.
0000 0000 0000 0000 0000 0000 0000 0000 //// 0000 0000 0000
0000 0000 0000 0000 0000 0000 0000 0000 0000 0000 0000 0000=
0022 ////////// 00000=
W=
L=
Z=
G=
FN
136031 143027 120031 119025 109008 020009
107011 081008 332004 300022 250019 268015
338016 017052 009010 282019 336007 327041
352034 041042 015066 022071 050029 013011.
105007 115021 121041 099045 092032 142021
103018 117037 135026 135030 114026 128028
141037 151032 141040 142049 138055 139045
141043 151063 134043 149058 142055 135059.
144046 068088 115074 075045 103019 118036
229022 022012 340007 330012 330026 018020
326028 308021 325023 282028 300068 289040
311072 321059 036038 076087 058063 087032.
108027 103022 091037 108035 064010 010009
075007 239018 351011 300013 335019 320014
115005 000015 015018 059021 265013 217011
102014 322019 112026 113041 134026 148051.
136046 130041 131041 143049 140043 112031
110037 116033 122031 132026 138026 141036
139037 143059 152065 147072 147065 146077
146075 150057 142076 144066 149057 138050.
133041 137044 122042 122043 ////// 134033
118030 114028 107020 120025 202011 000014
319014 330029 338035 337038 346028 322039
005041 010039 018049 013029 004024 022011.
046017 356010 304022 359010 278011 286020
286012 292011 290014 ////// ////// 286024
303034 293034 316039 298041 266036 259044
314033 300035 260036 280021 293024 309016.
322016 311014 280014 300019 287018 275022
283015 276016 294017 263008 297016 304019
315016 263021 289016 325023 133014 175035
214019 123028 145040 124033 136033 103023.
124024 136027 123027 118030 129031 224010
015010 310013 007011 011011 357005 307012
309016 295011 341016 099028 085011 049012
095014 155047 153057 143042 152051 146044.
137025 141020 113014 106021 106021 097008
120014 023016 038013 023018 339017 333023
318019 343033 007028 291017 010035 134039
131034 146031 144054 147052 ////// 137025.
105023 103026 009049 313033 327026 311022
116004 046018 179005 312018 286011 277018
276012 339020 329016 333014 321017 289023
348027 019022 278015 263058 259044 037016.
300021 292017 320015 356009 321015 028004
298017 314014 067010 304020 304017 328009
271013 306017 197011 131030 149039 127038
146044 142060 147051 145050 146042 138032.
124035 095027 105012 032009 300018 019008
078012 359008 032012 ////// ////// //////
275014 307014 309015 321016 334030 031027
084028 105033 140035 309021 279024 304018.
344018 303021 103005 033007 PPC000 PPC001
165006 093013 125025 327009 035015 312010
279014 274014 289023 275018 287014 033015
298013 141038 117040 109038 116034 103033.
////// 113041 110046 127034 108040 116029
093032 103023 132030 113030 107039 121030
119038 122031 110035 103041 147030 087025
110057 126030 092035 111048 089043 106043.
110036 105044 143051 152031 124027 097021
111023 124015 070006 004018 092028 099021
097020 344019 135010 011014 007034 030037
045038 076028 086032 031034 077037 109021.
085025 099027 062022 086018 333008 014007
039021 039018 040018 002015 342013 305010
012010 PPC002 166019 149025 049013 348023
100027 152032 136031 149034 138044 138042.
124029 150037 124026 132027 108023 110026
119034 116025 118025 110029 114027 104026
139039 144035 150038 113044 144049 135049
141059 120059 149066 150044 142050 127043.
138067 148057 145057 141043 142036 138026
129025 112023 123035 113041 129031 147024
300015 132031 141039 096043 142041 151047
145056 151049 140041 141038 115033 119030.
133039 095032 135036 115022 126025 103022
100017 067013 120019 313011 337016 270011
313024 335016 309023 314018 339036 337016
329011 306018 344016 343015 140020 207010.
140013 106020 106017 010013 215033 281025
265032 297010 321011 299011 324008 356011
320018 268020 306015 338021 354025 320027
277015 177020 141030 140028 151027 090018.
088019 122021 012009 088017 123014 169005
093004 309008 089011 036009 133016 308015
330022 344017 294019 248014 207018 288019
275026 289051 316063 278038 300044 303034.
308047 311049 304043 317054 305046 304041
308041 309039 307038 311057 303051 298057
314062 315058 339048 327058 309050 316032
008015 276009 300021 316021 314028 327018.
331023 007010 099017 120013 094010 332015
341008 300011 299012 314012 328008 282009
321022 331023 333025 312029 327034 344032
330022 329015 227016 135028 267023 032012.
134025 130030 119026 132022 134024 000017
342021 032005 347013 293009 349011 318012
153012 235019 239018 165016 141033 144031
138046 156055 143055 143051 147040 146042.
139033 119029 124032 113077 129058 122034
341023 337027 356017 346007 348016 284006
260014 309015 296011 295028 153010 138018
127026 146046 140038 145046 118036 111040.
147029 102028 116037 118031 106019 142023
064015 084020 097020 302013 314018 312008
353012 143030 333018 293008 147034 139038
140047 151048 141045 138036 150048 136042.
147044 139040 148048 151053 124044 130030
116028 120029 133024 153036 146040 147037
143040 148038 141041 147031 147043 148053
150055 144054 141053 137046 141082 140072.
148068 133056 137044 141039 126035 137024
139030 118022 282018 102019 292013 313017
334033 340022 104013 305016 338019 323033
348019 318025 140055 147042 148039 136039.
271026 257026 121019 320017 041012 314018
030008 090014 306022 021009 304013 287016
308011 291025 339031 337038 349041 340045
021047 045060 030055 005024 034027 037024=
138031 142027 119031 121025 117009 063008
099014 070009 019006 310016 243019 271018
314016 022046 005013 283021 339011 318037
347032 013035 019057 027066 051039 017012.
097006 106026 117038 100038 095035 124020
101018 114040 125031 134029 109025 128030
130034 148026 147041 145038 145055 142047
145054 150050 139060 143057 138056 135057.
144050 043060 117072 094048 082019 111028
205018 056010 339004 332011 332023 001020
316024 305019 300024 278032 309060 300049
314067 326064 037040 075080 062062 084027.
107019 103025 088037 103039 080013 009009
089007 239019 350011 326007 318018 339016
358009 006010 011021 002020 079018 100018
111020 320016 111028 106041 133028 146055.
139041 132044 133040 139047 145043 113034
114038 116033 119032 132022 140030 149034
145037 145051 147065 147069 146069 144066
147076 147064 143070 144066 145056 134045.
136043 135049 129046 121041 ////// 135033
118029 115030 107018 118025 159019 337014
333014 325025 333039 340035 329033 329040
000042 011038 020044 021029 355019 021015.
046017 350013 296018 358013 277011 284016
282013 285010 284014 ////// ////// 289017
299032 284036 307035 302042 278033 259048
303038 300032 277027 283019 289018 306014.
315016 308014 283014 297017 290017 277022
287017 277018 289016 270011 300016 299018
308015 273020 301019 309017 165011 128026
202021 131022 143037 131033 133027 106022.
120023 133026 117026 116028 130030 209011
020009 320011 007010 016010 338006 301011
317013 308014 339017 091025 096024 090026
084022 148040 149045 142043 152044 143040.
139025 139023 108017 110020 111022 100008
125012 017015 031009 021015 327017 330022
309016 340030 349027 291023 340041 131041
136036 132034 144049 147050 ////// 130025.
103024 096028 017057 310039 342026 316026
029010 040014 138007 305018 286011 289019
309009 318014 327017 332016 318022 286021
337024 028026 274023 273030 262048 036013.
294018 298016 314017 350012 323012 028006
289016 312013 046010 298016 304015 350008
277017 308016 168020 116020 151038 125034
148045 145058 148058 145045 146040 139034.
123027 091024 111014 053009 320012 358007
067009 037004 008014 ////// ////// //////
299014 305014 328020 320022 338031 036021
098032 099033 142037 291023 289023 341010.
018022 314012 061007 028007 176006 073005
129009 100012 116025 333009 025013 341009
268016 285011 304018 295015 317013 009022
293017 134040 104041 114036 112032 101034.
////// 108040 111047 132037 110038 112032
098034 103027 136028 120029 112042 127037
128034 131034 107036 099044 145028 096019
113053 133034 101040 108044 093045 108040.
107039 107041 137041 144031 131024 095021
103024 119015 106008 001016 089028 096021
101020 027020 108015 012016 359027 030033
045034 078031 084038 040033 069037 110018.
088027 099029 066024 085021 017014 047008
033018 039025 041016 359011 349014 019011
333008 007007 193016 147021 029015 353019
108024 134029 124035 145030 145040 141042.
128030 143033 127027 129025 112023 109024
117032 117025 115024 113029 114025 104026
138028 136036 148038 130040 144050 133050
139055 132052 151058 146044 148054 130040.
142059 147051 145055 146047 145036 143026
130024 115022 121033 113038 130030 143022
297013 132030 145041 113031 126042 150041
145052 142049 135044 143044 129036 118033.
136032 100031 129034 116027 133025 107023
100018 065009 105013 321012 329013 299014
300018 338020 316024 307021 357022 336020
312024 302019 342020 338014 138018 195010.
137017 107023 108017 345006 218029 265020
268027 298011 318012 298011 331007 351010
331020 269019 312015 332017 345025 310017
286013 205024 141037 144027 149028 091019.
087018 122022 011010 092015 120014 147007
084006 327005 093007 052008 133012 332010
329020 333018 307015 225016 223020 271016
268024 292047 312057 284040 298049 297043.
309054 314051 309044 314043 305035 306034
308040 312038 308041 304053 302044 301058
319053 317062 328049 316045 310045 318037
352023 307024 313017 328022 308022 322015.
331022 005011 111019 107015 099013 328012
331009 306014 298015 309012 057006 289013
327022 335024 339021 324022 324027 343029
330024 316011 263009 143034 250027 002014.
131027 139034 130025 133023 128022 350018
341023 043007 356012 309004 353010 305010
229010 212017 239020 155021 164027 155022
145035 148042 143049 146047 146045 144039.
138031 123034 129038 112074 129063 118033
337020 340022 352019 346005 343015 284011
237014 298014 303013 302017 219015 194019
140036 147042 142040 145045 130033 114035.
146028 111028 116033 121024 117021 138025
086021 085019 099020 325008 316013 326010
341012 080030 345020 201016 143029 173030
144044 149050 144041 144036 148045 137036.
144044 140037 138049 148058 117040 131035
107028 122029 125024 147032 146031 140030
144040 132035 144042 147040 142039 146050
151058 145056 144055 133051 141074 139071.
144066 134051 136049 137039 111037 131027
136029 112020 326015 104017 290010 313021
332026 355020 105010 332024 353026 312022
337017 320027 141049 146047 146039 138038.
266027 252026 137017 328017 027014 323018
029005 095012 306018 019010 313014 297020
320013 293024 334028 335042 353046 343050
030045 045058 025050 008031 041027 022024=
085043 1724 119068 1721
060139 1700 118110 1835
080075 1800 153096 2204
056147 1957 081141 1948
079145 1533 129143 1530
055023 1621 089017 1612
048259 1400 080250 1334
045146 1627 072146 1529
053151 1719 078172 1858
058145 1740 087166 1720
057017 2300 119301 1809
063146 1614 104160 1557
045261 1726 076273 1719
049116 1550 075143 1548
057119 1517 088115 2347
041107 2200 094115 2315
043146 1908 062143 1903
067147 1622 112127 1501
064143 2113 098163 2234
038134 2111 063141 2012
043146 1636 062149 1629
057312 1700 112307 1628
058301 0800 119315 2021
034330 1413 056315 1230
049143 1700 102155 1741
063129 0100 120112 0029
052152 1552 080146 1633
077144 1929 138143 1844
072144 2023 106127 2033
061033 1627 089028 1625=
D=
K=
A=
S=
B=
??????
QP=
QTB
099 099 099 099 099 099 099 099 099 099 099 099 099 099 099 099 099 099 099 099 099 099 099 099 099 099 099 099
099 099 099 099 099 099 099 099 099 099 099 099 099 099 099 099 099 099 099 099 099 099 099 099 099 099 099 099
099 099 099 099 099 099 099 099 099 099 099 099 099 099 099 099 099 099 099 099 099 099 099 099 099 099 099 099
099 099 099 099 099 099 099 099 099 099 099 099 099 099 099 099 099 099 099 099 099 099 099 099 099 099 099 099
099 099 099 099 099 099 099 099 099 099 099 099 099 099 099 099 099 099 099 099 099 099 099 099 099 099 099 099
099 099 099 099 099 099 099 099 099 099 099 099 099 099 099 099 099 099 099 099 099 099 099 099 099 099 099 099
099 099 099 099 099 099 099 099 099 899 899 099 099 099 099 099 099 099 099 099 099 099 099 099 099 099 099 099
099 099 099 099 099 099 099 099 099 099 099 099 099 099 099 099 099 099 099 099 099 099 099 099 099 099 099 099
099 099 099 099 099 099 099 099 099 099 099 099 099 099 099 099 099 099 099 099 099 099 099 099 099 099 099 099
099 099 099 099 099 099 099 099 099 099 099 099 099 099 099 099 099 099 099 099 099 099 099 099 099 099 099 099
099 099 099 099 099 099 099 099 099 099 099 099 099 099 099 099 099 099 099 099 099 099 099 099 099 099 099 099
099 099 099 099 099 099 099 099 099 099 099 099 099 099 099 099 099 099 099 099 099 099 099 099 099 099 099 099
099 099 099 099 099 099 099 099 099 899 899 899 099 099 099 099 099 099 099 099 099 099 099 099 099 099 099 099
099 099 099 099 099 099 099 099 099 099 099 099 099 099 099 099 099 099 099 099 099 099 099 099 099 099 099 099
099 099 099 099 099 099 099 099 099 099 099 099 099 099 099 099 099 099 099 099 099 099 099 099 099 099 099 099
099 099 099 099 099 099 099 099 099 099 099 099 099 099 099 099 099 099 099 099 099 099 099 099 099 099 099 099
099 099 099 099 099 099 099 099 099 099 099 099 099 099 099 099 099 099 099 099 099 099 099 099 099 099 099 099
099 099 099 099 099 099 099 099 099 099 099 099 099 099 099 099 099 099 099 099 099 099 099 099 099 099 099 099
099 099 099 099 099 099 099 099 099 099 099 099 099 099 099 099 099 099 099 099 099 099 099 099 099 099 099 099
099 099 099 099 099 099 099 099 099 099 099 099 099 099 099 099 099 099 099 099 099 099 099 099 099 099 099 099
099 099 099 099 099 099 099 099 099 099 099 099 099 099 099 099 099 099 099 099 099 099 099 099 099 099 099 099
099 099 099 099 099 099 099 099 099 099 099 099 099 099 099 099 099 099 099 099 099 099 099 099 099 099 099 099
099 099 099 099 099 099 099 099 099 099 099 099 099 099 099 099 099 099 099 099 099 099 099 099 099 099 099 099
099 099 099 099 099 099 099 099 099 099 099 099 099 099 099 099 099 099 099 099 099 099 099 099 099 099 099 099
099 099 099 099 099 099 099 099 099 099 099 099 099 099 099 099 099 099 099 099 099 099 099 099 099 099 099 099
099 099 099 099 099 099 099 099 099 099 099 099 099 099 099 099 099 099 099 099 099 099 099 099 099 099 099 099
099 099 099 099 099 099 099 099 099 099 099 099 099 099 099 099 099 099 099 099 099 099 099 099 099 099 099 099
099 099 099 099 099 099 099 099 099 099 099 099 099 099 099 099 099 099 099 099 099 099 099 099 099 099 099 099
099 099 099 099 099 099 099 099 099 099 099 099 099 099 099 099 099 099 099 099 099 099 099 099 099 099 099 099
099 099 099 099 099 099 099 099 099 099 099 099 099 099 099 099 099 099 099 099 099 099 099 099 099 099 099 099=
QI=
QE=
QU=
QN=
QH=
QC=
QV=
QR6
099 099 099
099 099 099
099 099 099
099 099 099
099 099 099
099 099 099
899 099 899
899 099 899
099 099 099
099 899 899
099 099 099
099 099 099
899 099 899
099 099 099
899 099 899
099 099 099
099 099 099
099 099 099
099 099 099
099 099 099
099 099 099
099 099 099
099 099 099
099 099 099
099 099 099
099 099 099
099 099 099
099 099 099
099 099 099
899 099 899=
099 099 099 099 099 099 099 099 099 099 099 099 099 099 099 099 099 099 099 099 099 099 099 099
099 099 099 099 099 099 099 099 099 099 099 099 099 099 099 099 099 099 099 099 099 099 099 099
099 099 099 099 099 099 099 099 099 099 099 099 099 099 099 099 099 099 099 099 099 099 099 099
099 099 099 099 099 099 099 099 099 099 099 099 099 099 099 099 099 099 099 099 099 099 099 099
099 099 099 099 099 099 099 099 099 099 099 099 099 099 099 099 099 099 099 099 099 099 099 099
099 099 099 099 899 099 099 099 099 099 099 099 099 099 099 099 099 099 099 099 099 099 099 099
099 099 099 099 099 099 099 099 099 899 899 099 099 099 099 099 099 099 099 099 099 099 099 099
099 099 099 099 099 099 899 099 099 099 099 099 099 099 099 099 099 099 099 099 099 099 099 099
099 099 099 099 099 099 099 099 099 099 099 099 099 099 099 099 099 099 099 099 099 099 099 099
099 099 099 099 099 099 099 099 099 099 099 099 099 099 099 099 099 099 099 099 099 099 899 099
099 099 099 099 099 099 099 099 099 099 099 099 099 099 099 099 099 099 099 099 099 099 099 099
099 099 099 099 099 099 099 099 099 099 099 099 099 099 099 099 099 099 099 099 099 099 099 099
099 099 099 099 099 099 099 099 099 899 899 899 099 099 099 099 099 099 099 099 099 099 099 099
099 099 099 099 099 099 099 099 099 099 099 099 099 099 099 099 099 099 099 099 099 099 099 099
899 099 099 099 099 099 099 099 099 099 099 099 099 099 099 099 099 099 099 099 099 099 099 099
099 099 099 099 099 099 099 099 099 099 099 099 099 099 099 099 099 099 099 099 099 099 099 099
099 099 099 099 099 099 099 099 099 099 099 099 099 099 099 099 099 099 099 099 099 099 099 099
099 099 099 099 099 099 099 099 099 099 099 099 099 099 099 099 099 099 099 099 099 099 099 099
099 099 099 099 099 099 099 099 099 099 099 099 099 099 099 099 099 099 099 099 099 099 099 099
099 099 099 099 099 099 099 099 099 099 099 099 099 099 099 099 099 099 099 099 099 099 099 099
099 099 099 099 099 099 099 099 099 099 099 099 099 099 099 099 099 099 099 099 099 099 099 099
099 099 099 099 099 099 099 099 099 099 099 099 099 099 099 099 099 099 099 099 099 099 099 099
099 099 099 099 099 099 099 099 099 099 099 099 099 099 099 099 099 099 099 099 099 099 099 099
099 099 099 099 099 099 099 099 099 099 099 099 099 099 099 099 099 099 099 099 099 099 099 099
099 099 099 099 099 099 099 099 099 099 099 099 099 099 099 099 099 099 099 099 099 099 099 099
099 099 099 099 099 099 099 099 099 099 099 099 099 099 099 099 099 099 099 099 099 099 099 099
099 099 099 099 099 099 099 099 099 099 099 099 099 099 099 099 099 099 099 099 099 099 099 099
099 099 099 099 099 099 099 099 099 099 099 099 099 099 099 099 099 099 099 099 099 099 099 099
099 099 099 099 099 099 099 099 099 099 099 099 099 099 099 099 099 099 099 099 099 099 099 099
099 099 099 099 099 099 099 099 899 099 099 099 099 099 099 099 099 099 099 099 099 099 099 099=
099 899 099=
QW=
QL=
QZ=
QG=
QFN
099 099 099 099 099 099 099 099 099 099 099 099 099 099 099 099 099 099 099 099 099 099 099 099
099 099 099 099 099 099 099 099 099 099 099 099 099 099 099 099 099 099 099 099 099 099 099 099
099 099 099 099 099 099 099 099 099 099 099 099 099 099 099 099 099 099 099 099 099 099 099 099
099 099 099 099 099 099 099 099 099 099 099 099 099 099 099 099 099 099 099 099 099 099 099 099
099 099 099 099 099 099 099 099 099 099 099 099 099 099 099 099 099 099 099 099 099 099 099 099
099 099 099 099 899 099 099 099 099 099 099 099 099 099 099 099 099 099 099 099 099 099 099 099
099 099 099 099 099 099 099 099 099 899 899 099 099 099 099 099 099 099 099 099 099 099 099 099
099 099 099 099 099 099 099 099 099 099 099 099 099 099 099 099 099 099 099 099 099 099 099 099
099 099 099 099 099 099 099 099 099 099 099 099 099 099 099 099 099 099 099 099 099 099 099 099
099 099 099 099 099 099 099 099 099 099 099 099 099 099 099 099 099 099 099 099 099 099 899 099
099 099 099 099 099 099 099 099 099 099 099 099 099 099 099 099 099 099 099 099 099 099 099 099
099 099 099 099 099 099 099 099 099 099 099 099 099 099 099 099 099 099 099 099 099 099 099 099
099 099 099 099 099 099 099 099 099 899 899 899 099 099 099 099 099 099 099 099 099 099 099 099
099 099 099 099 099 099 099 099 099 099 099 099 099 099 099 099 099 099 099 099 099 099 099 099
899 099 099 099 099 099 099 099 099 099 099 099 099 099 099 099 099 099 099 099 099 099 099 099
099 099 099 099 099 099 099 099 099 099 099 099 099 099 099 099 099 099 099 099 099 099 099 099
099 099 099 099 099 099 099 099 099 099 099 099 099 099 099 099 099 099 099 099 099 099 099 099
099 099 099 099 099 099 099 099 099 099 099 099 099 099 099 099 099 099 099 099 099 099 099 099
099 099 099 099 099 099 099 099 099 099 099 099 099 099 099 099 099 099 099 099 099 099 099 099
099 099 099 099 099 099 099 099 099 099 099 099 099 099 099 099 099 099 099 099 099 099 099 099
099 099 099 099 099 099 099 099 099 099 099 099 099 099 099 099 099 099 099 099 099 099 099 099
099 099 099 099 099 099 099 099 099 099 099 099 099 099 099 099 099 099 099 099 099 099 099 099
099 099 099 099 099 099 099 099 099 099 099 099 099 099 099 099 099 099 099 099 099 099 099 099
099 099 099 099 099 099 099 099 099 099 099 099 099 099 099 099 099 099 099 099 099 099 099 099
099 099 099 099 099 099 099 099 099 099 099 099 099 099 099 099 099 099 099 099 099 099 099 099
099 099 099 099 099 099 099 099 099 099 099 099 099 099 099 099 099 099 099 099 099 099 099 099
099 099 099 099 099 099 099 099 099 099 099 099 099 099 099 099 099 099 099 099 099 099 099 099
099 099 099 099 099 099 099 099 099 099 099 099 099 099 099 099 099 099 099 099 099 099 099 099
099 099 099 099 099 099 099 099 099 099 099 099 099 099 099 099 099 099 099 099 099 099 099 099
099 099 099 099 099 099 099 099 099 099 099 099 099 099 099 099 099 099 099 099 099 099 099 099=
099 099 099 099 099 099 099 099 099 099 099 099 099 099 099 099 099 099 099 099 099 099 099 099
099 099 099 099 099 099 099 099 099 099 099 099 099 099 099 099 099 099 099 099 099 099 099 099
099 099 099 099 099 099 099 099 099 099 099 099 099 099 099 099 099 099 099 099 099 099 099 099
099 099 099 099 099 099 099 099 099 099 099 099 099 099 099 099 099 099 099 099 099 099 099 099
099 099 099 099 099 099 099 099 099 099 099 099 099 099 099 099 099 099 099 099 099 099 099 099
099 099 099 099 899 099 099 099 099 099 099 099 099 099 099 099 099 099 099 099 099 099 099 099
099 099 099 099 099 099 099 099 099 899 899 099 099 099 099 099 099 099 099 099 099 099 099 099
099 099 099 099 099 099 099 099 099 099 099 099 099 099 099 099 099 099 099 099 099 099 099 099
099 099 099 099 099 099 099 099 099 099 099 099 099 099 099 099 099 099 099 099 099 099 099 099
099 099 099 099 099 099 099 099 099 099 099 099 099 099 099 099 099 099 099 099 099 099 899 099
099 099 099 099 099 099 099 099 099 099 099 099 099 099 099 099 099 099 099 099 099 099 099 099
099 099 099 099 099 099 099 099 099 099 099 099 099 099 099 099 099 099 099 099 099 099 099 099
099 099 099 099 099 099 099 099 099 899 899 899 099 099 099 099 099 099 099 099 099 099 099 099
099 099 099 099 099 099 099 099 099 099 099 099 099 099 099 099 099 099 099 099 099 099 099 099
899 099 099 099 099 099 099 099 099 099 099 099 099 099 099 099 099 099 099 099 099 099 099 099
099 099 099 099 099 099 099 099 099 099 099 099 099 099 099 099 099 099 099 099 099 099 099 099
099 099 099 099 099 099 099 099 099 099 099 099 099 099 099 099 099 099 099 099 099 099 099 099
099 099 099 099 099 099 099 099 099 099 099 099 099 099 099 099 099 099 099 099 099 099 099 099
099 099 099 099 099 099 099 099 099 099 099 099 099 099 099 099 099 099 099 099 099 099 099 099
099 099 099 099 099 099 099 099 099 099 099 099 099 099 099 099 099 099 099 099 099 099 099 099
099 099 099 099 099 099 099 099 099 099 099 099 099 099 099 099 099 099 099 099 099 099 099 099
099 099 099 099 099 099 099 099 099 099 099 099 099 099 099 099 099 099 099 099 099 099 099 099
099 099 099 099 099 099 099 099 099 099 099 099 099 099 099 099 099 099 099 099 099 099 099 099
099 099 099 099 099 099 099 099 099 099 099 099 099 099 099 099 099 099 099 099 099 099 099 099
099 099 099 099 099 099 099 099 099 099 099 099 099 099 099 099 099 099 099 099 099 099 099 099
099 099 099 099 099 099 099 099 099 099 099 099 099 099 099 099 099 099 099 099 099 099 099 099
099 099 099 099 099 099 099 099 099 099 099 099 099 099 099 099 099 099 099 099 099 099 099 099
099 099 099 099 099 099 099 099 099 099 099 099 099 099 099 099 099 099 099 099 099 099 099 099
099 099 099 099 099 099 099 099 099 099 099 099 099 099 099 099 099 099 099 099 099 099 099 099
099 099 099 099 099 099 099 099 099 099 099 099 099 099 099 099 099 099 099 099 099 099 099 099=
099 099 099 099
099 099 099 099
099 099 099 099
099 099 099 099
099 099 099 099
099 099 099 099
099 099 099 099
099 099 099 099
099 099 099 099
099 099 099 099
099 099 099 099
099 099 099 099
099 099 099 099
099 099 099 099
099 099 099 099
099 099 099 099
099 099 099 099
099 099 099 099
099 099 099 099
099 099 099 099
099 099 099 099
099 099 099 099
099 099 099 099
099 099 099 099
099 099 099 099
099 099 099 099
099 099 099 099
099 099 099 099
099 099 099 099
099 099 099 099=
QD=
QK=
QA=
QS=
QB=
=
******
YF
O2215
河南省
豫伊川工业园
伊川县工业园办公区
丘陵地面村镇
褚桂成
田玉玲
田玉玲
田玉玲
王国安
田玉玲
20081025=
JY
8888=
GK
01/本月平均气温25.4度，降水量9.3MM。
02/主要降水过程在：1、3、6、11、16、20、22日。
05/=
BZ
BB/06-15/6日1时、10日19时、15日21时的数据用内插求得。
BB/14-26/14、16、26日的最高有误，从其它时段中挑取。
BB/02-26/2-3、7、11、16、22-23、25-26日的最大风速有误，从十分钟风向风速中挑取。
00/342400/1123200
10/342400/1123200
10/24/24小时连续观测
11/不守班=
######
