O2210 3436N 11241E 001570 001570 105 105 S15 91999999919999199999 1 2008 03
P=
TB
0090 0087 0057 0061 0063 0058 0046 0061 0030 0108 0108 0107
0128 0156 0169 0181 0182 0179 0191 0180 0168 0157 0133 0121 0191 1500 0029 0455.
0125 0108 0101 0105 0079 0082 0066 0071 0067 0061 0057 0079
0107 0122 0141 0149 0156 0157 0152 0152 0138 0122 0106 0060 0163 1412 0046 0547.
0056 0043 0024 0024 0005 0027 0001 -014 0007 0004 -014 0015
0087 0123 0123 0140 0157 0154 0165 0164 0162 0127 0086 0072 0170 1323 -021 0653.
0062 0034 0044 0035 0037 0030 0017 0010 0020 -006 0010 0026
0060 0101 0104 0123 0144 0159 0164 0170 0163 0138 0109 0102 0172 1504 -013 0557.
0089 0083 0054 0055 0051 0049 //// //// //// //// //// ////
//// 0112 0121 0154 0150 0167 0175 0178 0167 0141 0127 0121 0183 1535 0047 0054.
0108 0101 0080 0087 0088 0084 0084 0086 0079 0081 0082 0080
0096 0105 0111 0116 0116 0124 0120 0120 0114 0103 0073 0067 0125 1352 0066 1954.
0051 0054 0036 0033 0016 0004 0027 0023 -002 -022 0001 0023
0066 0092 0110 0112 0117 0128 0139 0142 0139 0112 0104 0093 0147 1606 -023 0601.
0086 0080 0058 0074 0066 0061 0065 0060 0053 0042 0034 0054
0081 0096 0113 0138 0155 0168 0180 0182 0174 0154 0123 0120 0188 1540 0034 0700.
0116 0094 0086 0088 0078 0055 0061 0072 0068 0047 0048 0067
0120 0147 0170 0191 0197 0213 0210 0207 0204 0181 0150 0133 0218 1405 0043 0612.
0126 0121 0077 0079 0082 0077 0044 //// //// //// //// 0065
0108 0148 0170 0189 0228 0247 0237 0242 0230 0201 0195 0187 0255 1427 0018 0700.
0158 0132 0113 0107 0080 0077 0071 0070 0062 0048 0060 0090
0116 0147 0165 0183 0216 0242 0255 0256 0227 0206 0164 0171 0264 1444 0047 0601.
0137 0142 0133 0108 0095 0092 0088 0092 0086 0082 0085 0093
0104 0108 0117 0141 0136 0145 0136 0120 0125 0130 0125 0123 0185 2010 0076 0424.
0119 0113 0108 0101 0089 0084 0077 0070 0074 0073 0065 0100
0119 0133 0144 0155 0163 0168 0168 0163 0155 0148 0136 0110 0172 1502 0065 0522.
0082 0061 0070 0049 0054 0042 0044 0035 0031 0032 0025 0055
0101 0121 0121 0139 0158 0168 0181 0181 0177 0162 0130 0106 0186 1546 0022 0653.
0105 0102 0096 0095 0074 0095 0075 0063 0062 0066 0052 0084
0109 0136 0174 0180 0195 0198 0200 0199 0195 0177 0155 0143 0203 1333 0052 0700.
0119 0127 0103 0109 0086 0079 0063 0082 0068 0071 0067 0091
0118 0131 0143 0159 0155 0168 0175 0176 0175 0153 0123 0105 0184 1517 0058 0721.
0117 0106 0083 0066 0061 0056 0056 0051 0048 0038 0050 0071
0114 0138 0154 0174 0193 0208 0224 0222 0224 0205 0195 0187 0230 1454 0033 0645.
0187 0161 0127 0117 0110 0104 0096 0097 0097 0091 0090 0104
0144 0170 0195 0214 0230 0254 0261 0231 0218 0206 0176 0167 0263 1458 0083 0638.
0154 0137 0131 0127 0119 0113 0107 0102 0101 0102 0099 0099
0096 0095 0107 0113 0128 0135 0125 0115 0109 0103 0099 0093 0154 2100 0089 0927.
0091 0090 0090 0087 0085 0083 0081 0081 0081 0080 0082 0084
0086 0093 0102 0111 0115 0112 0114 0119 0114 0109 0100 0086 0119 1549 0080 0208.
0080 0076 0075 0075 0074 0074 0073 0073 0072 0076 0078 0084
0102 0124 0138 0147 0163 0177 0188 0189 0179 0165 0160 0150 0194 1545 0070 0430.
0143 0139 0126 0116 0100 0101 0088 0091 0071 0077 0086 0118
0154 0173 0196 0215 0222 0218 0213 0209 0198 0170 0137 0137 0230 1330 0067 0611.
0141 0111 0098 0079 0064 0077 0059 0083 0065 0034 0042 0119
0147 0165 0183 0189 0181 0194 0206 0201 0200 0180 0144 0126 0212 1524 0010 0631.
0111 0107 0122 0103 0092 0053 0036 0032 0033 0024 0030 0086
0146 0186 0209 0215 0241 0238 0215 0208 0199 0169 0143 0120 0247 1403 0005 0643.
0089 0092 0079 0073 0065 0065 0049 0036 0045 0027 0028 0077
0110 0137 0164 0171 0194 0204 0214 0211 0204 0167 0131 0110 0220 1434 0022 0710.
0097 0091 0071 0080 0052 0044 0040 0031 0038 0044 0037 0089
0133 0183 0224 0257 0236 0247 0256 0250 0228 0184 0160 0147 0267 1518 0014 0626.
0104 0094 0096 0080 0071 0070 0061 0057 0058 0043 0050 0085
0119 0147 0160 0169 0187 0197 0193 0187 0178 0163 0158 0120 0198 1407 0038 0641.
0123 0095 0094 0087 0093 0102 0106 0110 0101 0098 0105 0107
0112 0122 0129 0131 0126 0118 0113 0111 0109 0080 0073 0074 0137 1129 0072 1840.
0079 0077 0074 0072 0074 0071 0070 0069 0066 0065 0065 0072
0078 0088 0088 0097 0107 0117 0126 0138 0128 0122 0109 0102 0142 1538 0063 0609.
0096 0084 0072 0057 0062 0048 0044 0040 0045 0042 0042 0064
0075 0093 0113 0135 0146 0150 0155 0148 0136 0122 0109 0081 0158 1458 0035 0444.
0074 0064 0067 0060 0060 0058 0058 0061 0060 0069 0066 0078
0090 0099 0119 0133 0146 0152 0154 0150 0148 0143 0119 0122 0164 1454 0057 0115=
I=
E=
U=
N=
H=
C=
V=
R6
//// 0000 ////
0000 0000 0000
0000 0000 0000
0000 0000 0000
//// //// ////
0000 0000 0000
0000 0000 0000
0000 0000 0000
0000 0000 0000
//// 0000 ////
0000 0000 0000
0000 0000 0000
0000 0000 0000
0000 0000 0000
0000 0000 0000
0000 0000 0000
0000 0000 0000
0000 0000 0000
0000 0000 0000
0000 0000 0000
0000 0000 0000
0000 0000 0000
0000 0000 0000
0000 0000 0000
0000 0000 0000
0000 0000 0000
0000 0000 0000
0000 0004 0004
0000 0000 0000
0000 0000 0000
0000 0000 0000=
0000 0000 0000 0000 0000 0000 0000 0000 0000 0000 //// 0000
0000 0000 0000 0000 0000 0000 0000 0000 0000 0000 0000 0000.
0000 0000 0000 0000 0000 0000 0000 0000 0000 0000 0000 0000
0000 0000 0000 0000 0000 0000 0000 0000 0000 0000 0000 0000.
0000 0000 0000 0000 0000 0000 0000 0000 0000 0000 0000 0000
0000 0000 0000 0000 0000 0000 0000 0000 0000 0000 0000 0000.
0000 0000 0000 0000 0000 0000 0000 0000 0000 0000 0000 0000
0000 0000 0000 0000 0000 0000 0000 0000 0000 0000 0000 0000.
0000 0000 0000 0000 0000 0000 //// //// //// //// //// ////
//// 0000 0000 0000 0000 0000 0000 0000 0000 0000 0000 0000.
0000 0000 0000 0000 0000 0000 0000 0000 0000 0000 0000 0000
0000 0000 0000 0000 0000 0000 0000 0000 0000 0000 0000 0000.
0000 0000 0000 0000 0000 0000 0000 0000 0000 0000 0000 0000
0000 0000 0000 0000 0000 0000 0000 0000 0000 0000 0000 0000.
0000 0000 0000 0000 0000 0000 0000 0000 0000 0000 0000 0000
0000 0000 0000 0000 0000 0000 0000 0000 0000 0000 0000 0000.
0000 0000 0000 0000 0000 0000 0000 0000 0000 0000 0000 0000
0000 0000 0000 0000 0000 0000 0000 0000 0000 0000 0000 0000.
0000 0000 0000 0000 0000 0000 0000 //// //// //// //// 0000
0000 0000 0000 0000 0000 0000 0000 0000 0000 0000 0000 0000.
0000 0000 0000 0000 0000 0000 0000 0000 0000 0000 0000 0000
0000 0000 0000 0000 0000 0000 0000 0000 0000 0000 0000 0000.
0000 0000 0000 0000 0000 0000 0000 0000 0000 0000 0000 0000
0000 0000 0000 0000 0000 0000 0000 0000 0000 0000 0000 0000.
0000 0000 0000 0000 0000 0000 0000 0000 0000 0000 0000 0000
0000 0000 0000 0000 0000 0000 0000 0000 0000 0000 0000 0000.
0000 0000 0000 0000 0000 0000 0000 0000 0000 0000 0000 0000
0000 0000 0000 0000 0000 0000 0000 0000 0000 0000 0000 0000.
0000 0000 0000 0000 0000 0000 0000 0000 0000 0000 0000 0000
0000 0000 0000 0000 0000 0000 0000 0000 0000 0000 0000 0000.
0000 0000 0000 0000 0000 0000 0000 0000 0000 0000 0000 0000
0000 0000 0000 0000 0000 0000 0000 0000 0000 0000 0000 0000.
0000 0000 0000 0000 0000 0000 0000 0000 0000 0000 0000 0000
0000 0000 0000 0000 0000 0000 0000 0000 0000 0000 0000 0000.
0000 0000 0000 0000 0000 0000 0000 0000 0000 0000 0000 0000
0000 0000 0000 0000 0000 0000 0000 0000 0000 0000 0000 0000.
0000 0000 0000 0000 0000 0000 0000 0000 0000 0000 0000 0000
0000 0000 0000 0000 0000 0000 0000 0000 0000 0000 0000 0000.
0000 0000 0000 0000 0000 0000 0000 0000 0000 0000 0000 0000
0000 0000 0000 0000 0000 0000 0000 0000 0000 0000 0000 0000.
0000 0000 0000 0000 0000 0000 0000 0000 0000 0000 0000 0000
0000 0000 0000 0000 0000 0000 0000 0000 0000 0000 0000 0000.
0000 0000 0000 0000 0000 0000 0000 0000 0000 0000 0000 0000
0000 0000 0000 0000 0000 0000 0000 0000 0000 0000 0000 0000.
0000 0000 0000 0000 0000 0000 0000 0000 0000 0000 0000 0000
0000 0000 0000 0000 0000 0000 0000 0000 0000 0000 0000 0000.
0000 0000 0000 0000 0000 0000 0000 0000 0000 0000 0000 0000
0000 0000 0000 0000 0000 0000 0000 0000 0000 0000 0000 0000.
0000 0000 0000 0000 0000 0000 0000 0000 0000 0000 0000 0000
0000 0000 0000 0000 0000 0000 0000 0000 0000 0000 0000 0000.
0000 0000 0000 0000 0000 0000 0000 0000 0000 0000 0000 0000
0000 0000 0000 0000 0000 0000 0000 0000 0000 0000 0000 0000.
0000 0000 0000 0000 0000 0000 0000 0000 0000 0000 0000 0000
0000 0000 0000 0000 0000 0000 0000 0000 0000 0000 0000 0000.
0000 0000 0000 0000 0000 0000 0000 0000 0000 0000 0000 0000
0000 0000 0000 0000 0000 0000 0000 0000 0000 0003 0001 0000.
0000 0000 0000 0000 0000 0000 0000 0000 0000 0000 0000 0000
0000 0000 0000 0000 0000 0000 0000 0000 0000 0000 0000 0000.
0000 0000 0000 0000 0000 0000 0000 0000 0000 0000 0000 0000
0000 0000 0000 0000 0000 0000 0000 0000 0000 0000 0000 0000.
0000 0000 0000 0000 0000 0000 0000 0000 0000 0000 0000 0000
0000 0000 0000 0000 0000 0000 0000 0000 0000 0000 0000 0000=
0000 ////////// 00000=
W=
L=
Z=
G=
FN
250031 300017 199010 216006 206009 031013
217016 248010 127013 230048 ////// 127078
131074 163074 145069 127097 127117 153098
130096 133081 132092 130095 227040 220052.
227055 227055 227044 200052 227036 227068
230033 230050 227046 225051 227058 159073
153094 185079 142080 127090 140093 139105
172103 130083 148091 160071 194050 227031.
291013 258021 247020 258029 258022 241028
199009 127025 204010 312005 299009 208016
203004 257015 347012 246009 325018 109019
039015 116019 129011 162014 220016 280022.
287022 276026 001011 334023 354020 330028
318015 313017 313023 299011 318030 312013
185007 347010 151014 158015 128016 158024
077016 127017 153016 158016 294006 341022.
027014 010024 026024 324025 317034 332026
////// ////// ////// ////// ////// //////
////// 055023 060017 024013 072010 109020
140019 128019 140023 140012 326012 304018.
263010 052007 289014 043013 046026 347017
320022 319011 295011 011010 110020 182014
153014 158053 127082 153084 155078 199079
227065 186063 240046 230024 164012 220013.
PPC000 245012 247027 230029 155012 217016
217021 217026 230012 230010 230012 127015
257024 275019 313020 328024 000023 016015
025010 313010 329010 248009 223020 230029.
217027 230023 230012 230015 PPC000 217015
230013 230010 352005 264003 224012 230011
032009 323013 043015 299009 319015 163009
248012 000015 258014 248026 292019 231016.
230027 230016 239011 248051 230015 241022
230031 217032 230017 248021 230016 248010
230015 272023 245019 246039 257021 230021
345009 000013 008008 248040 248034 248038.
248037 247042 255012 217011 230006 230008
022012 ////// ////// ////// ////// 336007
238004 230015 221011 314007 230020 246010
229019 265012 211022 030024 247045 153043.
253019 278014 245022 230030 344004 015018
006011 230009 248015 297010 230013 359004
230006 010007 218010 354004 269007 240014
245013 292008 028018 036016 036015 284007.
351007 287016 259006 217011 230023 230028
230030 230019 230018 230027 230024 230027
140028 194033 127019 204009 245010 217029
227038 199019 214031 209022 230051 227040.
227043 228047 227047 227031 227028 230030
230028 230026 230027 230031 230032 230018
167021 230044 230053 178071 227060 230049
221051 213055 225058 200019 240013 253013.
230030 230011 230028 130009 230016 230019
230026 136021 202019 156031 230019 230023
199018 204014 250015 249016 351017 303018
257009 223018 228024 231016 013012 023014.
230017 230037 230023 230021 242014 242030
242012 042023 248010 230023 248006 341009
358020 233008 203013 229019 270016 233035
350043 005030 351022 017030 009023 267009.
231036 246039 230012 245010 230032 230032
248009 239021 230017 217028 230025 230017
273020 305025 343027 341018 015020 015016
037016 033019 043013 180011 230012 003006.
259027 238013 292019 248014 248012 248014
247012 232006 230007 020005 230010 230004
297009 313009 349010 009014 008024 025025
007041 337039 230024 221040 227032 241014.
135050 310014 200007 232029 158027 199024
177027 158026 206022 158025 161025 199010
236029 217036 223017 230027 229025 294014
005013 245036 227040 128087 151099 173084.
192085 236094 234071 248055 230052 071029
032046 022043 316043 223026 240050 253029
230046 230046 230042 277033 064030 316017
052019 068038 057029 062024 346005 354016.
315016 318008 057014 233006 309024 343016
334004 287005 230011 250013 271014 300029
298022 307024 291019 313021 333011 317023
298014 273009 019011 320008 340005 313021.
288014 295030 279029 275028 262021 269032
260019 248013 248011 271021 286014 265016
199011 291036 318026 294022 305033 256022
217017 256025 248019 245028 258041 278037.
274039 262041 273021 271034 248026 248032
217029 244025 220019 244019 258021 314020
295039 221059 192056 157069 189064 182076
140103 161070 218049 227031 227027 227020.
247015 212009 230020 230030 218008 230027
230014 230026 248030 248018 230033 230012
143021 213025 206027 230033 248024 227033
152072 227049 215057 227057 227040 230033.
230035 230038 227060 227039 227034 156018
298011 230007 258005 334010 230006 245018
223010 254019 251034 236039 257034 286016
243057 223028 241029 309024 355029 220020.
281019 005006 229014 217043 217032 217034
217028 230030 217033 230028 230011 230018
237042 227040 262033 192047 245038 223017
230055 234027 155080 227025 230028 230038.
275012 240023 240022 230043 241009 220012
196015 247019 245019 185018 307004 028014
346008 250018 227042 277039 127031 153042
199019 225027 230026 230025 230024 240017.
164009 241022 234027 253029 258029 256027
258029 258028 258024 240019 242016 258016
236013 316012 018012 247023 232025 244041
250048 213045 083034 243014 016021 033016.
040019 228008 079008 113004 050006 248014
248014 079015 275015 286019 342012 315009
008025 002021 002033 002037 012044 008043
343040 327024 319039 024031 045021 257010.
003035 016010 248007 297012 340025 358032
359025 022013 019013 300008 269013 217019
230028 267018 021013 246020 230016 128012
022013 248008 079025 046012 054006 031023.
031007 290004 064007 230006 268005 247009
217014 230020 230017 246012 230013 238023
087028 028018 108015 035019 309024 027022
031033 310044 233039 359022 330016 252021.
286015 258012 253015 277016 254023 251016
248013 217020 224013 292014 258012 281013
234006 279009 323018 233009 331011 247010
012016 229038 211030 235013 241010 233018=
231022 320012 195010 220006 204010 004010
216016 263012 150012 223054 ////// 135078
140076 168072 147079 136099 141113 142111
140107 140090 137096 140084 230040 221044.
214062 217056 232046 185057 232038 232059
235032 235048 232040 230053 204062 165072
159083 160095 163077 141083 153087 150094
167101 142086 145085 188063 199054 232031.
327014 253018 247021 255027 257021 242035
201012 173021 230013 251004 303008 209015
207006 299014 288013 280013 311028 084020
070012 128021 162012 166016 219016 270021.
285025 281021 039007 345017 356021 328027
318012 310016 310020 293012 321030 309015
181008 004012 139018 150017 143020 138020
098018 136017 150020 153017 252005 335018.
017009 005023 027029 321025 319028 327030
////// ////// ////// ////// ////// //////
////// 047023 062016 016015 109014 107015
133014 126018 145020 145012 325011 307019.
258011 054009 291011 346012 016014 346020
319021 317012 295011 010011 128010 189015
171014 172058 152077 173080 142083 216075
226071 210061 244045 235030 186014 209011.
272006 245010 244025 229029 177015 212016
212023 212028 235012 204009 234009 144015
259020 266018 308017 334019 017016 016015
321010 347010 328009 243009 223014 235030.
224029 235021 235008 232012 235003 158004
235013 235010 018003 PPC002 241012 235012
035008 328010 016010 331012 321015 293011
273011 326018 268014 243024 291016 183027.
199021 229014 243016 243041 237011 240024
235025 212028 235017 247016 235012 235006
227014 263027 250021 242031 256022 235026
304009 330014 332012 243036 243033 243037.
243037 242041 311010 230010 234007 229007
018011 ////// ////// ////// ////// 269006
256005 235016 224011 275012 232017 241019
257015 260013 265019 023024 243044 172037.
245018 256014 249021 235024 272004 017017
004008 235007 262010 275006 235012 010006
223008 350003 224012 339006 269005 228015
240015 289010 026015 033013 030016 311008.
342009 274011 283008 215010 235021 235028
235031 235019 235021 235024 235028 230029
140028 170029 147022 220010 255009 212024
230040 189017 193027 211027 216052 232041.
232045 233046 232048 232029 232030 235029
235028 235026 235030 235030 235030 235020
184020 235044 235052 210066 223057 233059
228050 218057 218052 173022 228020 274014.
235030 235010 217016 180011 235020 228019
231029 204023 211017 182027 235020 229022
202018 210015 251015 243016 319015 288018
262018 232023 230026 232018 006011 023016.
231016 235034 235025 235023 241014 240025
240015 041021 251010 235019 252006 351010
357018 265006 206015 244016 266020 236036
346039 002032 356021 015026 010023 299009.
229027 244035 229011 243011 235026 235030
243008 235023 235017 224021 235024 235018
286019 304025 333022 347017 016018 017021
026014 029015 035011 151011 227010 010006.
253018 241013 282017 243013 243011 243015
242011 235007 240008 012006 235010 235007
277006 282012 004010 013019 017020 029023
017039 351040 229017 230034 231045 244016.
173049 296011 128008 236026 178028 204025
161025 153026 212023 153026 182025 189008
234023 224035 222028 235027 232024 310017
004013 240036 231044 159075 148096 166076.
189072 250090 240067 255057 235054 074033
045045 019033 317040 232032 265042 257035
235037 235041 235034 250037 071025 312016
051022 073034 053031 056021 348005 342016.
317015 349007 055013 189010 307021 344011
305004 306007 235012 246009 276013 299026
300019 300022 297021 308019 318010 316020
306013 294007 319006 345007 331005 312020.
290016 295029 280027 275027 264022 272033
262018 249013 250010 266020 271012 272020
172012 299037 317028 283025 287025 270023
242016 256021 247020 244026 259039 278037.
273041 264043 281022 266029 243025 243030
214027 243023 216019 243014 253022 304021
300035 211064 205056 160068 169078 181074
145096 174064 201055 232035 232027 232020.
250015 247008 235017 235022 223008 235023
235014 233024 243028 243016 235027 235014
156023 202021 214027 225041 246034 230052
187066 219052 209057 228054 223038 235033.
235033 235043 232055 232043 232033 158013
006010 225006 250005 294011 243009 240013
226007 258019 255036 234040 258029 326019
263056 233034 239030 338030 355033 254017.
287019 346007 226015 216040 215035 212037
212029 235025 213033 235027 232015 231018
240044 232038 255026 204047 246021 226016
235053 238027 174077 230022 235025 235041.
253029 235025 235026 235039 242007 222008
219012 246017 240014 184024 282004 020012
313008 268015 232046 260037 128032 142031
219022 230033 235027 235028 235023 239015.
194008 241024 232031 251030 263027 252022
263028 254027 262026 241016 243014 263012
254013 301013 357016 245015 236021 248038
251052 183056 100045 246015 022024 335014.
041024 115006 079008 184006 170007 252017
242011 074012 279010 286020 346013 312006
007026 011022 349031 354043 009032 009037
346038 333023 311033 018033 049014 257010.
005033 018012 265008 295013 325025 354033
350022 012014 026009 305004 265014 229028
235016 255017 009016 235013 233015 101013
025011 293005 076024 048011 062007 031026.
019011 PPC002 050008 233004 258008 243010
212014 226019 235019 246011 240013 238019
093026 050017 060019 027016 338018 025020
024029 310046 231044 347024 350014 250019.
250018 273012 252019 275018 255022 248017
245012 215018 222012 282012 260011 280014
245004 314006 322015 236009 319013 250008
003012 233047 208025 243014 237010 235018=
128151 1413 170118 1437
108140 1521 158239 1349
038311 0226 073056 1307
034319 0215 050104 2225
030327 0200 041307 0117
093154 1231 136118 1219
032215 2331 044326 1128
034185 1941 062239 1908
044238 0004 079121 1409
049258 1848 071236 1842
038172 2001 043239 2000
053229 1917 072239 1821
066210 1200 092118 1159
033235 2111 043239 2318
042254 1444 057354 1459
039250 2207 048253 2203
045231 1900 084118 1808
096144 1800 139118 1907
102241 2139 145118 2119
026299 0800 046301 0810
043263 1912 058281 0943
101141 1504 145118 1433
068171 1550 104121 1459
060235 2234 076188 1454
088139 1631 128118 1627
053232 1053 073014 1201
067217 1630 094118 1612
049276 1724 070020 1432
033005 2100 059335 1030
051288 1604 075332 1607
053144 1623 082239 1614=
D=
K=
A=
S=
B=
??????
QP=
QTB
099 099 099 099 099 099 099 099 099 099 099 099 099 099 099 099 099 099 099 099 099 099 099 099 099 099 099 099
099 099 099 099 099 099 099 099 099 099 099 099 099 099 099 099 099 099 099 099 099 099 099 099 099 099 099 099
099 099 099 099 099 099 099 099 099 099 099 099 099 099 099 099 099 099 099 099 099 099 099 099 099 099 099 099
099 099 099 099 099 099 099 099 099 099 099 099 099 099 099 099 099 099 099 099 099 099 099 099 099 099 099 099
099 099 099 099 099 099 899 899 899 899 899 899 899 099 099 099 099 099 099 099 099 099 099 099 099 099 099 099
099 099 099 099 099 099 099 099 099 099 099 099 099 099 099 099 099 099 099 099 099 099 099 099 099 099 099 099
099 099 099 099 099 099 099 099 099 099 099 099 099 099 099 099 099 099 099 099 099 099 099 099 099 099 099 099
099 099 099 099 099 099 099 099 099 099 099 099 099 099 099 099 099 099 099 099 099 099 099 099 099 099 099 099
099 099 099 099 099 099 099 099 099 099 099 099 099 099 099 099 099 099 099 099 099 099 099 099 099 099 099 099
099 099 099 099 099 099 099 899 899 899 899 099 099 099 099 099 099 099 099 099 099 099 099 099 099 099 099 099
099 099 099 099 099 099 099 099 099 099 099 099 099 099 099 099 099 099 099 099 099 099 099 099 099 099 099 099
099 099 099 099 099 099 099 099 099 099 099 099 099 099 099 099 099 099 099 099 099 099 099 099 099 099 099 099
099 099 099 099 099 099 099 099 099 099 099 099 099 099 099 099 099 099 099 099 099 099 099 099 099 099 099 099
099 099 099 099 099 099 099 099 099 099 099 099 099 099 099 099 099 099 099 099 099 099 099 099 099 099 099 099
099 099 099 099 099 099 099 099 099 099 099 099 099 099 099 099 099 099 099 099 099 099 099 099 099 099 099 099
099 099 099 099 099 099 099 099 099 099 099 099 099 099 099 099 099 099 099 099 099 099 099 099 099 099 099 099
099 099 099 099 099 099 099 099 099 099 099 099 099 099 099 099 099 099 099 099 099 099 099 099 099 099 099 099
099 099 099 099 099 099 099 099 099 099 099 099 099 099 099 099 099 099 099 099 099 099 099 099 099 099 099 099
099 099 099 099 099 099 099 099 099 099 099 099 099 099 099 099 099 099 099 099 099 099 099 099 099 099 099 099
099 099 099 099 099 099 099 099 099 099 099 099 099 099 099 099 099 099 099 099 099 099 099 099 099 099 099 099
099 099 099 099 099 099 099 099 099 099 099 099 099 099 099 099 099 099 099 099 099 099 099 099 099 099 099 099
099 099 099 099 099 099 099 099 099 099 099 099 099 099 099 099 099 099 099 099 099 099 099 099 099 099 099 099
099 099 099 099 099 099 099 099 099 099 099 099 099 099 099 099 099 099 099 099 099 099 099 099 099 099 099 099
099 099 099 099 099 099 099 099 099 099 099 099 099 099 099 099 099 099 099 099 099 099 099 099 099 099 099 099
099 099 099 099 099 099 099 099 099 099 099 099 099 099 099 099 099 099 099 099 099 099 099 099 099 099 099 099
099 099 099 099 099 099 099 099 099 099 099 099 099 099 099 099 099 099 099 099 099 099 099 099 099 099 099 099
099 099 099 099 099 099 099 099 099 099 099 099 099 099 099 099 099 099 099 099 099 099 099 099 099 099 099 099
099 099 099 099 099 099 099 099 099 099 099 099 099 099 099 099 099 099 099 099 099 099 099 099 099 099 099 099
099 099 099 099 099 099 099 099 099 099 099 099 099 099 099 099 099 099 099 099 099 099 099 099 099 099 099 099
099 099 099 099 099 099 099 099 099 099 099 099 099 099 099 099 099 099 099 099 099 099 099 099 099 099 099 099
099 099 099 099 099 099 099 099 099 099 099 099 099 099 099 099 099 099 099 099 099 099 099 099 099 099 099 099=
QI=
QE=
QU=
QN=
QH=
QC=
QV=
QR6
899 099 899
099 099 099
099 099 099
099 099 099
899 899 899
099 099 099
099 099 099
099 099 099
099 099 099
899 099 899
099 099 099
099 099 099
099 099 099
099 099 099
099 099 099
099 099 099
099 099 099
099 099 099
099 099 099
099 099 099
099 099 099
099 099 099
099 099 099
099 099 099
099 099 099
099 099 099
099 099 099
099 099 099
099 099 099
099 099 099
099 099 099=
099 099 099 099 099 099 099 099 099 099 899 099 099 099 099 099 099 099 099 099 099 099 099 099
099 099 099 099 099 099 099 099 099 099 099 099 099 099 099 099 099 099 099 099 099 099 099 099
099 099 099 099 099 099 099 099 099 099 099 099 099 099 099 099 099 099 099 099 099 099 099 099
099 099 099 099 099 099 099 099 099 099 099 099 099 099 099 099 099 099 099 099 099 099 099 099
099 099 099 099 099 099 899 899 899 899 899 899 899 099 099 099 099 099 099 099 099 099 099 099
099 099 099 099 099 099 099 099 099 099 099 099 099 099 099 099 099 099 099 099 099 099 099 099
099 099 099 099 099 099 099 099 099 099 099 099 099 099 099 099 099 099 099 099 099 099 099 099
099 099 099 099 099 099 099 099 099 099 099 099 099 099 099 099 099 099 099 099 099 099 099 099
099 099 099 099 099 099 099 099 099 099 099 099 099 099 099 099 099 099 099 099 099 099 099 099
099 099 099 099 099 099 099 899 899 899 899 099 099 099 099 099 099 099 099 099 099 099 099 099
099 099 099 099 099 099 099 099 099 099 099 099 099 099 099 099 099 099 099 099 099 099 099 099
099 099 099 099 099 099 099 099 099 099 099 099 099 099 099 099 099 099 099 099 099 099 099 099
099 099 099 099 099 099 099 099 099 099 099 099 099 099 099 099 099 099 099 099 099 099 099 099
099 099 099 099 099 099 099 099 099 099 099 099 099 099 099 099 099 099 099 099 099 099 099 099
099 099 099 099 099 099 099 099 099 099 099 099 099 099 099 099 099 099 099 099 099 099 099 099
099 099 099 099 099 099 099 099 099 099 099 099 099 099 099 099 099 099 099 099 099 099 099 099
099 099 099 099 099 099 099 099 099 099 099 099 099 099 099 099 099 099 099 099 099 099 099 099
099 099 099 099 099 099 099 099 099 099 099 099 099 099 099 099 099 099 099 099 099 099 099 099
099 099 099 099 099 099 099 099 099 099 099 099 099 099 099 099 099 099 099 099 099 099 099 099
099 099 099 099 099 099 099 099 099 099 099 099 099 099 099 099 099 099 099 099 099 099 099 099
099 099 099 099 099 099 099 099 099 099 099 099 099 099 099 099 099 099 099 099 099 099 099 099
099 099 099 099 099 099 099 099 099 099 099 099 099 099 099 099 099 099 099 099 099 099 099 099
099 099 099 099 099 099 099 099 099 099 099 099 099 099 099 099 099 099 099 099 099 099 099 099
099 099 099 099 099 099 099 099 099 099 099 099 099 099 099 099 099 099 099 099 099 099 099 099
099 099 099 099 099 099 099 099 099 099 099 099 099 099 099 099 099 099 099 099 099 099 099 099
099 099 099 099 099 099 099 099 099 099 099 099 099 099 099 099 099 099 099 099 099 099 099 099
099 099 099 099 099 099 099 099 099 099 099 099 099 099 099 099 099 099 099 099 099 099 099 099
099 099 099 099 099 099 099 099 099 099 099 099 099 099 099 099 099 099 099 099 099 099 099 099
099 099 099 099 099 099 099 099 099 099 099 099 099 099 099 099 099 099 099 099 099 099 099 099
099 099 099 099 099 099 099 099 099 099 099 099 099 099 099 099 099 099 099 099 099 099 099 099
099 099 099 099 099 099 099 099 099 099 099 099 099 099 099 099 099 099 099 099 099 099 099 099=
099 899 099=
QW=
QL=
QZ=
QG=
QFN
099 099 099 099 099 099 099 099 099 099 899 099 099 099 099 099 099 099 099 099 099 099 099 099
099 099 099 099 099 099 099 099 099 099 099 099 099 099 099 099 099 099 099 099 099 099 099 099
099 099 099 099 099 099 099 099 099 099 099 099 099 099 099 099 099 099 099 099 099 099 099 099
099 099 099 099 099 099 099 099 099 099 099 099 099 099 099 099 099 099 099 099 099 099 099 099
099 099 099 099 099 099 899 899 899 899 899 899 899 099 099 099 099 099 099 099 099 099 099 099
099 099 099 099 099 099 099 099 099 099 099 099 099 099 099 099 099 099 099 099 099 099 099 099
099 099 099 099 099 099 099 099 099 099 099 099 099 099 099 099 099 099 099 099 099 099 099 099
099 099 099 099 099 099 099 099 099 099 099 099 099 099 099 099 099 099 099 099 099 099 099 099
099 099 099 099 099 099 099 099 099 099 099 099 099 099 099 099 099 099 099 099 099 099 099 099
099 099 099 099 099 099 099 899 899 899 899 099 099 099 099 099 099 099 099 099 099 099 099 099
099 099 099 099 099 099 099 099 099 099 099 099 099 099 099 099 099 099 099 099 099 099 099 099
099 099 099 099 099 099 099 099 099 099 099 099 099 099 099 099 099 099 099 099 099 099 099 099
099 099 099 099 099 099 099 099 099 099 099 099 099 099 099 099 099 099 099 099 099 099 099 099
099 099 099 099 099 099 099 099 099 099 099 099 099 099 099 099 099 099 099 099 099 099 099 099
099 099 099 099 099 099 099 099 099 099 099 099 099 099 099 099 099 099 099 099 099 099 099 099
099 099 099 099 099 099 099 099 099 099 099 099 099 099 099 099 099 099 099 099 099 099 099 099
099 099 099 099 099 099 099 099 099 099 099 099 099 099 099 099 099 099 099 099 099 099 099 099
099 099 099 099 099 099 099 099 099 099 099 099 099 099 099 099 099 099 099 099 099 099 099 099
099 099 099 099 099 099 099 099 099 099 099 099 099 099 099 099 099 099 099 099 099 099 099 099
099 099 099 099 099 099 099 099 099 099 099 099 099 099 099 099 099 099 099 099 099 099 099 099
099 099 099 099 099 099 099 099 099 099 099 099 099 099 099 099 099 099 099 099 099 099 099 099
099 099 099 099 099 099 099 099 099 099 099 099 099 099 099 099 099 099 099 099 099 099 099 099
099 099 099 099 099 099 099 099 099 099 099 099 099 099 099 099 099 099 099 099 099 099 099 099
099 099 099 099 099 099 099 099 099 099 099 099 099 099 099 099 099 099 099 099 099 099 099 099
099 099 099 099 099 099 099 099 099 099 099 099 099 099 099 099 099 099 099 099 099 099 099 099
099 099 099 099 099 099 099 099 099 099 099 099 099 099 099 099 099 099 099 099 099 099 099 099
099 099 099 099 099 099 099 099 099 099 099 099 099 099 099 099 099 099 099 099 099 099 099 099
099 099 099 099 099 099 099 099 099 099 099 099 099 099 099 099 099 099 099 099 099 099 099 099
099 099 099 099 099 099 099 099 099 099 099 099 099 099 099 099 099 099 099 099 099 099 099 099
099 099 099 099 099 099 099 099 099 099 099 099 099 099 099 099 099 099 099 099 099 099 099 099
099 099 099 099 099 099 099 099 099 099 099 099 099 099 099 099 099 099 099 099 099 099 099 099=
099 099 099 099 099 099 099 099 099 099 899 099 099 099 099 099 099 099 099 099 099 099 099 099
099 099 099 099 099 099 099 099 099 099 099 099 099 099 099 099 099 099 099 099 099 099 099 099
099 099 099 099 099 099 099 099 099 099 099 099 099 099 099 099 099 099 099 099 099 099 099 099
099 099 099 099 099 099 099 099 099 099 099 099 099 099 099 099 099 099 099 099 099 099 099 099
099 099 099 099 099 099 899 899 899 899 899 899 899 099 099 099 099 099 099 099 099 099 099 099
099 099 099 099 099 099 099 099 099 099 099 099 099 099 099 099 099 099 099 099 099 099 099 099
099 099 099 099 099 099 099 099 099 099 099 099 099 099 099 099 099 099 099 099 099 099 099 099
099 099 099 099 099 099 099 099 099 099 099 099 099 099 099 099 099 099 099 099 099 099 099 099
099 099 099 099 099 099 099 099 099 099 099 099 099 099 099 099 099 099 099 099 099 099 099 099
099 099 099 099 099 099 099 899 899 899 899 099 099 099 099 099 099 099 099 099 099 099 099 099
099 099 099 099 099 099 099 099 099 099 099 099 099 099 099 099 099 099 099 099 099 099 099 099
099 099 099 099 099 099 099 099 099 099 099 099 099 099 099 099 099 099 099 099 099 099 099 099
099 099 099 099 099 099 099 099 099 099 099 099 099 099 099 099 099 099 099 099 099 099 099 099
099 099 099 099 099 099 099 099 099 099 099 099 099 099 099 099 099 099 099 099 099 099 099 099
099 099 099 099 099 099 099 099 099 099 099 099 099 099 099 099 099 099 099 099 099 099 099 099
099 099 099 099 099 099 099 099 099 099 099 099 099 099 099 099 099 099 099 099 099 099 099 099
099 099 099 099 099 099 099 099 099 099 099 099 099 099 099 099 099 099 099 099 099 099 099 099
099 099 099 099 099 099 099 099 099 099 099 099 099 099 099 099 099 099 099 099 099 099 099 099
099 099 099 099 099 099 099 099 099 099 099 099 099 099 099 099 099 099 099 099 099 099 099 099
099 099 099 099 099 099 099 099 099 099 099 099 099 099 099 099 099 099 099 099 099 099 099 099
099 099 099 099 099 099 099 099 099 099 099 099 099 099 099 099 099 099 099 099 099 099 099 099
099 099 099 099 099 099 099 099 099 099 099 099 099 099 099 099 099 099 099 099 099 099 099 099
099 099 099 099 099 099 099 099 099 099 099 099 099 099 099 099 099 099 099 099 099 099 099 099
099 099 099 099 099 099 099 099 099 099 099 099 099 099 099 099 099 099 099 099 099 099 099 099
099 099 099 099 099 099 099 099 099 099 099 099 099 099 099 099 099 099 099 099 099 099 099 099
099 099 099 099 099 099 099 099 099 099 099 099 099 099 099 099 099 099 099 099 099 099 099 099
099 099 099 099 099 099 099 099 099 099 099 099 099 099 099 099 099 099 099 099 099 099 099 099
099 099 099 099 099 099 099 099 099 099 099 099 099 099 099 099 099 099 099 099 099 099 099 099
099 099 099 099 099 099 099 099 099 099 099 099 099 099 099 099 099 099 099 099 099 099 099 099
099 099 099 099 099 099 099 099 099 099 099 099 099 099 099 099 099 099 099 099 099 099 099 099
099 099 099 099 099 099 099 099 099 099 099 099 099 099 099 099 099 099 099 099 099 099 099 099=
099 099 099 099
099 099 099 099
099 099 099 099
099 099 099 099
099 099 099 099
099 099 099 099
099 099 099 099
099 099 099 099
099 099 099 099
099 099 099 099
099 099 099 099
099 099 099 099
099 099 099 099
099 099 099 099
099 099 099 099
099 099 099 099
099 099 099 099
099 099 099 099
099 099 099 099
099 099 099 099
099 099 099 099
099 099 099 099
099 099 099 099
099 099 099 099
099 099 099 099
099 099 099 099
099 099 099 099
099 099 099 099
099 099 099 099
099 099 099 099
099 099 099 099=
QD=
QK=
QA=
QS=
QB=
=
******
YF
O2210
河南省
豫偃师高龙
偃师市高龙乡原种农场
平原地面村镇
马淑玲
仝军峰
仝军峰
仝军峰
王国安
仝军峰
20081029=
JY
8888=
GK
01/本月平均气温为11.2℃。
02/主要天气过程出现在:28日。
05/=
BZ
BB/01/7时气温内差求得。最高温度有误，从定时记录中挑取。
BB/05/最大风速有误，从十分钟风向风速挑取。
BB/08/最低温度有误，从定时记录中挑取。
BB/13/最大风速有误，从十分钟风向风速挑取。
BB/15/最低温度有误，从定时记录中挑取。
BB/17/最大风速有误，从十分钟风向风速挑取。
BB/19/最高温度有误，从定时记录中挑取。
BB/20/最大风速有误，从十分钟风向风速挑取。
BB/29/最大风速有误，从十分钟风向风速挑取。
00/343604/1124153
10/343604/1124153
10/24/24小时连续观测
11/不守班=
######
