O2228 3455N 11237E 001320 001320 105 000 S15 91999999919999199999 0 2011 10
P=
TB
0178 0178 0176 0174 0172 0166 0161 0154 0140 0144 0144 0153
0162 0176 0187 0196 0208 0210 0211 0205 0195 0184 0171 0169 0220 1448 0138 0508.
0171 0163 0160 0154 0151 0151 0148 0149 0147 0144 0145 0152
0162 0171 0176 0184 0191 0194 0195 0191 0179 0171 0154 0139 0198 1420 0139 2000.
0118 0123 0125 0133 0128 0113 0103 0104 0099 0089 0103 0126
0150 0163 0187 0204 0216 0223 0224 0219 0202 0164 0138 0137 0231 1354 0088 0525.
0132 0129 0126 0128 0130 0127 0127 0124 0128 0128 0128 0144
0155 0167 0178 0190 0199 0196 0202 0199 0186 0169 0156 0153 0207 1509 0124 0334.
0150 0149 0138 0127 0125 0124 0111 0107 0102 0115 0110 0155
0174 0200 0217 0240 0247 0264 0272 0271 0257 0209 0158 0152 0276 1526 0096 0452.
0140 0128 0125 0106 0101 0090 0083 0092 0079 0073 0075 0131
0179 0215 0234 0261 0265 0265 0267 0264 0250 0190 0147 0150 0274 1311 0063 0637.
0140 0146 0146 0138 0121 0114 0111 0110 0111 0103 0112 0139
0176 0210 0236 0246 0266 0269 0274 0266 0251 0202 0174 0166 0281 1457 0101 0520.
0156 0146 0141 0143 0131 0123 0119 0121 0117 0111 0113 0143
0182 0220 0227 0235 0250 0257 0265 0253 0242 0218 0201 0196 0265 1451 0106 0620.
0192 0176 0161 0156 0156 0162 0165 0165 0166 0166 0166 0172
0185 0198 0212 0218 0231 0231 0230 0218 0208 0197 0188 0183 0233 1303 0154 2348.
0179 0176 0172 0173 0169 0167 0167 0165 0165 0164 0162 0162
0163 0164 0166 0167 0168 0167 0157 0157 0160 0159 0158 0158 0183 2001 0157 1457.
0157 0153 0154 0153 0153 0150 0152 0152 0152 0153 0154 0157
0164 0171 0178 0179 0184 0180 0181 0172 0167 0163 0161 0160 0185 1255 0148 0215.
0156 0150 0150 0150 0149 0148 0149 0147 0147 0148 0148 0148
0149 0152 0158 0164 0168 0178 0179 0184 0182 0170 0162 0154 0188 1633 0146 0416.
0156 0149 0135 0147 0152 0154 0154 0145 0134 0132 0149 0170
0190 0210 0217 0230 0235 0242 0236 0237 0223 0190 0169 0145 0244 1314 0126 0540.
0123 0115 0100 0102 0100 0096 0076 0066 0075 0074 0078 0123
0160 0198 0218 0229 0238 0243 0247 0235 0219 0189 0170 0153 0251 1419 0066 0359.
0124 0114 0105 0133 0119 0152 0149 0146 0140 0122 0106 0161
0178 0191 0204 0211 0218 0221 0229 0226 0213 0193 0176 0169 0231 1447 0101 0652.
0153 0139 0147 0143 0141 0146 0138 0138 0145 0138 0111 0155
0186 0218 0238 0254 0262 0272 0270 0266 0249 0197 0173 0174 0278 1515 0111 0658.
0176 0155 0123 0098 0088 0087 0080 0067 0058 0063 0058 0120
0172 0206 0221 0241 0258 0261 0265 0264 0248 0164 0126 0112 0278 1520 0053 0624.
0114 0105 0107 0096 0087 0078 0075 0078 0074 0064 0066 0106
0162 0189 0211 0226 0240 0243 0241 0234 0215 0194 0188 0172 0246 1358 0061 0703.
0141 0129 0133 0129 0128 0129 0127 0122 0107 0099 0102 0130
0162 0187 0201 0220 0220 0221 0226 0224 0206 0179 0153 0147 0232 1434 0094 0606.
0144 0139 0139 0140 0137 0134 0135 0130 0126 0127 0126 0139
0156 0172 0180 0199 0203 0206 0206 0209 0192 0162 0135 0134 0218 1519 0123 0513.
0131 0136 0136 0130 0109 0109 0097 0093 0082 0076 0079 0105
0140 0171 0191 0199 0215 0218 0218 0216 0187 0155 0124 0124 0231 1449 0070 0620.
0119 0115 0113 0108 0103 0095 0096 0100 0095 0090 0099 0114
0155 0165 0180 0183 0179 0172 0165 0154 0151 0148 0140 0138 0188 1132 0088 0548.
0137 0140 0140 0138 0137 0138 0138 0139 0137 0135 0135 0136
0136 0142 0143 0156 0153 0159 0167 0164 0162 0153 0148 0144 0168 1509 0134 0614.
0139 0137 0137 0141 0122 0111 0104 0102 0096 0091 0092 0094
0090 0094 0097 0103 0103 0110 0107 0105 0103 0097 0077 0073 0149 0036 0067 1935.
0064 0054 0049 0046 0038 0034 0027 0032 0032 0025 0022 0054
0091 0123 0124 0132 0139 0143 0142 0131 0119 0107 0103 0103 0149 1319 0016 0644.
0097 0087 0084 0054 0049 0058 0066 0068 0068 0069 0069 0087
0102 0114 0117 0118 0123 0122 0125 0110 0104 0102 0102 0099 0129 1326 0049 0058.
0093 0094 0082 0079 0089 0096 0091 0074 0055 0046 0046 0078
0129 0154 0164 0171 0190 0183 0175 0173 0152 0129 0119 0112 0195 1326 0037 0645.
0108 0100 0091 0085 0085 0084 0080 0068 0062 0055 0058 0079
0110 0151 0168 0165 0180 0187 0190 0178 0162 0118 0106 0095 0192 1406 0051 0555.
0096 0090 0088 0073 0072 0066 0058 0057 0054 0045 0046 0065
0086 0121 0144 0158 0169 0174 0173 0169 0153 0118 0107 0103 0180 1343 0042 0541.
0100 0094 0086 0085 0083 0085 0091 0094 0098 0100 0101 0103
0107 0115 0130 0142 0141 0146 0151 0148 0142 0141 0137 0130 0153 1432 0075 0117.
0126 0123 0121 0125 0124 0122 0123 0120 0121 0111 0117 0124
0133 0153 0167 0186 0183 0183 0185 0184 0175 0164 0156 0151 0189 1203 0106 0609=
I=
E=
U=
N=
H=
C=
V=
R6
0000 0000 0000
0000 0000 0000
0000 0000 0000
0000 0000 0000
0000 0000 0000
0000 0000 0000
0000 0000 0000
0000 0000 0000
0004 0000 0004
0014 0045 0059
0010 0028 0038
0093 0001 0094
0001 0000 0001
0000 0000 0000
0000 0000 0000
0000 0000 0000
0000 0000 0000
0000 0000 0000
0000 0000 0000
0000 0000 0000
0000 0000 0000
0000 0155 0155
0109 0052 0161
0005 0000 0005
0000 0000 0000
0000 0002 0002
0000 0000 0000
0000 0000 0000
0000 0000 0000
0000 0000 0000
0000 0000 0000=
0000 0000 0000 0000 0000 0000 0000 0000 0000 0000 0000 0000
0000 0000 0000 0000 0000 0000 0000 0000 0000 0000 0000 0000.
0000 0000 0000 0000 0000 0000 0000 0000 0000 0000 0000 0000
0000 0000 0000 0000 0000 0000 0000 0000 0000 0000 0000 0000.
0000 0000 0000 0000 0000 0000 0000 0000 0000 0000 0000 0000
0000 0000 0000 0000 0000 0000 0000 0000 0000 0000 0000 0000.
0000 0000 0000 0000 0000 0000 0000 0000 0000 0000 0000 0000
0000 0000 0000 0000 0000 0000 0000 0000 0000 0000 0000 0000.
0000 0000 0000 0000 0000 0000 0000 0000 0000 0000 0000 0000
0000 0000 0000 0000 0000 0000 0000 0000 0000 0000 0000 0000.
0000 0000 0000 0000 0000 0000 0000 0000 0000 0000 0000 0000
0000 0000 0000 0000 0000 0000 0000 0000 0000 0000 0000 0000.
0000 0000 0000 0000 0000 0000 0000 0000 0000 0000 0000 0000
0000 0000 0000 0000 0000 0000 0000 0000 0000 0000 0000 0000.
0000 0000 0000 0000 0000 0000 0000 0000 0000 0000 0000 0000
0000 0000 0000 0000 0000 0000 0000 0000 0000 0000 0000 0000.
0000 0000 0000 0000 0000 0000 0000 0002 0002 0000 0000 0000
0000 0000 0000 0000 0000 0000 0000 0000 0000 0000 0000 0000.
0000 0000 0000 0000 0000 0000 0000 0000 0000 0000 0006 0008
0003 0003 0000 0000 0000 0000 0017 0017 0002 0003 0000 0000.
0000 0003 0006 0001 0000 0000 0000 0000 0000 0000 0000 0000
0000 0000 0000 0000 0000 0000 0001 0000 0003 0007 0011 0006.
0020 0034 0011 0001 0000 0000 0014 0005 0006 0001 0001 0000
0001 0000 0000 0000 0000 0000 0000 0000 0000 0000 0000 0000.
0000 0000 0000 0000 0000 0000 0001 0000 0000 0000 0000 0000
0000 0000 0000 0000 0000 0000 0000 0000 0000 0000 0000 0000.
0000 0000 0000 0000 0000 0000 0000 0000 0000 0000 0000 0000
0000 0000 0000 0000 0000 0000 0000 0000 0000 0000 0000 0000.
0000 0000 0000 0000 0000 0000 0000 0000 0000 0000 0000 0000
0000 0000 0000 0000 0000 0000 0000 0000 0000 0000 0000 0000.
0000 0000 0000 0000 0000 0000 0000 0000 0000 0000 0000 0000
0000 0000 0000 0000 0000 0000 0000 0000 0000 0000 0000 0000.
0000 0000 0000 0000 0000 0000 0000 0000 0000 0000 0000 0000
0000 0000 0000 0000 0000 0000 0000 0000 0000 0000 0000 0000.
0000 0000 0000 0000 0000 0000 0000 0000 0000 0000 0000 0000
0000 0000 0000 0000 0000 0000 0000 0000 0000 0000 0000 0000.
0000 0000 0000 0000 0000 0000 0000 0000 0000 0000 0000 0000
0000 0000 0000 0000 0000 0000 0000 0000 0000 0000 0000 0000.
0000 0000 0000 0000 0000 0000 0000 0000 0000 0000 0000 0000
0000 0000 0000 0000 0000 0000 0000 0000 0000 0000 0000 0000.
0000 0000 0000 0000 0000 0000 0000 0000 0000 0000 0000 0000
0000 0000 0000 0000 0000 0000 0000 0000 0000 0000 0000 0000.
0000 0000 0000 0000 0000 0000 0000 0000 0000 0000 0000 0000
0000 0000 0000 0000 0000 0001 0007 0015 0012 0050 0034 0036.
0008 0003 0003 0009 0012 0007 0003 0003 0009 0029 0015 0008
0027 0012 0009 0003 0000 0001 0000 0000 0000 0000 0000 0000.
0000 0000 0000 0000 0000 0002 0000 0001 0000 0002 0000 0000
0000 0000 0000 0000 0000 0000 0000 0000 0000 0000 0000 0000.
0000 0000 0000 0000 0000 0000 0000 0000 0000 0000 0000 0000
0000 0000 0000 0000 0000 0000 0000 0000 0000 0000 0000 0000.
0000 0000 0000 0000 0000 0000 0000 0000 0000 0000 0000 0000
0000 0000 0000 0000 0000 0000 0000 0000 0002 0000 0000 0000.
0000 0000 0000 0000 0000 0000 0000 0000 0000 0000 0000 0000
0000 0000 0000 0000 0000 0000 0000 0000 0000 0000 0000 0000.
0000 0000 0000 0000 0000 0000 0000 0000 0000 0000 0000 0000
0000 0000 0000 0000 0000 0000 0000 0000 0000 0000 0000 0000.
0000 0000 0000 0000 0000 0000 0000 0000 0000 0000 0000 0000
0000 0000 0000 0000 0000 0000 0000 0000 0000 0000 0000 0000.
0000 0000 0000 0000 0000 0000 0000 0000 0000 0000 0000 0000
0000 0000 0000 0000 0000 0000 0000 0000 0000 0000 0000 0000.
0000 0000 0000 0000 0000 0000 0000 0000 0000 0000 0000 0000
0000 0000 0000 0000 0000 0000 0000 0000 0000 0000 0000 0000=
0000 ////////// 00000=
W=
L=
Z=
G=
FN
065020 050015 027012 044005 045019 056018
045017 059021 058015 031015 056012 046020
058028 027032 063045 073043 046022 053043
070040 067045 102037 074023 054019 063020.
060029 065027 059029 051022 057018 016017
040018 032020 027017 042017 035017 028015
074024 072025 080026 089043 070046 091034
062033 092039 069022 060023 026010 337011.
011014 PPC000 PPC001 023015 030018 330006
073009 017009 014013 355007 002005 030009
104010 072023 100020 230006 277006 191022
136016 220011 174006 014003 359006 015017.
359008 327008 198003 358003 011008 015006
085008 PPC000 035011 PPC000 PPC000 212012
273007 259014 270013 207013 201012 269017
308009 271012 193004 PPC000 296006 340005.
249004 PPC000 260003 184007 PPC001 PPC000
252008 PPC000 253007 076011 214009 289012
212025 226020 238021 210031 252031 267033
250027 256028 220023 250007 286007 314011.
341011 182011 336011 PPC002 023015 023010
315011 322013 336006 PPC000 344007 167007
229020 244015 204025 242014 090014 059027
104021 049028 084012 008011 017013 024014.
025009 011005 093005 259005 258009 257004
345007 264006 002008 297005 001007 PPC001
218008 121006 287011 035009 293009 164014
116014 117010 066010 006005 019011 228005.
008007 PPC000 311008 337005 257009 PPC000
327006 347008 324007 PPC001 PPC000 PPC002
344006 144007 045032 032024 040033 079026
049025 028016 024012 027011 029020 028016.
026019 008010 PPC000 220005 056004 292016
279010 045018 032006 001009 007008 007004
356007 075014 103015 150018 127022 060022
059037 063042 059033 061038 060025 055032.
042026 031026 027021 059030 044036 052028
051030 052020 047025 020022 047032 030033
030022 065029 065019 041021 064022 096027
031024 042021 060029 059026 058027 051014.
008018 092012 079010 025014 002010 032007
015015 057015 055012 072019 051019 039014
062022 048022 074028 032031 021023 039030
347018 021033 019016 326024 071009 162008.
065019 008014 PPC001 356008 349006 354011
009008 007014 007008 041009 097011 183009
137005 203011 349005 137006 173016 146012
210015 167014 133011 202014 131013 020010.
202017 223009 PPC000 180013 208010 186013
243007 PPC000 095012 269012 280015 275024
233022 277036 278029 279043 250046 264051
254043 279042 276027 273012 286013 264003.
294010 327006 036010 277009 280008 026017
276009 121004 037010 035011 062011 PPC002
192018 216022 227025 254039 239041 260038
252041 265054 264039 335029 340081 331023.
314007 217011 232011 245022 276021 276044
269041 273030 280021 254015 249019 272036
263040 269054 260048 268050 272060 257080
275043 276055 273047 269033 249020 255021.
258013 214012 252024 271032 263022 275018
273027 254018 264026 243017 028009 114012
216030 283033 288040 262033 268036 266034
259045 263040 278025 284013 319011 290021.
277017 288018 300015 092004 019013 283009
306017 026007 032006 328005 344005 059008
187009 189013 213022 197016 130020 168023
163020 150020 133009 001011 013010 315004.
158006 PPC000 PPC001 351010 217005 216004
018007 080008 012006 PPC002 322006 027009
181007 141012 154021 101023 096031 027025
050034 065024 047015 055036 054032 039016.
271005 007008 301006 280005 217009 044007
258005 291009 PPC000 298005 078006 158008
226004 132012 046008 040020 031029 045030
052025 045018 060016 025014 034007 PPC002.
354009 301008 PPC002 051006 229011 137012
234007 PPC001 234006 014011 005007 358012
041014 108013 164012 001011 123012 162007
127018 045018 067015 355004 031013 008013.
009013 242006 234007 331009 PPC000 036014
PPC000 023006 PPC000 026010 PPC000 035008
243008 127009 092012 058020 046016 107011
072018 053022 030014 014012 019009 358006.
302007 025012 PPC000 252003 PPC001 276006
036014 341006 355005 PPC000 266007 048013
154010 133007 104014 063014 020016 021010
327007 012017 009025 191014 087014 059006.
349007 335017 033012 031016 344008 358017
014008 028009 002015 052009 294007 242007
341007 265007 016008 216019 219021 146018
171016 195023 196015 169010 110012 039017.
048013 033012 325007 055012 071077 074069
042036 055045 089038 093023 085020 073032
106023 110011 091013 137007 161013 287006
018008 PPC000 020006 004013 223004 013006.
PPC001 331003 PPC000 007012 027011 349007
025012 084005 359009 011006 018009 031009
085012 095013 052033 078037 068037 037022
055026 065045 045026 049027 038021 050022.
040030 021025 019023 360005 348004 278010
PPC000 063009 073005 310005 225005 PPC002
284005 095012 194008 212009 PPC002 179004
276011 323015 322008 198013 204017 309004.
100003 193007 196006 024010 257009 262024
322013 293006 PPC000 309015 261007 048007
306015 271017 247016 248021 287010 211029
176030 182020 160014 061010 027013 355013.
020010 022006 059006 322006 210005 011009
009015 262008 PPC001 038004 006008 031010
186003 267009 281009 098012 077014 114029
123014 105023 079012 011015 014007 016016.
018010 256005 PPC000 295007 350006 021011
029009 022005 357007 048009 052010 017014
205007 136011 155016 109017 083020 064024
066031 064020 040021 343009 011010 030013.
015017 019013 011013 037010 296005 PPC000
PPC000 PPC000 030005 122005 133006 106010
061016 062011 042017 037019 064017 056026
065024 043035 051027 045022 045036 049033.
044031 040026 057025 050025 048016 060027
048018 068014 032021 159009 028005 033005
035026 068017 065019 108021 068030 041027
046028 063026 060019 048039 042034 046030=
066020 057018 032015 045007 041018 060019
049017 058019 049011 030013 053014 050022
062029 034029 061044 066042 057028 060045
076042 068044 102035 075023 055018 066020.
066030 065026 058029 052023 057018 012017
039017 035020 030017 041017 040016 025013
067024 074022 078026 092044 078048 090032
071035 091035 071023 063021 023011 342010.
015014 PPC000 PPC002 024015 029018 318006
063010 016009 014013 009006 003006 029008
098010 072024 088022 292008 235009 191023
118011 204010 172006 010003 008006 019016.
353008 330008 173005 343005 015007 015004
066005 PPC000 031008 PPC000 PPC000 202012
249008 272016 276013 198015 198013 268016
308011 245012 204005 PPC000 298005 300003.
240004 PPC002 277006 182005 PPC002 PPC002
250007 PPC000 234010 119009 216009 293011
217023 240022 236023 220031 239034 258034
251027 238025 220022 252008 304008 299010.
341011 218009 310009 143004 045013 075007
297011 331013 305007 PPC002 317005 110006
236016 231017 205022 282012 076015 064027
090022 056025 082014 003010 017013 023015.
031009 028005 104006 303006 252009 259004
348007 264006 004008 315006 001008 069003
220007 107007 294010 356009 274012 149013
060013 133012 067010 010007 018011 257006.
005008 PPC000 306007 346007 247008 PPC001
320004 353007 332008 351003 PPC001 PPC001
344008 351006 046030 031027 042028 070029
056025 029018 025012 027012 021019 026016.
027020 004009 PPC000 150004 103004 304014
278009 051015 353006 005009 015008 019006
001007 076013 096016 150020 135022 066023
061037 061043 056037 061035 058028 053030.
045025 035029 027023 054034 046033 052029
051031 049022 050023 026023 036028 029031
035023 056025 063019 035019 066022 094025
032025 044020 059026 056025 058026 049013.
009017 085011 070011 016014 008011 016006
018015 057013 053012 070018 053017 048015
062022 062021 068027 032027 034023 036028
349019 021030 010015 326025 069010 171008.
065021 014014 PPC001 358008 359005 352010
001008 007012 009008 041010 122011 181009
139005 202011 305005 044004 174017 160014
209015 176014 132011 203014 134012 359008.
204014 236009 PPC000 170011 206012 142007
244008 PPC000 079009 272012 276018 284023
231026 267030 274033 267041 250045 262047
261051 276044 279031 283013 290012 295003.
293009 324007 038010 282008 277009 025016
284008 147003 041012 018010 071012 329004
188020 212024 232026 261037 241044 257041
254047 266061 265040 341035 341086 326032.
306008 216013 233011 250022 281018 275045
269042 275034 285023 269013 256017 273038
267042 266055 262049 267052 267058 263073
272050 272060 270047 270034 254021 261021.
258013 224013 253023 273030 265021 278022
269028 255019 274024 244020 039010 098011
215029 280035 280037 252037 264036 261035
262040 262039 270023 287013 307011 293019.
277016 293017 294015 105003 018012 313011
318015 031006 030006 PPC002 340005 060008
188009 186013 207020 202019 162020 162026
177021 142020 137009 358009 006010 329004.
171003 PPC000 PPC002 351011 220005 PPC002
331006 062007 353004 PPC002 336007 031009
173006 138014 123020 093023 098030 047024
046032 066026 050017 055035 054032 045016.
305005 328005 289006 280007 265008 059004
246007 289008 PPC000 281006 207006 136008
203006 128010 053011 060019 035032 038030
046026 046020 062017 030014 024008 001005.
351009 305008 240004 037006 221010 118012
289006 301003 260006 012010 016009 352011
038016 100013 154012 338010 102013 166010
132017 046016 067014 012007 028012 007013.
014013 253004 237006 334009 PPC000 033013
PPC001 026005 PPC001 025009 PPC001 032009
239007 115010 089013 052020 084013 095015
067018 054019 034015 014012 019009 356006.
307007 020012 PPC002 PPC002 355004 276006
036012 320005 002006 PPC000 276006 047012
155008 131009 092012 065016 017017 020012
344008 011018 004020 187015 082016 101006.
338003 345017 034012 031016 354008 000015
021010 026010 009017 047009 272006 245008
351007 278008 359007 213020 214022 155018
184016 201021 203018 170011 106011 033016.
048014 026011 339009 055013 076079 076063
056038 054044 091039 088024 079018 067026
108023 110012 089012 143007 166013 225005
051006 PPC002 030007 007013 PPC002 017006.
144003 PPC001 PPC000 009012 023010 347007
026012 056003 357010 016005 013008 036009
082011 113015 056036 078036 069031 048019
060029 059044 046029 048027 036023 047023.
042028 020023 017026 348004 014005 284009
347003 064008 068005 311004 248005 011004
307005 141009 181009 217009 214003 180006
250009 314015 280007 201013 205017 309004.
PPC002 204007 156003 011010 265012 253022
310014 283007 263003 311013 292008 048007
298015 291019 226016 240023 281014 213028
181029 175022 158014 071009 024011 001011.
032010 002005 032005 328009 173005 012009
011013 275008 PPC001 055004 010008 036009
230004 231008 213008 084013 074015 092023
113017 090023 078013 012014 012008 012014.
013013 251004 PPC001 282007 355007 025010
027008 013003 005008 051009 049009 027015
192007 143009 150017 102016 102019 075023
064028 062022 041021 353010 015011 029014.
007015 018014 014014 033010 343004 PPC000
PPC000 PPC001 059003 120004 133008 099010
066016 072011 035016 033018 069017 066029
068028 046032 046024 046023 044033 052035.
041032 040027 056024 050024 050016 063023
046012 060013 033022 129007 008007 040006
032021 084013 072019 099022 073030 042026
048033 060027 058020 049037 046035 050030=
048056 1156 078058 1449
054089 1251 087068 1243
028069 1014 043055 1013
025189 1213 035185 1212
042245 1343 081239 1349
031090 1340 053190 1109
019172 1534 028156 1519
036052 1347 056046 1439
047064 1555 065065 1555
038049 2357 056062 2347
035058 1118 054337 1748
023065 2057 030074 2056
059242 1426 117239 1434
096339 1855 162349 1853
073265 1353 142259 1534
050258 1411 113266 1410
031153 1230 043156 1230
040057 1510 054028 1519
036034 1255 055027 1244
020145 1507 028136 1521
028094 1236 043078 1234
025007 1704 039012 1701
028211 1211 039215 1209
082081 0058 128090 0058
047061 1139 070065 1156
029045 2050 043025 2250
037175 1433 055182 1428
031090 1449 046088 1448
030076 1419 050066 1417
043055 1924 061059 1923
043067 1304 061053 2009=
D=
K=
A=
S=
B=
??????
******
YF
O2228
河南省
豫洛阳吉利
洛阳市吉利区农业示范科技园
平原；城市；地面
空缺
计算机
计算机
计算机
计算机
计算机
20120208=
JY
8888=
GK
01/
05/=
BZ
00/345436/1123728
10/24/逐时观测
10/24/24时连续观测
11/不守班=
######
