O2225 3440N 11228E 001290 001290 105 000 S15 91999999919999199999 0 2010 07
P=
TB
0290 0285 0260 0260 0260 0262 0260 0260 0262 0267 0274 0277
0286 0296 0333 0339 0352 0354 0354 0352 0357 0351 0335 0325 0364 1514 0259 2304.
0319 0313 0301 0304 0286 0273 0264 0261 0262 0261 0264 0266
0267 0274 0282 0293 0297 0310 0316 0320 0318 0319 0312 0300 0324 2001 0259 0636.
0293 0292 0291 0286 0286 0287 0265 0258 0252 0247 0251 0249
0252 0254 0245 0246 0260 0269 0276 0280 0280 0280 0276 0274 0303 2004 0243 1145.
0272 0259 0258 0264 0264 0258 0259 0254 0255 0257 0261 0279
0301 0320 0312 0339 0349 0364 0358 0361 0361 0352 0313 0296 0378 1622 0254 0348.
0288 0288 0285 0287 0296 0293 0283 0280 0279 0277 0287 0297
0299 0321 0332 0339 0349 0341 0336 0344 0339 0332 0318 0297 0354 1252 0275 0327.
0288 0286 0272 0268 0270 0260 0270 0257 0259 0260 0268 0280
0295 0312 0331 0356 0370 0385 0386 0382 0377 0363 0351 0327 0391 1445 0250 0430.
0312 0313 0307 0285 0275 0272 0267 0264 0266 0265 0274 0293
0310 0326 0340 0348 0373 0376 0379 0371 0362 0349 0340 0330 0382 1342 0253 0332.
0331 0294 0287 0279 0269 0265 0269 0268 0258 0243 0227 0228
0229 0231 0240 0246 0252 0261 0266 0264 0267 0263 0260 0256 0337 2017 0226 0701.
0254 0254 0250 0243 0244 0236 0239 0238 0233 0236 0247 0263
0274 0283 0298 0310 0307 0311 0309 0311 0305 0298 0293 0273 0321 1329 0230 0518.
0283 0268 0260 0246 0233 0230 0229 0227 0227 0229 0229 0230
0230 0238 0249 0260 0278 0303 0304 0302 0300 0292 0283 0272 0311 1443 0226 0401.
0264 0256 0249 0247 0247 0246 0240 0230 0233 0241 0244 0246
0254 0276 0281 0291 0303 0310 0312 0311 0314 0308 0295 0287 0317 1615 0228 0443.
0268 0262 0257 0264 0249 0251 0255 0247 0243 0244 0252 0260
0266 0275 0290 0302 0304 0315 0322 0324 0318 0314 0305 0287 0328 1555 0239 0513.
0279 0288 0271 0280 0277 0277 0271 0263 0258 0257 0265 0276
0292 0295 0290 0285 0296 0304 0310 0305 0305 0300 0291 0278 0312 1518 0254 0529.
0273 0273 0271 0264 0260 0253 0254 0249 0233 0247 0259 0271
0270 0296 0312 0311 0320 0331 0339 0331 0335 0318 0308 0301 0341 1501 0231 0450.
0293 0289 0277 0275 0272 0271 0259 0247 0241 0236 0227 0236
0226 0237 0236 0230 0222 0224 0223 0217 0214 0214 0211 0213 0303 2010 0211 1614.
0214 0208 0207 0208 0209 0210 0210 0209 0210 0212 0217 0222
0234 0245 0251 0263 0280 0297 0296 0302 0297 0296 0281 0272 0312 1535 0207 2219.
0266 0261 0259 0252 0255 0255 0254 0252 0250 0249 0253 0255
0252 0251 0255 0256 0260 0261 0264 0258 0257 0260 0258 0254 0272 2001 0247 0549.
0249 0249 0239 0240 0236 0236 0234 0232 0225 0226 0240 0241
0248 0266 0276 0292 0292 0286 0287 0281 0275 0267 0260 0256 0297 1304 0222 0540.
0257 0251 0233 0235 0230 0230 0232 0230 0224 0216 0212 0215
0225 0247 0258 0270 0295 0299 0308 0290 0297 0288 0276 0259 0319 1510 0210 0727.
0248 0243 0241 0235 0222 0224 0229 0221 0220 0217 0234 0253
0262 0267 0287 0294 0313 0312 0319 0324 0321 0312 0298 0274 0327 1651 0215 0535.
0263 0258 0252 0250 0240 0239 0232 0230 0230 0229 0255 0268
0281 0293 0302 0311 0325 0330 0325 0325 0322 0315 0307 0297 0336 1431 0226 0533.
0273 0265 0267 0267 0261 0258 0256 0252 0252 0251 0264 0271
0280 0298 0308 0311 0326 0329 0322 0325 0305 0297 0290 0283 0343 1422 0246 0339.
0277 0274 0271 0264 0260 0256 0258 0257 0256 0249 0254 0265
0266 0274 0288 0282 0279 0285 0292 0273 0250 0248 0243 0242 0293 1451 0242 1922.
0241 0240 0240 0238 0236 0231 0231 0230 0230 0230 0232 0235
0240 0245 0254 0259 0264 0265 0263 0264 0240 0242 0241 0238 0269 1317 0229 0230.
0232 0233 0231 0231 0230 0229 0230 0230 0230 0232 0235 0239
0250 0270 0272 0282 0286 0294 0290 0286 0291 0283 0266 0261 0295 1359 0229 0057.
0252 0251 0243 0239 0236 0237 0235 0238 0244 0244 0250 0256
0267 0282 0294 0313 0317 0328 0331 0328 0321 0314 0301 0296 0334 1405 0234 0141.
0288 0280 0272 0265 0270 0269 0258 0256 0252 0257 0267 0277
0281 0298 0308 0325 0325 0332 0337 0329 0325 0313 0307 0296 0342 1423 0250 0503.
0280 0292 0269 0263 0263 0257 0266 0263 0258 0256 0274 0290
0306 0312 0322 0331 0348 0352 0349 0346 0340 0331 0319 0309 0356 1403 0254 0524.
0300 0285 0280 0276 0274 0279 0271 0279 0280 0276 0284 0293
0309 0328 0337 0344 0358 0349 0360 0366 0356 0347 0339 0331 0371 1543 0268 0322.
0325 0317 0299 0292 0284 0281 0281 0279 0290 0294 0296 0308
0323 0337 0354 0362 0363 0356 0362 0352 0342 0336 0333 0322 0368 1520 0277 0329.
0323 0315 0314 0296 0293 0292 0293 0295 0297 0291 0300 0312
0327 0339 0346 0353 0366 0363 0367 0368 0361 0344 0333 0323 0372 1249 0284 0235=
I=
E=
U=
N=
H=
C=
V=
R6
0566 0000 0566
0001 0000 0001
0118 0045 0163
0000 0000 0000
0000 0000 0000
0000 0000 0000
0000 0000 0000
0065 0040 0105
0000 0000 0000
0166 0006 0172
0000 0000 0000
0000 0000 0000
0000 0005 0005
0000 0000 0000
0046 0064 0110
0025 0001 0026
0000 0030 0030
0000 0000 0000
0588 0000 0588
0000 0000 0000
0000 0000 0000
0000 0000 0000
0007 0014 0021
0209 0149 0358
0054 0000 0054
0000 0000 0000
0000 0000 0000
0000 0000 0000
0000 0000 0000
0000 0000 0000
0000 0000 0000=
0000 0000 0319 0235 0011 0001 0000 0000 0000 0000 0000 0000
0000 0000 0000 0000 0000 0000 0000 0000 0000 0000 0000 0000.
0000 0000 0000 0000 0000 0000 0000 0001 0000 0000 0000 0000
0000 0000 0000 0000 0000 0000 0000 0000 0000 0000 0000 0000.
0000 0000 0000 0000 0000 0000 0004 0010 0050 0053 0001 0000
0000 0000 0019 0021 0005 0000 0000 0000 0000 0000 0000 0000.
0000 0000 0000 0000 0000 0000 0000 0000 0000 0000 0000 0000
0000 0000 0000 0000 0000 0000 0000 0000 0000 0000 0000 0000.
0000 0000 0000 0000 0000 0000 0000 0000 0000 0000 0000 0000
0000 0000 0000 0000 0000 0000 0000 0000 0000 0000 0000 0000.
0000 0000 0000 0000 0000 0000 0000 0000 0000 0000 0000 0000
0000 0000 0000 0000 0000 0000 0000 0000 0000 0000 0000 0000.
0000 0000 0000 0000 0000 0000 0000 0000 0000 0000 0000 0000
0000 0000 0000 0000 0000 0000 0000 0000 0000 0000 0000 0000.
0000 0000 0000 0000 0000 0000 0000 0000 0000 0002 0034 0029
0019 0011 0008 0000 0001 0001 0000 0000 0000 0000 0000 0000.
0000 0000 0000 0000 0000 0000 0000 0000 0000 0000 0000 0000
0000 0000 0000 0000 0000 0000 0000 0000 0000 0000 0000 0000.
0000 0000 0000 0001 0022 0030 0031 0033 0026 0014 0006 0003
0004 0001 0001 0000 0000 0000 0000 0000 0000 0000 0000 0000.
0000 0000 0000 0000 0000 0000 0000 0000 0000 0000 0000 0000
0000 0000 0000 0000 0000 0000 0000 0000 0000 0000 0000 0000.
0000 0000 0000 0000 0000 0000 0000 0000 0000 0000 0000 0000
0000 0000 0000 0000 0000 0000 0000 0000 0000 0000 0000 0000.
0000 0000 0000 0000 0000 0000 0000 0000 0000 0000 0000 0000
0000 0000 0000 0004 0001 0000 0000 0000 0000 0000 0000 0000.
0000 0000 0000 0000 0000 0000 0000 0000 0000 0000 0000 0000
0000 0000 0000 0000 0000 0000 0000 0000 0000 0000 0000 0000.
0000 0000 0000 0000 0000 0000 0005 0016 0009 0011 0001 0004
0023 0001 0002 0003 0001 0002 0003 0015 0012 0001 0001 0000.
0000 0011 0009 0003 0001 0001 0000 0000 0000 0000 0000 0000
0000 0000 0000 0000 0000 0000 0000 0001 0000 0000 0000 0000.
0000 0000 0000 0000 0000 0000 0000 0000 0000 0000 0000 0000
0000 0004 0001 0009 0004 0003 0001 0003 0003 0002 0000 0000.
0000 0000 0000 0000 0000 0000 0000 0000 0000 0000 0000 0000
0000 0000 0000 0000 0000 0000 0000 0000 0000 0000 0000 0000.
0000 0000 0054 0047 0077 0170 0089 0040 0009 0055 0046 0001
0000 0000 0000 0000 0000 0000 0000 0000 0000 0000 0000 0000.
0000 0000 0000 0000 0000 0000 0000 0000 0000 0000 0000 0000
0000 0000 0000 0000 0000 0000 0000 0000 0000 0000 0000 0000.
0000 0000 0000 0000 0000 0000 0000 0000 0000 0000 0000 0000
0000 0000 0000 0000 0000 0000 0000 0000 0000 0000 0000 0000.
0000 0000 0000 0000 0000 0000 0000 0000 0000 0000 0000 0000
0000 0000 0000 0000 0000 0000 0000 0000 0000 0000 0000 0000.
0000 0000 0000 0000 0000 0000 0000 0000 0000 0007 0000 0000
0000 0000 0000 0000 0000 0000 0000 0000 0006 0002 0001 0005.
0002 0001 0001 0000 0010 0082 0061 0026 0017 0001 0003 0005
0001 0001 0000 0000 0000 0001 0004 0000 0077 0035 0017 0013.
0001 0001 0000 0000 0017 0020 0012 0001 0001 0000 0000 0001
0000 0000 0000 0000 0000 0000 0000 0000 0000 0000 0000 0000.
0000 0000 0000 0000 0000 0000 0000 0000 0000 0000 0000 0000
0000 0000 0000 0000 0000 0000 0000 0000 0000 0000 0000 0000.
0000 0000 0000 0000 0000 0000 0000 0000 0000 0000 0000 0000
0000 0000 0000 0000 0000 0000 0000 0000 0000 0000 0000 0000.
0000 0000 0000 0000 0000 0000 0000 0000 0000 0000 0000 0000
0000 0000 0000 0000 0000 0000 0000 0000 0000 0000 0000 0000.
0000 0000 0000 0000 0000 0000 0000 0000 0000 0000 0000 0000
0000 0000 0000 0000 0000 0000 0000 0000 0000 0000 0000 0000.
0000 0000 0000 0000 0000 0000 0000 0000 0000 0000 0000 0000
0000 0000 0000 0000 0000 0000 0000 0000 0000 0000 0000 0000.
0000 0000 0000 0000 0000 0000 0000 0000 0000 0000 0000 0000
0000 0000 0000 0000 0000 0000 0000 0000 0000 0000 0000 0000=
0000 ////////// 00000=
W=
L=
Z=
G=
FN
084023 104029 350047 087014 071011 036007
066013 062006 334007 PPC001 089013 165011
126014 181004 322016 184015 273036 295025
272006 311022 274027 287022 303023 316013.
292012 PPC002 065007 073011 060027 070020
073025 052028 041013 038015 082019 014013
042016 059018 060014 014015 080017 104014
063014 019009 112018 060011 087013 108009.
082009 076017 016008 021004 303008 330009
314015 340008 045019 073010 116003 //////
209011 253017 292019 299022 276019 327010
292015 211010 142006 250008 273012 185008.
230005 197008 077006 228010 273013 178005
167007 264014 267013 247016 260025 255012
157006 236016 185013 062013 035014 351030
PPC001 015009 007011 015014 069006 097007.
147009 040005 237007 227006 270014 260015
313004 262010 236009 269012 261011 257012
////// 226010 353012 003011 060019 071020
049017 058017 076018 ////// 086008 074009.
PPC000 023005 255004 337005 329007 275006
254016 264007 237013 237016 251011 //////
264021 228017 191014 232017 006018 309013
049017 093019 104017 100025 121018 113014.
091008 280011 242011 130008 357005 173010
133010 182010 276014 276013 254016 295028
258015 309003 PPC002 040015 168028 183036
190037 170025 167043 152031 170034 122016.
099013 093021 057015 074017 080012 056009
028014 072025 074020 100024 077030 070028
051024 094015 009009 091004 350007 048008
058009 PPC000 052006 PPC002 007007 324005.
294011 259011 255012 330007 325009 PPC001
237011 262020 PPC000 ////// PPC000 268007
200009 322010 149010 098012 126011 081016
073010 082013 081011 063009 063009 334009.
314021 284032 333024 299030 315018 295012
300012 324013 332011 339010 338010 329013
PPC002 278011 212012 253019 237015 290009
173019 155020 119014 110017 140011 091010.
076016 065013 036008 004009 062009 054012
054008 PPC000 PPC001 155010 092005 119011
////// 198005 287009 284007 002009 166014
139020 054010 145012 151014 097016 099013.
PPC002 PPC001 335005 303005 017007 320006
270015 292013 273010 295015 281015 303016
273007 266009 090010 136014 007008 052013
061010 039012 005008 053005 266009 273011.
271013 PPC001 299008 273019 257012 218016
177009 116009 194008 176008 176013 182012
262022 175015 256010 284013 183011 147003
045011 078014 PPC002 052010 147006 115006.
168010 075008 083010 000005 344009 334009
303007 313008 073009 049007 105013 123013
014010 257011 112010 080012 072027 109011
052004 065013 182011 188013 289014 262015.
176007 226009 244013 149007 PPC000 125009
005014 060016 298007 054014 081010 067009
PPC002 074016 059016 061015 066015 068016
068019 073020 049021 100010 071012 061011.
033006 106011 PPC000 082008 047010 055008
208005 156009 136006 PPC000 PPC001 256007
325007 215011 305008 278014 219018 267018
171014 172010 206023 260016 211015 200015.
243022 253011 242011 285010 290008 269008
PPC000 316008 169008 039008 027012 064012
051014 052007 348008 PPC000 297014 252013
PPC001 272012 249016 231012 230007 250014.
264009 213013 272008 229016 231012 244017
275012 346020 189008 266012 254010 198012
305013 226013 ////// 281024 299013 187017
213020 201021 281012 254025 267015 257014.
249017 272012 222007 086009 PPC002 118016
307027 354011 050005 328024 ////// 195014
262005 301012 222025 214022 262016 115012
244019 115022 121015 114016 093019 075027.
074014 346010 355013 PPC002 PPC000 022003
349011 042006 144008 065005 158007 254006
272013 207009 226016 189014 329010 133013
162018 162021 141017 187022 182016 203006.
230011 061006 357006 027007 027003 035004
PPC002 PPC001 342007 320007 347005 351008
126011 112011 135015 065016 069019 127018
066013 089019 117017 103023 105012 140014.
039005 121009 113008 052009 142009 090008
021007 068012 115008 113010 079012 138010
071006 296011 065011 057014 085025 101028
053023 074028 193026 174028 256024 238020.
265016 253018 205030 177020 190011 275007
033006 022010 088016 063013 055011 070013
061021 062017 080015 219010 209009 141017
131020 ////// 106023 076011 075019 077014.
168007 170011 115011 067012 075018 092012
048015 073016 067016 084014 072013 057016
068013 073014 105024 105020 091026 089024
088029 097026 149012 232010 248010 271014.
245016 276010 317009 263012 172011 277008
075008 124005 015005 037004 062010 102005
067006 063011 050015 121010 227007 041004
352009 066008 PPC000 168006 PPC000 105008.
060004 111007 PPC000 056009 PPC000 163007
190008 037005 242010 258016 344008 007006
200015 195014 098014 349007 255014 268015
078013 122014 136011 136013 082010 040004.
188007 064008 099005 073007 065007 004008
354006 PPC000 035003 116010 308006 040009
103016 045016 107017 254006 138015 028017
076014 095022 101015 112018 138012 151008.
PPC000 190009 124004 001007 056008 008003
019009 160007 012004 314007 335014 001010
296007 169010 224006 131014 174008 286013
096011 135015 129015 117016 140013 149010.
160010 104008 054005 019004 226005 067008
163006 273013 279007 PPC000 178007 256015
272016 287018 289017 219022 215015 114013
173020 120020 138018 139018 136010 184013.
189013 276009 275007 060010 061006 012008
280006 354005 064003 235010 262016 183012
182008 096016 137013 196011 092009 077018
118012 106024 140014 079012 136015 137012.
122013 110010 039007 123005 227009 PPC000
190003 269012 238013 275018 273010 276020
235014 133013 071016 009010 104012 126022
156020 162016 196023 174035 174013 270018=
088025 098024 345047 081016 087016 028008
059007 047006 330003 PPC000 089011 163011
122010 133007 256010 224011 283037 308024
320018 300029 280032 294024 301018 330016.
292014 055003 352006 066008 059023 059023
067025 060017 053015 043015 082020 042014
042017 065014 064017 040015 066016 098018
069016 037009 115016 069010 075012 103009.
081010 072012 018007 013006 334007 320010
327021 331007 056015 073010 136004 //////
222009 252016 299017 298018 271019 315012
298013 232010 156007 218008 260008 193007.
216006 190008 056005 225010 264012 PPC002
178007 262016 257010 245015 265020 280013
195007 252016 221018 065010 045014 298017
PPC002 021008 003009 007011 066006 082006.
153009 041006 249007 150004 276013 261014
318006 260008 250010 273015 264012 260009
////// 252012 009009 033009 047013 068017
046017 062019 081017 ////// 072008 073006.
PPC001 029004 257003 325007 330009 272008
258017 268007 237014 235013 245015 //////
253018 235019 220016 243012 020015 305016
041015 086019 097017 101023 121017 116014.
128011 066012 261015 151007 002007 171009
101010 175009 267013 274012 260017 293024
266016 077004 029005 032018 166020 185039
194035 180034 166043 162031 168031 142013.
129014 083027 064018 068015 078014 042006
046016 065020 083027 093025 074028 070021
063017 104014 011008 073008 006007 033005
084010 PPC000 PPC002 PPC001 345007 324005.
299008 259012 271010 314009 320008 190005
230007 263017 128003 ////// PPC001 268007
231006 301010 166009 117008 122010 097016
076012 081014 070011 058008 059007 330008.
314018 280029 320025 301024 311018 298015
304010 317013 328009 347012 353016 348011
056003 272013 202011 240018 207020 304013
230012 151019 127017 115020 134011 094011.
071014 054014 050009 004012 020009 046015
064008 PPC000 PPC002 159007 094006 124011
////// 304009 287014 345009 029011 197014
155020 100010 132012 163014 093011 097014.
204003 102003 316003 267007 019008 315008
270016 287012 265012 294013 275015 310014
261010 271008 073009 141016 352009 051013
167010 055009 040004 055006 239008 275010.
268012 004004 305008 272014 259012 214016
169010 127003 172008 188009 177009 164010
269015 201015 260013 286014 216008 259006
052010 076012 190006 072009 154007 122004.
171008 048003 090009 PPC002 341008 337009
318008 330008 073007 059007 101014 126009
054006 304008 104007 070013 085018 094014
092009 067011 163006 176015 282014 271014.
179010 203009 249009 162007 PPC001 126006
346013 057016 306006 052012 061009 060013
287005 064012 055011 069014 067015 069017
072019 073018 057017 066012 066010 069008.
083005 113009 070006 066006 045006 051007
191007 156009 136008 PPC000 PPC002 231003
349005 206009 271012 243016 208014 265019
163012 206011 184018 249018 209018 200016.
247018 257014 243012 282012 308008 267010
225006 316008 170006 028005 044010 065008
056014 028007 004010 190003 302010 267011
291007 268011 246016 234013 233009 229012.
255009 206012 269008 241011 238013 243017
262019 347016 194007 261010 262008 206008
310010 223014 ////// 279019 277021 205019
233018 204017 257015 244021 255015 258016.
243014 282009 216015 090008 126006 112012
315020 006010 037010 322023 ////// 186011
240004 260012 241017 230022 257017 093009
226015 120025 136016 120020 099022 071020.
067017 025009 000014 037004 PPC002 023005
353008 039005 150009 109007 PPC002 286004
254018 239013 203015 215024 282012 157016
159019 183017 170017 204019 174016 214007.
222008 067006 359006 017007 048003 018003
PPC000 PPC000 PPC002 321007 349006 011009
097012 094011 138013 089016 041012 118016
073015 099019 109018 097016 095013 130013.
080006 116009 117010 054009 114008 073008
040008 066009 097009 115010 077010 127009
098009 341014 055014 058011 077019 093019
068025 077023 192028 185019 244018 249016.
270015 247019 208024 198022 183013 294005
041006 025010 081015 065011 055016 066014
068017 066019 076019 185010 196008 144024
127016 ////// 105024 087019 070017 093012.
153006 167012 129009 067016 070017 086014
068016 078017 079016 079012 077011 063017
076014 087015 099027 094020 096027 093022
090026 096029 189014 229009 248009 268010.
249012 273007 296010 264010 188010 276005
062006 123006 005004 PPC001 058007 PPC002
060006 045009 059016 108013 223007 009003
341008 074009 PPC001 189006 PPC002 083010.
112006 116009 242003 049008 PPC000 146006
180007 075004 259008 254015 003003 024006
190013 203010 118013 045010 218016 293012
093012 121016 131014 131013 084010 095005.
188008 116007 093006 072007 062003 023007
305006 081004 PPC000 109007 351006 021007
096013 073016 080013 082012 097014 026010
086011 093017 093018 120013 123012 150009.
PPC001 193010 095005 004008 059007 PPC001
035008 163006 PPC001 324006 346011 329009
297005 112013 231008 109013 096010 305015
135013 140010 123016 117015 135014 137010.
158010 PPC001 051008 026004 236003 058009
158006 271014 271010 PPC001 154008 267015
261011 289012 248011 236017 202013 132018
139014 151014 130017 134016 140010 179013.
195015 273014 279011 066010 092004 347006
270007 326005 109006 240012 261016 189010
179010 115011 159012 129010 093011 082019
125015 108020 138018 104012 133015 131009.
129013 109010 071010 089003 251007 031003
174008 268012 235013 280015 268014 276016
216009 149016 076014 337012 153015 133022
163021 155019 199024 167034 170010 253022=
047072 2035 077090 2030
032056 0217 047062 0043
031292 1033 044309 1033
021289 1015 041354 1359
025073 1342 040096 1402
026107 1750 041084 1753
046166 1420 079180 1437
034075 0450 062073 2147
017263 0400 032163 1352
044290 2250 069287 2244
020160 1459 039163 1451
019265 0317 026287 0701
021203 0137 038217 0133
021074 1428 032090 1409
024290 0251 043084 1423
024210 1943 041208 1937
022045 0828 035253 2122
026263 1254 036278 1128
030305 0549 056309 0557
026229 1158 039248 1151
021050 1334 035053 1210
030086 1318 046082 1604
028178 1238 069180 1234
034099 1132 056084 1139
017266 2038 038191 0021
022096 1422 036104 1432
021099 1713 029076 1713
019109 1442 028070 1434
022283 1329 034169 1448
032112 1613 046127 1612
035164 1759 051152 1758=
D=
K=
A=
S=
B=
??????
******
YF
O2225
河南省
豫洛阳牡丹研究所
洛阳市牡丹研究所牡丹培育园
平原；城市；地面
空缺
计算机
计算机
计算机
计算机
计算机
20100805=
JY
8888=
GK
01/
05/=
BZ
BB/03/08时温度用正点前1分钟值代替。
BB/05/09时温度用正点前6分钟值代替。18时温度用正点前6分钟值代替。
BB/06/08时温度用正点前5分钟值代替。
BB/09/06时温度用正点前1分钟值代替。
BB/11/09时温度用正点前4分钟值代替。
BB/18/11时温度用正点前6分钟值代替。
BB/19/07时温度用正点前9分钟值代替。
BB/23/16时温度用正点前1分钟值代替。
00/343932/1122829
10/24/逐时观测
10/24/24时连续观测
11/不守班=
######
