O2215 3425N 11233E 003390 003390 105 000 S15 91999999919999199999 0 2011 06
P=
TB
0263 0241 0237 0235 0225 0220 0211 0209 0197 0188 0203 0231
0252 0264 0292 0296 0310 0311 0310 0305 0303 0297 0286 0273 0337 1425 0187 0601.
0271 0256 0246 0246 0233 0228 0220 0213 0198 0201 0206 0216
0242 0256 0293 0298 0310 0326 0341 0329 0330 0324 0301 0297 0350 1527 0198 0500.
0285 0264 0253 0244 0236 0219 0214 0212 0208 0201 0210 0245
0287 0305 0313 0340 0347 0343 0342 0322 0308 0298 0289 0275 0351 1239 0197 0620.
0274 0268 0266 0250 0237 0228 0221 0210 0207 0214 0211 0220
0237 0260 0289 0284 0307 0307 0313 0303 0291 0283 0272 0263 0316 1440 0203 0416.
0259 0262 0255 0244 0243 0236 0227 0219 0213 0209 0226 0236
0256 0276 0300 0318 0323 0315 0312 0312 0301 0291 0285 0279 0334 1237 0208 0604.
0274 0269 0264 0255 0257 0257 0242 0235 0227 0229 0225 0236
0252 0283 0305 0323 0332 0340 0338 0335 0329 0316 0300 0291 0345 1428 0223 0657.
0278 0269 0270 0259 0243 0237 0223 0216 0221 0220 0232 0256
0277 0297 0326 0355 0370 0377 0395 0383 0394 0387 0364 0340 0406 1453 0213 0430.
0331 0316 0309 0299 //// //// //// 0261 0251 0261 0259 0291
0317 0340 0356 0376 0405 0398 0392 0391 0387 0382 0370 0353 0407 1301 0249 0515.
0321 0313 0296 0288 0281 0273 0268 0267 0267 0250 0256 0270
0267 0270 0269 0278 0283 0284 0286 0273 0273 0271 0268 0261 0352 2001 0247 0639.
0265 0252 0240 0232 0231 0228 0230 0227 0226 0223 0231 0243
0255 0269 0283 0300 0316 0329 0335 0340 0339 0335 0322 0306 0347 1610 0222 0559.
0294 0285 0272 0266 0257 0249 0243 0231 0224 0224 0233 0244
0261 0275 0298 0330 0338 0350 0359 0357 0342 0337 0331 0315 0369 1443 0220 0540.
0302 0287 0287 0280 0257 0243 0234 0228 0225 0225 0228 0246
0264 0301 0296 0299 0308 0315 0325 0329 0322 0312 0297 0285 0331 1504 0222 0541.
0274 0267 0260 0257 0256 0250 0249 0240 0237 0232 0243 0264
0278 0299 0296 0303 0323 0321 0316 0316 0311 0303 0298 0289 0325 1404 0231 0529.
0271 0263 0254 0250 0248 0239 0234 0234 0228 0224 0236 0238
0252 0272 0279 0277 0282 0281 0275 0273 0266 0261 0253 0245 0289 2004 0222 0555.
0240 0228 0221 0217 0216 0208 0203 0201 0198 0194 0201 0225
0249 0268 0277 0287 0296 0306 0307 0313 0304 0295 0283 0275 0315 1559 0194 0600.
0270 0264 0259 0254 0248 0238 0233 0224 0219 0217 0226 0244
0258 0276 0282 0288 0302 0302 0292 0289 0287 0286 0280 0268 0316 1314 0215 0536.
0260 0253 0250 0245 0239 0232 0228 0224 0222 0223 0226 0234
0239 0240 0239 0251 0244 0241 0231 0227 0222 0219 0214 0211 0268 2004 0211 2000.
0211 0214 0212 0211 0211 0209 0207 0206 0205 0204 0207 0214
0226 0239 0242 0261 0263 0275 0279 0276 0284 0279 0267 0259 0292 1437 0202 0626.
0253 0247 0242 0235 0233 0223 0221 0215 0212 0208 0211 0225
0244 0271 0283 0298 0309 0323 0321 0321 0318 0307 0296 0284 0331 1350 0206 0534.
0276 0271 0262 0256 0254 0245 0238 0230 0231 0231 0244 0252
0262 0276 0274 0284 0285 0279 0288 0289 0281 0276 0270 0260 0292 1519 0228 0352.
0259 0256 0255 0253 0250 0247 0247 0244 0241 0242 0245 0251
0262 0251 0254 0253 0257 0267 0269 0241 0244 0249 0246 0242 0276 1447 0240 0459.
0239 0239 0237 0237 0234 0233 0231 0230 0227 0228 0232 0240
0253 0267 0277 0266 0261 0258 0266 0273 0273 0271 0266 0263 0281 1103 0227 0500.
0259 0253 0249 0245 0223 0227 0226 0224 0223 0198 0201 0204
0203 0210 0214 0228 0233 0243 0247 0253 0261 0264 0274 0252 0279 1841 0198 0600.
0240 0230 0221 0220 0217 0215 0207 0199 0192 0195 0205 0233
0264 0289 0315 0331 0333 0340 0318 0326 0313 0295 0287 0275 0352 1336 0192 0500.
0243 0238 0213 0209 0208 0203 0200 0199 0197 0193 0193 0192
0190 0177 0182 0195 0204 0226 0217 0210 0209 0211 0210 0201 0276 2004 0176 1007.
0199 0200 0197 0194 0188 0190 0191 0189 0184 0181 0196 0208
0226 0242 0267 0271 0289 0293 0303 0303 0307 0297 0287 0273 0314 1349 0180 0523.
0279 0270 0270 0248 0256 0245 0240 0231 0212 0208 0211 0217
0232 0232 0241 0255 0258 0277 0286 0281 0294 0282 0274 0256 0298 1554 0206 0520.
0249 0245 0247 0235 0226 0224 0220 0209 0208 0208 0217 0240
0259 0274 0293 0305 0323 0338 0349 0353 0347 0331 0313 0298 0360 1550 0206 0528.
0289 0284 0272 0263 0255 0250 0245 0245 0233 0234 0242 0263
0282 0278 0298 0310 0347 0352 0350 0349 0337 0325 0312 0302 0359 1430 0230 0522.
0295 0294 0293 0288 0281 0275 0267 0262 0254 0255 0266 0299
0311 0329 0352 0363 0369 0376 0365 0368 0354 0339 0328 0312 0386 1319 0251 0534=
I=
E=
U=
N=
H=
C=
V=
R6
0000 0000 0000
0000 0000 0000
0000 0000 0000
0000 0000 0000
0000 0000 0000
//// //// ////
0000 0000 0000
//// //// ////
0000 0000 0000
0000 0000 0000
0000 0000 0000
0000 0000 0000
0000 //// ////
0000 0000 0000
0000 0000 0000
0000 0000 0000
0000 0029 0029
0003 0001 0004
0000 0000 0000
0000 0000 0000
0000 0000 0000
0000 0002 0002
0046 0025 0071
0000 //// ////
0000 0002 0002
0000 0000 0000
0006 0000 0006
0000 0000 0000
0000 0000 0000
0000 0000 0000=
0000 0000 0000 0000 0000 0000 0000 0000 0000 0000 0000 0000
0000 0000 0000 0000 0000 0000 0000 0000 0000 0000 0000 0000.
0000 0000 0000 0000 0000 0000 0000 0000 0000 0000 0000 0000
0000 0000 0000 0000 0000 0000 0000 0000 0000 0000 0000 0000.
0000 0000 0000 0000 0000 0000 0000 0000 0000 0000 0000 0000
0000 0000 0000 0000 0000 0000 0000 0000 0000 0000 0000 0000.
0000 0000 0000 0000 0000 0000 0000 0000 0000 0000 0000 0000
0000 0000 0000 0000 0000 0000 0000 0000 0000 0000 0000 0000.
0000 0000 0000 0000 0000 0000 0000 0000 0000 0000 0000 0000
0000 0000 0000 0000 0000 0000 0000 0000 0000 0000 0000 0000.
0000 0000 0000 //// 0000 0000 0000 0000 0000 0000 0000 0000
0000 0000 0000 0000 0000 0000 //// 0000 0000 0000 0000 0000.
0000 0000 0000 0000 0000 0000 0000 0000 0000 0000 0000 0000
0000 0000 0000 0000 0000 0000 0000 0000 0000 0000 0000 0000.
0000 0000 0000 0000 //// //// //// 0000 0000 0000 0000 0000
0000 0000 0000 0000 0000 0000 0000 0000 //// 0000 0000 0000.
0000 0000 0000 0000 0000 0000 0000 0000 0000 0000 0000 0000
0000 0000 0000 0000 0000 0000 0000 0000 0000 0000 0000 0000.
0000 0000 0000 0000 0000 0000 0000 0000 0000 0000 0000 0000
0000 0000 0000 0000 0000 0000 0000 0000 0000 0000 0000 0000.
0000 0000 0000 0000 0000 0000 0000 0000 0000 0000 0000 0000
0000 0000 0000 0000 0000 0000 0000 0000 0000 0000 0000 0000.
0000 0000 0000 0000 0000 0000 0000 0000 0000 0000 0000 0000
0000 0000 0000 0000 0000 0000 0000 0000 0000 0000 0000 0000.
0000 0000 0000 0000 0000 0000 0000 0000 0000 0000 0000 0000
0000 0000 0000 0000 0000 0000 0000 //// 0000 0000 0000 0000.
0000 0000 0000 0000 0000 0000 0000 0000 0000 0000 0000 0000
0000 0000 0000 0000 0000 0000 0000 0000 0000 0000 0000 0000.
0000 0000 0000 0000 0000 0000 0000 0000 0000 0000 0000 0000
0000 0000 0000 0000 0000 0000 0000 0000 0000 0000 0000 0000.
0000 0000 0000 0000 0000 0000 0000 0000 0000 0000 0000 0000
0000 0000 0000 0000 0000 0000 0000 0000 0000 0000 0000 0000.
0000 0000 0000 0000 0000 0000 0000 0000 0000 0000 0000 0000
0000 0000 0000 0000 0000 0000 0001 0006 0008 0009 0004 0001.
0000 0003 0000 0000 0000 0000 0000 0000 0000 0000 0000 0000
0000 0000 0001 0000 0000 0000 0000 0000 0000 0000 0000 0000.
0000 0000 0000 0000 0000 0000 0000 0000 0000 0000 0000 0000
0000 0000 0000 0000 0000 0000 0000 0000 0000 0000 0000 0000.
0000 0000 0000 0000 0000 0000 0000 0000 0000 0000 0000 0000
0000 0000 0000 0000 0000 0000 0000 0000 0000 0000 0000 0000.
0000 0000 0000 0000 0000 0000 0000 0000 0000 0000 0000 0000
0000 0000 0000 0000 0000 0000 0000 0000 0000 0000 0000 0000.
0000 0000 0000 0000 0000 0000 0000 0000 0000 0000 0000 0000
0000 0000 0000 0000 0001 0001 0000 0000 0000 0000 0000 0000.
0000 0000 0000 0000 0004 0001 0000 0000 0000 0026 0011 0004
0015 0007 0000 0001 0002 0000 0000 0000 0000 0000 0000 0000.
0000 0000 0000 0000 0000 0000 0000 0000 0000 0000 0000 0000
0000 0000 0000 0000 0000 0000 0000 0000 0000 0000 //// 0000.
0000 0000 0000 0000 0000 0000 0000 0000 0000 0000 0000 0000
0000 0001 0001 0000 0000 0000 0000 0000 0000 0000 0000 0000.
0000 0000 0000 0000 0000 0000 0000 0000 0000 0000 0000 0000
0000 0000 0000 0000 0000 0000 0000 0000 0000 0000 0000 0000.
0000 0000 0000 0000 0000 0000 0000 0000 0001 0003 0000 0002
0000 0000 0000 0000 0000 0000 0000 0000 0000 0000 0000 0000.
0000 0000 0000 0000 0000 0000 0000 0000 0000 0000 0000 0000
0000 0000 0000 0000 0000 0000 0000 0000 0000 0000 0000 0000.
0000 0000 0000 0000 0000 0000 0000 0000 0000 0000 0000 0000
0000 0000 0000 0000 0000 0000 0000 0000 0000 0000 0000 0000.
0000 0000 0000 0000 0000 0000 0000 0000 0000 0000 0000 0000
0000 0000 0000 0000 0000 0000 0000 0000 0000 0000 0000 0000=
0000 ////////// 00000=
W=
L=
Z=
G=
FN
300012 035009 PPC000 301014 059012 123011
150035 147023 054007 307013 331012 341011
266019 301016 118008 294015 273006 247014
336021 332011 289008 141024 140027 147036.
133026 144026 138024 135030 116018 140029
119021 112017 321018 321014 317011 320013
306012 358013 135013 181024 142021 237020
170031 124008 118017 117016 140028 265003.
221021 131016 075005 151009 118011 336014
327014 PPC002 354014 325012 307012 311011
137012 304017 251024 149027 154043 172037
137040 145048 145054 147042 141022 140029.
145043 142034 108017 132022 123018 125019
114025 286006 042005 265005 300012 318017
305020 296016 326018 315022 060010 101023
146041 144029 143033 142038 142029 126017.
117014 140018 113017 084015 125005 074008
168004 048003 299017 PPC000 145006 139015
PPC002 194009 354008 152034 156025 250015
137038 147034 140034 138028 123012 129014.
094012 089009 125016 119017 125011 189007
300023 319014 288004 348010 322008 328019
317006 326010 161014 204012 147025 142038
153046 164039 146038 143030 143050 132030.
124026 110023 104027 121023 141024 145019
120016 107014 112012 340004 301017 334016
332017 311020 244015 290015 318025 320025
286023 162018 306019 260015 220014 139033.
141033 135022 111020 118018 ////// //////
////// PPC000 PPC000 PPC000 344018 303018
268011 303012 335028 324026 320013 323031
323024 190006 005003 267004 140013 124021.
124021 122044 112056 117055 123035 137024
121026 115018 002011 341012 339012 317007
318012 319014 340019 338027 308037 325041
323020 320019 324023 321016 063004 315011.
235010 317018 328018 329018 300021 329014
297019 331012 337023 326019 310021 308028
323037 328031 332040 323034 333019 319024
316019 320016 294016 325024 295013 305012.
143040 142024 127026 123024 121030 119020
142023 114018 106014 PPC002 123008 313012
309013 301018 293018 314017 196022 160025
147019 278020 143035 137023 293015 111013.
132007 130013 PPC001 322008 314022 327022
330030 330023 322024 341009 331019 325023
321030 294007 129018 144010 141037 134023
134024 166018 123026 120024 146039 140024.
132026 125034 125028 124029 153021 151024
142025 126018 117021 117013 110017 115009
289010 119008 314026 284016 329026 114010
157019 132022 120022 146037 142027 137032.
122018 112017 116028 110034 136027 128018
114012 160006 008007 328013 135014 337017
330013 260005 142035 141042 151049 151055
140056 139050 148047 142050 143038 148027.
140039 145023 131035 124021 138021 116026
116029 125016 127017 136012 128020 138026
181019 137038 146032 141035 147037 152038
150032 146031 154030 142035 138034 136034.
133034 130038 147038 138035 140037 130032
147036 136030 127020 126022 141021 139011
129015 144029 149043 143044 134034 148037
146037 141031 139038 141044 142043 137032.
143037 118025 131028 130034 136036 120038
107029 158016 123017 116023 114019 128020
154021 319010 325025 PPC000 331033 328019
325030 PPC000 307010 292023 319012 PPC000.
PPC000 141007 316012 PPC000 321015 PPC002
PPC001 PPC000 313012 324014 PPC000 314015
316015 328019 330026 068005 319020 151022
143012 178011 225016 199016 136016 119016.
119012 111015 122015 108011 111015 PPC000
PPC000 324015 291008 336014 300017 309016
317019 330013 306014 316015 210014 116020
130033 144039 145031 138034 149034 135034.
136033 144036 126018 125026 142031 116021
117016 121021 128009 104007 133028 142022
126029 140023 148040 192027 141041 144042
150036 143030 143036 138032 144038 127032.
146036 125029 146023 139018 134021 145023
146018 119023 122022 119007 145019 111014
161020 144022 135008 143018 126016 157020
340014 326010 323013 323015 326019 330019.
313011 333010 PPC000 321013 PPC000 303011
PPC000 294007 346013 318004 320012 313017
325021 284007 289025 296014 266012 245016
232011 204018 290017 313010 303018 303021.
322042 296035 314027 318027 307021 314026
316028 309028 321028 315028 315019 283015
309005 314027 301011 328018 277013 292017
271016 277025 259018 304017 242013 136035.
148027 117023 113023 112022 115019 111016
PPC000 PPC000 PPC000 340013 314021 348012
346009 315005 140011 213014 312018 138046
141038 138035 116036 121037 145033 125032.
120063 147043 117027 137038 ////// 092012
102007 124017 105019 104019 146017 129030
131016 120021 PPC000 123020 081013 333015
313005 126013 145008 PPC001 329015 327008.
PPC000 PPC000 290013 PPC000 PPC000 306011
296009 PPC000 PPC000 321008 PPC000 289004
334023 308012 281021 PPC002 307033 147011
323018 321022 305016 187003 PPC000 PPC000.
217020 218015 234018 311012 314012 300005
318020 314019 316028 335018 319012 322009
320023 326019 321015 303034 306031 342012
299006 313017 329014 314028 PPC001 144020.
128006 314009 155015 130012 PPC000 034014
PPC000 PPC000 311011 331012 316011 286011
308016 294017 301016 313018 161012 250014
172034 159038 241010 142026 145035 146026.
154041 144033 136019 135023 123020 114024
120020 113024 PPC000 PPC000 136014 232013
256004 296012 266012 325027 148044 142048
162024 138037 166036 149051 145040 145025.
138037 146030 146034 130026 145023 134016
122022 120029 114008 117025 120019 PPC000
306005 271004 154017 206013 140032 132027
165051 192051 140055 145058 143032 134028=
304011 PPC002 327004 303017 071011 127013
149030 147022 PPC002 311004 334014 322009
255016 309019 139016 299013 282016 297017
317015 322015 271009 140026 139028 145029.
137027 142026 133026 142031 117020 131025
119020 113015 317013 323013 319012 321012
283009 338013 134016 170020 157024 227016
150019 256016 135015 112014 143028 186015.
220016 128012 041003 187007 124008 338014
332011 036007 359009 328013 322010 317006
137009 263016 246016 145018 151040 153037
147046 147049 145056 143043 140023 134027.
144038 142033 126020 127021 117019 122019
114023 267005 024006 244012 308009 312015
310017 306013 308015 320019 256010 170020
143041 146035 140032 142036 145024 131017.
124012 138016 115018 090014 094007 106006
143004 096004 313008 238005 PPC002 137015
298003 232008 073012 142031 152019 225016
140036 146033 141033 136029 128012 131014.
108015 088010 123014 115016 122017 153008
308019 320013 352008 341013 323012 330018
307008 292004 169017 209016 147027 143041
149041 159044 147042 142036 144047 138030.
127025 115022 062021 125023 137026 139018
115013 110014 114010 259003 300019 330013
319016 318020 276016 313014 314020 324024
266015 173027 257014 258019 190021 139033.
142026 133019 112018 120013 ////// //////
////// 338008 PPC002 PPC002 334018 320015
270007 283021 332024 324021 018012 326026
332021 181010 324010 354006 129012 126013.
118022 116042 113051 117047 125036 124025
118024 119014 067012 330011 288005 318005
318012 315013 332016 329029 321029 325031
324026 324021 326017 323019 081006 305008.
203005 321015 329022 331018 300022 328017
309022 324015 331020 328024 318022 313031
315034 311030 326033 311023 322023 325022
300021 309016 310017 284023 289013 302012.
147030 143038 131027 133031 125026 127020
142026 111019 103011 109008 120012 308009
305013 314015 308017 304015 238020 192020
164019 243023 151034 140038 277017 112008.
PPC002 123015 PPC002 323009 313019 330024
330029 330024 330027 335011 327022 326022
324029 330010 144018 143014 143032 142029
135021 157019 121028 121026 143044 132021.
129029 123033 131026 123026 149021 143024
142023 115021 119018 116013 116014 112012
255008 003006 319019 304018 297020 106014
143014 142023 128020 140035 146031 141028.
124015 120017 117026 113033 138027 127021
110011 140007 323010 327006 123008 324016
330014 212007 140038 139037 145040 152046
141053 143048 145047 140047 144041 144030.
141031 142026 136027 131023 137025 123023
119026 125016 138017 136015 128020 141024
150028 138026 140034 142035 150040 149035
149037 143035 147036 142034 139029 137031.
134033 127029 145040 142035 143036 128029
142035 131027 140021 132021 138023 135017
140023 137023 145040 142038 138031 142032
140036 133031 135037 142041 142041 140032.
145035 124022 129028 131033 131034 117034
113029 138017 128017 117022 117016 126023
182018 328019 322025 PPC001 327026 319019
326024 290004 310013 291019 323012 117010.
169003 153006 314012 PPC000 319015 PPC002
279009 PPC000 316012 330005 PPC000 310014
316016 323019 325022 004012 309017 135020
163009 175011 223019 219011 148013 120014.
125007 112015 121018 119012 108011 318007
245004 318011 298011 331011 297016 299016
321017 327013 318013 327016 274012 146032
129033 144041 139038 142037 145029 141030.
141036 143042 133021 131023 142027 118019
118020 118021 131009 098005 133023 136022
129029 144021 146037 177034 164026 142036
147040 139035 142032 141036 144034 129030.
143034 129024 141025 137021 139021 139021
142021 130022 118018 125005 147017 124014
155007 137015 137015 136017 122015 152021
349009 327008 322015 327016 326018 330018.
325012 330005 PPC002 316005 PPC001 314013
PPC000 301007 340013 318009 308008 317007
327022 279011 283024 285017 272014 241016
208015 208015 294017 309013 306016 303017.
313039 306036 313021 314022 305025 311025
319034 317030 320028 312028 315020 280020
303013 318022 313015 314014 280015 305015
271021 266026 271023 291020 219010 141025.
140027 126022 114022 114021 112019 114015
PPC000 PPC000 PPC000 332013 314018 334012
347012 299010 149011 203017 246027 140043
137040 140035 122039 125033 139032 128034.
119052 142035 131016 131036 ////// 119021
115004 121017 114016 112025 132023 124024
123017 118022 115004 118013 051010 326018
324007 144014 139005 PPC001 325005 321003.
PPC000 PPC000 298009 307005 PPC000 PPC002
294004 PPC000 PPC000 322004 PPC000 PPC001
323016 308015 279019 310017 313024 312013
332016 341015 312015 164008 PPC000 090003.
219018 225012 223013 298015 241010 302009
315017 320020 313027 330013 327012 320010
321027 315019 312020 310033 311032 329015
301015 304018 327016 321021 303004 151022.
PPC001 325009 194011 136012 094005 033008
PPC002 243009 311011 333017 324011 300010
308017 284015 286012 305021 170013 251019
154027 145029 201019 142028 144036 145026.
147037 148032 141023 133023 125019 119023
118020 118024 PPC000 PPC000 138019 219011
200010 290012 286011 332021 160037 147037
151036 158045 152046 146052 144042 145030.
140029 143031 143034 137027 145024 136016
120018 118026 115003 116022 119021 PPC000
316011 320006 234010 192021 151033 146027
164053 166049 142059 148053 141036 140033=
033142 1851 051155 0313
035144 2034 057118 1319
060144 1657 090152 1546
046141 1539 070132 1528
038139 1509 054146 1607
047147 1553 073174 1657
036119 2344 060135 2341
037142 2122 057158 2118
059115 2323 086127 2310
041319 0850 064292 0909
043144 2156 062155 2204
047146 1856 060155 1853
045149 1732 063127 2208
055144 1458 077146 1448
045141 1523 074132 1514
050151 1119 073129 1338
041146 2119 062090 0046
029327 1037 044323 1035
044147 1655 061155 1427
045145 2042 067146 2138
039143 2121 057146 2121
025289 1103 038295 1149
043315 0255 071326 0253
045143 1405 076110 1705
057112 2043 080107 2035
027327 1309 051329 1304
044322 1225 062338 1220
039142 1853 059138 1916
056144 1818 078202 1643
063141 1735 091149 1709=
D=
K=
A=
S=
B=
??????
******
YF
O2215
河南省
豫伊川工业园
伊川县工业园办公区
丘陵；城镇；地面
空缺
计算机
计算机
计算机
计算机
计算机
20120208=
JY
8888=
GK
01/
05/=
BZ
BB/25/01时气温用正点前1分钟值代替。
00/342435/1123236
10/24/逐时观测
10/24/24时连续观测
11/不守班=
######
