O2224 3443N 11236E 001145 001145 105 000 S15 91999999919999199999 0 2012 04
P=
TB
0105 0102 0096 0083 0079 0074 0051 0044 0043 0037 0043 0103
0139 0160 0185 0198 0209 0208 0213 0212 0203 0185 0165 0156 0217 1521 0032 0629.
0146 0133 0123 0117 0102 0094 0098 0098 0095 0092 0093 0097
0111 0131 0144 0135 0139 0144 0148 0163 0123 0114 0094 0075 0177 1549 0075 2000.
0071 0070 0069 0057 0065 0050 0033 0024 0017 0007 0015 0068
0112 0145 0167 0180 0203 0205 0219 0220 0227 0212 0158 0127 0228 1657 0007 0600.
0098 0095 0083 0076 0065 0064 0064 0097 0101 0085 0081 0105
0125 0151 0175 0192 0223 0251 0255 0259 0260 0246 0213 0191 0263 1655 0060 0143.
0166 0123 0110 0125 0116 0082 0068 0063 0070 0061 0066 0114
0149 0190 0206 0213 0228 0243 0252 0260 0259 0241 0182 0169 0264 1621 0057 0639.
0144 0178 0164 0157 0133 0100 0088 0082 0072 0069 0068 0121
0167 0193 0221 0237 0245 0250 0252 0252 0249 0226 0200 0176 0260 1427 0064 0611.
0158 0147 0131 0113 0108 0104 0110 0109 0085 0071 0080 0131
0170 0187 0216 0242 0263 0278 0277 0275 0265 0241 0195 0168 0278 1400 0066 0628.
0153 0136 0127 0112 0105 0104 0097 0087 0082 0078 0085 0151
0175 0203 0228 0249 0271 0285 0287 0291 0282 0269 0217 0186 0298 1534 0074 0633.
0185 0176 0163 0149 0144 0136 0133 0123 0118 0116 0127 0158
0185 0192 0201 0216 0200 0175 0163 0166 0162 0155 0156 0151 0217 1154 0115 0538.
0150 0148 0146 0145 0145 0141 0140 0130 0122 0121 0126 0140
0156 0178 0193 0206 0213 0221 0235 0244 0246 0240 0203 0179 0248 1546 0119 0529.
0177 0168 0144 0138 0130 0127 0123 0126 0122 0118 0126 0143
0162 0180 0203 0207 0203 0219 0218 0210 0200 0185 0167 0152 0223 1419 0116 0611.
0148 0136 0135 0136 0133 0133 0133 0127 0120 0108 0100 0099
0100 0114 0114 0124 0136 0147 0152 0149 0158 0160 0145 0137 0162 1749 0097 0728.
0135 0134 0129 0123 0112 0087 0068 0061 0055 0046 0064 0132
0162 0182 0201 0222 0239 0252 0250 0251 0251 0235 0202 0175 0258 1451 0045 0604.
0135 0118 0111 0108 0103 0090 0081 0082 0076 0073 0089 0125
0149 0164 0183 0203 0215 0221 0232 0241 0238 0228 0186 0150 0248 1613 0073 0554.
0137 0119 0106 0094 0090 0086 0112 0121 0111 0112 0105 0127
0144 0162 0172 0198 0217 0244 0270 0282 0273 0258 0214 0170 0283 1603 0083 0145.
0150 0132 0128 0128 0126 0117 0111 0108 0110 0155 0152 0164
0175 0187 0202 0205 0214 0217 0209 0203 0204 0192 0172 0160 0219 1406 0107 0344.
0153 0147 0143 0139 0133 0126 0122 0119 0117 0116 0117 0135
0158 0181 0193 0204 0208 0213 0216 0216 0214 0208 0194 0182 0219 1524 0115 0529.
0170 0165 0160 0157 0150 0139 0138 0138 0137 0134 0138 0157
0169 0190 0200 0222 0238 0248 0251 0243 0248 0235 0205 0188 0258 1513 0134 0223.
0166 0159 0150 0147 0145 0134 0128 0125 0120 0112 0122 0146
0179 0200 0223 0239 0251 0262 0270 0266 0258 0246 0229 0214 0275 1431 0110 0606.
0204 0201 0199 0193 0184 0175 0167 0156 0152 0151 0157 0172
0186 0198 0210 0219 0225 0222 0215 0217 0208 0194 0182 0175 0229 1315 0148 0531.
0170 0166 0164 0159 0150 0145 0144 0141 0141 0135 0141 0149
0157 0177 0197 0201 0204 0213 0212 0213 0210 0197 0182 0174 0217 1419 0133 0613.
0171 0164 0157 0146 0143 0140 0148 0152 0153 0152 0155 0163
0189 0208 0227 0233 0246 0258 0262 0258 0248 0232 0213 0200 0263 1452 0000 0831.
0198 0193 0176 0175 0163 0153 0147 0140 0134 0136 0159 0173
0194 0235 0253 0264 0274 0275 0270 0270 0267 0252 0246 0247 0278 1334 0000 0831.
0237 0231 0224 0216 0214 0208 0203 0199 0198 0198 0198 0200
0200 0182 0180 0190 0199 0200 0195 0177 0172 0168 0161 0157 0247 2007 0157 2000.
0153 0143 0134 0126 0120 0113 0115 0112 0138 0096 0108 0151
0184 0202 0206 0217 0219 0232 0237 0239 0233 0221 0193 0153 0243 1544 0094 0629.
0120 0111 0100 0089 0086 0078 0072 0069 0063 0064 0092 0123
0159 0179 0201 0226 0240 0257 0267 0287 0268 0250 0219 0180 0287 1600 0061 0532.
0165 0154 0147 0142 0152 0136 0132 0129 0132 0123 0139 0183
0215 0242 0263 0282 0301 0311 0309 0314 0303 0283 0244 0212 0316 1420 0121 0613.
0198 0193 0186 0170 0153 0146 0144 0140 0138 0132 0156 0199
0221 0234 0234 0240 0242 0240 0238 0235 0227 0219 0208 0191 0246 1234 0132 0559.
0180 0179 0156 0150 0145 0140 0151 0148 0147 0134 0136 0162
0188 0198 0220 0232 0236 0243 0247 0249 0242 0229 0213 0194 0251 1447 0133 0555.
0191 0174 0184 0172 0163 0159 0148 0146 0141 0140 0153 0169
0180 0195 0206 0207 0206 0203 0204 0209 0215 0208 0205 0196 0216 1709 0137 0543=
I=
E=
U=
N=
H=
C=
V=
R6
0000 0000 0000
0000 0000 0000
0000 0000 0000
0000 0000 0000
0000 0000 0000
0000 0000 0000
0000 0000 0000
0000 0000 0000
0000 0011 0011
0001 0000 0001
0000 0000 0000
0066 0002 0068
0000 0000 0000
0000 0000 0000
0000 0000 0000
0000 0000 0000
0000 0000 0000
0000 0000 0000
0000 0000 0000
0000 0000 0000
0003 0000 0003
0000 0000 0000
0000 0000 0000
0026 0069 0095
0001 0000 0001
0000 0000 0000
0000 0000 0000
0000 0000 0000
0000 0000 0000
0000 0000 0000=
0000 0000 0000 0000 0000 0000 0000 0000 0000 0000 0000 0000
0000 0000 0000 0000 0000 0000 0000 0000 0000 0000 0000 0000.
0000 0000 0000 0000 0000 0000 0000 0000 0000 0000 0000 0000
0000 0000 0000 0000 0000 0000 0000 0000 0000 0000 0000 0000.
0000 0000 0000 0000 0000 0000 0000 0000 0000 0000 0000 0000
0000 0000 0000 0000 0000 0000 0000 0000 0000 0000 0000 0000.
0000 0000 0000 0000 0000 0000 0000 0000 0000 0000 0000 0000
0000 0000 0000 0000 0000 0000 0000 0000 0000 0000 0000 0000.
0000 0000 0000 0000 0000 0000 0000 0000 0000 0000 0000 0000
0000 0000 0000 0000 0000 0000 0000 0000 0000 0000 0000 0000.
0000 0000 0000 0000 0000 0000 0000 0000 0000 0000 0000 0000
0000 0000 0000 0000 0000 0000 0000 0000 0000 0000 0000 0000.
0000 0000 0000 0000 0000 0000 0000 0000 0000 0000 0000 0000
0000 0000 0000 0000 0000 0000 0000 0000 0000 0000 0000 0000.
0000 0000 0000 0000 0000 0000 0000 0000 0000 0000 0000 0000
0000 0000 0000 0000 0000 0000 0000 0000 0000 0000 0000 0000.
0000 0000 0000 0000 0000 0000 0000 0000 0000 0000 0000 0000
0000 0000 0000 0000 0000 0001 0007 0001 0000 0001 0000 0001.
0000 0000 0000 0000 0000 0000 0000 0000 0001 0000 0000 0000
0000 0000 0000 0000 0000 0000 0000 0000 0000 0000 0000 0000.
0000 0000 0000 0000 0000 0000 0000 0000 0000 0000 0000 0000
0000 0000 0000 0000 0000 0000 0000 0000 0000 0000 0000 0000.
0000 0000 0000 0000 0000 0000 0000 0028 0011 0004 0013 0010
0002 0000 0000 0000 0000 0000 0000 0000 0000 0000 0000 0000.
0000 0000 0000 0000 0000 0000 0000 0000 0000 0000 0000 0000
0000 0000 0000 0000 0000 0000 0000 0000 0000 0000 0000 0000.
0000 0000 0000 0000 0000 0000 0000 0000 0000 0000 0000 0000
0000 0000 0000 0000 0000 0000 0000 0000 0000 0000 0000 0000.
0000 0000 0000 0000 0000 0000 0000 0000 0000 0000 0000 0000
0000 0000 0000 0000 0000 0000 0000 0000 0000 0000 0000 0000.
0000 0000 0000 0000 0000 0000 0000 0000 0000 0000 0000 0000
0000 0000 0000 0000 0000 0000 0000 0000 0000 0000 0000 0000.
0000 0000 0000 0000 0000 0000 0000 0000 0000 0000 0000 0000
0000 0000 0000 0000 0000 0000 0000 0000 0000 0000 0000 0000.
0000 0000 0000 0000 0000 0000 0000 0000 0000 0000 0000 0000
0000 0000 0000 0000 0000 0000 0000 0000 0000 0000 0000 0000.
0000 0000 0000 0000 0000 0000 0000 0000 0000 0000 0000 0000
0000 0000 0000 0000 0000 0000 0000 0000 0000 0000 0000 0000.
0000 0000 0000 0000 0000 0000 0000 0000 0000 0000 0000 0000
0000 0000 0000 0000 0000 0000 0000 0000 0000 0000 0000 0000.
0000 0000 0000 0002 0000 0001 0000 0000 0000 0000 0000 0000
0000 0000 0000 0000 0000 0000 0000 0000 0000 0000 0000 0000.
0000 0000 0000 0000 0000 0000 0000 0000 0000 0000 0000 0000
0000 0000 0000 0000 0000 0000 0000 0000 0000 0000 0000 0000.
0000 0000 0000 0000 0000 0000 0000 0000 0000 0000 0000 0000
0000 0000 0000 0000 0000 0000 0000 0000 0000 0000 0000 0000.
0000 0000 0000 0000 0000 0005 0002 0000 0000 0000 0004 0015
0001 0031 0029 0000 0000 0001 0000 0000 0003 0004 0000 0000.
0000 0000 0000 0000 0000 0000 0001 0000 0000 0000 0000 0000
0000 0000 0000 0000 0000 0000 0000 0000 0000 0000 0000 0000.
0000 0000 0000 0000 0000 0000 0000 0000 0000 0000 0000 0000
0000 0000 0000 0000 0000 0000 0000 0000 0000 0000 0000 0000.
0000 0000 0000 0000 0000 0000 0000 0000 0000 0000 0000 0000
0000 0000 0000 0000 0000 0000 0000 0000 0000 0000 0000 0000.
0000 0000 0000 0000 0000 0000 0000 0000 0000 0000 0000 0000
0000 0000 0000 0000 0000 0000 0000 0000 0000 0000 0000 0000.
0000 0000 0000 0000 0000 0000 0000 0000 0000 0000 0000 0000
0000 0000 0000 0000 0000 0000 0000 0000 0000 0000 0000 0000.
0000 0000 0000 0000 0000 0000 0000 0000 0000 0000 0000 0000
0000 0000 0000 0000 0000 0000 0000 0000 0000 0000 0000 0000=
0000 ////////// 00000=
W=
L=
Z=
G=
FN
005010 002011 355016 314013 005011 348014
PPC000 PPC000 323004 036009 173004 188006
000006 254010 079019 089027 044025 074035
040034 032038 035024 043038 019030 044019.
019014 011018 041017 053020 360008 344010
027004 010017 011006 349020 024024 001015
041017 025025 004027 336008 229011 166016
098015 049018 023039 357027 145016 327010.
341018 005015 305012 271013 341022 335007
071021 254006 083009 345006 006006 089003
084016 197012 193018 236012 342020 349030
340039 270037 295037 216007 051007 328011.
105010 270012 354011 014014 011009 012010
276010 244009 252011 246008 307007 228005
230023 201011 191019 185014 130011 217015
226059 228041 307032 301025 285019 276019.
307014 193010 196011 229018 209011 057009
097012 087006 226006 043012 299008 280007
253005 038016 211013 143014 197020 190027
125023 231028 278029 342010 291011 294012.
267009 260018 238019 297014 256014 094009
207007 022007 190013 043007 104003 041011
200013 168016 185022 173022 234011 196020
148024 136020 191025 061009 010008 322012.
293011 278010 257004 308005 327015 030005
323012 311012 PPC000 016008 005006 117003
218015 215020 256024 230025 190024 212029
189025 131015 152018 123012 118015 106010.
348009 333011 024008 PPC000 335008 040014
PPC000 306003 PPC000 352004 140006 036006
197012 205018 206024 195018 117012 132015
056013 090011 128007 058005 194015 067013.
067012 080010 041006 012009 004010 360014
352007 059006 036008 328007 083005 001010
341010 303009 129008 187042 188042 193026
193013 015011 005008 029016 033024 009012.
014011 344009 019014 351012 015008 PPC000
356007 317010 PPC000 206009 PPC000 166010
259009 253017 243019 313024 336030 316033
271022 291020 261037 273014 242013 004012.
296014 065008 PPC001 231017 022015 041008
224022 001010 030003 043011 343010 008017
029011 049018 122018 130041 073030 113042
091026 091022 065027 068029 011013 015013.
054014 022019 035026 027021 043014 051012
275011 024011 252023 288034 259045 272050
262027 257040 271029 254038 274036 269038
275034 271037 267026 265033 270032 260030.
274027 277036 275028 282019 265019 270011
234012 246013 245011 089009 PPC000 269022
269032 248032 254035 222030 219020 193023
252020 217016 208024 219022 220015 309008.
037006 PPC000 013007 088006 010010 081014
312012 PPC001 190008 PPC002 PPC002 181007
191012 206014 169018 180014 167014 169012
203015 196018 200029 209015 199010 085010.
342009 358012 000012 045004 234005 309012
277014 255012 253015 293008 273009 225018
230011 266009 139014 172018 253007 171018
190022 227020 194019 195011 222014 198008.
PPC002 346009 294011 274009 012014 327005
164012 359017 336011 047029 034009 070023
073040 083034 066030 038036 037037 068018
048038 068025 029015 045020 328005 017016.
347010 002012 359012 019014 347011 348009
344014 349006 036008 353013 143004 253007
061009 122007 131009 198013 206008 187014
099006 222006 096009 035006 356007 083012.
125005 111007 007008 331006 332008 023006
354010 129008 PPC001 PPC000 053003 115006
PPC001 160015 223015 195018 180012 042009
152015 152007 150011 174012 194012 089011.
PPC000 027010 026009 354007 357009 263007
346009 263012 297007 095006 014003 255009
212013 217020 204017 168013 168014 242012
035012 085014 033017 068009 075020 067025.
318005 005010 338016 135010 008040 352018
038010 290006 122008 329009 318012 317014
194012 223015 180017 232008 174015 121017
131018 082024 049017 055021 046031 039019.
070015 000010 027008 050011 346014 021008
315009 307010 171008 086004 029007 094010
115013 097007 116014 022016 032022 002017
033021 083023 037017 036019 060010 044010.
044008 031011 333007 055009 PPC000 012008
029008 341011 030009 080004 091006 319010
109012 187014 095012 175017 053009 114014
030019 066027 043021 028012 015015 006012.
042019 314006 194010 002010 048008 294006
047009 031007 030008 226005 038006 217006
358011 136011 026023 008022 038027 034017
043022 191033 173020 101020 101023 088013.
153012 186018 151012 PPC001 015007 016010
011011 013013 045016 046007 342008 290012
296010 264036 254025 299020 294027 318052
294048 294009 306015 PPC002 229011 PPC000.
043006 018006 050007 001005 323003 PPC001
332024 193010 295013 PPC000 270009 196020
276038 296032 304049 304066 296069 302058
289073 300050 287058 273025 251016 346007.
033011 PPC002 009009 PPC002 006008 342006
027007 313009 188007 080007 PPC001 316011
260014 186013 314011 189020 190016 222013
130013 253008 213028 193017 007011 247008.
348005 352008 PPC002 328011 288014 295010
014009 294013 263014 045005 336005 192008
220017 233034 219030 238023 200019 191017
113018 143013 147014 190017 PPC000 082007.
042012 006009 075010 003007 015003 307011
339012 006008 358011 PPC001 347008 343019
028025 045030 041032 028022 051031 032033
029041 055042 044029 056027 043029 025015.
029019 020023 357023 001014 339010 346009
002016 062010 358008 355014 042007 056007
125016 269012 337013 302005 058024 071017
066025 017020 044024 041028 006008 023011.
039017 337010 063008 006011 005024 338011
343013 346014 354012 067013 025008 009013
033019 042021 044015 022011 043027 041017
041021 076034 081038 064033 060035 058022=
026010 018012 326017 315014 357013 347014
PPC001 PPC001 322005 049009 122003 186007
037009 218012 073017 085029 042029 068026
041032 039033 033029 032034 022029 044023.
042013 015017 039018 062021 331007 003009
022006 020016 022009 321017 019023 297012
033017 022026 072025 321010 211012 149016
105013 040017 021047 065020 153018 284007.
317015 349016 302012 267013 304022 320008
061017 288004 076010 336005 011003 095005
109014 187014 192017 241016 291026 302032
302034 277039 288032 211009 041007 326009.
105010 268013 281011 017014 016007 007010
286011 248010 254011 242009 282007 256004
230022 201013 194017 175015 135012 221021
214047 226036 291032 286026 284021 278021.
308015 196009 190012 231020 214010 074010
100011 083008 226008 030011 324007 332005
222007 066012 192012 124015 175020 190027
141019 235030 271030 322012 296011 283012.
268011 260020 241019 291015 265015 096010
206007 021007 191012 046008 101006 110010
189012 161016 187021 169021 213016 191024
155027 146023 180021 070010 002009 298013.
296011 262011 306005 287007 326015 040005
323012 320012 PPC001 023008 010007 PPC002
222019 225020 258021 226024 199024 211025
188026 132016 150020 118014 128014 122009.
004009 351008 037008 PPC002 333008 028010
PPC002 328004 PPC002 PPC002 124006 058005
203013 207019 208025 192018 137013 141015
074013 133012 084009 043006 193018 068013.
072012 064012 078005 021009 326011 320013
314008 041007 034008 340007 062006 301010
355008 296009 120007 190039 188050 197031
193015 329009 045010 033016 034023 021010.
319011 359009 017013 348009 349008 025003
325007 315009 PPC002 211009 PPC000 177011
251010 285015 244019 303022 292027 299026
273022 291024 261030 275016 239014 005012.
297014 047009 160003 220018 018014 028009
221020 333010 026004 049011 311009 356015
036011 050020 108019 116036 075032 111040
096023 093025 071034 060030 025016 025016.
054018 035020 035023 051020 044015 041012
254011 014010 252022 281033 260040 275046
265035 258039 266033 257036 266035 269036
273037 266036 263031 264030 262031 256029.
271025 278037 272025 281018 279017 264012
241013 247012 245010 085008 011003 269019
273033 258029 262036 245027 220022 199021
241026 210019 213024 220021 222014 258010.
051006 PPC001 021007 104008 011010 090012
318010 273004 202009 013004 PPC002 175007
203013 217012 164017 163013 174014 177013
199013 193016 197029 211015 201010 093011.
335009 309012 325012 027005 292005 307013
278014 256016 246016 292010 276010 225018
217012 269009 138014 179015 222008 167017
191022 221022 199018 193013 221014 221009.
334004 337008 299011 289009 016014 332007
169011 357013 307008 047025 048012 068021
069036 084027 071031 048036 044035 061025
060035 068024 036017 018019 242006 018017.
359012 251010 011013 014015 016010 341009
283013 309008 042008 330013 126004 234007
090009 101007 112012 189014 130008 183013
086007 258007 092009 052007 310008 081013.
139006 131008 339008 329007 340007 026007
358011 140008 PPC002 PPC001 031004 122006
PPC002 165014 209016 198021 183014 099013
150016 146007 150011 170010 191012 085010.
PPC000 031010 343011 311007 317009 249008
311009 259012 299008 086006 021004 247009
227015 216021 199015 176012 183012 223010
064013 087013 039017 073011 069018 069027.
301005 357010 327013 095011 009038 009018
063011 265006 131009 310010 293012 314014
207012 213015 193017 210011 172016 123017
129016 082024 055018 051020 045026 035017.
054016 005012 053010 052011 359011 025008
315007 309011 176006 095006 026008 089010
111013 117007 123014 024017 022020 018016
042020 065020 036019 043020 062011 055010.
028009 027010 297006 049009 PPC002 030009
049005 312011 036009 074004 088006 330008
078012 179014 134011 137014 150011 100014
037017 067026 041020 041013 033013 010011.
048017 312008 127012 296010 035010 277006
040007 052005 025007 215003 036003 213007
353010 147012 037022 360022 059025 036017
043018 191030 164018 100021 100023 086017.
174012 186023 160014 058004 030008 017009
012011 033014 047015 050009 346009 302013
299010 262031 249026 288022 295029 306043
294042 289011 314014 324004 227009 PPC001.
050006 031006 047007 320005 297003 PPC001
250022 195010 295015 PPC001 263010 201020
279037 293036 302055 303059 295064 299067
297070 304058 288057 274025 251016 237009.
079011 051004 354009 PPC002 339007 318007
032008 334008 199006 083007 PPC001 305012
243011 190013 266015 196018 192015 220011
131010 246010 212026 200017 034011 310007.
336004 339008 PPC002 298011 292014 297010
008010 301012 263014 051005 292006 196009
210011 239028 223028 230025 200020 189020
105019 152014 147015 189018 PPC002 089008.
046011 013009 071007 002008 022005 319010
332013 000007 275011 087003 298009 291016
356020 050029 038034 038026 045033 029038
042034 051033 048025 052031 052031 042014.
033022 031022 353021 349015 311009 339009
001016 036011 031008 357014 004007 066008
126016 249013 319012 099010 054026 058018
050023 063020 039020 036020 022010 028011.
056014 328009 065011 316012 027017 311012
280012 296012 003012 060012 358010 344012
035018 044022 030018 079017 038030 047019
040021 071033 075038 062032 066031 058021=
042067 1524 072037 1819
074056 1819 146069 1818
045285 1556 077280 1555
047214 1500 085226 1500
040229 1549 071227 1607
035186 1521 054221 1525
034219 1351 057210 1350
026209 1059 040205 1852
066191 1317 103188 1316
045264 1626 073263 1625
044062 1822 084067 1229
058281 1435 106294 1442
044283 2214 085260 2213
030196 1707 047193 1707
028219 1535 044221 1535
048068 1515 093041 1232
021359 2038 037359 2034
025215 1145 039241 1144
030063 1951 054077 1956
050308 0052 099302 0043
028068 1342 059003 1421
026067 1600 045047 1713
033074 1243 066141 1531
054299 1517 098314 1429
090297 1347 155295 1356
032183 1732 061196 1731
037239 0951 067255 0948
044053 1126 087035 1319
035068 1217 064032 2102
038075 1700 074075 1726=
D=
K=
A=
S=
B=
??????
******
YF
O2224
河南省
豫洛阳白马寺
洛阳市白马寺镇神州牡丹园内
平原；乡镇；地面
空缺
计算机
计算机
计算机
计算机
计算机
20120511=
JY
8888=
GK
01/
05/=
BZ
BB/07/日最高气温用14时00分数据代替。
BB/22/日最低气温用08时31分数据代替。
BB/23/日最低气温用08时31分数据代替。
00/344309/1123602
10/24/逐时观测
10/24/24时连续观测
11/不守班=
######
