O2222 3419N 11224E 002790 002790 105 000 S15 91999999919999199999 0 2011 10
P=
TB
0177 0172 0164 0164 0155 0152 0150 0143 0143 0145 0148 0159
0177 0191 0204 0188 0181 0204 0193 0186 0187 0177 0168 0164 0205 1059 0141 0522.
0165 0159 0159 0156 0159 0154 0149 0146 0146 0145 0145 0147
0149 0173 0179 0186 0181 0199 0188 0189 0179 0164 0149 0135 0199 1400 0135 1951.
0130 0126 0129 0123 0109 0109 0095 0095 0083 0088 0091 0108
0142 0178 0193 0195 0201 0204 0197 0190 0182 0171 0162 0151 0211 1410 0082 0455.
0146 0147 0144 0137 0135 0130 0134 0132 0129 0130 0134 0140
0152 0160 0168 0185 0200 0197 0206 0189 0178 0171 0163 0160 0211 1504 0127 0525.
0159 0153 0142 0142 0127 0124 0117 0121 0110 0116 0121 0143
0163 0191 0217 0235 0245 0251 0258 0258 0249 0219 0183 0152 0264 1530 0108 0455.
0151 0141 0120 0139 0131 0125 0115 0089 0084 0080 0080 0130
0172 0207 0228 0253 0276 0288 0289 0284 0249 0220 0186 0183 0293 1413 0074 0630.
0173 0169 0169 0149 0138 0132 0124 0117 0117 0113 0115 0147
0171 0197 0229 0239 0263 0267 0264 0264 0243 0217 0205 0187 0275 1329 0109 0545.
0187 0188 0180 0158 0159 0139 0146 0131 0125 0124 0129 0154
0185 0208 0230 0245 0255 0263 0259 0251 0238 0225 0213 0208 0267 1338 0120 0622.
0204 0189 0187 0171 0166 0168 0171 0169 0172 0167 0167 0181
0195 0210 0241 0246 0259 0271 0259 0259 0236 0216 0206 0200 0274 1312 0165 0052.
0198 0194 0187 0183 0182 0174 0171 0169 0166 0165 0166 0163
0167 0173 0173 0176 0170 0170 0177 0177 0169 0161 0158 0158 0200 2001 0157 1906.
0157 0155 0152 0151 0150 0149 0147 0148 0149 0150 0148 0149
0156 0164 0178 0180 0180 0175 0171 0170 0168 0162 0158 0157 0183 1236 0146 0303.
0155 0152 0151 0149 0147 0146 0147 0145 0146 0144 0146 0146
0149 0154 0156 0156 0161 0170 0170 0170 0168 0161 0151 0147 0173 1545 0143 0614.
0148 0145 0143 0143 0142 0143 0141 0165 0166 0163 0159 0167
0177 0192 0199 0214 0229 0232 0224 0222 0215 0190 0167 0148 0237 1340 0139 0313.
0129 0132 0142 0118 0119 0113 0113 0112 0102 0101 0101 0133
0162 0192 0215 0223 0231 0235 0226 0216 0212 0191 0170 0170 0236 1305 0097 0653.
0142 0122 0144 0149 0145 0137 0128 0125 0131 0134 0139 0148
0171 0184 0193 0201 0207 0214 0217 0216 0201 0167 0156 0161 0220 1440 0118 0309.
0146 0151 0134 0100 0122 0112 0137 0118 0129 0127 0124 0146
0181 0212 0232 0238 0249 0255 0256 0252 0239 0198 0175 0168 0261 1434 0097 0014.
0162 0166 0155 0140 0129 0104 0103 0096 0091 0090 0097 0129
0163 0195 0218 0240 0245 0259 0275 0270 0240 0199 0161 0169 0284 1441 0075 0612.
0163 0142 0139 0145 0099 0105 0083 0077 0079 0081 0074 0111
0145 0177 0218 0228 0247 0248 0248 0239 0222 0202 0192 0183 0254 1331 0069 0627.
0168 0160 0161 0152 0159 0160 0159 0144 0150 0141 0121 0148
0171 0187 0211 0218 0220 0218 0215 0208 0198 0185 0178 0169 0228 1315 0121 0700.
0169 0166 0163 0154 0156 0160 0153 0153 0149 0147 0146 0150
0150 0162 0175 0203 0215 0230 0231 0220 0200 0174 0160 0151 0245 1412 0142 0624.
0139 0136 0124 0109 0108 0105 0086 0089 0090 0087 0086 0104
0133 0155 0186 0212 0227 0228 0224 0217 0201 0176 0160 0144 0238 1416 0081 0706.
0139 0133 0136 0122 0117 0111 0105 0095 0099 0098 0109 0113
0139 0154 0151 0153 0150 0141 0138 0137 0135 0131 0127 0121 0157 1008 0089 0412.
0125 0124 0123 0123 0123 0126 0125 0126 0126 0126 0127 0128
0130 0134 0134 0135 0141 0151 0155 0156 0157 0152 0148 0149 0158 1526 0121 2001.
0152 0140 0136 0138 0137 0135 0124 0107 0098 0093 0086 0072
0074 0080 0093 0102 0103 0104 0112 0108 0104 0094 0091 0087 0154 2102 0072 0756.
0072 0065 0060 0056 0050 0060 0048 0042 0039 0039 0035 0056
0088 0117 0120 0127 0130 0131 0134 0125 0116 0106 0102 0096 0142 1422 0029 0631.
0093 0092 0093 0074 0078 0078 0082 0079 0073 0072 0074 0082
0091 0100 0106 0123 0124 0128 0121 0122 0118 0106 0100 0099 0136 1336 0072 0516.
0097 0092 0092 0079 0082 0067 0064 0067 0079 0085 0079 0090
0122 0141 0155 0164 0167 0169 0168 0170 0148 0130 0115 0109 0177 1334 0059 0323.
0108 0107 0094 0093 0095 0088 0087 0087 0072 0073 0069 0079
0109 0137 0167 0181 0183 0201 0197 0187 0167 0137 0130 0123 0207 1413 0066 0628.
0112 0099 0097 0084 0078 0078 0065 0060 0055 0061 0056 0061
0086 0089 0100 0130 0155 0164 0165 0157 0145 0131 0122 0115 0169 1439 0049 0644.
0115 0114 0111 0110 0113 0111 0113 0112 0111 0111 0111 0112
0117 0121 0127 0129 0135 0143 0152 0157 0146 0137 0130 0125 0161 1532 0109 2321.
0120 0121 0117 0114 0117 0118 0115 0113 0117 0116 0114 0119
0130 0154 0180 0183 0184 0194 0185 0177 0166 0157 0153 0147 0195 1323 0107 0317=
I=
E=
U=
N=
H=
C=
V=
R6
0000 0000 0000
0000 0000 0000
0000 0000 0000
0000 0000 0000
0000 0000 0000
0000 0000 0000
0000 0000 0000
0000 0000 0000
0004 0000 0004
0000 0005 0005
0020 0050 0070
0110 0000 0110
0000 0001 0001
0000 0000 0000
0000 0000 0000
0000 0000 0000
0000 0000 0000
0000 0000 0000
0000 0000 0000
0000 0000 0000
0000 0000 0000
0000 0097 0097
0081 0081 0162
0034 0000 0034
0000 0000 0000
0000 0000 0000
0000 0000 0000
0000 0000 0000
0000 0000 0000
0000 0000 0000
0000 0000 0000=
0000 0000 0000 0000 0000 0000 0000 0000 0000 0000 0000 0000
0000 0000 0000 0000 0000 0000 0000 0000 0000 0000 0000 0000.
0000 0000 0000 0000 0000 0000 0000 0000 0000 0000 0000 0000
0000 0000 0000 0000 0000 0000 0000 0000 0000 0000 0000 0000.
0000 0000 0000 0000 0000 0000 0000 0000 0000 0000 0000 0000
0000 0000 0000 0000 0000 0000 0000 0000 0000 0000 0000 0000.
0000 0000 0000 0000 0000 0000 0000 0000 0000 0000 0000 0000
0000 0000 0000 0000 0000 0000 0000 0000 0000 0000 0000 0000.
0000 0000 0000 0000 0000 0000 0000 0000 0000 0000 0000 0000
0000 0000 0000 0000 0000 0000 0000 0000 0000 0000 0000 0000.
0000 0000 0000 0000 0000 0000 0000 0000 0000 0000 0000 0000
0000 0000 0000 0000 0000 0000 0000 0000 0000 0000 0000 0000.
0000 0000 0000 0000 0000 0000 0000 0000 0000 0000 0000 0000
0000 0000 0000 0000 0000 0000 0000 0000 0000 0000 0000 0000.
0000 0000 0000 0000 0000 0000 0000 0000 0000 0000 0000 0000
0000 0000 0000 0000 0000 0000 0000 0000 0000 0000 0000 0000.
0000 0000 0000 0000 0000 0000 0000 0000 0000 0003 0001 0000
0000 0000 0000 0000 0000 0000 0000 0000 0000 0000 0000 0000.
0000 0000 0000 0000 0000 0000 0000 0000 0000 0000 0000 0000
0000 0000 0000 0000 0000 0000 0000 0000 0001 0003 0000 0001.
0000 0001 0015 0003 0000 0001 0000 0000 0000 0000 0000 0000
0000 0000 0000 0000 0000 0005 0003 0001 0000 0010 0019 0012.
0018 0016 0020 0037 0003 0001 0012 0002 0000 0001 0000 0000
0000 0000 0000 0000 0000 0000 0000 0000 0000 0000 0000 0000.
0000 0000 0000 0000 0000 0000 0000 0000 0000 0000 0000 0000
0000 0001 0000 0000 0000 0000 0000 0000 0000 0000 0000 0000.
0000 0000 0000 0000 0000 0000 0000 0000 0000 0000 0000 0000
0000 0000 0000 0000 0000 0000 0000 0000 0000 0000 0000 0000.
0000 0000 0000 0000 0000 0000 0000 0000 0000 0000 0000 0000
0000 0000 0000 0000 0000 0000 0000 0000 0000 0000 0000 0000.
0000 0000 0000 0000 0000 0000 0000 0000 0000 0000 0000 0000
0000 0000 0000 0000 0000 0000 0000 0000 0000 0000 0000 0000.
0000 0000 0000 0000 0000 0000 0000 0000 0000 0000 0000 0000
0000 0000 0000 0000 0000 0000 0000 0000 0000 0000 0000 0000.
0000 0000 0000 0000 0000 0000 0000 0000 0000 0000 0000 0000
0000 0000 0000 0000 0000 0000 0000 0000 0000 0000 0000 0000.
0000 0000 0000 0000 0000 0000 0000 0000 0000 0000 0000 0000
0000 0000 0000 0000 0000 0000 0000 0000 0000 0000 0000 0000.
0000 0000 0000 0000 0000 0000 0000 0000 0000 0000 0000 0000
0000 0000 0000 0000 0000 0000 0000 0000 0000 0000 0000 0000.
0000 0000 0000 0000 0000 0000 0000 0000 0000 0000 0000 0000
0000 0000 0000 0000 0000 0000 0000 0000 0000 0000 0000 0000.
0000 0000 0000 0000 0000 0000 0000 0000 0000 0000 0000 0000
0000 0000 0000 0000 0000 0013 0011 0014 0014 0011 0009 0025.
0010 0004 0001 0000 0000 0000 0000 0005 0013 0012 0011 0025
0032 0016 0016 0006 0007 0003 0001 0000 0000 0000 0000 0000.
0000 0000 0000 0000 0000 0000 0021 0006 0000 0001 0001 0005
0000 0000 0000 0000 0000 0000 0000 0000 0000 0000 0000 0000.
0000 0000 0000 0000 0000 0000 0000 0000 0000 0000 0000 0000
0000 0000 0000 0000 0000 0000 0000 0000 0000 0000 0000 0000.
0000 0000 0000 0000 0000 0000 0000 0000 0000 0000 0000 0000
0000 0000 0000 0000 0000 0000 0000 0000 0000 0000 0000 0000.
0000 0000 0000 0000 0000 0000 0000 0000 0000 0000 0000 0000
0000 0000 0000 0000 0000 0000 0000 0000 0000 0000 0000 0000.
0000 0000 0000 0000 0000 0000 0000 0000 0000 0000 0000 0000
0000 0000 0000 0000 0000 0000 0000 0000 0000 0000 0000 0000.
0000 0000 0000 0000 0000 0000 0000 0000 0000 0000 0000 0000
0000 0000 0000 0000 0000 0000 0000 0000 0000 0000 0000 0000.
0000 0000 0000 0000 0000 0000 0000 0000 0000 0000 0000 0000
0000 0000 0000 0000 0000 0000 0000 0000 0000 0000 0000 0000.
0000 0000 0000 0000 0000 0000 0000 0000 0000 0000 0000 0000
0000 0000 0000 0000 0000 0000 0000 0000 0000 0000 0000 0000=
0000 ////////// 00000=
W=
L=
Z=
G=
FN
099046 102023 139026 114040 039022 101031
079015 163017 326014 259014 204014 105007
021015 023018 014040 023035 021028 007022
332018 013025 190014 122025 135019 090026.
113020 031009 021009 050015 029023 021008
336018 333013 345016 018009 357021 031009
066010 029009 337009 344013 107003 056017
025019 033020 011014 016013 104011 150016.
120029 139014 123012 125010 155006 323013
132008 251012 224021 251016 245011 216016
232008 359014 176010 104037 079044 076038
101049 082031 107032 118030 121029 105022.
097019 095019 093016 146019 234018 204014
244016 055007 129005 227016 301016 193012
045006 204016 137011 063008 016011 151009
060025 074018 107027 136021 138027 123029.
123025 151019 184016 210013 166018 238013
206005 229029 249033 242025 268029 260028
253039 271032 294049 289064 294044 251053
291045 279034 286032 278028 259039 148014.
233032 206006 169015 238052 266018 240025
270006 162018 153013 161013 155012 236018
257033 266010 258026 050023 042016 017031
357021 029025 080014 067012 078017 113033.
131034 208020 172017 232025 247022 226011
144005 210014 005013 245028 231023 270022
281018 301014 006013 090015 072013 072020
079039 106044 105050 104048 123047 084022.
114043 127045 139032 218012 147026 233020
257009 219016 213017 170011 215006 175009
119021 106053 115057 116053 114066 110057
122076 109084 118077 123065 125057 123066.
128044 126042 011012 159025 126019 169020
202026 167018 312012 214016 194013 243016
003011 336013 020009 275012 065019 022018
049024 015019 019024 016032 021029 359014.
006016 352024 344018 340029 358023 039012
031012 041013 359025 020022 343016 110018
313028 018018 353016 337016 332022 021008
PPC001 299011 346004 355025 344022 011030.
035020 357016 082012 329015 008013 355008
184009 262012 255010 331008 045013 316008
024010 058009 035005 054011 137017 076022
030022 037022 340017 011025 021036 028023.
033020 129013 349013 033015 043009 019008
014007 026006 024006 084006 355012 320012
045008 331008 351013 277011 PPC000 013006
013010 267006 132013 096011 144015 131023.
129017 163022 164016 134020 133026 180010
183025 274050 273082 262054 280067 286083
295089 290038 298060 291071 306090 303090
290071 287053 288048 288049 275042 242018.
236022 255041 261041 242026 232018 259021
240037 256039 220031 232033 129012 038008
242027 296027 323044 312068 287065 299075
292055 304059 296071 283039 325027 308053.
322030 224031 297040 281059 283039 279051
257042 265052 270054 278061 278066 270027
290081 294061 280104 285086 278107 293112
287090 296086 268052 248040 261053 272049.
273048 280042 263029 172026 245050 242029
282058 240051 265063 261055 263043 274033
269033 252027 274078 289079 290073 263094
283085 284081 274063 261046 253050 255047.
257048 257055 255047 258046 060007 194016
233019 247025 254013 267022 248023 192018
253023 289030 253023 311027 338007 278015
321012 061015 089015 122015 157024 127044.
124043 178029 132020 290017 234014 229015
175010 234012 247010 228008 198012 092009
279015 283017 019021 353009 091078 095076
109079 104073 111069 120067 128070 126055.
121039 240020 194017 181018 134044 139054
119070 166026 130042 148037 223017 138028
122046 110057 106057 096065 086077 105053
093065 117060 113041 106031 115035 122018.
128024 077025 103036 127020 100021 111044
125037 121033 138022 119021 142025 125013
259013 189007 104006 041007 332005 059025
084031 065026 048018 076020 115031 123038.
127032 121026 135022 208022 238025 233012
174016 238024 232035 236028 228018 PPC002
271017 265014 043019 013019 051039 094029
079026 089045 123034 119032 125032 144018.
100027 103027 110030 113022 159016 267012
265017 245010 138008 223015 274016 176008
052005 064014 315007 311022 318016 040007
239017 342009 032016 034027 090041 096036.
114033 115030 091022 092015 PPC001 005009
268013 225014 263017 252021 266015 273029
311019 290018 307011 264008 342013 278036
296048 288045 296040 277043 274033 278031.
298027 233014 150012 053014 079009 350010
014057 095026 129038 107036 089017 150037
141034 158023 183014 359009 006017 PPC001
066014 072014 044009 020016 327013 302010.
068008 133008 206003 021007 198012 349011
211007 221013 128005 056009 234009 PPC002
033008 078021 091057 097054 092062 094050
113051 108042 120047 096025 119027 087029.
080032 111044 117030 039021 097034 098029
115036 117019 185012 238009 218007 242007
PPC002 233007 212011 008013 334017 317020
294010 295017 326032 316019 028011 239012.
258010 111006 261011 240013 280015 209018
242013 238031 266031 282019 256016 266022
337016 287016 331021 328038 321020 280019
245017 227006 177015 164017 150020 157019.
275015 256008 142014 169021 250011 229022
034010 249013 181009 075011 PPC000 229010
359004 260012 012016 010017 007015 047020
033031 026024 035023 092028 117051 111045.
114042 133022 116032 165020 199016 176020
240021 223015 239023 243010 143008 196007
355009 118037 112032 104045 082048 088069
102053 101062 100043 095055 101041 110053.
128057 124063 131064 120043 106036 118042
108038 118029 114031 112032 110018 126024
107029 107027 105043 106047 089055 082055
083053 058056 082043 087038 105069 113073.
108055 125054 120046 126028 119041 114035
137022 121035 093035 111037 111033 073017
093018 104030 148025 105038 097071 112067
097084 104066 111067 113065 116069 103061=
103045 092022 136027 115038 049021 097029
090018 152013 335015 242013 207014 122008
021014 012019 014037 008038 021029 001022
337018 008024 185013 123023 137019 092026.
118019 039011 019009 044014 031024 014010
336017 338015 341017 021010 358020 031011
059010 019011 339013 355017 068004 048018
027019 030021 011015 013012 111013 155017.
124029 142016 114013 117010 154007 335013
143010 242010 220019 245021 245010 208014
222010 009011 118011 101037 089039 085031
093048 083034 103034 118031 121029 104022.
095019 098018 091015 147018 232019 202014
249015 085006 138005 229015 309015 195014
005006 191014 130010 063011 023013 155010
065026 074021 104030 133025 139027 126027.
122026 150019 177017 211013 164019 239013
219010 231029 245030 242024 269029 260028
255042 271029 287045 290066 293053 259049
289046 272040 286035 278028 261038 160015.
231032 205008 161016 236050 266016 235027
266008 162020 153015 159013 166011 240020
260029 262013 257029 047021 043018 020027
012022 026024 061014 062011 076016 115032.
134032 194024 159018 232026 242022 232012
182005 216014 347011 241026 230022 272020
279018 295012 355014 093018 047013 079023
090039 107045 100052 102044 120047 090023.
115040 127045 136033 246013 160024 227018
261009 219017 212016 188011 197008 175009
126018 106049 106054 114055 113070 108070
116073 111082 120074 123068 126059 123064.
127038 129039 016011 171024 140016 174019
202026 175017 315013 218017 193015 235018
010011 343015 331008 260013 062020 021022
043026 020022 018024 017034 023029 354013.
008016 360023 346017 343028 357020 032012
033010 041015 002022 021023 343018 099017
313028 021019 354015 342016 335020 028011
346004 307011 PPC002 352023 342021 009029.
035022 358016 082013 326015 005012 002009
202009 264011 273009 331009 042014 321008
022010 062010 047008 073011 136015 079021
031021 036020 344018 014025 020035 031025.
033020 136016 347013 034013 038008 014007
015007 033007 022007 066006 352011 323013
036008 348008 351013 279011 PPC000 021008
012010 283007 141013 100009 142014 128023.
131016 162023 157015 135018 133027 162011
180026 273049 274079 265058 280068 287080
292090 288042 302064 293068 299083 302087
295079 291054 288054 287049 274040 261023.
228021 256041 261043 239026 238020 258022
243036 255034 221032 233033 125013 024007
245027 294027 315041 310067 290066 299070
296050 301055 299067 284039 322029 310050.
322036 221030 294037 282057 282040 280055
266044 264052 272055 279056 276066 267031
293080 293067 284107 286098 284107 288103
285096 296081 272055 254044 259052 272046.
273049 280043 257029 172025 242050 237029
279057 243055 266062 262059 265046 268031
266032 260030 272075 286086 284084 269087
284086 283079 279073 262047 254042 255046.
257049 256057 254047 258045 054008 193015
232020 244026 257012 263019 249026 195019
257021 284029 263026 324023 297009 253014
333011 046015 080015 120016 160025 126043.
124043 181028 131021 288016 215014 228015
178010 231013 241012 207010 195011 103008
278015 266017 016018 003011 097072 092077
108073 103067 111072 118068 128072 125056.
120039 186020 177019 180019 132049 134053
120071 159029 130048 143037 217020 139027
126045 112064 110064 107065 089070 099055
093061 116053 113044 103030 113034 132017.
127021 083026 101036 132021 105022 116043
128035 119033 137023 118022 142026 128015
249012 198008 118007 066011 355009 077022
079028 061027 046017 074020 112030 123037.
128030 118028 138020 206020 234023 235012
174016 237025 230033 236028 231019 260003
275017 274015 035016 022017 046035 074028
086032 089043 120037 119032 123032 143019.
101026 101026 109032 126019 160016 253013
262019 241011 066007 222014 260016 165009
013006 053012 317008 312021 310018 034008
246015 356010 031015 030025 089041 092033.
112031 116028 088023 092016 PPC001 008009
270013 229014 264017 255021 265014 270031
311020 293020 314012 270009 340014 279034
293047 289042 297041 277042 274032 279034.
288027 244014 154011 055013 074009 006009
005047 091024 131036 110038 090018 149037
147033 151022 186014 333009 352019 357005
056013 068014 038009 021015 328013 304011.
068005 107007 205005 019006 194011 348012
218007 217012 156004 049009 229009 252006
021008 081018 100055 108054 097060 094051
114054 113046 119046 097028 123022 085028.
082032 111046 118032 037020 097037 099029
114037 114019 190013 233008 221008 241007
135005 207006 203010 015010 322013 309017
288012 302017 321031 322020 033011 239011.
259010 111006 263010 236012 280015 214018
243014 238032 266032 280020 258014 263024
322015 289014 328022 327033 323016 283025
257016 245007 173015 165017 150019 155019.
242013 262008 146014 171020 235011 225024
318011 259014 187010 077010 208003 232011
001005 264013 003014 012016 014016 033018
025033 020024 036021 088027 122051 112043.
115039 131022 115033 165021 208020 177019
239018 217015 236022 255009 150009 195008
002009 118036 104031 115041 085054 094070
100058 098062 104048 094053 098042 107051.
124059 121069 131064 124046 111034 117040
110036 116029 113034 111032 106020 128026
106030 106029 106043 108049 091055 085051
087053 064055 084045 090046 106069 113072.
108057 126048 120049 130028 120039 116038
136023 121034 091032 108036 118030 075018
082023 095030 127027 068033 096068 111065
106075 105071 113066 114064 118068 102061=
060120 2004 090128 2034
028112 2014 043057 1418
049092 1502 072102 1319
033104 1658 052128 1727
076301 1155 103307 1154
055242 0007 066243 0004
058099 1628 083092 1649
088116 1605 131118 1354
068119 2127 091115 2127
033355 0008 047003 0008
038015 1829 055031 1859
030021 2011 048003 2011
102310 1222 148320 1218
096287 1706 146268 1706
120277 1222 186355 2012
097268 1421 145282 1155
060254 2156 079263 2220
086103 1515 126102 1543
080094 1044 107122 0957
052116 0237 069118 0237
046095 1602 060093 1509
053098 1916 071108 1914
060288 1546 086277 1546
053010 0302 075013 0300
063113 1108 088108 1333
053119 2220 073119 2219
038277 1335 055284 1334
051124 1859 065126 1856
077099 1608 105095 1632
080108 1905 114118 1950
084096 1516 115104 1516=
D=
K=
A=
S=
B=
??????
******
YF
O2222
河南省
豫汝阳仝沟
汝阳县蔡店乡仝沟村烟草科技示范园
丘陵；乡村；地面
空缺
计算机
计算机
计算机
计算机
计算机
20120208=
JY
8888=
GK
01/
05/=
BZ
00/341914/1122419
10/24/逐时观测
10/24/24时连续观测
11/不守班=
######
