O2222 3419N 11224E 002790 002790 105 000 S15 91999999919999199999 0 2011 11
P=
TB
0149 0143 0134 0128 0123 0127 0129 0138 0136 0134 0131 0136
0144 0148 0153 0155 0160 0161 0162 0151 0145 0142 0139 0137 0170 1316 0121 0029.
0137 0135 0134 0136 0132 0130 0130 0128 0128 0128 0130 0136
0141 0143 0160 0182 0175 0163 0158 0157 0155 0147 0144 0138 0186 1218 0127 0422.
0140 0140 0139 0137 0135 0135 0133 0121 0118 0117 0116 0116
0115 0116 0119 0121 0126 0141 0136 0131 0130 0128 0126 0124 0144 2110 0114 0820.
0122 0122 0123 0123 0122 0119 0118 0116 0116 0115 0115 0115
0119 0124 0128 0137 0141 0146 0142 0139 0137 0132 0129 0130 0147 1349 0115 0419.
0128 0126 0125 0127 0127 0127 0127 0127 0126 0126 0126 0126
0127 0128 0127 0129 0130 0130 0130 0133 0130 0128 0126 0126 0134 1513 0125 2236.
0125 0125 0123 0119 0119 0119 0118 0117 0115 0113 0112 0111
0111 0112 0122 0117 0113 0106 0105 0104 0102 0099 0097 0097 0126 2001 0097 1815.
0096 0098 0098 0098 0096 0096 0094 0094 0092 0092 0091 0091
0092 0090 0091 0090 0092 0092 0092 0092 0091 0091 0088 0088 0099 2257 0087 1931.
0089 0089 0090 0090 0090 0089 0090 0089 0089 0089 0090 0095
0108 0139 0138 0142 0158 0166 0161 0154 0141 0115 0105 0101 0170 1405 0088 2001.
0100 0099 0097 0095 0093 0092 0089 0087 0074 0070 0070 0082
0096 0101 0120 0138 0153 0153 0154 0151 0126 0111 0102 0098 0161 1308 0066 0627.
0089 0087 0084 0079 0075 0073 0067 0059 0064 0063 0067 0071
0082 0097 0110 0119 0122 0128 0121 0118 0105 0097 0091 0080 0130 1349 0057 0308.
0072 0072 0056 0050 0052 0044 0046 0033 0040 0044 0051 0038
0052 0078 0097 0112 0139 0154 0154 0156 0135 0113 0105 0113 0167 1438 0023 0729.
0128 0113 0119 0109 0103 0105 0094 0096 0091 0095 0109 0105
0105 0139 0148 0159 0157 0149 0149 0140 0131 0132 0123 0115 0165 1206 0083 0316.
0111 0104 0101 0102 0090 0085 0075 0055 0060 0056 0044 0067
0109 0124 0153 0178 0178 0198 0181 0171 0151 0123 0114 0101 0199 1443 0036 0637.
0090 0085 0085 0060 0054 0052 0043 0043 0036 0036 0026 0048
0077 0092 0115 0134 0139 0146 0145 0145 0125 0108 0107 0105 0149 1449 0024 0647.
0104 0094 0093 0091 0091 0091 0090 0089 0089 0090 0090 0091
0096 0105 0110 0112 0118 0112 0110 0109 0108 0104 0103 0102 0120 1253 0089 0319.
0098 0098 0091 0092 0092 0093 0094 0094 0093 0094 0094 0094
0096 0098 0100 0104 0101 0099 0098 0099 0099 0100 0100 0102 0105 1204 0091 2300.
0102 0102 0102 0102 0101 0100 0099 0097 0094 0094 0094 0093
0093 0097 0101 0100 0103 0103 0101 0102 0101 0099 0098 0096 0104 1117 0092 0744.
0097 0096 0096 0095 0094 0095 0095 0094 0096 0096 0092 0100
0123 0139 0144 0162 0163 0172 0172 0170 0157 0146 0136 0131 0175 1438 0088 0724.
0127 0120 0116 0128 0111 0099 0107 0112 0103 0092 0094 0098
0101 0111 0101 0106 0129 0132 0137 0132 0116 0101 0067 0060 0140 1445 0060 1958.
0056 0038 0041 0037 0021 0022 0033 0026 0036 0034 0028 0034
0048 0064 0075 0091 0103 0118 0118 0106 0084 0074 0068 0062 0120 1507 0015 0038.
0054 0045 0045 0042 0035 0036 0046 0041 0045 0047 0048 0051
0059 0071 0076 0089 0092 0091 0095 0093 0086 0082 0082 0082 0096 1430 0032 0220.
0079 0077 0074 0075 0072 0070 0070 0068 0061 0053 0060 0062
0087 0108 0125 0144 0154 0159 0162 0156 0135 0119 0112 0112 0167 1517 0045 0617.
0098 0093 0077 0068 0078 0074 0057 0049 0048 0032 0041 0040
0062 0085 0089 0086 0094 0093 0089 0079 0064 0053 0044 0040 0110 2001 0023 0607.
0033 0030 0028 0028 0026 0010 0009 0003 0000 -004 -007 0007
0029 0051 0066 0081 0092 0079 0089 0089 0068 0052 0041 0037 0101 1253 -011 0636.
0031 0022 0017 0026 0012 0014 0011 0013 0022 0023 0022 0027
0035 0038 0041 0051 0059 0061 0061 0058 0053 0051 0049 0049 0062 1356 0010 0308.
0048 0048 0048 0047 0046 0044 0045 0044 0044 0044 0043 0047
0054 0064 0078 0088 0105 0116 0116 0114 0096 0083 0085 0080 0121 1518 0042 0547.
0078 0059 0057 0057 0062 0058 0061 0055 0048 0046 0049 0040
0059 0078 0098 0101 0118 0112 0110 0105 0089 0081 0081 0074 0120 1248 0037 0750.
0069 0073 0070 0074 0072 0072 0073 0073 0074 0070 0065 0062
0063 0063 0062 0064 0066 0065 0064 0063 0064 0063 0063 0064 0075 0020 0061 0748.
0064 0060 0060 0061 0055 0057 0055 0058 0058 0059 0058 0051
0051 0046 0043 0043 0033 0018 0001 0006 0010 0016 0020 0018 0064 2001 0000 1454.
0018 0017 0019 0019 0017 0017 0018 0017 0015 0015 0015 0017
0021 0029 0037 0050 0045 0054 0043 0037 0024 0014 0009 0015 0055 1359 0007 1832=
I=
E=
U=
N=
H=
C=
V=
R6
0000 0000 0000
0000 0000 0000
0008 0007 0015
0047 0005 0052
0034 0002 0036
0002 0096 0098
0136 0130 0266
0001 0000 0001
0000 0000 0000
0000 0000 0000
0000 0000 0000
0000 0000 0000
0000 0000 0000
0000 0000 0000
0031 0043 0074
0042 0045 0087
0130 0007 0137
0160 0000 0160
0000 0000 0000
0000 0000 0000
0000 0000 0000
0044 0000 0044
0000 0000 0000
0000 0000 0000
0000 0000 0000
0000 0000 0000
0000 0000 0000
0055 0083 0138
0058 0161 0219
0012 0000 0012=
0000 0000 0000 0000 0000 0000 0000 0000 0000 0000 0000 0000
0000 0000 0000 0000 0000 0000 0000 0000 0000 0000 0000 0000.
0000 0000 0000 0000 0000 0000 0000 0000 0000 0000 0000 0000
0000 0000 0000 0000 0000 0000 0000 0000 0000 0000 0000 0000.
0000 0000 0000 0000 0000 0000 0000 0000 0001 0001 0003 0003
0002 0004 0000 0000 0001 0000 0000 0000 0000 0000 0000 0000.
0000 0000 0000 0001 0000 0000 0000 0004 0006 0013 0013 0010
0004 0001 0000 0000 0000 0000 0000 0000 0000 0000 0000 0000.
0009 0019 0003 0000 0001 0000 0002 0000 0000 0000 0000 0000
0000 0002 0000 0000 0000 0000 0000 0000 0000 0000 0000 0000.
0000 0000 0002 0000 0000 0000 0000 0000 0000 0000 0000 0000
0000 0000 0000 0000 0000 0010 0002 0001 0010 0020 0028 0025.
0008 0014 0016 0008 0000 0006 0014 0007 0008 0013 0022 0020
0011 0031 0024 0022 0013 0008 0005 0010 0004 0001 0000 0001.
0001 0000 0000 0000 0000 0000 0000 0000 0000 0000 0000 0000
0000 0000 0000 0000 0000 0000 0000 0000 0000 0000 0000 0000.
0000 0000 0000 0000 0000 0000 0000 0000 0000 0000 0000 0000
0000 0000 0000 0000 0000 0000 0000 0000 0000 0000 0000 0000.
0000 0000 0000 0000 0000 0000 0000 0000 0000 0000 0000 0000
0000 0000 0000 0000 0000 0000 0000 0000 0000 0000 0000 0000.
0000 0000 0000 0000 0000 0000 0000 0000 0000 0000 0000 0000
0000 0000 0000 0000 0000 0000 0000 0000 0000 0000 0000 0000.
0000 0000 0000 0000 0000 0000 0000 0000 0000 0000 0000 0000
0000 0000 0000 0000 0000 0000 0000 0000 0000 0000 0000 0000.
0000 0000 0000 0000 0000 0000 0000 0000 0000 0000 0000 0000
0000 0000 0000 0000 0000 0000 0000 0000 0000 0000 0000 0000.
0000 0000 0000 0000 0000 0000 0000 0000 0000 0000 0000 0000
0000 0000 0000 0000 0000 0000 0000 0000 0000 0000 0000 0000.
0000 0003 0009 0009 0001 0004 0005 0000 0000 0000 0000 0000
0000 0000 0000 0000 0000 0001 0011 0000 0002 0006 0012 0011.
0009 0005 0004 0001 0001 0003 0002 0001 0001 0000 0013 0002
0003 0003 0001 0000 0000 0000 0001 0000 0002 0012 0014 0009.
0010 0015 0030 0019 0024 0019 0002 0002 0001 0004 0002 0002
0001 0002 0000 0000 0000 0000 0000 0000 0000 0003 0001 0000.
0004 0069 0016 0043 0027 0001 0000 0000 0000 0000 0000 0000
0000 0000 0000 0000 0000 0000 0000 0000 0000 0000 0000 0000.
0000 0000 0000 0000 0000 0000 0000 0000 0000 0000 0000 0000
0000 0000 0000 0000 0000 0000 0000 0000 0000 0000 0000 0000.
0000 0000 0000 0000 0000 0000 0000 0000 0000 0000 0000 0000
0000 0000 0000 0000 0000 0000 0000 0000 0000 0000 0000 0000.
0000 0000 0000 0000 0000 0000 0000 0000 0000 0000 0000 0000
0000 0000 0000 0000 0000 0000 0000 0000 0000 0000 0000 0000.
0000 0004 0013 0016 0009 0001 0000 0000 0000 0000 0001 0000
0000 0000 0000 0000 0000 0000 0000 0000 0000 0000 0000 0000.
0000 0000 0000 0000 0000 0000 0000 0000 0000 0000 0000 0000
0000 0000 0000 0000 0000 0000 0000 0000 0000 0000 0000 0000.
0000 0000 0000 0000 0000 0000 0000 0000 0000 0000 0000 0000
0000 0000 0000 0000 0000 0000 0000 0000 0000 0000 0000 0000.
0000 0000 0000 0000 0000 0000 0000 0000 0000 0000 0000 0000
0000 0000 0000 0000 0000 0000 0000 0000 0000 0000 0000 0000.
0000 0000 0000 0000 0000 0000 0000 0000 0000 0000 0000 0000
0000 0000 0000 0000 0000 0000 0000 0000 0000 0000 0000 0000.
0000 0000 0000 0000 0000 0000 0000 0000 0000 0000 0000 0000
0000 0000 0000 0000 0000 0000 0000 0000 0000 0000 0000 0000.
0000 0000 0000 0000 0000 0000 0000 0000 0000 0001 0025 0029
0012 0013 0050 0002 0000 0000 0000 0000 0000 0001 0001 0004.
0001 0001 0000 0001 0004 0002 0019 0007 0007 0009 0004 0003
0001 0002 0009 0018 0036 0047 0009 0005 0008 0008 0010 0008.
0007 0003 0001 0000 0001 0000 0000 0000 0000 0000 0000 0000
0000 0000 0000 0000 0000 0000 0000 0000 0000 0000 0000 0000=
0000 ////////// 00000=
W=
L=
Z=
G=
FN
116029 089025 104022 246010 227011 285013
111009 113033 127020 147024 044008 042022
003018 006016 003019 002014 359012 322017
011022 028018 025012 066005 PPC000 PPC000.
037006 PPC000 146009 349006 128009 158005
034008 350005 331009 357010 052014 060011
071027 093024 359024 004019 013041 358036
016024 022020 331011 359011 PPC000 005006.
107007 094011 097011 278022 PPC000 332014
048026 092031 044011 019009 358014 032020
031018 046029 006013 358016 016019 357028
005042 013021 342015 345020 299011 020015.
037012 356005 042006 005009 355019 350021
004019 030017 349016 016012 028012 358017
021020 005011 045018 030024 014015 017015
037014 007014 018009 341011 337010 305010.
228010 215015 PPC000 303011 001007 261009
276010 252012 328011 322010 359020 019020
045010 341013 027025 063020 056014 030016
137010 046013 354010 004012 304006 004011.
056006 350010 069013 063017 063004 020010
009007 044010 068007 010016 016019 020017
046020 060015 057027 045017 005022 001031
005028 358021 015013 032016 011013 017012.
045012 005007 027011 027012 PPC000 047016
020016 348010 052015 351014 023018 013015
348014 049012 315017 319020 322026 334016
351016 348028 321033 350036 345037 354024.
336014 331018 260013 253010 273011 020005
081008 220006 036010 153014 138008 038013
264022 278035 301056 304053 301067 279063
308060 306057 354010 360019 352039 343037.
343034 013034 004028 343032 329023 307023
313025 301008 209010 192009 200008 233012
354014 335016 007017 351011 027013 335019
103008 047020 105017 133016 105023 129026.
098028 091041 104044 100054 113035 122030
213012 079035 172007 201013 047011 080014
118020 104031 111036 097038 100051 088050
097047 111047 097028 114036 095020 123011.
100017 139015 238026 214014 228009 229014
266014 188018 244008 252018 266016 151009
171017 056013 310003 094019 093024 077029
096021 067014 142030 154017 233028 255028.
268042 265032 265044 259043 275033 270057
258033 256046 241031 261043 270027 261026
182017 259033 280037 310060 286062 288048
282064 282046 307040 289045 305053 342022.
260009 252013 243020 227011 219019 254022
256026 188022 239028 248015 254008 114011
013007 304016 302015 021013 326010 029024
093022 114030 106035 133029 125045 121031.
114015 065013 116015 249013 213012 240020
250020 217014 248023 236020 211011 291009
259012 320009 325006 032010 102010 102032
096039 093037 022009 053012 081014 309012.
282022 229014 229030 229022 225022 222012
172012 187009 321008 150007 060008 095011
011011 001011 350014 024019 082023 101035
097030 075021 060015 044012 087017 094017.
126038 100038 096026 070021 043007 038020
019014 037017 002017 047017 037019 032021
046015 073015 063024 082020 022020 026023
008018 024015 021017 007010 010014 356013.
347010 005014 360015 016017 043013 028017
022014 005025 012029 328016 298016 332014
321016 357006 353016 070007 012013 352017
035003 346011 032012 023012 000014 301010.
286009 344013 295019 315008 315017 300011
339017 137008 245014 145009 291014 266028
283028 289031 274044 265061 290057 283069
280067 288049 286044 282054 268035 272035.
258037 275036 259038 283057 269051 263048
275051 279072 270076 275060 287074 280062
297038 300090 292062 262076 275077 293086
286071 300060 307058 297046 206033 241023.
234028 220016 231010 082009 178024 343011
033013 187004 124005 345014 338005 260013
264010 012010 086010 048016 062021 350009
045026 028024 029019 012017 005020 348018.
241014 318011 278014 247010 230025 263014
238015 256010 195015 165012 157014 324003
060019 037005 315012 034010 317012 350013
001007 PPC002 002008 348012 309010 284015.
237019 265018 195017 262020 084008 226023
272020 263034 252043 248020 288028 244031
270055 295067 304067 308054 312091 320061
303044 295046 295045 287031 276048 273045.
269047 268045 338013 262046 276054 292045
062015 057025 PPC001 247020 000014 029022
060012 081039 098063 098078 099060 109063
106068 095067 107069 108056 105043 103045.
089040 094044 098038 119042 112039 108023
094025 131022 155012 204010 261008 PPC000
345008 090036 121025 167007 352010 229004
064020 051018 048017 050012 026014 014014.
261010 249022 225022 265019 241025 229022
246020 284024 308018 314018 268018 263011
344012 311010 292015 311007 035015 017015
351019 018016 342022 343013 315019 295010.
280008 326008 311010 008011 321009 265012
332013 255010 225014 293012 325005 243005
280018 254019 244024 294017 281024 304035
308020 317011 229028 251034 260034 306019.
266014 035016 244022 244029 254042 243026
246022 232034 240035 255018 263017 310007
286012 358011 014015 336012 009014 015023
023016 002018 006016 054013 035022 339018.
343014 327014 245005 320012 238017 245016
266017 252019 324012 023010 004019 054016
326013 070023 049013 208009 318019 022017
002023 358022 005017 347015 320014 336015.
010017 052014 028009 160019 PPC000 359007
303023 285028 292014 066012 175016 096034
097030 085019 088022 007023 336045 029043
136019 276031 272028 308027 009044 305026.
324020 255010 331010 339016 328017 318017
317013 293012 312017 288015 283009 312018
358021 015038 352031 005045 348042 342042
358048 005041 010034 343015 217007 227013=
119037 084023 106022 226011 200011 278013
094009 116031 127023 148022 048010 042021
006016 018015 003019 011016 001013 322017
018022 028019 023012 066005 PPC000 PPC000.
030007 PPC000 146009 349006 176006 157005
048009 360006 330007 359010 045015 059011
069028 094022 000023 009019 006037 001040
016026 025019 328010 359011 PPC001 033004.
121007 092011 116011 277021 PPC000 333015
044026 090031 046012 021009 353014 026021
033020 040026 018013 358016 011017 009027
006040 013024 346016 341019 298009 021015.
029012 022003 041008 002008 360018 352020
358020 033016 340014 010011 031013 001017
023020 008012 033018 028024 020015 036016
032015 013016 012011 342011 339010 308010.
228011 225014 PPC000 301011 347007 258008
272010 255011 324011 322011 006019 014019
041011 350011 029026 059018 057014 028016
133010 040014 357009 001013 323006 003011.
054007 346009 073014 062019 061006 020010
020007 041010 064009 010017 015019 019017
042019 063017 052027 049018 007020 003030
008029 354022 014014 027016 010013 015012.
043014 004008 027011 032011 PPC002 063015
019014 357011 055017 358014 019017 013016
357014 052013 327016 318020 327026 329019
356020 342028 324035 349031 350035 350025.
337014 333020 267013 258011 273011 007005
080008 229007 036009 151014 131007 039012
263020 273039 296054 303052 297070 284057
310058 305054 358010 355016 352036 343038.
346032 016030 004027 342030 329024 310022
313023 300009 214011 184009 201008 236012
343012 331015 357016 345013 016013 333020
079013 047020 102018 129017 102024 127026.
098028 091039 102043 102052 112036 118032
169016 080033 177008 198012 069011 074014
123023 108033 109037 104040 100049 093048
100050 112046 099029 115038 099024 129012.
095015 133016 236025 214015 225010 222013
257017 196018 247007 251016 269015 151010
174017 075012 341004 087020 087021 102024
093022 066015 140033 158017 235025 248027.
266049 262032 265045 258045 273033 268060
258037 257045 246031 262043 265033 262027
173017 265031 280039 308056 291061 292052
280060 280044 308040 289047 305051 333025.
249010 254016 243020 255012 216019 251022
259027 185021 236028 256014 250008 117011
034007 291018 318013 014013 302010 031023
081024 104028 106034 131028 127043 124030.
120014 064013 133012 251013 212011 241018
249020 220015 246023 233020 213012 286010
254012 312010 314008 030012 080011 091021
089034 092038 019012 052013 086015 299013.
282023 224012 228030 230022 226022 219013
166009 182009 324008 156005 055009 098009
010010 014012 356015 014018 089024 098034
096030 077022 062014 043012 083015 080015.
124040 102036 095027 071023 051010 035019
020015 034018 008017 053017 033019 031022
044015 061013 061024 081023 021019 023022
012019 022015 018015 016011 008013 355013.
356009 008017 355015 017017 048014 031017
025013 004024 012027 331015 295016 326015
324016 344008 346014 066007 001014 348017
054005 338011 028013 030011 005015 309011.
324009 351013 296017 299009 315018 295011
335016 127005 246012 152010 280018 266027
281031 296034 274044 274060 293060 283070
279072 291054 285042 282050 268037 270031.
257038 273035 260039 283059 269050 263048
274050 279070 269080 275061 286072 282067
297041 303093 289067 264079 274077 293079
288070 303060 309059 296046 204029 242025.
234027 219017 217010 044008 174026 334010
018014 190005 023009 343012 331006 269011
262010 011010 071010 053015 056022 350019
045027 030024 026019 023017 005021 347018.
246013 321011 271015 250011 231024 260015
237016 251009 207013 160012 149013 282005
047018 098003 325013 026010 034007 351013
019007 005004 005008 344011 314010 283012.
234018 264020 199018 264019 082008 220019
263021 268035 249042 248023 288028 241033
270049 294056 302067 311054 313082 314063
306046 297046 295044 282034 277047 276046.
269046 268045 344013 261045 276053 294045
058014 059018 328004 251019 354013 029023
059013 092039 101063 097075 103065 111068
102067 100067 107068 109057 103046 104043.
091041 093040 097039 119044 115039 104024
095024 132020 157013 197009 246009 PPC001
345010 099033 125025 153009 027010 211005
059018 051016 047017 052012 023016 014015.
274009 246022 225022 260018 242025 229022
244021 282023 306018 314019 270018 258011
339012 312012 296013 321009 034014 021016
003018 016016 348023 336013 314019 293010.
278009 324008 306010 003011 319009 262012
333013 264009 225014 286012 306003 246006
278019 260020 245021 297019 284024 313035
309023 302012 232026 249036 261033 296017.
270013 191016 242022 243026 253042 239024
248021 233034 240034 255023 262016 316007
282012 342011 009015 338014 001013 020022
021016 010017 006017 050013 030019 337016.
346014 326015 247003 319012 238017 248016
263017 255020 328009 026010 008019 057015
326015 063023 049012 243010 318016 027018
358025 358020 001017 348015 323015 332013.
013017 055014 027009 163015 PPC000 007008
302022 287026 299014 062011 166014 098036
099028 087021 082021 000021 331044 027043
137018 276034 272028 306026 006038 305028.
324021 271008 333011 337017 328018 323016
315014 297013 318018 290015 285010 314019
350023 015036 006030 018041 348039 342043
000048 007041 006032 350017 231008 230014=
064115 2035 087124 2034
045011 1403 057011 1422
054059 0310 078064 0310
025353 0110 035025 1537
029030 1056 034031 1056
036018 1334 048008 1334
037326 1657 051327 1656
081289 1252 116295 1250
037348 2001 050344 2129
057086 1332 071096 1454
036139 1655 047070 1518
075293 1330 115283 1314
046120 1914 066112 1821
040096 1605 050084 1553
041093 1340 053102 1339
053118 2040 070125 2041
030015 0450 040019 0506
093288 1335 130293 1325
097301 1016 133313 0952
036231 2137 045064 1326
027236 0108 032355 0843
084314 1301 108312 1300
079098 1146 105114 1148
051119 0023 071109 0017
029296 0409 036358 1652
045267 1837 057327 1329
046252 0534 049248 0531
039020 1132 048010 1132
062011 1337 087011 1329
058348 1436 081003 1435=
D=
K=
A=
S=
B=
??????
******
YF
O2222
河南省
豫汝阳仝沟
汝阳县蔡店乡仝沟村烟草科技示范园
丘陵；乡村；地面
空缺
计算机
计算机
计算机
计算机
计算机
20120208=
JY
8888=
GK
01/
05/=
BZ
00/341914/1122419
10/24/逐时观测
10/24/24时连续观测
11/不守班=
######
