O2200 3454N 11207E 004630 004630 105 000 S15 91999999919999199999 0 2009 03
P=
TB
0053 0047 0044 0043 0042 0039 0039 0033 0028 0032 0037 0035
0046 0064 0070 0066 0074 0081 0071 0066 0063 0050 0044 0039 0090 1322 0027 0427.
0034 0030 0023 0023 0020 0018 0018 0017 0015 0002 -009 -004
-003 -004 -008 -010 -014 -014 -013 -014 -013 -015 -015 -015 0039 2001 -016 1305.
-017 -018 -016 -016 -016 -016 -015 -014 -011 -010 -010 -006
0003 0009 0021 0038 0060 0067 0070 0075 0070 0052 0041 0031 0080 1553 -018 2156.
0031 0018 0016 0014 0012 0011 0007 0005 0004 0008 0010 0010
0017 0016 0019 0018 0021 0028 0032 0028 0029 0027 0027 0025 0040 1423 0000 0424.
0017 0017 0024 0023 0033 0053 0050 0046 0049 0047 0047 0058
0077 0089 0101 0104 0121 0121 0122 0122 0121 0110 0098 0093 0125 1551 0015 2048.
0090 0086 0074 0072 0060 0055 0071 0067 0035 0033 0020 0028
0048 0064 0070 0077 0094 0103 0099 0094 0092 0076 0063 0062 0112 1351 0019 0701.
0047 0049 0044 0050 0036 0037 0036 0029 0024 0021 0010 0029
0066 0086 0097 0123 0140 0154 0152 0156 0146 0125 0111 0107 0165 1527 0009 0701.
0095 0087 0082 0070 0078 0067 0052 0051 0063 0055 0052 0064
0070 0086 0103 0132 0158 0160 0165 0177 0169 0145 0126 0136 0192 1535 0046 0343.
0130 0109 0120 0118 0109 0081 0070 0065 0067 0064 0037 0072
0098 0153 0177 0183 0208 0207 0193 0149 0135 0119 0106 0097 0219 1427 0036 0659.
0088 0082 0072 0068 0064 0061 0057 0054 0052 0049 0047 0047
0050 0056 0065 0070 0073 0074 0067 0066 0063 0059 0058 0054 0097 2001 0046 0713.
0051 0047 0045 0042 0039 0038 0038 0038 0036 0036 0034 0034
0036 0040 0044 0053 0051 0050 0052 0052 0050 0049 0051 0046 0057 1415 0033 0732.
0049 0040 0035 0033 0032 0031 0029 0028 0028 0028 0027 0028
0035 0046 0061 0090 0092 0105 0094 0096 0094 0088 0085 0080 0106 1401 0026 0704.
0075 0072 0068 0065 0064 0061 0055 0051 0046 0041 0036 0034
0036 0036 0036 0049 0066 0065 0072 0077 0075 0067 0055 0049 0081 1539 0033 0815.
0044 0037 0022 0018 0006 0012 0013 0005 -002 -003 -006 0031
0056 0079 0098 0120 0126 0156 0159 0152 0152 0130 0112 0105 0174 1521 -008 0649.
0102 0096 0081 0076 0071 0077 0083 0082 0094 0107 0108 0099
0128 0158 0172 0204 0208 0214 0216 0212 0206 0192 0176 0169 0225 1433 0070 0101.
0153 0143 0128 0128 0127 0115 0114 0114 0106 0096 0111 0111
0116 0158 0174 0205 0231 0247 0262 0248 0241 0221 0198 0188 0266 1529 0090 0606.
0174 0165 0145 0139 0133 0133 0117 0119 0114 0103 0091 0145
0176 0187 0231 0267 0299 0303 0300 0301 0286 0256 0213 0197 0310 1424 0087 0643.
0194 0188 0173 0187 0159 0164 0158 0151 0128 0132 0126 0153
0180 0222 0244 0275 0280 0290 0302 0296 0278 0250 0228 0212 0318 1432 0120 0650.
0201 0198 0201 0195 0183 0167 0164 0161 0158 0157 0159 0158
0208 0217 0231 0222 0206 0209 0197 0196 0187 0164 0144 0129 0239 1105 0129 1958.
0114 0112 0116 0115 0113 0111 0109 0107 0104 0101 0098 0095
0095 0094 0097 0095 0096 0094 0089 0090 0092 0087 0088 0093 0129 2004 0085 1842.
0086 0085 0086 0082 0084 0085 0086 0087 0089 0090 0091 0093
0102 0118 0141 0164 0164 0165 0182 0179 0177 0183 0188 0189 0192 1949 0082 2137.
0190 0186 0181 0179 0175 0163 0141 0131 0113 0117 0107 0113
0128 0135 0148 0146 0143 0142 0146 0136 0126 0112 0104 0098 0193 2113 0098 1946.
0095 0093 0090 0088 0087 0086 0081 0078 0075 0072 0071 0082
0103 0129 0141 0156 0183 0199 0199 0205 0192 0169 0141 0123 0212 1604 0069 0630.
0110 0100 0095 0089 0078 0078 0074 0069 0068 0064 0074 0095
0124 0133 0103 0072 0072 0073 0073 0079 0073 0061 0052 0047 0133 1000 0047 2000.
0043 0034 0034 0037 0034 0034 0030 0019 0027 0019 0016 0040
0052 0069 0114 0123 0143 0156 0170 0154 0154 0143 0124 0113 0179 1519 0012 0633.
0111 0106 0099 0097 0089 0088 0086 0076 0067 0064 0070 0103
0108 0142 0155 0151 0150 0150 0146 0147 0144 0125 0110 0106 0170 1221 0059 0539.
0105 0105 0103 0101 0100 0099 0089 0085 0081 0083 0081 0083
0082 0080 0082 0092 0096 0101 0112 0109 0103 0091 0084 0081 0114 1509 0079 0941.
0081 0076 0076 0076 0074 0073 0074 0071 0067 0063 0067 0078
0108 0126 0140 0153 0151 0155 0161 0161 0148 0139 0124 0130 0171 1522 0061 0532.
0110 0102 0101 0089 0072 0065 0066 0071 0065 0063 0070 0073
0092 0097 0127 0139 0140 0152 0154 0161 0160 0142 0125 0121 0171 1541 0060 0553.
0113 0108 0102 0093 0081 0072 0069 0070 0068 0066 0063 0064
0071 0075 0083 0114 0121 0112 0125 0115 0109 0088 0072 0068 0139 1351 0063 0654.
0067 0066 0064 0062 0059 0050 0034 0024 0022 0022 0023 0024
0037 0048 0055 0073 0073 0074 0096 0090 0092 0080 0074 0071 0105 1523 0020 0610=
I=
E=
U=
N=
H=
C=
V=
R6
//// 0000 ////
0000 //// ////
0000 0037 0037
0000 0000 0000
0000 0000 0000
0000 0000 0000
0000 0000 0000
0000 0000 0000
0000 0000 0000
0000 0000 0000
0000 0000 0000
0103 0011 0114
0000 0000 0000
0000 0000 0000
0000 0000 0000
0000 0000 0000
0000 0000 0000
0000 0000 0000
0000 0000 0000
0000 0001 0001
0013 //// 0013
0000 0000 0000
0000 0000 0000
0000 0000 0000
0000 0000 0000
0000 0000 0000
0005 0000 0005
0000 0000 0000
0000 0000 0000
0000 0000 0000
0033 0000 0033=
0000 0000 0000 //// 0000 0000 0000 0000 0000 0000 0000 0000
0000 0000 0000 0000 0000 0000 0000 0000 0000 0000 0000 0000.
0000 0000 0000 0000 0000 0000 0000 0000 0000 0000 0000 0000
0000 0000 0000 0000 0000 0000 0000 0000 0000 0000 //// 0000.
0000 0000 0000 0000 0000 0000 0000 0000 0000 0000 0000 0000
0000 0008 0009 0019 0000 0001 0000 0000 0000 0000 0000 0000.
0000 0000 0000 0000 0000 0000 0000 0000 0000 0000 0000 0000
0000 0000 0000 0000 0000 0000 0000 0000 0000 0000 0000 0000.
0000 0000 0000 0000 0000 0000 0000 0000 0000 0000 0000 0000
0000 0000 0000 0000 0000 0000 0000 0000 0000 0000 0000 0000.
0000 0000 0000 0000 0000 0000 0000 0000 0000 0000 0000 0000
0000 0000 0000 0000 0000 0000 0000 0000 0000 0000 0000 0000.
0000 0000 0000 0000 0000 0000 0000 0000 0000 0000 0000 0000
0000 0000 0000 0000 0000 0000 0000 0000 0000 0000 0000 0000.
0000 0000 0000 0000 0000 0000 0000 0000 0000 0000 0000 0000
0000 0000 0000 0000 0000 0000 0000 0000 0000 0000 0000 0000.
0000 0000 0000 0000 0000 0000 0000 0000 0000 0000 0000 0000
0000 0000 0000 0000 0000 0000 0000 0000 0000 0000 0000 0000.
0000 0000 0000 0000 0000 0000 0000 0000 0000 0000 0000 0000
0000 0000 0000 0000 0000 0000 0000 0000 0000 0000 0000 0000.
0000 0000 0000 0000 0000 0000 0000 0000 0000 0000 0000 0000
0000 0000 0000 0000 0000 0000 0000 0000 0000 0000 0000 0000.
0000 0003 0008 0012 0012 0011 //// 0012 0013 0008 0011 0013
0008 0002 0001 0000 0000 0000 0000 0000 0000 0000 0000 0000.
0000 0000 0000 0000 0000 0000 0000 0000 0000 0000 0000 0000
0000 0000 0000 0000 0000 0000 0000 0000 0000 0000 0000 0000.
0000 0000 0000 0000 0000 0000 0000 0000 0000 0000 0000 0000
0000 0000 0000 0000 0000 0000 0000 0000 0000 0000 0000 0000.
0000 0000 0000 0000 0000 0000 0000 0000 0000 0000 0000 0000
0000 0000 0000 0000 0000 0000 0000 0000 0000 0000 0000 0000.
0000 0000 0000 0000 0000 0000 0000 0000 0000 0000 0000 0000
0000 0000 0000 0000 0000 0000 0000 0000 0000 0000 0000 0000.
0000 0000 0000 0000 0000 0000 0000 0000 0000 0000 0000 0000
0000 0000 0000 0000 0000 0000 0000 0000 0000 0000 0000 0000.
0000 0000 0000 0000 0000 0000 0000 0000 0000 0000 0000 0000
0000 0000 0000 0000 0000 0000 0000 0000 0000 0000 0000 0000.
0000 0000 0000 0000 0000 0000 0000 0000 0000 0000 0000 0000
0000 0000 0000 0000 0000 0000 0000 0000 0000 0000 0000 0000.
0000 0000 0000 0000 0000 0000 0000 0000 0000 0000 0000 0000
0000 0000 0000 0000 0000 0000 0000 0000 0000 0000 0001 0000.
0006 0003 0000 0000 0001 0001 0000 0001 0000 0001 0000 0000
0000 0000 0000 0000 0000 0000 0000 0000 0000 //// 0000 0000.
0000 0000 0000 0000 0000 0000 0000 0000 0000 0000 0000 0000
0000 0000 0000 0000 0000 0000 0000 0000 0000 0000 0000 0000.
0000 0000 0000 0000 0000 0000 0000 0000 0000 0000 0000 0000
0000 0000 0000 0000 0000 0000 0000 0000 0000 0000 0000 0000.
0000 0000 0000 0000 0000 0000 0000 0000 0000 0000 0000 0000
0000 0000 0000 0000 0000 0000 0000 0000 0000 0000 0000 0000.
0000 0000 0000 0000 0000 0000 0000 0000 0000 0000 0000 0000
0000 0000 0000 0000 0000 0000 0000 0000 0000 0000 0000 0000.
0000 0000 0000 0000 0000 0000 0000 0000 0000 0000 0000 0000
0000 0000 0000 0000 0000 0000 0000 0000 0000 0000 0000 0000.
0000 0000 0000 0000 0000 0000 0001 0002 0002 0000 0000 0000
0000 0000 0000 0000 0000 0000 0000 0000 0000 0000 0000 0000.
0000 0000 0000 0000 0000 0000 0000 0000 0000 0000 0000 0000
0000 0000 0000 0000 0000 0000 0000 0000 0000 0000 0000 0000.
0000 0000 0000 0000 0000 0000 0000 0000 0000 0000 0000 0000
0000 0000 0000 0000 0000 0000 0000 0000 0000 0000 0000 0000.
0000 0000 0000 0000 0000 0000 0000 0000 0000 0000 0000 0000
0000 0000 0000 0000 0000 0000 0000 0000 0000 0000 0000 0000.
0000 0000 0000 0000 0000 0000 0006 0012 0009 0004 0002 0000
0000 0000 0000 0000 0000 0000 0000 0000 0000 0000 0000 0000=
0000 ////////// 00000=
W=
L=
Z=
G=
FN
110020 127008 306008 341008 030014 309010
313007 117012 223009 295007 PPC000 026008
053006 103015 098020 106031 116025 119021
109047 101044 108033 108050 107050 113050.
106037 123017 110021 108014 110021 121018
091025 109027 103049 107043 098021 106040
109053 101048 105034 113022 093028 119034
111033 114032 112027 117023 ////// 129019.
095018 084006 140006 048009 146009 PPC000
243016 016006 300011 247012 286009 PPC002
047006 224016 312013 058020 233009 260012
230024 225024 158013 171009 141022 227008.
250009 134011 PPC000 239015 246011 327008
298010 171008 293010 301010 292011 134012
029003 135009 133009 044016 130017 141017
093017 109026 090005 PPC000 253006 PPC001.
248009 190008 265010 281019 313031 305028
301021 297028 311043 306051 302040 308019
303037 317040 314052 317084 314037 310039
315056 319059 300030 307024 310022 319025.
297014 274012 269006 168003 257005 018007
319020 315015 119008 182009 135019 118019
109029 110043 115018 038028 134030 137025
123018 191013 127023 136011 164007 079005.
280005 267012 271012 303017 275010 274015
250008 040007 127008 318005 080005 PPC000
058007 141016 142015 187016 212010 177022
143019 147018 144015 146016 227009 268010.
255009 131008 121009 312010 327016 323004
262014 195006 253008 317011 PPC000 229007
233017 080007 154012 224007 223005 210008
155008 299035 313027 240019 255018 294013.
344012 309015 321025 320021 311022 076008
327008 255012 063008 043009 231010 143003
314013 131007 136015 097014 149026 134032
105048 107078 100037 108051 110038 101033.
115017 114037 104042 097018 107021 119018
084013 122019 106015 121013 111013 106024
106036 107030 128019 101029 113026 112037
110029 102024 110011 120017 109022 115014.
112019 101010 104028 110016 088008 048013
311009 025006 051008 308009 147006 172005
PPC002 090009 116004 124015 163016 098018
121018 125013 117006 342009 119015 073012.
042022 161009 290014 324015 301012 304009
323019 309013 191003 128007 239008 247010
178008 119010 201009 325017 319068 312042
321067 320041 318034 314071 316086 317077.
316081 321079 313079 312067 317062 314053
317090 317084 318064 313076 318083 320055
322061 319081 316092 309050 317057 323055
317065 315073 320041 300030 311019 320021.
316021 285009 301013 074008 234014 283008
300013 030011 039010 292009 258012 124003
109010 142011 105010 153008 041013 190012
139014 119026 139019 160013 229009 287013.
256018 273014 103007 134008 050010 245013
224011 210004 291004 073010 235011 083008
107007 153010 089012 064022 019013 324049
316055 321051 286026 323038 312019 310023.
087012 158010 090005 303012 307018 167007
286011 124009 042008 226029 268021 116009
043016 103011 141010 081014 169010 172023
170014 144030 140022 162016 165013 291009.
247015 192009 314008 326006 056008 047013
PPC001 300021 048008 209009 252019 326004
105007 114013 152013 168020 144016 163021
159029 170019 168020 174023 217010 208008.
273018 026011 036011 319020 PPC002 103009
247010 061006 310005 071008 265009 045004
257009 154008 127017 136015 074008 144021
109015 106033 110022 126017 100006 098008.
311007 296008 303019 305015 285009 275017
305010 066011 027007 254007 144009 103015
110032 123026 136026 107062 107051 123045
116049 109052 114026 122024 114024 098018.
043021 115022 109017 141010 074012 117013
120015 108017 104030 105028 119025 109024
107045 110030 106038 054014 110025 123007
100035 118017 106037 091015 317008 120018.
307012 095011 065007 031013 178006 038011
334004 PPC002 318014 306008 310008 301012
313012 190008 274008 321032 316050 300034
205010 302033 313036 ////// 316055 313052.
318055 312031 313039 318052 318052 313029
108011 308009 PPC002 047012 065012 112035
147015 106037 115028 114045 112044 120048
117034 105030 100054 105052 087024 123022.
135006 175017 144009 141008 263011 267008
027017 221009 PPC001 233008 259016 253016
203006 229012 260015 236008 154018 169018
316010 177012 147028 150028 166020 166014.
152018 150016 230008 109012 080007 237010
232011 351005 177010 264011 301008 108010
116012 101032 096041 113055 117056 107053
112033 123037 114038 118044 105033 108018.
106016 013005 354007 106013 024005 233008
248007 312006 317011 PPC001 PPC002 263013
256015 253027 142018 234023 185014 106019
138018 142015 137028 167012 PPC000 328006.
PPC002 258018 257017 277018 278011 273020
273008 322008 083006 281009 274010 114005
029007 111021 110051 104047 117049 123032
101036 118055 112051 107048 101033 104044.
112033 105021 104029 050019 111013 085013
099021 111007 123008 106016 041008 093020
096014 086007 063012 109018 015008 299019
243012 299008 053019 010019 032021 017014.
037008 133008 PPC000 309009 305018 313020
319012 319011 309011 237016 259013 229019
256004 037018 165011 124005 116020 141017
138020 235031 233037 254022 239017 307018.
134007 135012 121016 122013 304004 096015
309012 007011 244004 050012 114009 100017
096020 122021 158014 057017 166016 051011
108014 127025 172016 144021 146010 249012.
175008 141010 102019 095023 096033 103037
101046 111033 122019 103021 115015 105028
104015 108024 103018 157024 112025 124029
133028 119034 107032 109029 106032 109023.
116028 124022 113037 107030 091025 106028
115021 122017 114028 111013 144016 106012
115009 138014 235010 131012 233023 235032
247025 137019 132017 109020 105020 104016=
109021 118008 309010 359006 031012 305007
307006 109009 224008 291008 343003 031008
028007 073010 113017 106028 114028 119018
107052 101051 106049 108049 107048 109051.
109033 118027 110018 112027 108023 111012
096025 113029 106039 107054 102026 106038
108030 109036 103036 112023 105027 112033
108034 116033 111019 111024 ////// 125021.
104018 093008 116009 051009 134010 PPC001
240016 339006 302010 248014 267011 273004
255009 232014 303012 040024 221009 262013
232019 232020 156013 164011 142017 223008.
208007 136011 PPC000 241014 259012 326010
294007 196007 289012 321009 291010 088012
065005 125010 085011 071012 137014 142012
106011 110018 083007 PPC002 257009 036003.
267007 209010 266010 278017 313024 308028
305021 303025 308044 305046 305046 305023
308033 308042 316057 317077 313051 310053
313060 318060 317040 317036 312025 321026.
298015 272012 253007 146004 256007 020007
319018 314015 111012 188008 136017 116019
110024 111036 098023 056019 113017 128021
122019 176018 135020 135011 145009 088008.
PPC001 266013 276011 306015 266009 274013
261007 057006 105007 350005 073006 262004
072007 124017 131015 206015 178018 147019
134017 143020 143015 144015 205008 263009.
268010 142004 116008 313008 323017 319006
250010 184008 255008 318009 352003 237009
233013 088012 124009 222008 204009 201006
148010 293024 314028 246019 255015 294015.
316014 308011 321022 318021 312020 093011
322007 250012 058008 046009 216007 157005
306009 157005 132011 130013 136019 142028
111045 107076 111051 109065 112050 105036.
111026 109034 102027 105016 108017 115019
096014 104014 118010 118015 110016 110020
108029 111024 118022 109021 107022 117038
114032 106028 110012 113017 111023 112016.
114020 101013 105023 109014 077007 045012
316010 026005 022004 300004 162007 146005
158005 065011 101007 115013 132018 105022
111016 121014 087004 339007 110022 061012.
040020 154006 289016 320019 300010 291006
319022 310014 214004 116006 232004 255010
190006 132007 200006 327014 317055 317051
320056 314042 317044 314072 317084 316080.
315080 319062 317088 315081 318074 315054
317092 317081 317058 315079 316079 308046
317049 317057 315096 314061 317062 321058
317051 313063 317054 304028 308021 323019.
318025 305015 310010 084012 229012 286008
301015 005007 035009 300012 263010 157003
121011 143012 084009 147008 083018 200014
143014 114024 142020 134007 225007 280013.
260019 270012 081005 150006 049009 229011
234011 178003 327004 073008 231013 066011
057006 151011 099014 090014 329020 315046
318057 319055 307038 320038 312021 312023.
108011 170008 PPC001 303011 306015 182005
285009 116009 062010 222016 266022 128008
039016 092014 126011 073011 236009 162015
170016 139029 143021 168014 165013 266010.
251013 185009 301007 308007 045012 043013
125006 289022 061007 216009 253015 PPC002
109006 110012 143010 163011 157013 159018
173022 173019 184015 164018 202008 189009.
272017 046012 037012 323017 353003 106007
246009 068007 352006 080008 278008 049004
268007 142010 136015 146013 094012 109014
117013 111024 113020 123019 083005 074006.
PPC002 297009 301016 302018 310010 272016
305009 012010 024008 226007 148007 094012
095025 123027 126025 109052 114053 122047
115046 113039 119032 123026 116025 101022.
076011 114021 107024 112012 091011 106011
108020 111017 107027 107029 113024 107035
102028 109032 109022 091023 106015 124010
099031 106015 107028 101018 270016 123012.
317014 080008 080008 032013 355009 027010
346007 274006 318012 304007 317006 312011
288013 218005 311008 307019 310044 302043
170009 302040 311029 ////// 315063 313060.
316066 301024 311037 319058 316041 309020
083006 308011 007004 052016 079007 108045
123027 103036 116032 111045 111041 112043
107043 108042 104044 104049 100033 113025.
149016 128022 142014 138008 256010 330005
034014 219012 120004 238009 260015 247015
222008 202013 236014 280020 165022 173018
260013 217018 159022 148023 175021 164016.
142013 147013 203007 138010 079007 219008
226008 337007 173009 268015 268015 095008
128011 125023 103034 109054 112049 110048
109033 114037 110036 113036 108030 110020.
107013 005003 013007 105008 034005 238006
235006 308006 318012 282008 141005 267010
260010 248027 140014 229018 189016 114023
160017 155015 144021 163016 283004 321004.
218004 252018 257018 274014 289010 273015
271009 348008 067007 295010 273009 097007
339009 119023 116048 106040 108045 117038
107043 116047 110047 107034 114023 109038.
113029 107017 100030 055020 082013 075013
103028 109008 086005 111012 073008 096023
101015 092011 084013 099015 020008 298017
202008 243007 047018 023018 035019 027015.
009008 129006 PPC002 306007 311017 314020
321014 319010 308015 234015 254014 232016
235005 064013 155008 165010 132013 139017
148018 233030 234033 252025 244020 311021.
117007 135010 113017 129012 138003 098011
331007 021009 048007 064011 108012 107016
104022 112023 143020 097017 158024 062010
130019 141019 142014 147020 159009 196010.
161005 137010 103016 103024 100031 103046
102027 107028 111019 111023 115019 107028
109018 105017 117018 142022 129026 117030
133032 116031 118027 113032 106041 114027.
111033 119019 111038 107034 105030 111039
110029 107024 108026 102015 144014 102012
123010 130012 236010 181014 238020 231024
256020 152017 141016 115024 110018 107015=
058107 1617 088101 1512
058108 0557 092096 0548
031106 2017 042129 2013
026118 1246 040118 1227
079316 1159 110309 1157
041105 1012 065118 0958
022127 1518 039098 1252
033318 1626 048321 1625
076107 1600 109115 1823
056107 2010 087138 2003
036105 1234 054068 1232
098317 1924 148321 1943
101316 1054 154343 1046
028321 2115 038160 1635
077319 1544 103321 1540
031138 1603 040149 1600
027163 1611 040166 1514
030108 1719 044112 1739
076109 1246 097118 1237
041104 0928 065121 0849
069317 1910 113312 1947
068316 2058 096312 2038
033143 1722 055155 1814
054107 1159 088096 1348
029114 1354 045143 1404
062106 1809 094079 1802
045107 2021 078093 2035
036230 1647 055217 1624
031103 0854 044127 0906
053111 0131 092098 0155
044108 0156 082132 2028=
D=
K=
A=
S=
B=
??????
******
YF
O2200
河南省
豫新安北冶
新安县北冶乡政府院内
丘陵；乡村；地面
杨仕贤
胡容
胡容
胡容
王国安
胡容
20090417=
JY
8888=
GK
01/本月平均温度9.3℃。
05/=
BZ
BB/02/19时气温用内插法求得。
BB/21/18时气温用内插法求得。
00/345300/1120600
10/345300/1120600
10/24/24小时连续观测
11/不守班=
######
