O2211 3439N 11247E 001740 001740 105 000 S15 91999999919999199999 0 2010 05
P=
TB
0207 0192 0185 0167 0164 0139 0134 0134 0135 0132 0146 0156
0179 0210 0236 0255 0278 0296 0309 0316 0306 0290 0262 0250 0317 1553 0128 0541.
0244 0248 0237 0219 0214 0184 0191 0186 0177 0175 0179 0205
0226 0258 0290 0307 0338 0350 0356 0358 0338 0304 0288 0290 0362 1544 0167 0609.
0276 0276 0272 0263 0259 0247 0229 0230 0213 0211 0208 0237
0262 0281 0291 0301 0294 0301 0314 0298 0289 0286 0276 0266 0318 1440 0201 0619.
0274 0269 0263 0263 0265 0254 0249 0250 0253 0240 0235 0233
0228 0235 0233 0226 0219 0236 0241 0230 0221 0211 0202 0195 0274 2100 0195 1948.
0191 0187 0183 0184 0182 0182 0180 0177 0175 0181 0188 0207
0211 0212 0228 0247 0254 0257 0237 0240 0237 0231 0233 0219 0265 1329 0174 0408.
0236 0221 0223 0197 0196 0199 0192 0185 0195 0183 0180 0183
0192 0213 0220 0223 0236 0247 0267 0271 0271 0246 0215 0207 0272 1549 0177 0640.
0203 0199 0181 0150 0162 0159 0153 0142 0124 0130 0136 0161
0197 0252 0278 0276 0302 0307 0312 0321 0294 0264 0258 0256 0327 1418 0117 0514.
0247 0244 0233 0233 0208 0202 0207 0198 0181 0186 0184 0186
0190 0209 0214 0223 0232 0254 0242 0244 0246 0233 0211 0204 0258 1403 0179 0501.
0184 0173 0166 0161 0163 0139 0149 0143 0132 0134 0148 0159
0179 0201 0245 0250 0249 0255 0239 0241 0236 0224 0210 0204 0258 1349 0126 0438.
0202 0172 0158 0161 0150 0152 0142 0143 0133 0119 0128 0150
0179 0204 0235 0258 0266 0279 0273 0279 0277 0247 0230 0219 0280 1402 0100 0634.
0210 0202 0200 0195 0168 0157 0160 0156 0129 0151 0164 0194
0205 0213 0218 0231 0244 0254 0253 0252 0254 0240 0216 0204 0264 1351 0129 0500.
0201 0194 0186 0177 0161 0152 0151 0146 0142 0141 0144 0167
0198 0201 0205 //// //// 0198 0199 0187 0171 0160 0157 0148 0206 2027 0134 0633.
0145 0143 0142 0139 0140 0141 0140 0140 0139 0140 0142 0145
0152 0162 0174 0194 0201 0213 0225 0216 0220 0213 0204 0201 0233 1509 0138 2342.
0192 0189 0182 0178 0174 0154 0151 0143 0137 0137 0155 0172
0195 0198 0209 0216 0227 0234 0237 0233 0230 0228 0213 0211 0247 1450 0135 0511.
0198 0174 0176 0171 0165 0146 0132 0135 0132 0134 0157 0161
0181 0204 0224 0238 0243 0248 0259 0252 0234 0221 0211 0203 0267 1450 0128 0512.
0196 0190 0188 0184 0182 0181 0177 0175 0172 0171 0170 0173
0175 0180 0187 0183 0183 0182 0177 0172 0166 0157 0155 0155 0203 2001 0155 1821.
0154 0154 0155 0154 0154 0155 0153 0154 0154 0154 0156 0164
0184 0204 0217 0222 0233 0231 0233 0220 0218 0218 0211 0203 0243 1237 0153 2154.
0198 0192 0188 0189 0182 0181 0175 0166 0164 0160 0164 0171
0174 0198 0204 0199 0217 0229 0233 0226 0224 0225 0213 0202 0252 1433 0159 0625.
0196 0182 0179 0170 0169 0172 0154 0160 0151 0147 0166 0190
0210 0231 0263 0279 0303 0308 0317 0309 0306 0286 0261 0240 0318 1412 0144 0519.
0218 0220 0215 0204 0203 0187 0164 0161 0157 0152 0176 0191
0216 0230 0247 0264 0282 0288 0281 0300 0272 0257 0257 0240 0301 1559 0144 0430.
0237 0223 0238 0219 0233 0223 0214 0201 0193 0196 0197 0183
0187 0186 0185 0189 0190 0195 0196 0194 0190 0184 0179 0173 0248 2013 0173 1950.
0166 0166 0164 0164 0162 0165 0156 0156 0163 0164 0167 0176
0195 0211 0218 0236 0255 0274 0281 0283 0275 0263 0236 0227 0294 1624 0154 0406.
0221 0204 0201 0190 0172 0179 0175 0164 0162 0154 0165 0187
0213 0229 0244 0259 0267 0289 0291 0297 0294 0276 0258 0242 0306 1538 0152 0526.
0235 0228 0212 0206 0205 0189 0198 0179 0183 0184 0206 0240
0271 0281 0303 0317 0339 0351 0362 0348 0321 0311 0301 0284 0366 1522 0177 0411.
0279 0268 0259 0254 0248 0246 0233 0205 0200 0201 0212 0230
0241 0263 0283 0312 0310 0303 0318 0307 0300 0279 0270 0260 0322 1427 0198 0502.
0250 0246 0246 0245 0241 0237 0234 0228 0231 0222 0223 0219
0223 0233 0242 0235 0223 0222 0219 0220 0217 0217 0217 0213 0260 2001 0209 1921.
0203 0210 0199 0199 0200 0193 0191 0188 0186 0189 0189 0190
0187 0183 0182 0182 0179 0178 0165 0167 0169 0171 0169 0168 0214 2002 0165 1443.
0169 0170 0171 0167 0167 0167 0167 0163 0163 0163 0166 0185
0197 0211 0219 0227 0237 0260 0268 0272 0272 0263 0247 0233 0277 1606 0162 0514.
0224 0221 0206 0207 0204 0203 0196 0188 0191 0185 0197 0224
0243 0259 0278 0290 0308 0329 0335 0334 0323 0301 0280 0267 0340 1524 0184 0601.
0253 0251 0260 0243 0238 0227 0216 0206 0200 0202 0212 0234
0256 0273 0295 //// //// 0335 0345 0340 0340 0326 0290 0278 0350 1505 0199 0541.
0272 0269 0261 0258 0244 0236 0233 0208 0205 0203 0215 0234
0242 0261 0281 0280 0284 0281 0283 0281 0266 0258 0254 0249 0294 1523 0203 0421=
I=
E=
U=
N=
H=
C=
V=
R6
0000 0000 0000
0000 0000 0000
0000 0000 0000
0000 0003 0003
0000 0000 0000
0000 0000 0000
0000 0000 0000
0000 0000 0000
0000 0000 0000
0000 0000 0000
0000 0000 0000
0001 0025 0026
0012 0000 0012
0000 0000 0000
0000 0003 0003
0000 0024 0024
0066 0000 0066
0000 0000 0000
0000 0000 0000
0000 0000 0000
0001 0004 0005
0000 0000 0000
0000 0000 0000
0000 0000 0000
0000 0000 0000
0000 0001 0001
0014 0188 0202
0001 0000 0001
0000 0000 0000
0000 //// ////
0000 0000 0000=
0000 0000 0000 0000 0000 0000 0000 0000 0000 0000 0000 0000
0000 0000 0000 0000 0000 0000 0000 0000 0000 0000 0000 0000.
0000 0000 0000 0000 0000 0000 0000 0000 0000 0000 0000 0000
0000 0000 0000 0000 0000 0000 0000 0000 0000 0000 0000 0000.
0000 0000 0000 0000 0000 0000 0000 0000 0000 0000 0000 0000
0000 0000 0000 0000 0000 0000 0000 0000 0000 0000 0000 0000.
0000 0000 0000 0000 0000 0000 0000 0000 0000 0000 0000 0000
0003 0000 0000 0000 0000 0000 0000 0000 0000 0000 0000 0000.
0000 0000 0000 0000 0000 0000 0000 0000 0000 0000 0000 0000
0000 0000 0000 0000 0000 0000 0000 0000 0000 0000 0000 0000.
0000 0000 0000 0000 0000 0000 0000 0000 0000 0000 0000 0000
0000 0000 0000 0000 0000 0000 0000 0000 0000 0000 0000 0000.
0000 0000 0000 0000 0000 0000 0000 0000 0000 0000 0000 0000
0000 0000 0000 0000 0000 0000 0000 0000 0000 0000 0000 0000.
0000 0000 0000 0000 0000 0000 0000 0000 0000 0000 0000 0000
0000 0000 0000 0000 0000 0000 0000 0000 0000 0000 0000 0000.
0000 0000 0000 0000 0000 0000 0000 0000 0000 0000 0000 0000
0000 0000 0000 0000 0000 0000 0000 0000 0000 0000 0000 0000.
0000 0000 0000 0000 0000 0000 0000 0000 0000 0000 0000 0000
0000 0000 0000 0000 0000 0000 0000 0000 0000 0000 0000 0000.
0000 0000 0000 0000 0000 0000 0000 0000 0000 0000 0000 0000
0000 0000 0000 0000 0000 0000 0000 0000 0000 0000 0000 0000.
0000 0000 0000 0000 0000 0000 0000 0000 0000 0000 0000 0001
0000 0000 0000 0000 //// 0000 0000 0000 0003 0010 0002 0010.
0004 0002 0001 0000 0001 0000 0000 0001 0000 0000 0001 0002
0000 0000 0000 0000 0000 0000 0000 0000 0000 0000 0000 0000.
0000 0000 0000 0000 0000 0000 0000 0000 0000 0000 0000 0000
0000 0000 0000 0000 0000 0000 0000 0000 0000 0000 0000 0000.
0000 0000 0000 0000 0000 0000 0000 0000 0000 0000 0000 0000
0003 0000 0000 0000 0000 0000 0000 0000 0000 0000 0000 0000.
0000 0000 0000 0000 0000 0000 0000 0000 0000 0000 0000 0000
0000 0000 0000 0000 0000 0000 0000 0000 0000 0015 0007 0002.
0011 0027 0009 0004 0004 0006 0002 0001 0001 0000 0001 0000
0000 0000 0000 0000 0000 0000 0000 0000 0000 0000 0000 0000.
0000 0000 0000 0000 0000 0000 0000 0000 0000 0000 0000 0000
0000 0000 0000 0000 0000 0000 0000 0000 0000 0000 0000 0000.
0000 0000 0000 0000 0000 0000 0000 0000 0000 0000 0000 0000
0000 0000 0000 0000 0000 0000 0000 0000 0000 0000 0000 0000.
0000 0000 0000 0000 0000 0000 0000 0000 0000 0000 0000 0000
0000 0000 0000 0000 0000 0000 0000 0000 0000 0000 0000 0000.
0000 0000 0000 0000 0000 0000 0000 0000 0000 0000 0000 0001
0000 0000 0002 0001 0001 0000 0000 0000 0000 0000 0000 0000.
0000 0000 0000 0000 0000 0000 0000 0000 0000 0000 0000 0000
0000 0000 0000 0000 0000 0000 0000 0000 0000 0000 0000 0000.
0000 0000 0000 0000 0000 0000 0000 0000 0000 0000 0000 0000
0000 0000 0000 0000 0000 0000 0000 0000 0000 0000 0000 0000.
0000 0000 0000 0000 0000 0000 0000 0000 0000 0000 0000 0000
0000 0000 0000 0000 0000 0000 0000 0000 0000 0000 0000 0000.
0000 0000 0000 0000 0000 0000 0000 0000 0000 0000 0000 0000
0000 0000 0000 0000 0000 0000 0000 0000 0000 0000 0000 0000.
0000 0000 0000 0000 0000 0000 0000 0000 0000 0000 0000 0000
0000 0000 0000 0000 0001 0000 0000 0000 0000 0000 0000 0000.
0000 0000 0000 0001 0001 0005 0000 0004 0002 0000 0000 0001
0005 0035 0025 0022 0024 0017 0022 0017 0009 0005 0004 0003.
0001 0000 0000 0000 0000 0000 0000 0000 0000 0000 0000 0000
0000 0000 0000 0000 0000 0000 0000 0000 0000 0000 0000 0000.
0000 0000 0000 0000 0000 0000 0000 0000 0000 0000 0000 0000
0000 0000 0000 0000 0000 0000 0000 0000 0000 0000 0000 0000.
0000 0000 0000 0000 0000 0000 0000 0000 0000 0000 0000 0000
0000 0000 0000 //// //// 0000 0000 0000 0000 0000 0000 0000.
0000 0000 0000 0000 0000 0000 0000 0000 0000 0000 0000 0000
0000 0000 0000 0000 0000 0000 0000 0000 0000 0000 0000 0000=
0000 ////////// 00000=
W=
L=
Z=
G=
FN
071021 045021 089026 103026 067010 205031
207022 179025 207024 222020 200019 243022
249023 290012 264012 239021 201027 173017
211020 182016 171030 161034 159036 147067.
149061 151039 035012 028017 073017 220025
239014 209015 173012 200021 205016 254020
249006 262011 241014 232031 239016 231021
206024 201025 165043 172056 157045 144079.
148054 148052 179029 171029 114018 273011
195010 036007 067011 354009 308011 178011
037011 316008 031016 027021 044038 030043
157070 161067 173066 206033 168043 180036.
194060 183048 186045 123026 166065 032009
179025 147048 146033 060011 024018 053028
063049 048032 033052 043046 051044 097055
107027 077087 084079 039058 064081 015019.
048040 023025 049027 280013 296010 234024
220020 219027 187028 184019 185038 233033
251030 293020 259045 259042 294028 242068
244053 240076 228054 222052 232044 219030.
267012 236044 251022 177031 203026 221027
194022 287010 218031 215023 228027 180010
226013 080014 123013 190021 171020 204031
195031 183036 191029 202021 181045 144069.
141073 013014 078014 205023 322013 044005
296005 279013 220018 239015 199017 251015
236024 281017 256029 241049 242030 218027
241034 250028 209030 163034 151050 153049.
157015 024018 059016 042022 165017 239011
232021 318016 182030 245017 243011 207025
////// 261011 302013 022009 048015 344013
020012 040015 166037 185043 171042 188009.
253021 229020 230013 274013 334016 170031
136011 160014 251014 200038 208030 216031
259024 213030 300024 278044 283044 289045
334055 323034 319040 284027 289020 319031.
290017 156042 192041 209032 082012 220012
211017 235026 248017 260011 240018 290007
254018 254019 259019 238034 243037 239029
211047 237032 189036 182047 180052 156059.
158052 210017 169019 258013 273017 194016
299011 315013 023011 065042 070060 057071
060074 039074 041085 056060 050050 037041
038054 040056 016025 038067 059046 063048.
063055 065046 062047 120028 146034 170022
205019 206018 200023 214016 205027 181015
043063 060079 070076 ////// ////// 047031
043014 230013 238020 031004 028014 052031.
025011 059014 038008 167012 218011 262005
165011 PPC000 190009 PPC000 221011 249013
218004 250015 269008 237008 209009 228014
122011 047034 039046 038048 054039 069035.
084037 061018 074028 080027 078043 202015
220016 182015 183019 195023 260006 311008
302013 299011 240010 238014 349010 019015
////// 309017 014008 077006 168010 065011.
145050 149017 051010 094012 058007 236005
173022 158032 097009 127008 154009 295012
052006 041019 051019 342012 339022 227025
186032 072029 133040 126043 127043 117042.
132044 105040 124043 110035 130031 085026
PPC000 290006 036007 144023 099028 105016
094017 054024 095012 038036 038046 036056
045039 047038 043031 040027 037028 038021.
355007 018011 000008 025008 009004 287016
283014 285007 285005 181021 236017 249020
256016 194023 193015 339016 346016 316023
015013 041033 068017 056026 013012 348021.
077013 061010 296006 242010 181020 256065
257056 232033 266064 260044 236062 265040
269059 273040 264051 260032 264036 270022
263059 245061 248061 238045 225036 221039.
238053 208042 230017 239016 225024 237052
211032 222029 041010 054016 234007 200027
204012 244032 218029 247029 273016 288016
229027 158019 203017 202019 158033 169036.
157056 157032 120006 152038 307009 243031
187039 277010 234018 183010 257009 232019
245014 ////// 329019 316013 059013 001013
201026 197030 170039 164043 134049 240017.
141030 155022 145033 179027 125012 049017
025013 205007 206035 204021 225032 257015
271011 227032 238049 214022 204033 201022
243030 264017 251015 227013 259019 263012.
245007 065013 283009 257014 260013 253025
200027 199033 279009 221018 199011 089010
248021 247013 236023 158010 209018 213018
135007 340013 233022 221023 201025 078007.
119040 040008 353011 260016 192031 180014
264004 193036 230011 185024 206021 251018
263017 277008 253015 282009 144014 190028
211031 199028 205029 191021 150035 152038.
152039 142010 171024 194030 267018 184018
246018 207015 244011 201008 162015 264026
239010 337026 268011 047020 171024 007017
047016 043027 064057 101038 085049 077043.
064046 072052 073045 071039 069033 053026
033027 209017 187019 255015 252009 013007
042029 026028 023019 091059 131054 127039
102061 093044 074056 104050 090047 100038.
111026 085022 082028 056018 060026 084029
068031 048020 050026 047005 075038 051035
024026 054026 357017 044023 039030 032045
048076 057047 044035 056027 049023 111012.
170009 081024 219007 089010 075028 359008
016007 PPC000 040020 152009 113011 032017
241023 321018 036020 042049 042061 044065
047063 049071 040066 047045 049047 040041.
048048 048048 061037 078018 015008 354010
PPC000 227014 312008 195021 200025 251018
240014 267020 302012 249021 213042 238029
226032 250028 242033 230030 208037 193041.
180038 149033 172028 193016 237014 227021
216017 159026 253015 195027 236022 258021
261016 238018 250023 283015 260020 262022
289015 223012 201039 193026 183022 161040.
153021 072029 087038 215011 PPC000 281005
202017 174033 206017 210026 220020 227019
239027 238019 ////// ////// ////// 232018
218019 198034 218022 208020 191042 057063.
058085 070070 075050 078038 037023 015014
037027 217017 175024 185018 176017 002009
047016 061034 039030 040055 030052 044048
049045 041038 056057 052059 058050 062039=
069020 050020 088027 115021 064011 203031
209021 180024 205024 223021 199019 249022
245024 279012 261016 260019 203026 176014
222021 182017 176030 162033 163036 148067.
150060 148043 034011 013015 077017 217027
242016 209015 176011 196019 201016 260017
243009 249011 245014 247026 256017 233020
216024 199024 165040 171055 154046 144081.
152052 149053 183028 168027 090014 273011
216010 046006 063011 011010 319012 190010
038010 298010 016016 021022 042040 035043
152061 164063 169069 203036 173040 181040.
193065 184050 190043 115024 158061 049013
174021 149049 143036 049013 033016 056025
060046 050032 035051 043042 054045 096050
100020 077082 082078 042057 062076 018024.
048044 024026 050026 290016 307011 236023
220018 219028 186030 192017 182037 227033
248031 290025 258042 264038 276034 248063
245056 242072 227054 223052 231046 218033.
248017 232041 251023 187028 201031 219025
194022 276011 221033 215024 223026 177011
220013 085014 079014 191019 177022 195032
184030 181034 185029 195021 180045 142070.
142071 069020 077013 206022 325012 009006
338005 286012 219019 247014 207016 243015
231021 278018 259028 243042 249026 220026
232027 247024 210031 167032 153050 152050.
197014 033015 056016 048023 159015 230013
232019 314018 181024 246017 238011 204023
////// 255012 291013 010008 038015 344012
030012 026014 164034 184046 172041 202009.
253019 225021 230015 268014 337016 177029
135013 160016 251015 202039 205030 214029
256024 212028 275023 278041 282045 285047
324048 325038 306033 285030 290021 318031.
297021 159037 188039 207031 087013 224013
208017 236026 249017 286010 239019 276008
251017 258017 260018 259030 232034 242027
209047 237034 190035 181046 176053 154061.
158052 206020 182014 249013 273016 196017
309010 320012 025014 070044 072054 060067
056073 045076 041077 053062 049047 033038
037055 038055 017030 037062 060045 064047.
067055 062047 063044 121025 142032 165022
203020 208020 198022 213018 202026 188014
042062 060078 062078 ////// ////// 049034
040014 230013 236018 031005 006015 055030.
035013 046013 044008 168013 219011 254005
171011 PPC000 185010 PPC000 229010 246012
258007 227017 258009 249010 220012 234015
113011 044037 036044 043050 056039 068038.
081039 065020 075028 079027 078042 196015
217016 181012 189018 192021 246008 298007
307012 309010 244011 255014 337012 011016
////// 311018 003010 097006 173009 051012.
146042 149018 036010 094012 044007 248005
174024 157031 094010 121007 135009 306012
353007 018015 042016 047011 342020 220026
261022 115020 134042 124039 126042 122046.
132044 106041 123045 111039 132033 086030
037005 288007 032006 139024 099028 095019
097018 061024 079014 038035 039043 037051
043040 048039 041034 043027 037026 033019.
004008 025014 014008 016009 015004 295014
288012 288007 PPC000 180020 234014 253018
266015 210020 227012 327016 338016 319023
035016 040030 065016 056029 018016 349018.
089014 066011 301007 238012 184021 258069
257056 235037 263060 257048 238065 271048
268057 271038 267045 263033 269034 270024
263051 243058 245062 236046 228037 221040.
237052 210039 232018 238018 227026 235050
207032 221030 041009 054017 243006 199025
217018 236029 238022 249027 243017 292017
220023 145016 198019 200020 159031 172036.
160054 158036 125007 158037 300010 238029
191039 326008 233018 192010 268008 237016
249013 ////// 320018 310012 039012 008013
202023 212023 169039 162042 137049 243018.
142027 150023 143035 177027 132017 047017
027015 174006 206032 205021 225033 252022
268013 229031 242045 213027 201039 202026
243029 262018 257014 211019 260018 247013.
259008 061012 279010 252014 264013 258022
197026 199031 274012 225022 204012 002010
248017 233012 234022 172014 230017 203016
150015 359013 225024 225021 205023 099006.
123040 060007 339012 270014 189031 191015
287004 192036 235011 185023 204022 250018
264017 287013 259016 256010 181018 189025
212027 206028 204026 191022 149037 152042.
151041 132007 169020 191029 266019 193018
243017 207017 252011 230008 166015 265020
266014 335023 298019 060022 179022 017018
029016 039030 064054 095038 085052 082044.
068052 076054 077044 072041 070031 062025
036028 208018 195017 247015 264008 047008
039029 032029 024023 089058 134048 134047
097053 100038 084057 105046 086048 099040.
110025 085024 086031 059018 064026 085031
064031 048019 059026 089005 071042 057034
021025 054028 011021 044024 054027 034043
047075 056045 044034 049030 049025 103013.
172010 083023 230007 083012 072030 019009
010009 PPC000 045021 133010 102011 031016
244019 316019 037023 043046 045056 043069
045069 047073 040068 044051 049051 039045.
049048 050046 060039 070020 011008 348011
287004 221014 287008 196020 198025 259016
245017 259021 315013 247024 225037 247032
229026 248035 239035 227031 208036 194041.
182037 152035 176025 197016 233014 230022
217017 158026 254014 205026 237023 264021
264017 245016 259020 265018 245020 259019
259016 244015 209039 195029 188022 159034.
160021 071026 086036 216012 342005 295005
202017 175031 201018 219025 214020 233021
243024 234022 ////// ////// ////// 243018
204021 196032 219020 216020 192041 060066.
061081 069072 078053 080039 039022 019015
038026 217016 180021 184018 177017 331009
038015 051034 039035 048054 034051 041054
045045 051028 057062 053057 058050 060040=
071144 1945 082143 1945
088142 1954 105138 1950
085143 2004 110147 2042
106084 1543 118065 1541
075239 1552 105241 1519
071141 1959 076134 1956
074141 2056 090149 2002
064148 1714 078159 1710
054282 1356 082293 1258
062152 1951 073145 1957
103070 0721 128076 0710
088058 1017 109059 1016
056035 1712 070073 1732
053088 2031 059093 2019
060142 2113 076136 1633
053131 2019 087116 2316
034038 1614 042040 1603
085248 0129 113255 0126
057238 2104 064248 2101
056156 2105 065164 2058
053198 1246 064200 1244
041243 0213 053241 0218
046156 1942 054154 1942
072045 1705 106037 1644
069096 1740 088089 1625
075048 1459 087054 1459
087040 1408 114040 1407
056048 2019 070079 2126
050199 1722 058197 1720
070054 1920 086059 1920
089065 2052 116073 2125=
D=
K=
A=
S=
B=
??????
******
YF
O2211
河南省
豫偃师顾县
偃师市顾县镇水厂
平原；城镇；地面
空缺
计算机
计算机
计算机
计算机
计算机
20100617=
JY
8888=
GK
01/
05/=
BZ
BB/08/09时温度用正点前9分钟值代替。
BB/14/15时温度用正点前2分钟值代替。
BB/20/10时温度用正点前4分钟值代替。
BB/30/11时温度用正点前4分钟值代替。
00/343916/1124641
10/24/逐时观测
10/24/24时连续观测
11/不守班=
######
