O2220 3418N 11233E 002941 002941 105 000 S15 91999999919999199999 0 2009 02
P=
TB
0002 0002 0002 0001 0001 0001 0002 0002 0002 0002 0001 0002
0005 0006 0006 0010 0027 0034 0043 0040 0037 0030 0023 0020 0045 1505 0000 0032.
0019 0016 0018 0007 0009 0014 0016 0017 0015 0013 0012 0017
0021 0026 0030 0037 0035 0029 0027 0025 0024 0020 0019 0019 0038 1211 0004 0024.
0019 0017 0017 0016 0018 0018 0017 0017 0017 0018 0017 0016
0026 0033 0043 0056 0059 0073 0074 0080 0070 0046 0031 0029 0084 1423 0014 0722.
0024 0017 0002 0018 -021 -019 -025 //// //// //// //// -042
-006 0036 0055 0088 0090 0109 0110 0113 0099 0074 0047 0028 0117 1452 -042 0804.
0021 0022 0020 0030 0029 0004 0015 0010 0000 0003 0003 0010
0032 0051 0067 0085 0100 0105 0104 0105 0089 0075 0079 0060 0112 1429 -003 0452.
0064 0068 0064 0063 0063 0061 0056 0056 0049 0052 0051 0052
0056 0066 0077 0098 0116 0118 0115 0111 0102 0092 0086 0080 0120 1354 0047 0630.
0088 0084 0092 0078 0075 0075 0074 0072 0073 0072 0073 0075
0082 0086 0087 0088 0090 0092 0090 0089 0082 0076 0072 0071 0094 2228 0071 0326.
0069 0067 0064 0062 0060 0059 0057 0056 0048 0046 0040 0040
0039 0035 0037 0038 0035 0037 0039 0038 0037 0037 0031 0025 0073 2045 0025 1947.
0025 0021 0031 0020 0018 0016 0012 0023 0019 0023 0025 0029
0055 0094 0122 0134 0149 0155 0159 0157 0145 0116 0075 0050 0163 1509 0010 0124.
0052 0083 0055 0032 0013 0012 0011 0014 0014 0017 0000 0027
0079 0109 0138 0159 0184 0204 0218 0214 0194 0143 0113 0106 0220 1519 -013 0633.
0105 0096 0099 0072 0063 0052 0046 0037 0053 0024 0013 0045
0074 0100 0125 0152 0164 0173 0181 0177 0169 0150 0132 0136 0183 1441 0009 0649.
0126 0110 0100 0103 0104 0096 0088 0093 0092 0096 0094 0096
0101 0104 0105 0107 0106 0103 0104 0104 0109 0113 0108 0107 0136 2001 0088 0300.
0102 0091 0090 0094 0090 0089 0092 0116 0107 0112 0100 0110
0123 0133 0145 0172 0188 0192 0188 0179 0146 0121 0108 0102 0197 1409 0083 0154.
0104 0090 0085 0085 0095 0094 0091 0085 0078 0075 0078 0077
0080 0096 0103 0113 0121 0120 0134 0131 0127 0111 0099 0090 0135 1504 0074 0627.
0084 0081 0082 0085 0077 0081 0080 0083 0083 0090 0083 0082
0076 0065 0067 0064 0070 0068 0069 0060 0055 0046 0043 0037 0098 0631 0037 2000.
0030 0027 0027 0026 0023 0021 0020 0021 0023 0023 0023 0025
0033 0043 0047 0046 0045 0040 0037 0037 0035 0034 0033 0034 0053 1138 0020 0225.
0032 0029 0027 0024 0021 0020 0019 0016 0012 0014 0012 0013
0016 0019 0016 0018 0022 0024 0026 0025 0024 //// //// //// 0034 2001 0011 0449.
//// //// //// //// //// //// //// //// //// //// //// ////
//// //// //// 0026 0026 //// //// //// //// //// //// //// 0028 1237 0025 1022.
//// //// //// //// //// //// //// //// //// //// //// ////
//// 0022 0053 0075 0090 0086 0091 0090 0087 0077 0071 0063 0093 1441 0009 0913.
0048 0041 0038 0044 0052 0045 0041 0024 0022 0010 -004 0005
0041 0057 0072 0081 0105 0118 0113 0106 0093 0078 0073 0068 0120 1352 -023 0723.
0063 0057 0043 0035 0036 0038 0035 0034 0027 0013 0017 0021
0034 0068 0094 0114 0124 0129 0136 0132 0121 0112 0105 0098 0142 1455 0009 0732.
0093 0083 0078 0065 0062 0051 0058 0065 0061 0069 0082 0074
0075 0073 0077 0067 0062 0060 0062 0059 0058 0054 0052 0048 0097 2001 0046 1937.
0051 0048 0030 0031 0023 0023 0022 0032 0026 0011 0013 0032
0042 0049 0065 0077 0079 0078 0082 0075 0062 0055 0047 0042 0085 1503 0009 0603.
0039 0040 0038 0036 0035 0035 0034 0034 0035 0036 0036 0036
0038 0041 0037 0038 0039 0036 0035 0036 0029 0027 0027 0028 0043 1009 0025 1738.
0024 0024 0024 0024 0022 0023 0022 0021 0014 0010 0013 0014
0007 0006 0008 0010 0001 0000 -005 -003 -002 -006 -006 -006 0029 2005 -006 1750.
-006 -005 -004 -004 -006 -004 -003 -006 -007 -007 -005 -007
-005 0004 0006 0008 0008 0009 0014 0008 0005 0003 0003 0004 0014 1500 -008 0716.
0002 0003 0002 0004 -004 -008 -005 -001 -003 -010 -013 -004
0010 0030 0050 0071 0085 0080 0098 0085 0084 0072 0059 0048 0099 1458 -015 0632.
0043 0035 0031 0026 0026 0025 0012 0005 0008 0010 0015 0020
0030 0040 0071 0082 0090 0097 0096 0108 0105 0091 0068 0059 0112 1532 -006 0448=
I=
E=
U=
N=
H=
C=
V=
R6
0000 0000 0000
0000 0000 0000
0000 0000 0000
0000 0000 0000
0000 0000 0000
0000 0000 0000
0000 0000 0000
0000 0000 0000
0000 0000 0000
0000 0000 0000
0000 0000 0000
0000 0003 0003
0000 0000 0000
0008 0004 0012
//// 0000 ////
0000 0003 0003
0006 //// 0006
//// //// ////
//// //// ////
0000 0000 0000
0000 0000 0000
0000 0000 0000
0000 0000 0000
0000 0027 0027
//// 0009 0009
0000 0073 0073
0001 0014 0015
0000 0000 0000=
0000 0000 0000 0000 0000 0000 0000 0000 0000 0000 0000 0000
0000 0000 0000 0000 0000 0000 0000 0000 0000 0000 0000 0000.
0000 0000 0000 0000 0000 0000 0000 0000 0000 0000 0000 0000
0000 0000 0000 0000 0000 0000 0000 0000 0000 0000 0000 0000.
0000 0000 0000 0000 0000 0000 0000 0000 0000 0000 0000 0000
0000 0000 0000 0000 0000 0000 0000 0000 0000 0000 0000 0000.
0000 0000 0000 0000 0000 0000 0000 0000 0000 0000 0000 0000
0000 0000 0000 0000 0000 0000 0000 0000 0000 0000 0000 0000.
0000 0000 0000 0000 0000 0000 0000 0000 0000 0000 0000 0000
0000 0000 0000 0000 0000 0000 0000 0000 0000 0000 0000 0000.
0000 0000 0000 0000 0000 0000 0000 0000 0000 0000 0000 0000
0000 0000 0000 0000 0000 0000 0000 0000 0000 0000 0000 0000.
0000 0000 0000 0000 0000 0000 0000 0000 0000 0000 0000 0000
0000 0000 0000 0000 0000 0000 0000 0000 0000 0000 0000 0000.
0000 0000 0000 0000 0000 0000 0000 0000 0000 0000 0000 0000
0000 0000 0000 0000 0000 0000 0000 0000 0000 0000 0000 0000.
0000 0000 0000 0000 0000 0000 0000 0000 0000 0000 0000 0000
0000 0000 0000 0000 0000 0000 0000 0000 0000 0000 0000 0000.
0000 0000 0000 0000 0000 0000 0000 0000 0000 0000 0000 0000
0000 0000 0000 0000 0000 0000 0000 0000 0000 0000 0000 0000.
0000 0000 0000 0000 0000 0000 0000 0000 0000 0000 0000 0000
0000 0000 0000 0000 0000 0000 0000 0000 0000 0000 0000 0000.
0000 0000 0000 0000 0000 0000 0000 0000 0000 0000 0000 0000
0000 0000 0000 0003 0000 0000 0000 0000 0000 0000 0000 0000.
0000 0000 0000 0000 0000 0000 0000 0000 0000 0000 0000 0000
0000 0000 0000 0000 0000 0000 0000 0000 0000 0000 0000 0000.
0000 0000 0000 0000 0000 0000 0000 0000 0000 0000 0000 0008
0004 0000 0000 0000 0000 0000 0000 0000 0000 0000 0000 0000.
0000 0000 0000 0000 0000 0000 0000 0000 0000 0000 0000 0000
0000 0000 0000 0000 0000 0000 0000 0000 0000 0000 0000 0000.
0000 0000 0000 0000 0000 0000 0000 0000 0000 0000 0000 0000
0000 0000 0000 0000 0000 0000 0000 0000 0000 0000 0001 0002.
0003 0001 0000 0001 0000 0001 0000 0000 0000 0000 0000 0000
0000 0000 0000 0000 0000 //// 0000 0000 0000 //// //// ////.
//// //// //// //// //// //// //// //// //// //// //// ////
//// //// //// 0000 0000 //// //// //// //// //// //// ////.
//// //// //// //// //// //// //// //// //// //// //// ////
//// 0000 0000 0000 0000 0000 0000 0000 0000 0000 0000 0000.
0000 0000 0000 0000 0000 0000 0000 0000 0000 0000 0000 0000
0000 0000 0000 0000 0000 0000 0000 0000 0000 0000 0000 0000.
0000 0000 0000 0000 0000 0000 0000 0000 0000 0000 0000 0000
0000 0000 0000 0000 0000 0000 0000 0000 0000 0000 0000 0000.
0000 0000 0000 0000 0000 0000 0000 0000 0000 0000 0000 0000
0000 0000 0000 0000 0000 0000 0000 0000 0000 0000 0000 0000.
0000 0000 0000 0000 0000 0000 0000 0000 0000 0000 0000 0000
0000 0000 0000 0000 0000 0000 0000 0000 0000 0000 0000 0000.
0000 0000 0000 0000 0000 0000 0000 0000 0000 0000 0000 0000
0000 0000 0002 0005 0003 0004 0007 0004 0005 0000 0001 0001.
0000 //// 0000 0000 0000 0000 0000 0000 0000 0000 0000 0000
0001 0000 0002 0002 0004 0000 0000 0000 0000 0000 0000 0000.
0000 0000 0000 0000 0000 0000 0000 0000 0000 0000 0000 0000
0000 0001 0004 0018 0018 0011 0006 0007 0004 0003 0001 0000.
0000 0000 0000 0000 0000 0000 0000 0001 0000 0000 0000 0000
0000 0004 0013 0001 0000 0000 0000 0000 0000 0000 0000 0000.
0000 0000 0000 0000 0000 0000 0000 0000 0000 0000 0000 0000
0000 0000 0000 0000 0000 0000 0000 0000 0000 0000 0000 0000=
0000 ////////// 00000=
W=
L=
Z=
G=
FN
285015 300024 295024 315026 298031 300037
312037 311032 293029 297020 321034 307034
321031 314038 313033 325022 333026 330025
331025 328028 322026 311021 321026 320029.
345017 PPC000 298009 010010 323009 283012
307021 276011 312012 018009 347012 PPC001
322009 323014 324016 339020 331025 313027
311030 321021 313023 316021 297019 296014.
326013 318021 311022 346017 275007 306013
277012 113007 001010 256005 237009 158008
127025 121030 119043 130040 136031 139040
131050 131048 128045 106036 120036 118041.
131038 123040 130032 154030 127020 110020
115018 ////// ////// ////// ////// //////
PPC000 228009 147018 229015 252006 044015
152023 147031 126029 136030 126020 PPC000.
PPC000 PPC002 106018 096016 270007 353015
340019 301014 332021 338023 353020 346026
319013 314025 316032 279023 315023 344039
318019 267010 324011 PPC000 127019 088012.
023011 178011 217008 342016 298018 267013
330017 257007 299016 276012 339019 314017
301023 293025 PPC000 PPC000 130043 147065
116075 123070 112073 116065 123054 120040.
125046 123026 139023 300028 332011 275017
290009 334014 352009 317008 PPC001 183005
289010 324017 345018 307007 328013 329014
341016 019013 265023 275012 316012 PPC001.
102018 099017 095020 103019 087023 056017
292008 294006 348022 258024 278017 //////
264016 290009 306024 290042 312035 323024
310023 313031 301020 303011 351023 347034.
318024 348030 322041 283030 331020 003021
023017 315033 350039 351049 334035 311054
314036 314024 334056 320086 307080 292074
292077 298052 322054 342020 001011 090011.
150007 103025 225015 028017 087012 311004
117010 165006 301019 359009 295008 312012
327013 316020 324032 334038 294027 281028
293018 248014 203014 111025 112027 118031.
136028 140033 187013 113023 096026 141004
267009 134003 247018 283003 102011 357015
294014 ////// 242009 119040 144060 122051
120043 113057 120049 121038 117038 157031.
150043 146028 334010 327023 264015 PPC001
359015 337013 350009 332015 317016 344011
324016 314021 308018 303025 298029 308040
318033 321040 ////// 338028 331030 319036.
301026 312034 325034 297056 278035 298042
304059 298101 300067 312065 319032 311055
303062 299041 301041 310064 337053 340022
316040 034029 134052 119050 124049 122043.
116041 119032 121043 119037 118040 123027
143015 084019 330015 307024 317034 045033
202028 224024 237012 323014 029008 352007
278014 077005 138015 166008 130031 098026.
124023 119027 PPC002 PPC000 033010 170006
290013 279007 298020 132016 354015 257021
327028 231018 255023 232036 129015 124018
121039 213025 237023 207014 127022 114032.
123044 111041 120027 120035 133031 116021
120029 131026 117022 132027 133029 129037
130019 120025 137032 133033 133037 115041
128053 141036 128025 127031 147035 133022.
140038 135046 149042 126016 117027 121034
121031 142039 112025 136017 125029 132025
124029 136041 110032 088026 090024 //////
134022 129017 140028 ////// ////// //////.
////// ////// ////// ////// ////// //////
////// ////// ////// ////// ////// //////
////// ////// ////// 129034 144037 //////
////// ////// ////// ////// ////// //////.
////// ////// ////// ////// ////// //////
////// ////// ////// ////// ////// //////
////// 324034 310043 311090 309097 306095
292116 295108 302080 290100 298070 298050.
317031 321026 325036 311038 317047 311053
308058 303051 328056 335016 034013 283013
296016 301014 333021 040016 322013 328024
145023 134078 129080 116076 117068 126082.
121083 120073 109067 136058 121051 123058
123055 125048 153024 PPC000 048011 326008
334016 300019 251012 118015 128030 141037
128052 122058 129056 119036 130048 124031.
110022 114023 173011 284013 269004 030014
339021 289024 348025 336022 158029 100012
291010 264025 019031 107024 098028 202008
086009 PPC000 097019 337011 266006 202006.
038009 310008 115018 123028 138029 139017
108029 106024 213009 118007 015010 125018
123042 144041 122052 127059 121063 122076
129073 126072 118069 131067 126059 130056.
126055 124034 143048 134037 124024 123022
106019 131008 062003 133018 120025 111019
120018 068003 140017 ////// 340014 354018
345020 326023 357031 346021 301025 241019.
336011 ////// 097046 099026 124031 013022
301027 018022 133036 166022 140014 131025
122020 044019 308016 312029 299024 263012
341027 301023 303025 342014 307008 299013.
307020 323015 294011 307012 320020 292013
314011 288007 323006 PPC000 227008 126011
120009 109012 146019 146026 138017 091006
PPC001 290008 307017 330014 321015 293007.
332010 006006 PPC000 282008 316011 PPC000
082009 338013 343043 335012 301027 319026
346024 ////// 317033 295035 305025 353033
326020 350020 043015 116005 099053 116048.
120039 123035 121035 126025 128024 147025
063014 158013 156011 091005 311017 343020
286013 293014 328018 337027 337014 299021
067015 130007 117023 134026 127038 116037=
285015 292021 301022 306029 303030 299034
309038 313032 295028 298023 321030 299033
319023 316035 311032 322025 332026 330019
336024 323032 320025 313021 322027 322027.
338017 336005 287009 007013 313009 276011
305025 281013 317011 025010 346012 351005
329010 321013 324018 345018 333025 316025
311028 315019 314026 314025 302016 294016.
311016 325019 302021 342015 274010 294008
276013 127005 352010 274010 227010 146004
127026 122035 118041 131037 137030 139038
130049 124052 128050 106033 121035 118039.
131038 122037 129033 151027 128022 111018
118010 ////// ////// ////// ////// //////
PPC000 240008 144020 225014 236011 112011
149024 138027 131035 138027 124023 215003.
PPC000 PPC002 095010 095019 263009 354014
340020 308015 333022 338023 354019 349027
321015 309028 320030 299020 316029 339036
323021 268011 321018 PPC000 131025 091013.
003014 185009 224014 345009 296015 267011
328018 256008 298015 277015 339015 309017
301019 293021 321005 346005 136040 137063
114076 120068 112064 117066 120056 122039.
124049 135024 140025 300027 334013 274015
293009 334013 350010 305008 359003 202006
288009 320016 344018 325007 325012 328012
342018 023014 266022 269012 316010 212006.
112013 098024 098016 103018 083022 066015
192004 271004 347020 269019 278018 //////
262016 291012 301021 289044 310034 324024
312025 308031 301018 303013 349023 348034.
325019 352027 323040 286028 325025 355019
017017 319031 352033 351046 333033 312050
319033 321029 334052 318082 306072 301073
299070 297058 322051 341020 355005 091011.
142006 101027 218012 021010 098003 356004
108011 209005 302023 338007 342005 291015
325017 319021 326030 332031 298025 287021
297020 248015 210015 112027 111025 116032.
134030 142030 188018 116023 098025 151006
271008 PPC001 264015 289005 105008 003014
294010 ////// 279014 129034 140051 123052
121044 114060 118052 120038 116034 156032.
147038 146026 348007 321018 259008 324007
356015 330015 346010 338016 316016 331011
321017 320021 306019 301022 298030 308043
314036 320042 ////// 335034 328024 318034.
301026 309033 329038 296058 283035 298043
304054 298100 299062 308058 315034 309048
301056 300050 299044 310055 332042 301030
310048 033020 134051 122048 124050 120042.
117038 120032 123042 123037 115038 122025
131024 107014 331014 307025 298031 020030
207027 221017 230014 334012 018009 006009
265008 079005 138016 150010 131032 101026.
124024 114027 108008 218006 041009 201010
322011 256012 282011 170014 357014 260020
321032 241025 250020 232039 150021 134021
127033 196023 218018 229018 129023 117035.
122041 115042 119031 122030 131027 118022
121025 128023 118020 129029 136032 131036
121020 123028 136030 120031 130040 121046
124048 138038 128030 134030 146034 130021.
137039 141043 145036 127019 119035 120032
122035 138033 111025 139016 124025 131025
125029 131036 116031 098020 102019 //////
133018 132017 137024 ////// ////// //////.
////// ////// ////// ////// ////// //////
////// ////// ////// ////// ////// //////
////// ////// ////// 130023 138037 //////
////// ////// ////// ////// ////// //////.
////// ////// ////// ////// ////// //////
////// ////// ////// ////// ////// //////
////// 324034 312046 309099 313093 304097
294105 296103 303076 291081 296070 299047.
317031 315026 325038 312044 318051 310052
308055 303044 326055 329020 038013 297021
291026 294020 337020 030012 070016 336021
135026 131082 130086 116078 116072 124086.
124082 123072 112064 133054 122050 124055
122051 126047 154031 158004 061013 294003
341021 316020 270006 145013 118023 135043
127051 126054 127050 118038 131044 124027.
110022 114020 174012 287010 248009 027006
336022 284025 347024 335019 156026 091014
286008 267024 009016 108018 098026 203009
084006 329005 099019 337014 271010 186006.
043011 312008 116014 125025 136030 133023
105026 104024 183009 143003 024009 121013
124039 138035 132010 127063 121067 122073
122069 124065 124065 131066 129067 127059.
127050 127035 141040 134035 128027 118020
107018 135009 072007 145014 124021 114019
119018 093004 143015 ////// 341011 351020
348020 332019 354039 002018 312021 231021.
336010 ////// 098053 098025 123031 017025
302027 015019 133038 157030 138012 135022
121017 051018 326019 311028 300028 266017
339021 306022 302023 345016 319008 299010.
308019 316015 291008 306011 320022 291010
308012 313006 307004 PPC000 224005 128009
119011 114011 140018 137024 129019 094007
193005 286008 307017 326015 322014 283005.
343009 014007 PPC000 270008 310009 116003
077008 340013 345041 329014 302026 317025
339025 ////// 315036 306030 305022 348027
324031 352023 041014 091005 093033 116048.
129041 125042 122037 125026 127024 149023
065012 145012 159012 145008 317016 336017
273011 303016 316022 342026 312021 298025
060014 111008 126018 133027 128037 115038=
039308 0258 049304 0211
033330 1743 046318 1734
055128 1543 071127 1536
046123 2041 059135 2043
042125 1837 053298 1352
079118 1502 098098 1457
049123 2058 053118 2102
050319 1225 061321 1219
086316 1149 109309 1301
040331 1110 049338 1102
062110 1616 083098 1621
052317 1730 063318 1733
101296 0402 118295 0354
044116 2033 062118 0222
046221 1142 056222 1145
052130 1345 067129 1411
049143 2117 061155 2127
042131 1315 052129 1023
110295 1506 149312 1609
090128 1704 114132 1701
087125 2055 104121 2053
032339 0425 046177 0700
080128 1539 096129 1554
062129 2010 083132 2007
056103 2256 068115 2249
029134 1214 033141 1212
048105 1907 062112 1900
049116 2003 063121 2019=
D=
K=
A=
S=
B=
??????
******
YF
O2220
河南省
豫汝阳大安
汝阳县大安工业区
丘陵；地面；村镇
姜发
肖红培
肖红培
肖红培
王国安
肖红培
20090313=
JY
8888=
GK
01/本月平均气温5.4℃,月降水量12.4毫米。
05/=
BZ
BB/04/04-08时所有数据全部缺测。08时温度用正点后4分钟值代替。
BB/08/08时气温、风向风速缺测，气温用内插求得，风向风速按缺测处理。
BB/11/10时气温、风向风速缺测，气温用内插求得，风向风速按缺测处理。
BB/12/17时气温、风向风速缺测，气温用内插求得，风向风速按缺测处理。
BB/17/14时气温、风向风速缺测，气温用内插求得，风向风速按缺测处理。18-20时所有数据缺测。
BB/18/21-11时、14-20时所有数据缺测。
BB/19/21-09时所有数据缺测。
BB/24/12时所有数据缺测，气温用内插求得.降水用分钟降水0.5毫米代替，风向风速按缺测处理。
BB/25/22时气温、风向风速缺测，气温用内插求得，风向风速按缺测处理。
BB/27/10时所有数据缺测，气温用内插求得.降水用分钟降水0.4毫米代替，风向风速按缺测处理。
00/341700/1123200
10/341700/1123200
10/24/24小时连续观测
11/不守班=
######
