O2206 3449N 11233E 001960 001960 105 000 S15 91999999919999199999 0 2012 05
P=
TB
0184 0182 0180 0179 0177 0174 0172 0169 0168 0164 0172 0188
0190 0220 0241 0255 0268 0267 0275 0271 0254 0249 0232 0197 0280 1437 0163 0545.
0180 0183 0194 0191 0183 0188 0162 0159 0150 0151 0167 0213
0250 0272 0282 0296 0305 0311 0312 0310 0289 0271 0249 0240 0319 1354 0149 0439.
0206 0192 0181 0181 0186 0184 0163 0169 0164 0159 0186 0213
0241 0259 0288 0291 0284 0295 0290 0290 0283 0270 0248 0221 0306 1344 0157 0612.
0182 0155 0153 0150 0165 0161 0147 0147 0139 0136 0170 0217
0263 0291 0308 0319 0324 0334 0345 0342 0334 0313 0269 0211 0348 1518 0134 0510.
0190 0184 0172 0158 0151 0172 0166 0157 0153 0161 0180 0210
0253 0286 0309 0327 0334 0332 0327 0323 0310 0290 0266 0248 0340 1340 0150 0429.
0236 0202 0216 0201 0186 0195 0183 0154 0153 0153 0179 0225
0272 0300 0315 0327 0342 0351 0367 0349 0340 0321 0279 0224 0372 1421 0151 0541.
0194 0180 0169 0183 0185 0181 0177 0186 0186 0187 0208 0215
0259 0241 0208 0186 0200 0184 0212 0251 0264 0244 0222 0186 0265 1652 0168 2305.
0165 0159 0158 0153 0152 0151 0151 0141 0143 0137 0160 0194
0218 0247 0255 0268 0282 0292 0298 0302 0286 0272 0254 0234 0303 1449 0135 0538.
0234 0221 0213 0184 0183 0180 0177 0172 0169 0167 0201 0222
0243 0266 0280 0295 0299 0289 0290 0291 0283 0274 0258 0249 0301 1212 0166 0550.
0234 0218 0223 0199 0187 0180 0179 0175 0175 0171 0188 0227
0259 0278 0293 0321 0328 0336 0328 0327 0310 0288 0272 0242 0345 1418 0170 0601.
0238 0205 0201 0195 0187 0178 0192 0205 0202 0197 0200 0209
0223 0235 0247 0259 0251 0249 0247 0232 0217 0212 0209 0204 0262 1211 0177 0203.
0207 0204 0200 0198 0194 0197 0196 0195 0193 0192 0183 0189
0202 0235 0230 0212 0217 0224 0208 0213 0206 0231 0189 0166 0235 1000 0166 2000.
0151 0126 0119 0111 0106 0102 0100 0099 0093 0093 0127 0168
0214 0227 0251 0257 0257 0261 0274 0256 0237 0215 0196 0192 0284 1439 0089 0539.
0188 0184 0186 0195 0189 0185 0170 0164 0141 0131 0172 0198
0227 0243 0276 0291 0304 0315 0319 0291 0281 0263 0213 0176 0324 1453 0131 0554.
0173 0177 0158 0151 0145 0145 0132 0140 0122 0140 0159 0200
0249 0280 0295 0303 0304 0305 0301 0302 0293 0283 0237 0176 0315 1217 0122 0456.
0169 0155 0137 0143 0131 0128 0119 0107 0098 0101 0159 0197
0240 0282 0317 0318 0326 0330 0321 0313 0325 0267 0247 0228 0333 1348 0097 0457.
0214 0185 0144 0136 0139 0135 0131 0128 0109 0119 0161 0202
0260 0276 0299 0325 0338 0347 0348 0345 0324 0309 0262 0206 0361 1415 0103 0524.
0189 0177 0180 0183 0180 0166 0162 0165 0158 0166 0206 0224
0234 0261 0265 0281 0297 0294 0279 0282 0279 0273 0247 0241 0302 1251 0157 0454.
0219 0179 0158 0163 0147 0139 0141 0138 0135 0147 0196 0228
0264 0291 0310 0323 0326 0347 0342 0343 0329 0316 0272 0222 0352 1445 0130 0432.
0231 0199 0180 0169 0164 0161 0154 0154 0147 0152 0194 0234
0258 0278 0293 0316 0322 0319 0307 0300 0301 0278 0259 0240 0330 1321 0146 0443.
0225 0196 0190 0191 0147 0143 0146 0150 0149 0168 0169 0192
0202 0236 0244 0244 0237 0242 0248 0231 0228 0223 0216 0210 0253 1030 0141 0137.
0209 0206 0199 0201 0195 0194 0195 0195 0190 0181 0188 0194
0197 0200 0204 0210 0202 0205 0213 0228 0214 0215 0203 0193 0229 1602 0180 0609.
0188 0182 0172 0170 0159 0158 0151 0146 0148 0153 0171 0201
0228 0235 0256 0252 0265 0273 0273 0258 0241 0235 0229 0220 0287 1424 0145 0403.
0216 0216 0212 0206 0206 0203 0194 0191 0186 0170 0180 0192
0210 0216 0259 0265 0267 0258 0253 0255 0246 0252 0228 0203 0279 1239 0169 0606.
0192 0183 0174 0164 0160 0152 0143 0143 0144 0145 0171 0200
0227 0251 0274 0300 0310 0326 0318 0313 0307 0299 0265 0223 0328 1343 0140 0414.
0215 0215 0206 0206 0192 0180 0173 0159 0153 0161 0195 0236
0269 0301 0317 0329 0347 0345 0365 0366 0353 0329 0291 0258 0368 1450 0150 0514.
0233 0215 0211 0196 0184 0163 0162 0165 0165 0174 0209 0243
0289 0300 0316 0332 0353 0365 0370 0365 0356 0335 0296 0252 0374 1458 0161 0241.
0232 0206 0196 0184 0174 0175 0197 0204 0198 0194 0209 0224
0245 0271 0285 0308 0304 0322 0311 0315 0299 0288 0274 0267 0328 1533 0173 0058.
0258 0227 0213 0211 0227 0223 0216 0201 0189 0180 0184 0182
0186 0195 0195 0221 0227 0249 0258 0280 0273 0269 0239 0209 0289 1608 0178 0621.
0183 0166 0167 0154 0154 0148 0151 0149 0143 0146 0187 0201
0227 0255 0264 0284 0295 0305 0311 0305 0295 0280 0258 0242 0314 1445 0131 0531.
0234 0226 0220 0218 0212 0208 0203 0200 0198 0197 0203 0214
0223 0232 0252 0265 0270 0272 0273 0269 0268 0261 0248 0224 0273 1329 0196 0542=
I=
E=
U=
N=
H=
C=
V=
R6
0000 0000 0000
0000 0000 0000
0000 0000 0000
0000 0000 0000
0000 0000 0000
0000 0000 0000
0000 0031 0031
0000 0000 0000
0000 0000 0000
0000 0000 0000
0000 0027 0027
0061 0000 0061
0000 0000 0000
0000 0000 0000
0000 0000 0000
0000 0000 0000
0000 0000 0000
0000 0000 0000
0000 0000 0000
0000 0000 0000
0000 0000 0000
0000 0016 0016
0000 0000 0000
0000 0000 0000
0000 0000 0000
0000 0000 0000
0000 0000 0000
0000 0000 0000
0015 0009 0024
0000 0000 0000
0000 0000 0000=
0000 0000 0000 0000 0000 0000 0000 0000 0000 0000 0000 0000
0000 0000 0000 0000 0000 0000 0000 0000 0000 0000 0000 0000.
0000 0000 0000 0000 0000 0000 0000 0000 0000 0000 0000 0000
0000 0000 0000 0000 0000 0000 0000 0000 0000 0000 0000 0000.
0000 0000 0000 0000 0000 0000 0000 0000 0000 0000 0000 0000
0000 0000 0000 0000 0000 0000 0000 0000 0000 0000 0000 0000.
0000 0000 0000 0000 0000 0000 0000 0000 0000 0000 0000 0000
0000 0000 0000 0000 0000 0000 0000 0000 0000 0000 0000 0000.
0000 0000 0000 0000 0000 0000 0000 0000 0000 0000 0000 0000
0000 0000 0000 0000 0000 0000 0000 0000 0000 0000 0000 0000.
0000 0000 0000 0000 0000 0000 0000 0000 0000 0000 0000 0000
0000 0000 0000 0000 0000 0000 0000 0000 0000 0000 0000 0000.
0000 0000 0000 0000 0000 0000 0000 0000 0000 0000 0000 0000
0000 0000 0002 0016 0006 0007 0000 0000 0000 0000 0000 0000.
0000 0000 0000 0000 0000 0000 0000 0000 0000 0000 0000 0000
0000 0000 0000 0000 0000 0000 0000 0000 0000 0000 0000 0000.
0000 0000 0000 0000 0000 0000 0000 0000 0000 0000 0000 0000
0000 0000 0000 0000 0000 0000 0000 0000 0000 0000 0000 0000.
0000 0000 0000 0000 0000 0000 0000 0000 0000 0000 0000 0000
0000 0000 0000 0000 0000 0000 0000 0000 0000 0000 0000 0000.
0000 0000 0000 0000 0000 0000 0000 0000 0000 0000 0000 0000
0000 0000 0000 0000 0000 0000 0000 0005 0011 0009 0002 0000.
0000 0000 0013 0009 0008 0013 0016 0001 0001 0000 0000 0000
0000 0000 0000 0000 0000 0000 0000 0000 0000 0000 0000 0000.
0000 0000 0000 0000 0000 0000 0000 0000 0000 0000 0000 0000
0000 0000 0000 0000 0000 0000 0000 0000 0000 0000 0000 0000.
0000 0000 0000 0000 0000 0000 0000 0000 0000 0000 0000 0000
0000 0000 0000 0000 0000 0000 0000 0000 0000 0000 0000 0000.
0000 0000 0000 0000 0000 0000 0000 0000 0000 0000 0000 0000
0000 0000 0000 0000 0000 0000 0000 0000 0000 0000 0000 0000.
0000 0000 0000 0000 0000 0000 0000 0000 0000 0000 0000 0000
0000 0000 0000 0000 0000 0000 0000 0000 0000 0000 0000 0000.
0000 0000 0000 0000 0000 0000 0000 0000 0000 0000 0000 0000
0000 0000 0000 0000 0000 0000 0000 0000 0000 0000 0000 0000.
0000 0000 0000 0000 0000 0000 0000 0000 0000 0000 0000 0000
0000 0000 0000 0000 0000 0000 0000 0000 0000 0000 0000 0000.
0000 0000 0000 0000 0000 0000 0000 0000 0000 0000 0000 0000
0000 0000 0000 0000 0000 0000 0000 0000 0000 0000 0000 0000.
0000 0000 0000 0000 0000 0000 0000 0000 0000 0000 0000 0000
0000 0000 0000 0000 0000 0000 0000 0000 0000 0000 0000 0000.
0000 0000 0000 0000 0000 0000 0000 0000 0000 0000 0000 0000
0000 0000 0000 0000 0000 0000 0000 0000 0000 0000 0000 0000.
0000 0000 0000 0000 0000 0000 0000 0000 0000 0000 0000 0000
0002 0002 0004 0002 0001 0000 0004 0001 0000 0000 0000 0000.
0000 0000 0000 0000 0000 0000 0000 0000 0000 0000 0000 0000
0000 0000 0000 0000 0000 0000 0000 0000 0000 0000 0000 0000.
0000 0000 0000 0000 0000 0000 0000 0000 0000 0000 0000 0000
0000 0000 0000 0000 0000 0000 0000 0000 0000 0000 0000 0000.
0000 0000 0000 0000 0000 0000 0000 0000 0000 0000 0000 0000
0000 0000 0000 0000 0000 0000 0000 0000 0000 0000 0000 0000.
0000 0000 0000 0000 0000 0000 0000 0000 0000 0000 0000 0000
0000 0000 0000 0000 0000 0000 0000 0000 0000 0000 0000 0000.
0000 0000 0000 0000 0000 0000 0000 0000 0000 0000 0000 0000
0000 0000 0000 0000 0000 0000 0000 0000 0000 0000 0000 0000.
0000 0000 0000 0000 0000 0000 0000 0000 0000 0000 0000 0000
0000 0000 0000 0000 0000 0000 0000 0000 0000 0000 0000 0000.
0000 0000 0000 0000 0000 0000 0000 0000 0004 0004 0002 0005
0006 0003 0000 0000 0000 0000 0000 0000 0000 0000 0000 0000.
0000 0000 0000 0000 0000 0000 0000 0000 0000 0000 0000 0000
0000 0000 0000 0000 0000 0000 0000 0000 0000 0000 0000 0000.
0000 0000 0000 0000 0000 0000 0000 0000 0000 0000 0000 0000
0000 0000 0000 0000 0000 0000 0000 0000 0000 0000 0000 0000=
0000 ////////// 00000=
W=
L=
Z=
G=
FN
059031 047015 055017 035015 031019 017014
029015 335010 307011 040006 001013 351004
084018 095023 077034 110035 077023 066021
072014 091026 093019 114009 142008 265010.
287006 001003 342007 329011 350008 353013
349007 330009 264007 287011 264009 280004
135009 252011 276008 194023 299015 108016
119016 146016 275017 297009 070007 116007.
012007 254014 267010 264007 311012 345010
291009 PPC000 316010 PPC000 PPC002 065013
023014 102014 189008 299021 054022 070037
040016 086031 046025 037020 081019 155010.
286014 295014 298012 272008 277008 268012
293013 288018 288016 271012 213009 252011
181012 200023 234019 195021 212023 252023
245018 188012 202017 165011 187012 251011.
251017 248013 290012 280013 279011 253017
270020 295009 255013 230014 215012 223019
226020 230020 142017 276021 058017 073017
065027 064028 067023 064029 067023 077012.
046011 357008 020016 353009 331017 346009
PPC000 272014 258008 288011 278009 PPC002
208011 228020 224017 256012 243008 192017
249016 270012 097012 139008 135009 PPC001.
093005 356003 282012 284013 PPC002 295009
279009 296009 332005 132016 059003 230012
050008 287015 275031 266046 263013 289016
295016 223022 220019 201024 206009 315007.
331007 274009 231005 285014 260010 333007
269012 229009 289010 273006 321006 347011
085014 139010 086023 079027 078025 077034
087022 091024 068025 060012 058013 034008.
055016 038009 053009 340006 306010 281012
277008 279008 008006 314010 342011 042009
069022 082007 102025 080020 051019 038014
060021 059018 069020 076015 039015 057011.
047004 293008 327009 306005 270010 271012
299015 299010 278004 272007 275007 226009
204010 283011 308009 202014 175019 141023
124013 110013 097017 093017 110010 178011.
169010 259005 249011 350008 317012 290013
086015 088014 057015 049012 054015 068016
083013 074012 056017 107014 027009 033013
025009 028009 PPC001 003005 302006 311006.
226010 284018 267012 246017 247019 257019
181007 238013 158004 272009 307018 287017
286016 282024 293028 314041 290020 294025
285019 252020 254022 258014 222009 243017.
149005 216015 294015 150013 280015 283010
295011 290012 226006 299011 250019 243008
045006 156012 203017 174016 255015 248022
224023 235015 251011 274021 263019 226012.
308006 229016 272039 226020 317034 253022
208021 206015 251014 281020 228018 245019
249029 298032 294025 239028 194019 236022
256033 305055 296055 296036 285024 278026.
266025 292036 289027 253014 216012 162007
198015 227022 242018 227030 288012 329013
278020 259020 172022 107019 102029 284059
301064 299063 279056 291028 242015 247012.
255017 215008 266012 212011 225019 237014
282011 260015 271016 247011 246041 248038
236032 252030 282038 296070 275076 296068
296073 299057 347011 081041 022015 022026.
336013 323013 357013 283014 287012 288012
263013 284009 284011 243014 252019 253017
222011 033014 315011 251016 229012 199016
178017 137025 126020 160009 PPC002 250007.
317008 326009 061010 332009 319006 339010
341009 291010 347009 332009 014013 353008
289010 199009 056013 052014 120012 073011
094012 059010 078007 034008 166007 217008.
205012 334008 280014 PPC002 352005 284012
296012 285005 271013 247022 234010 288006
266009 260008 128015 111014 123025 161020
139023 136015 173013 197016 191010 277009.
201011 258013 331009 297014 289010 293009
260011 289012 336004 292010 242005 061009
087015 051018 040007 097019 129021 097022
062035 060031 135017 135031 124046 123021.
100016 063009 080008 074010 323010 285015
001009 311010 035008 029015 118012 079020
064022 062018 073030 053019 039013 006016
058029 056034 045026 056024 064017 072019.
065018 050011 043004 342007 054013 007014
009009 350012 307005 254009 313019 311012
319015 321028 338010 330016 338008 330012
250015 205017 233016 249011 237011 234015.
220010 235010 302012 227012 287010 227012
246008 239015 261012 242017 233016 241016
203011 224021 205021 232022 019005 202007
145008 095008 028008 041009 072016 029009.
019009 027011 036014 348014 358026 046019
020010 009007 326008 259008 248009 251007
180008 235011 213015 299013 321021 356017
334019 297026 301024 293017 291009 216012.
251013 273011 244011 285012 233009 223010
283010 279012 212012 212008 248013 249009
280022 224020 177014 270014 251013 187018
182018 153009 159011 177012 199016 254012.
264013 257019 186012 276017 247022 309010
238017 295009 245010 233016 238023 235015
292014 142006 193016 239019 163018 205025
229014 221007 204009 152008 068008 096037.
093025 346009 348009 334017 296011 275014
197006 252014 246013 293011 245009 335005
209022 180007 205021 269018 218022 223015
133018 114026 150014 230013 183014 228010.
233011 293016 041003 349008 007008 325012
007010 018012 347010 017010 066012 074012
062016 059018 100026 093033 068032 112012
204020 129031 137021 130015 098021 105014.
076014 PPC001 323007 286008 352011 338013
326021 300043 297038 290017 277019 285011
298024 286024 221009 208016 190015 226005
290012 287008 164013 161013 150010 155004.
291009 325013 293014 288006 282006 243009
265012 273010 PPC002 290011 228005 061012
075033 110028 078045 075026 108043 102032
079024 074025 074020 090033 079026 069023.
083013 077025 082016 057021 068023 063021
056019 039013 043014 052015 030019 062023
059031 066034 079021 090025 114018 086016
110013 087013 069014 081013 121009 286008=
061026 044017 056017 025016 030017 020013
034015 343011 308011 003004 015013 347004
073018 098031 076031 101034 104022 069025
083018 094024 086019 127010 144009 281009.
300006 332005 352007 330011 343009 011011
343008 328008 255007 285010 261009 309003
146008 229011 248011 207019 284016 148017
133015 160017 257013 292009 087007 127007.
000007 257013 269011 273007 310014 356009
287010 276003 323010 PPC001 024004 065011
032015 102015 212010 306020 068024 062029
054020 076028 044024 048021 082016 148010.
286014 291013 299013 268009 275010 271011
293012 290017 288016 269012 214007 244009
206014 207019 234019 205019 214026 240022
237018 187016 192017 176014 192014 249011.
254016 246014 290012 288013 280012 252017
275020 289010 249012 232018 224013 235020
230020 235020 148017 277018 059016 070018
063030 065027 068022 065025 067025 073013.
051011 002009 011013 350011 331018 336012
PPC001 277013 262008 287011 276009 208004
209013 218018 222018 252016 240011 201016
225014 276012 105011 140010 140009 333004.
062004 018004 293012 284012 223005 298009
278009 286009 023004 154012 245007 220015
311011 280015 270029 266044 257013 302014
295015 222020 215020 202021 203010 314007.
325007 274009 252005 290012 263011 325007
265012 241007 292009 277005 306007 346010
073012 116013 091023 085025 077021 074030
091027 093023 075026 062018 062011 045010.
053015 031009 056009 343007 311009 272012
276008 268008 017006 325008 350010 032011
059018 064009 088020 083015 055018 043018
065022 058020 068021 071016 043015 057013.
066005 296008 333008 297003 267008 278012
292015 299010 298005 281007 273008 221009
200009 267014 318010 240012 160017 153024
130015 109014 095019 094016 107011 174010.
176011 283005 254012 314008 322012 278010
091013 088014 058015 023011 057015 068017
078012 064014 058017 099014 031009 023014
012010 032009 226005 354008 297006 301005.
229010 284017 270013 246015 248022 255019
186008 233015 174005 276011 312019 288017
288017 281024 294025 309038 289019 294023
290019 255017 251021 257015 220010 239015.
167008 217015 292015 175010 287016 281011
287011 287012 252007 295011 247020 251009
328007 145013 204014 194016 257015 248020
224023 237015 253011 276019 259017 232012.
306006 232016 270036 217021 313034 248021
208021 208015 250013 286018 230018 244021
250029 297037 291026 252028 214022 250023
246031 305053 296050 294036 284024 275026.
267027 292035 290028 247013 210011 143007
194015 224023 243018 224030 281014 337010
278019 244016 178021 138019 109026 283058
301058 295058 281053 292031 244017 264013.
251016 220009 251014 202013 241019 239014
266011 261014 270016 250011 245035 246037
237027 253028 274034 295067 279075 292074
290084 298062 344014 083043 032018 027028.
337011 326012 353011 299014 287013 284012
267014 282008 280011 239012 247016 251018
228012 023015 311012 210014 229016 162015
170019 139023 132020 142010 085004 277007.
311008 322007 074009 313008 284006 325010
326009 291011 350008 338008 003013 344008
294008 192009 078011 041013 109011 096011
089012 062010 082009 043008 197006 204010.
205012 327009 284017 338003 034004 291011
293011 249005 277012 250020 222009 272009
264011 157010 106014 093013 141023 173022
136025 144014 175014 197015 195011 272009.
202011 264013 331009 292013 298009 289010
270011 289013 319006 289009 253007 057009
066013 061016 083012 068016 133027 094026
068033 063032 131022 134036 125038 123020.
112014 069009 078008 075010 324010 285015
356009 302010 025008 030014 113011 073017
062025 037017 067028 071019 046016 024018
061029 062032 046025 057023 066017 077018.
067015 052011 010005 346007 030011 012012
027008 359012 343007 252009 313019 305010
315016 318024 332010 330016 352007 332010
256011 204016 233017 245013 236011 229013.
218012 231011 299012 228013 288010 231013
245008 247012 255012 243017 231015 252014
200011 221021 205019 236019 321007 198010
128010 109008 028008 042009 071015 033010.
006010 027011 032014 352013 358029 039019
013011 354006 350006 272009 253008 258007
188008 238014 217015 296012 317019 349016
326019 301024 300026 297018 290009 216012.
253015 279009 246013 286011 227009 221011
280010 280013 216015 221008 248015 248010
278022 218016 197013 242016 253018 187017
186016 155014 180012 178011 194014 256011.
261014 252019 175011 303016 248021 305009
234017 288009 227010 232016 240020 233015
306015 126010 195019 257020 176017 176020
247016 230008 223010 148008 071009 090035.
093024 336011 339010 331017 304011 268012
184005 259013 254013 293012 245009 306004
221017 200009 205017 259017 207019 197017
149016 129020 138016 227016 185014 225012.
234010 294015 045004 349009 348008 320012
354010 029014 004009 023010 062012 070013
058015 053019 089023 093028 071028 097013
203021 130027 142021 130018 102020 103016.
075014 037003 347008 282010 337011 329014
322021 302046 298035 289018 276018 286011
301020 277021 221009 219018 206015 241010
287014 310010 144014 160014 149011 154004.
294010 321013 283013 292009 265004 253010
262012 270010 266004 275011 235006 045011
072033 108028 077045 081033 096039 102032
089028 073027 069025 088033 080026 078025.
078015 080025 083017 057021 067023 058021
057021 038013 037014 049016 036018 066022
062033 068033 080024 095028 104019 093015
103013 087012 079012 073013 123008 293007=
040082 1108 075090 1121
025143 1442 049196 1159
034080 1423 059081 1422
029217 1258 053160 1326
031078 1422 064073 1747
024228 1036 042231 1036
054275 1113 085268 1113
037078 1642 061075 1403
027056 1424 047091 1417
029089 1649 047197 1358
024080 0415 044049 0633
043294 1131 066318 1206
026243 1424 052228 1424
065293 1540 096282 1541
064291 1440 102293 1429
097288 1421 145290 1424
029024 2002 058034 2002
017074 1136 028173 1944
029132 1509 047138 1459
044139 1719 093137 1740
037083 1509 066087 1509
025321 1002 037305 1001
025233 1202 042239 1201
031297 1614 070351 0054
026283 0847 072214 1414
044083 1938 091083 1934
040088 2002 080079 2002
031089 1223 063157 1548
051304 0410 085290 0403
048093 1755 091135 1122
039074 1009 073044 1023=
D=
K=
A=
S=
B=
??????
******
YF
O2206
河南省
豫孟津送庄
孟津县送庄镇梁凹村福温凝聚力小学
平原；城镇；地面
空缺
计算机
计算机
计算机
计算机
计算机
20120613=
JY
8888=
GK
01/
05/=
BZ
00/344849/1123315
10/24/逐时观测
10/24/24时连续观测
11/不守班=
######
