O2205 3455N 11222E 004250 004250 105 000 S15 91999999919999199999 0 2011 02
P=
TB
0017 0015 0010 0009 0003 0006 0007 0006 0001 0001 -008 -009
0013 0034 0055 0071 0076 0074 0083 0082 0070 0048 0038 0032 0089 1507 -014 0733.
0022 0022 0016 0003 -004 -005 -014 -016 -017 -021 -025 -022
0000 0029 0060 0072 0105 0128 0126 0121 0102 0086 0077 0067 0136 1530 -028 0653.
0058 0053 0048 0037 0038 0029 0022 0020 0003 0011 0004 0009
0019 0025 0050 0074 0084 0077 0080 0075 0066 0055 0048 0042 0090 1239 -001 0540.
0038 0034 0016 0010 0008 0005 0004 -001 -002 -006 -009 -002
0016 0039 0062 0089 0113 0134 0128 0126 0109 0092 0069 0060 0139 1427 -013 0722.
0055 0052 0046 0037 0038 0031 0023 0020 0016 0015 0009 0013
0025 0046 0054 0078 0071 0095 0096 0099 0082 0063 0060 0059 0109 1420 0007 0703.
0050 0053 0048 0055 0056 0056 0053 0062 0065 0063 0056 0061
0056 0078 0090 0098 0099 0099 0096 0090 0084 0076 0068 0063 0111 1125 0044 2332.
0058 0054 0047 0042 0036 0039 0036 0035 0028 0025 0023 0026
0033 0046 0055 0073 0092 0105 0117 0106 0092 0081 0067 0066 0123 1516 0022 0623.
0066 0054 0047 0041 0037 0032 0024 0024 0016 0018 0022 0019
0034 0038 0048 0070 0086 0083 0079 0078 0067 0059 0051 0046 0090 1254 0007 0524.
0037 0035 0032 0030 0027 0024 0022 0019 0015 0006 -001 -001
0003 0007 0005 0002 -023 -028 -028 -028 -027 -028 -029 -030 0046 2001 -030 1946.
-030 -032 -033 -033 -034 -033 -033 -033 -032 -033 -033 -031
-028 -013 -002 0018 0030 0041 0039 0036 0024 0007 -001 -007 0045 1422 -034 2218.
-009 -013 -013 -012 -012 -010 -009 -011 -011 -005 -011 -008
0002 0028 0036 0046 0049 0055 0063 0071 0065 0044 0018 0006 0073 1549 -014 2214.
0006 0005 0004 0002 -001 -004 -006 -006 -011 -021 -026 -037
-050 -048 -044 -036 -024 -008 -007 -008 -012 -018 -024 -026 0007 2054 -052 0917.
-032 -028 -023 -022 -021 -024 -024 -028 -030 -024 -026 -019
0006 0015 0024 0028 0033 0040 0042 0041 0041 -001 -026 -038 0049 1454 -038 1958.
-043 -048 -054 -058 -058 -057 -061 -065 -059 -060 -059 -060
-052 -028 -009 -008 0005 -002 0000 -001 -006 -013 -020 -028 0013 1137 -066 0319.
-032 -037 -039 -044 -047 -049 -054 -053 -056 -056 -058 -056
-052 -043 -029 -022 -012 -015 -015 -028 -038 -043 -045 -043 -001 1251 -060 0732.
-043 -047 -040 -038 -038 -038 -038 -039 -039 -039 -038 -035
-023 -005 0013 0032 0042 0062 0062 0059 0052 0035 0027 0019 0067 1454 -048 2158.
0022 0023 0025 0022 0012 0016 0019 0022 0014 0014 0016 0014
0034 0060 0074 0076 0078 0077 0065 0064 0055 0047 0038 0033 0088 1048 0011 0105.
0029 0024 0020 0018 0015 0014 0012 0008 0007 0003 0001 0003
0006 0015 0027 0031 0038 0050 0049 0051 0045 0034 0032 0031 0055 1504 0001 0700.
0025 0026 0011 0013 0013 0009 0001 0006 -003 -012 -009 0000
0011 0034 0055 0074 0086 0092 0075 0071 0064 0059 0054 0046 0092 1359 -012 0557.
0045 0044 0041 0027 0022 0017 0016 0014 0016 0007 0013 0009
0024 0048 0063 0061 0062 0080 0073 0072 0063 0057 0048 0044 0082 1358 0006 0632.
0045 0045 0046 0044 0040 0035 0034 0035 0031 0031 0031 0030
0031 0033 0037 0046 0053 0056 0058 0060 0057 0056 0057 0058 0064 1524 0030 0557.
0058 0058 0057 0058 0057 0055 0057 0057 0055 0053 0044 0049
0062 0077 0090 0113 0117 0127 0140 0123 0117 0103 0090 0090 0140 1459 0044 0657.
0087 0085 0081 0060 0055 0052 0052 0045 0034 0032 0023 0036
0066 0084 0119 0151 0148 0147 0155 0150 0149 0138 0134 0123 0171 1251 0022 0659.
0121 0116 0103 0092 0088 0084 0086 0065 0065 0063 0063 0066
0091 0084 0093 0110 0119 0128 0126 0123 0112 0097 0085 0079 0133 1330 0059 0638.
0069 0068 0068 0067 0067 0064 0060 0060 0057 0056 0052 0051
0047 0047 0045 0041 0036 0041 0049 0049 0044 0038 0036 0032 0079 2002 0032 1957.
0028 0027 0022 0011 0001 -006 -008 -010 -010 -012 -011 -013
-015 -012 -007 -008 -001 -007 -009 -010 -013 -012 -013 -011 0032 2001 -016 0857.
-013 -013 -013 -012 -012 -013 -011 -010 -009 -009 -009 -007
-006 -005 0003 0001 0007 -001 0000 0008 -002 -006 -005 -006 0017 1246 -014 2246.
-007 -014 -018 -019 -021 -020 -021 -020 -021 -020 -022 -020
-018 -020 -020 -016 -019 -012 -014 -015 -018 -020 -019 -021 -007 2100 -023 0434=
I=
E=
U=
N=
H=
C=
V=
R6
0000 0000 0000
0000 0000 0000
0000 0000 0000
0000 0000 0000
0000 0000 0000
0000 0000 0000
0000 0000 0000
0000 0000 0000
0000 //// ////
0000 0000 0000
0000 //// ////
0000 0000 0000
0000 0000 0000
0000 0000 0000
0000 0000 0000
0000 0000 0000
0000 0000 0000
0000 0000 0000
0000 0000 0000
0000 0000 0000
0000 //// ////
0000 0000 0000
0000 0000 0000
0000 0003 0003
0000 0000 0000
//// 0024 0024
0000 0045 0045
0001 0004 0005=
0000 0000 0000 0000 0000 0000 0000 0000 0000 0000 0000 0000
0000 0000 0000 0000 0000 0000 0000 0000 0000 0000 0000 0000.
0000 0000 0000 0000 0000 0000 0000 0000 0000 0000 0000 0000
0000 0000 0000 0000 0000 0000 0000 0000 0000 0000 0000 0000.
0000 0000 0000 0000 0000 0000 0000 0000 0000 0000 0000 0000
0000 0000 0000 0000 0000 0000 0000 0000 0000 0000 0000 0000.
0000 0000 0000 0000 0000 0000 0000 0000 0000 0000 0000 0000
0000 0000 0000 0000 0000 0000 0000 0000 0000 0000 0000 0000.
0000 0000 0000 0000 0000 0000 0000 0000 0000 0000 0000 0000
0000 0000 0000 0000 0000 0000 0000 0000 0000 0000 0000 0000.
0000 0000 0000 0000 0000 0000 0000 0000 0000 0000 0000 0000
0000 0000 0000 0000 0000 0000 0000 0000 0000 0000 0000 0000.
0000 0000 0000 0000 0000 0000 0000 0000 0000 0000 0000 0000
0000 0000 0000 0000 0000 0000 0000 0000 0000 0000 0000 0000.
0000 0000 0000 0000 0000 0000 0000 0000 0000 0000 0000 0000
0000 0000 0000 0000 0000 0000 0000 0000 0000 0000 0000 0000.
0000 0000 0000 0000 0000 0000 0000 0000 0000 0000 0000 0000
//// 0000 0000 0000 0000 0000 0000 0000 0000 0000 0000 0000.
0000 0000 0000 0000 0000 0000 0000 0000 0000 0000 0000 0000
0000 0000 0000 0000 0000 0000 0000 0000 0000 0000 0000 0000.
0000 0000 0000 0000 0000 0000 0000 0000 0000 0000 0000 0000
0000 0000 0000 0000 0000 0000 0000 0000 0000 //// 0000 0000.
0000 0000 0000 0000 0000 0000 0000 0000 0000 0000 0000 0000
0000 0000 0000 0000 0000 0000 0000 0000 0000 0000 0000 0000.
0000 0000 0000 0000 0000 0000 0000 0000 0000 0000 0000 0000
0000 0000 0000 0000 0000 0000 0000 0000 0000 0000 0000 0000.
0000 0000 0000 0000 0000 0000 0000 0000 0000 0000 0000 0000
0000 0000 0000 0000 0000 0000 0000 0000 0000 0000 0000 0000.
0000 0000 0000 0000 0000 0000 0000 0000 0000 0000 0000 0000
0000 0000 0000 0000 0000 0000 0000 0000 0000 0000 0000 0000.
0000 0000 0000 0000 0000 0000 0000 0000 0000 0000 0000 0000
0000 0000 0000 0000 0000 0000 0000 0000 0000 0000 0000 0000.
0000 0000 0000 0000 0000 0000 0000 0000 0000 0000 0000 0000
0000 0000 0000 0000 0000 0000 0000 0000 0000 0000 0000 0000.
0000 0000 0000 0000 0000 0000 0000 0000 0000 0000 0000 0000
0000 0000 0000 0000 0000 0000 0000 0000 0000 0000 0000 0000.
0000 0000 0000 0000 0000 0000 0000 0000 0000 0000 0000 0000
0000 0000 0000 0000 0000 0000 0000 0000 0000 0000 0000 0000.
0000 0000 0000 0000 0000 0000 0000 0000 0000 0000 0000 0000
0000 0000 0000 0000 0000 0000 0000 0000 0000 0000 0000 0000.
0000 0000 0000 0000 0000 0000 0000 0000 0000 0000 0000 0000
0000 0000 0000 0000 0000 0000 //// 0000 0000 0000 0000 0000.
0000 0000 0000 0000 0000 0000 0000 0000 0000 0000 0000 0000
0000 0000 0000 0000 0000 0000 0000 0000 0000 0000 0000 0000.
0000 0000 0000 0000 0000 0000 0000 0000 0000 0000 0000 0000
0000 0000 0000 0000 0000 0000 0000 0000 0000 0000 0000 0000.
0000 0000 0000 0000 0000 0000 0000 0000 0000 0000 0000 0000
0000 0000 0000 0000 0000 0000 0003 0000 0000 0000 0000 0000.
0000 0000 0000 0000 0000 0000 0000 0000 0000 0000 0000 0000
0000 0000 0000 0000 0000 0000 0000 0000 0000 0000 0000 0000.
0000 0000 0000 0000 0000 0000 0000 0000 0000 0000 0000 ////
0000 0000 0000 0000 0002 0001 0006 0015 0000 0000 0000 0000.
0000 0000 0000 0000 0000 0000 0000 0000 0000 0000 0000 0000
0000 0000 0000 0000 0003 0013 0008 0011 0007 0002 0001 0000.
0001 0000 0000 0000 0000 0000 0000 0000 0000 0000 0000 ////
0000 0000 0000 0000 0000 0000 0003 //// 0001 0000 0000 0000=
0000 ////////// 00000=
W=
L=
Z=
G=
FN
317118 319149 313114 316154 323092 320131
318132 313099 308073 304084 316043 327038
323054 313080 317050 323060 322067 318081
314113 322102 323099 319090 312058 322051.
313061 303058 296036 326038 276026 318038
307025 304028 303027 304032 300028 315035
323045 299020 262009 259026 009005 019021
354031 324057 331065 323120 310105 317066.
305053 307030 323039 329049 318026 030007
PPC002 PPC000 277010 317036 323028 315016
318017 321011 297011 232022 061009 084020
071024 098016 120013 127032 094032 089026.
078020 082022 330010 325009 341008 302012
349012 018010 313024 305019 311020 319035
301029 290016 291019 323065 320054 328046
336083 323083 320073 330066 081053 076050.
080037 076054 080049 095032 072039 084035
089028 077036 072030 074028 048027 054034
033013 323008 078008 323016 325018 328018
359006 261005 292013 281040 302048 301047.
303031 308036 320037 323041 315056 315055
312053 323054 312051 323066 323030 336030
095035 077013 079024 107023 089040 077023
093033 077044 082041 085032 087025 073037.
086045 083052 093022 074024 085027 069030
085029 070039 074032 076029 070044 058031
065024 094022 093021 349015 320018 289006
325008 010021 PPC000 146017 144024 315010.
120029 085034 101046 084020 079025 049015
042021 048014 053018 055024 084016 034018
084015 083022 099024 093013 067018 081033
114029 078022 084044 103033 094041 081041.
085036 091022 084031 081021 084026 085023
077032 096027 107022 116015 074024 073043
////// 074046 086043 082029 096035 089011
166013 051029 055015 068021 081020 064031.
062021 095017 082011 100012 095012 PPC000
PPC000 077004 PPC000 PPC000 150008 PPC000
230017 265021 317023 316028 328032 337020
313016 319006 271010 109028 112035 116023.
111014 097016 110019 095018 289005 185013
221010 237017 267019 237025 290028 318039
317041 327037 323045 310071 323083 311073
316055 316036 316031 211034 078049 090042.
087032 098029 071040 087043 075035 071030
086016 085030 079035 070053 081049 105041
070040 083047 056048 078038 078032 067032
062031 075032 063024 067025 067010 054015.
037015 042019 314015 322015 304034 320029
286024 239035 233032 295065 316047 306053
323110 323155 312167 316179 319161 314150
314133 318144 308109 124040 116028 074039.
097027 107021 097015 096017 102016 140011
248011 034011 057015 091016 057015 057017
075022 068011 283011 204005 061019 089031
083025 068023 075021 100030 090025 108031.
079032 093032 064031 057047 059036 060031
057026 060029 054030 089028 059029 069021
089033 063029 058013 099009 156010 150012
221013 204015 PPC000 PPC001 150003 PPC000.
300009 257016 302017 304012 267009 274009
298019 271015 294015 237016 239020 230012
240014 292017 307018 329015 323013 323018
324013 316013 190017 146014 163020 271013.
202003 359022 002016 327025 322026 307028
302047 310051 310038 323042 323032 323027
144023 103009 003013 087031 060022 069014
086023 099020 079029 088032 095035 085049.
083050 088042 091026 079028 074024 087014
083021 073033 085024 092030 093026 079031
091026 087023 109021 081015 073018 091014
034011 135015 274005 111009 116019 087019.
093020 084021 032010 031013 330009 359008
323012 034006 304013 305016 315020 308017
013006 321012 331011 323017 339011 341023
066015 074022 093022 120023 120028 112024.
081022 086018 073016 048008 351012 323009
316012 322008 329008 327012 327016 307008
338012 033009 323011 055013 094021 058011
071023 100020 091031 096024 086029 090021.
073032 077035 093028 089022 093021 080016
072027 082029 080024 078025 075028 086024
097024 087031 094027 083024 343006 079020
////// 084010 100016 075020 084024 075030.
087024 074019 078022 098022 095018 034021
055025 049022 053017 068014 330008 298009
322007 307015 303030 319038 311043 304022
251024 211030 155009 148029 195024 204036.
210039 211051 211051 276025 329018 323011
267015 311018 301017 323015 309018 316014
326021 310011 302015 210026 039017 079028
081027 073026 145012 109025 081029 064017.
069024 053029 035021 338017 338011 325020
323013 291021 287025 323028 321034 323022
039033 092044 081031 100022 078041 080039
079040 089025 097036 091033 068019 085040.
095023 084030 073030 086034 088032 086026
053012 075030 080030 106036 087030 077027
077038 045027 087032 110025 076030 091034
085045 109024 073045 088025 080038 076026.
089033 083043 078030 079036 082052 091041
088024 083028 099035 072044 073015 //////
074047 095028 072018 076026 115018 090027
298006 010004 083012 128014 062008 059010.
PPC002 104004 PPC000 299013 286005 PPC000
302009 303010 PPC000 PPC000 140012 209016
153019 059009 210006 072014 082009 079007
111013 132008 078012 110014 077010 077009.
098015 109020 071019 PPC002 049011 PPC000
028006 PPC001 PPC001 PPC000 126014 106012
152018 058013 150008 PPC001 065007 020006
PPC001 139012 095008 081011 PPC000 PPC001=
314129 312151 315116 314149 324098 325123
316126 314112 309070 302083 313052 330039
326050 316094 314056 322063 320062 313087
316109 325099 324098 320087 312054 315044.
312060 307058 285034 322043 291031 322031
303024 299025 299027 300030 298027 305029
326037 299022 262009 268029 339007 018021
354028 331057 329066 325123 314106 316073.
305046 307026 325038 330043 342029 029007
035003 PPC000 295011 315036 328027 314018
318017 317017 281008 217023 005011 076018
081019 094017 114013 127031 096034 088029.
079022 078023 332008 320010 340010 305010
338010 357012 312023 318025 313020 323038
301026 291019 284022 320074 321055 327046
335084 325082 322076 330071 081050 074052.
082040 076054 078047 097035 074036 081044
081031 077035 070028 079027 054031 051029
033016 329011 131003 334009 327015 324022
330012 243010 282012 280035 298045 301048.
306032 303041 321036 323042 315052 317053
313047 319055 317052 317054 325037 330031
094034 101014 087021 092021 088036 088034
090028 086037 080036 096030 088029 084036.
089045 092044 094025 078025 079021 062028
085029 066030 076032 081025 070038 056031
076018 101019 092018 029016 331012 298012
324012 013018 PPC001 150017 146022 323012.
120021 093033 094042 086020 077025 041018
038018 045015 047014 055021 081015 040014
066013 087022 089022 078014 086016 089033
106026 083033 087042 092043 092040 083036.
080037 080025 088028 076017 084029 084026
075026 084021 097024 111018 071021 076031
////// 071044 084041 090032 098028 096013
126015 062028 065020 067026 081025 071023.
062019 084014 077010 088012 080012 060003
PPC000 PPC002 PPC000 PPC000 145006 PPC000
226016 283018 314026 313024 327030 326019
296018 311004 251013 119027 113032 116024.
104018 090013 107019 092018 325006 183013
213007 242017 280019 251027 270024 317037
311039 322028 325044 309066 326083 316076
307071 302039 295030 209034 076048 092040.
086037 099032 076035 087038 081030 077027
088021 084028 085036 074041 082042 090043
073041 087050 059051 073039 071033 064031
074032 069030 066026 066022 080014 048016.
034018 038017 321016 323014 304033 319035
260022 275034 239023 275049 311049 307047
323111 321154 314154 319172 314162 316149
317133 317148 312109 097046 115030 079037.
095038 103019 108014 097019 117017 145014
207010 030012 058014 072015 058015 058020
071021 020008 250013 181013 043016 075027
079024 072024 085020 101027 077028 097027.
087028 096027 072033 057040 060037 060031
060025 059028 058027 080029 062029 073020
089031 075026 077016 052010 164011 151011
181010 194014 348003 086005 149005 179004.
302007 278012 299015 303011 263009 269006
297017 261014 294015 243017 243022 237014
262012 289015 305014 335016 307017 327023
323017 313013 207013 148014 165019 290011.
270006 015019 352021 328029 327027 314036
295040 317037 307036 327039 326036 327031
146022 103007 049013 081027 061023 084021
087026 088025 083035 092032 093040 087046.
086046 090042 092026 089023 079021 088020
083021 073028 089030 088029 092028 083031
082031 085024 103027 096019 071024 074014
071014 119011 126008 122012 114017 087019.
094019 085019 031010 023012 351011 016005
328009 007006 303010 305012 313019 306016
342013 326012 319012 325011 326012 337018
074018 087019 092021 116022 118027 107023.
080022 086020 074017 049008 339011 319007
322010 318010 327009 328011 327011 319007
339011 028010 327009 054014 081023 106011
084017 086019 089030 091024 085028 096021.
071033 082030 088027 091018 094022 070016
072026 081026 079024 077023 074027 088025
100018 087031 092027 082025 022009 081019
////// 091012 093018 082020 080024 077031.
085023 083019 083020 095022 087018 035018
049021 050022 054018 066017 328007 308008
314010 309015 311027 318032 314037 290025
265022 214027 132006 149027 189023 196035.
206036 210054 206048 279023 329019 326019
267011 315021 299019 327013 305021 319011
327021 309014 295015 245014 045015 080028
080026 073025 131012 113027 088028 058021.
069024 056028 036022 334016 337012 326020
327016 298022 293022 328027 316030 323018
042031 092032 084029 092023 085046 079036
081028 080028 094029 077025 084018 083039.
085025 085033 082032 084036 083033 085024
064011 078025 090029 093035 088031 071024
083040 067027 087032 176022 083029 083034
078041 087028 079043 056031 075026 088024.
083038 085040 080032 082038 088047 083044
086026 079032 090038 080041 076032 //////
074040 088020 082032 079023 090018 084018
088008 047006 083009 129011 058006 051009.
PPC001 123007 PPC000 299011 270005 PPC000
300006 301012 PPC000 PPC001 145011 202003
146017 081009 163003 079011 085013 076012
090008 155012 081006 096016 089008 069005.
087017 104019 084013 027007 064010 130006
116003 PPC001 304003 PPC002 123013 092007
158014 064010 145007 PPC002 078010 PPC001
084004 113007 098008 086009 PPC000 099004=
151310 2159 166309 0010
125322 1758 152318 1811
071315 2001 072307 2003
094321 1645 108329 1527
057075 2050 075053 2043
065325 0608 079329 0625
049067 0643 065096 2120
061084 1826 083076 1818
059087 1214 088065 1207
033106 1902 049312 1248
090308 1243 107332 1254
057080 0938 079059 0934
177317 1203 209329 1335
045088 2033 069062 2024
044057 0006 058129 2135
024272 0652 039329 1356
058323 0639 076307 0636
049082 2109 077076 2101
028307 0738 038307 0737
032084 1846 044073 1735
039078 2127 046076 2125
039315 1305 050318 1304
054209 2158 063211 2257
058088 1012 089076 1007
047081 1708 089073 1533
059081 2325 104082 2317
022088 1827 033138 1525
025085 2134 036129 2156=
D=
K=
A=
S=
B=
??????
******
YF
O2205
河南省
豫孟津小浪底
孟津县小浪底镇寺院坡村
丘陵；乡村；地面
白凌霞
计算机
计算机
计算机
计算机
计算机
20110504=
JY
8888=
GK
01/
05/=
BZ
BB/02-28/由于河南省大气探测装备中心对区域自动站设备升级，造成本月正点与分钟数据不符，部分仪器最大风、极大风时间错误，所有数据基本不可用。因此，为了保证数据文件的完整性，仅对A文件进行了处理，未处理J文件。
BB/09/09时气温用前后正点数据内插求得。
BB/21/15时气温用前后正点数据内插求得。
BB/26/08时气温用前后正点数据内插求得。
00/345441/1122133
10/24/逐时观测
10/24/24时连续观测
11/不守班=
######
