O2202 3440N 11209E 003735 003735 105 000 S15 91999999919999199999 0 2011 08
P=
TB
0213 0215 0206 0201 0191 0187 0184 0174 0176 0177 0172 0173
0176 0178 0181 0184 0182 0182 0184 0183 0184 0184 0183 0182 0218 2001 0172 0657.
0183 0183 0184 0183 0180 0178 0176 0177 0177 0178 0178 0179
0181 0184 0187 0189 0195 0194 0191 0191 0191 0187 0186 0186 0198 1311 0176 0244.
0184 0184 0183 0182 0184 0185 0186 0186 0187 0185 0188 0206
0222 0231 0241 0256 0261 0270 0284 0285 0284 0278 0261 0244 0290 1623 0182 2343.
0234 0227 0223 0223 0214 0213 0208 0206 0203 0204 0204 0210
0216 0232 0238 0245 0254 0260 0259 0258 0253 0247 0242 0237 0260 1400 0202 0633.
0232 0230 0229 0228 0227 0225 0225 0224 0223 0222 0222 0224
0230 0238 0234 0225 0231 0228 0227 0221 0222 0223 0220 0211 0239 1009 0211 2000.
0209 0207 0205 0205 0197 0193 0191 0193 0190 0191 0192 0194
0202 0221 0235 0246 0252 0258 0263 0264 0262 0262 0253 0237 0270 1447 0190 0242.
0233 0231 0226 0222 0222 0220 0218 0215 0216 0216 0218 0221
0229 0233 0247 0262 0263 0273 0279 0285 0277 0264 0254 0242 0290 1541 0213 0415.
0235 0233 0229 0225 0218 0220 0211 0210 0210 0208 0212 0222
0245 0264 0279 0294 0302 0310 0315 0316 0315 0302 0284 0273 0319 1546 0207 0430.
0261 0255 0246 0241 0238 0231 0229 0226 0221 0218 0223 0240
0265 0290 0297 0312 0324 0334 0340 0340 0331 0328 0299 0286 0342 1533 0217 0544.
0275 0271 0265 0261 0258 0248 0245 0238 0243 0242 0237 0237
0238 0259 0271 0284 0297 0302 0303 0297 0291 0284 0271 0264 0307 1510 0229 0838.
0259 0258 0238 0220 0228 0228 0229 0229 0231 0232 0239 0246
0254 0271 0282 0293 0295 0294 0294 0296 0295 0282 0267 0252 0297 1429 0215 2327.
0251 0246 0241 0238 0240 0236 0230 0232 0230 0230 0234 0245
0255 0267 0289 0301 0304 0305 0306 0307 0300 0294 0282 0268 0312 1536 0230 0257.
0263 0258 0255 0253 0244 0245 0241 0240 0242 0241 0244 0253
0268 0274 0289 0303 0309 0320 0316 0317 0310 0302 0289 0280 0320 1400 0238 0331.
0276 0271 0268 0265 0266 0265 0260 0262 0262 0257 0260 0264
0278 0297 0311 0317 0325 0330 0329 0332 0326 0313 0304 0291 0333 1558 0256 0621.
0288 0284 0277 0274 0266 0263 0259 0256 0256 0252 0258 0267
0287 0304 0321 0336 0339 0349 0341 0336 0332 0320 0304 0292 0349 1400 0252 0600.
0291 0286 0279 0272 0267 0266 0264 0262 0270 0281 0280 0283
0290 0298 0307 0303 0310 0320 0322 0309 0294 0277 0260 0252 0329 1521 0252 2000.
0251 0248 0238 0230 0226 0227 0230 0230 0228 0228 0231 0234
0236 0241 0247 0251 0251 0251 0256 0254 0250 0246 0240 0237 0256 1454 0226 0057.
0234 0230 0224 0219 0215 0201 0193 0192 0190 0189 0188 0186
0183 0184 0186 0190 0194 0200 0201 0202 0201 0199 0197 0194 0237 2001 0183 0834.
0192 0192 0191 0191 0190 0190 0189 0188 0186 0185 0187 0190
0191 0195 0198 0203 0207 0208 0206 0205 0201 0200 0197 0194 0212 1329 0185 0600.
0190 0188 0187 0188 0186 0185 0182 0181 0180 0178 0179 0179
0180 0181 0183 0173 0176 0181 0181 0187 0190 0191 0189 0186 0194 2007 0173 1158.
0183 0183 0183 0183 0183 0184 0182 0181 0181 0182 0183 0185
0183 0183 0183 0183 0180 0180 0178 0175 0177 0177 0176 0174 0186 2001 0174 1950.
0172 0166 0165 0164 0163 0158 0154 0154 0159 0154 0161 0177
0192 0217 0232 0242 0241 0242 0238 0234 0228 0221 0209 0200 0244 1157 0153 0248.
0197 0190 0182 0186 0180 0178 0175 0175 0168 0172 0171 0186
0199 0204 0217 0248 0253 0256 0257 0248 0250 0237 0215 0199 0260 1324 0166 0515.
0192 0187 0183 0181 0176 0175 0170 0171 0166 0166 0171 0182
0201 0225 0254 0263 0271 0272 0278 0272 0266 0248 0231 0214 0279 1455 0165 0620.
0206 0198 0193 0193 0186 0182 0179 0177 0178 0175 0178 0205
0237 0255 0266 0270 0271 0276 0276 0277 0269 0257 0231 0216 0279 1437 0172 0629.
0212 0207 0203 0200 0196 0197 0193 0185 0186 0182 0190 0205
0216 0228 0243 0255 0258 0261 0274 0264 0257 0247 0236 0217 0275 1450 0181 0611.
0212 0202 0194 0189 0191 0188 0190 0186 0183 0189 0189 0201
0213 0233 0253 0270 0275 0281 0281 0274 0268 0260 0231 0214 0285 1430 0182 0504.
0214 0220 0207 0205 0205 0208 0197 0197 0190 0186 0191 0207
0220 0242 0258 0269 0272 0280 0278 0276 0271 0263 0240 0226 0283 1440 0185 0559.
0217 0211 0208 0207 0204 0198 0199 0192 0188 0188 0191 0207
0224 0241 0260 0269 0283 0286 0291 0287 0283 0272 0252 0239 0291 1500 0185 0522.
0233 0226 0224 0215 0211 0204 0204 0204 0196 0194 0200 0216
0233 0253 0270 0273 0292 0294 0298 0297 0289 0278 0255 0242 0301 1452 0194 0559.
0228 0224 0223 0226 0223 0215 0208 0204 0201 0201 0201 0213
0234 0263 0284 0291 0302 0310 0320 0322 0310 0291 0253 0237 0323 1534 0198 0643=
I=
E=
U=
N=
H=
C=
V=
R6
0024 0174 0198
0238 0142 0380
0011 0000 0011
0000 0000 0000
0000 0041 0041
0078 0001 0079
0001 0000 0001
0001 0000 0001
0001 0000 0001
0000 0000 0000
0273 0000 0273
0000 0000 0000
0000 0000 0000
0002 0000 0002
0001 0000 0001
0000 0000 0000
0046 0000 0046
0022 0005 0027
0000 0000 0000
0092 0190 0282
0180 0194 0374
0000 0000 0000
0000 0000 0000
0001 0000 0001
0000 0000 0000
0000 0000 0000
0000 0000 0000
0000 0000 0000
0000 0000 0000
0000 0000 0000
0000 0000 0000=
0000 0000 0000 0000 0004 0007 0005 0005 0000 0002 0001 0000
0000 0000 0021 0002 0024 0089 0036 0000 0000 0001 0001 0000.
0000 0000 0000 0004 0053 0017 0013 0006 0051 0002 0012 0080
0053 0004 0007 0002 0018 0002 0020 0005 0002 0006 0018 0005.
0007 0003 0001 0000 0000 0000 0000 0000 0000 0000 0000 0000
0000 0000 0000 0000 0000 0000 0000 0000 0000 0000 0000 0000.
0000 0000 0000 0000 0000 0000 0000 0000 0000 0000 0000 0000
0000 0000 0000 0000 0000 0000 0000 0000 0000 0000 0000 0000.
0000 0000 0000 0000 0000 0000 0000 0000 0000 0000 0000 0000
0000 0000 0000 0016 0007 0011 0003 0001 0000 0000 0000 0003.
0000 0000 0009 0004 0018 0006 0003 0012 0019 0004 0003 0000
0001 0000 0000 0000 0000 0000 0000 0000 0000 0000 0000 0000.
0000 0000 0000 0000 0000 0000 0000 0000 0001 0000 0000 0000
0000 0000 0000 0000 0000 0000 0000 0000 0000 0000 0000 0000.
0000 0000 0000 0000 0000 0001 0000 0000 0000 0000 0000 0000
0000 0000 0000 0000 0000 0000 0000 0000 0000 0000 0000 0000.
0000 0000 0000 0000 0000 0000 0000 0001 0000 0000 0000 0000
0000 0000 0000 0000 0000 0000 0000 0000 0000 0000 0000 0000.
0000 0000 0000 0000 0000 0000 0000 0000 0000 0000 0000 0000
0000 0000 0000 0000 0000 0000 0000 0000 0000 0000 0000 0000.
0000 0000 0000 0248 0024 0001 0000 0000 0000 0000 0000 0000
0000 0000 0000 0000 0000 0000 0000 0000 0000 0000 0000 0000.
0000 0000 0000 0000 0000 0000 0000 0000 0000 0000 0000 0000
0000 0000 0000 0000 0000 0000 0000 0000 0000 0000 0000 0000.
0000 0000 0000 0000 0000 0000 0000 0000 0000 0000 0000 0000
0000 0000 0000 0000 0000 0000 0000 0000 0000 0000 0000 0000.
0000 0000 0000 0000 0000 0000 0000 0000 0000 0002 0000 0000
0000 0000 0000 0000 0000 0000 0000 0000 0000 0000 0000 0000.
0000 0000 0000 0000 0000 0000 0000 0000 0000 0001 0000 0000
0000 0000 0000 0000 0000 0000 0000 0000 0000 0000 0000 0000.
0000 0000 0000 0000 0000 0000 0000 0000 0000 0000 0000 0000
0000 0000 0000 0000 0000 0000 0000 0000 0000 0000 0000 0000.
0000 0000 0024 0015 0006 0000 0000 0001 0000 0000 0000 0000
0000 0000 0000 0000 0000 0000 0000 0000 0000 0000 0000 0000.
0000 0000 0000 0000 0000 0000 0001 0003 0004 0003 0006 0005
0001 0003 0000 0001 0000 0000 0000 0000 0000 0000 0000 0000.
0000 0000 0000 0000 0000 0000 0000 0000 0000 0000 0000 0000
0000 0000 0000 0000 0000 0000 0000 0000 0000 0000 0000 0000.
0000 0000 0000 0000 0003 0011 0013 0004 0006 0001 0008 0046
0045 0021 0021 0041 0026 0023 0010 0002 0000 0001 0000 0000.
0000 0000 0000 0000 0000 0000 0023 0001 0009 0013 0069 0065
0063 0025 0014 0030 0018 0007 0017 0018 0001 0001 0000 0000.
0000 0000 0000 0000 0000 0000 0000 0000 0000 0000 0000 0000
0000 0000 0000 0000 0000 0000 0000 0000 0000 0000 0000 0000.
0000 0000 0000 0000 0000 0000 0000 0000 0000 0000 0000 0000
0000 0000 0000 0000 0000 0000 0000 0000 0000 0000 0000 0000.
0001 0000 0000 0000 0000 0000 0000 0000 0000 0000 0000 0000
0000 0000 0000 0000 0000 0000 0000 0000 0000 0000 0000 0000.
0000 0000 0000 0000 0000 0000 0000 0000 0000 0000 0000 0000
0000 0000 0000 0000 0000 0000 0000 0000 0000 0000 0000 0000.
0000 0000 0000 0000 0000 0000 0000 0000 0000 0000 0000 0000
0000 0000 0000 0000 0000 0000 0000 0000 0000 0000 0000 0000.
0000 0000 0000 0000 0000 0000 0000 0000 0000 0000 0000 0000
0000 0000 0000 0000 0000 0000 0000 0000 0000 0000 0000 0000.
0000 0000 0000 0000 0000 0000 0000 0000 0000 0000 0000 0000
0000 0000 0000 0000 0000 0000 0000 0000 0000 0000 0000 0000.
0000 0000 0000 0000 0000 0000 0000 0000 0000 0000 0000 0000
0000 0000 0000 0000 0000 0000 0000 0000 0000 0000 0000 0000.
0000 0000 0000 0000 0000 0000 0000 0000 0000 0000 0000 0000
0000 0000 0000 0000 0000 0000 0000 0000 0000 0000 0000 0000.
0000 0000 0000 0000 0000 0000 0000 0000 0000 0000 0000 0000
0000 0000 0000 0000 0000 0000 0000 0000 0000 0000 0000 0000=
0000 ////////// 00000=
W=
L=
Z=
G=
FN
290023 346041 345029 327030 331026 348042
026046 027024 048021 043032 049034 041032
059026 034024 045023 048016 353020 029026
061020 034015 093012 071016 027011 031016.
004013 360013 278011 312018 021024 035024
033023 030016 348015 PPC000 340009 318013
343018 050008 006016 012015 034014 025014
054015 048033 018026 051032 021019 055024.
055029 055019 075029 054014 320018 318021
337018 311015 274015 293006 258015 288010
223011 220027 259016 200026 191016 213016
184017 167027 186026 179015 136012 099013.
062013 149006 073013 042008 112008 063019
072012 097008 008005 264007 239014 246016
287010 214011 231029 201018 234014 287012
152009 097010 108013 078018 059010 124015.
079015 057021 049018 054015 043013 026012
016022 064008 064011 025016 068019 068030
048027 062032 079017 033006 241007 222014
123010 138012 050007 267009 209020 250016.
244016 294015 290006 221016 247024 259028
238024 285013 323032 244013 256024 259014
253014 220019 226036 243036 223021 209016
249017 205013 178016 201005 PPC000 070010.
045036 055025 059026 069011 014017 013015
302010 096004 345015 295005 232008 292005
063012 108016 076021 104025 101025 129017
191011 167009 139013 094021 097015 073009.
058008 093010 066010 248011 262010 275013
263013 247018 245021 277016 258012 253024
252019 253028 218024 241030 206029 228021
177020 178017 202014 148011 151008 126013.
124013 297011 276016 329010 280011 283014
249028 272016 295009 265016 270013 216012
225009 260005 228022 220018 172016 183019
168014 203014 179023 191011 070007 113020.
077011 120023 095015 093022 035008 PPC000
077014 018010 PPC000 008027 013039 023047
063025 076024 112020 079026 063016 064028
100034 058035 070050 057025 058027 049028.
041023 056032 202062 263014 083014 022014
345022 006014 234010 090010 082006 100013
100019 122020 087031 084018 069029 082030
087030 066033 067022 078033 062027 069024.
059022 057019 055011 PPC001 003028 022026
340008 008024 268008 084009 009018 185014
138010 209007 111018 158014 061011 070027
113029 096024 080030 068023 081025 064020.
080016 063017 063019 111008 326008 059011
025010 070011 027017 058010 070007 082009
097019 092014 090025 092017 077025 124009
128016 097018 072014 087021 066020 068018.
059021 074015 082014 PPC000 074015 093009
019003 068005 165004 084010 243012 164005
096023 095025 076021 088025 085022 090031
078023 083031 114023 119020 122025 080026.
104023 104029 075028 071011 073010 135008
309012 074006 056011 137004 303011 253009
214013 242029 213012 153018 083014 062012
096036 114028 124022 146027 114019 110018.
123025 116022 123007 PPC002 242014 261013
259032 252026 274052 271044 277035 272047
278041 271037 287048 260052 263046 269059
271025 079031 073021 071038 064039 068057.
071044 051027 026027 041029 035032 017015
349015 003015 026017 057022 050015 047019
062027 073019 090034 048035 063043 069031
056032 066035 054025 062029 064039 054034.
062035 060042 056046 063036 064043 058038
060054 052033 025026 060035 050047 052038
069053 067028 059019 051023 075032 075039
051027 065021 069043 071031 077028 047019.
067021 073015 108011 061016 080013 046012
037012 061019 054015 098020 078014 047012
060023 058025 060026 068030 087017 105019
070023 063031 061019 083008 062021 077016.
082019 095012 061011 357021 008016 002020
056009 021011 062013 125010 128006 138008
055011 060016 065014 089036 089039 084023
103016 109015 120015 125003 338013 PPC000.
012017 191005 320007 055003 354005 001021
010014 024021 038024 039017 107009 006007
047023 047032 041023 049035 047022 027028
011032 047045 077016 071017 190012 331014.
282011 270022 268019 261023 253022 238019
276010 266018 252020 247011 253007 219010
013024 113016 051020 067015 083018 042015
066014 083023 070019 077010 099009 008006.
004018 225005 179008 359024 309011 203008
350018 352023 221008 332022 267012 349015
015015 203007 164013 154016 100017 108014
084022 151030 172020 129015 068016 099015.
028005 016008 358008 320019 238009 134005
248015 293016 258019 280013 268016 251012
246019 184019 125018 013008 087021 092025
110024 127021 116016 116017 109016 108011.
090016 080017 084018 070020 071019 070014
087014 044008 065006 053010 256006 073012
047012 076024 057029 129029 108020 130030
088031 114030 086026 085036 074018 088015.
083013 089013 078014 068005 065012 072015
053016 PPC000 021005 167006 073011 029016
054018 041026 079032 061032 064032 105029
072038 080022 076034 072027 059017 072016.
063022 064017 061014 036009 344016 353014
359013 008020 237004 348008 285016 174013
326009 009012 085018 043017 106015 109024
136021 090018 080023 073013 076019 068026.
067024 072021 069014 096013 056010 016021
311010 015017 081008 024013 149005 171005
108020 115026 089021 113014 129023 089017
114031 106022 100014 081012 081010 072020.
066021 055013 066015 054013 064012 342007
018018 035009 207010 069011 PPC000 172010
095018 127022 280009 085020 142018 136020
076016 097015 073014 064015 057023 068017.
086009 063018 068014 034017 048004 053008
007016 211012 229011 274011 236010 333009
058007 093019 063026 069018 089021 046011
051014 133015 081020 059017 060021 077026.
078020 065011 070009 352027 347026 PPC001
PPC002 214005 279017 279014 248016 240014
261014 359012 215017 194011 211016 144010
270014 253011 165007 109016 118007 115007=
298024 334037 322026 329029 326027 319041
022045 034023 047021 045031 051035 049032
053025 036020 045020 049014 042019 032024
062020 038015 064011 059017 034011 031014.
324013 347013 279011 322016 016024 033021
039021 037012 310015 PPC001 342009 315012
334016 039008 014018 058017 044015 024014
057017 060029 023022 050032 025020 053024.
058031 057021 075030 057014 324018 317020
334018 312015 270016 286007 258014 276012
244013 222025 245019 208025 221017 182018
197016 173027 190026 171016 138013 092013.
063013 160008 070014 042011 111007 063019
073011 089009 021005 262007 238014 244015
288010 230013 236026 199017 223012 275012
149009 107011 106013 079018 060012 108017.
082016 059020 049018 050015 052013 039013
015022 091007 067011 022017 072018 068024
048027 062030 077017 036007 236008 222014
121010 145012 015008 281009 211019 242017.
249015 295014 290006 222014 247023 259028
237024 272013 325033 233013 254023 260015
248014 217019 227033 236035 232025 211020
236019 210014 179015 210006 PPC000 076011.
053024 057025 060024 068012 012017 014017
296010 145006 323015 295006 228009 263005
069012 108015 088020 107021 106021 125015
173012 195012 140015 099022 097015 084010.
065009 090011 064010 236011 263011 290016
260015 245018 241019 270016 258014 254022
240019 256027 228029 229031 205026 216021
182023 166019 200015 153012 146009 126013.
115011 271013 285018 332012 265011 284014
249027 277017 292010 268017 264014 230013
217008 221007 232021 217017 180019 199016
179015 195015 176020 194010 089008 113019.
076012 115023 095015 105020 049008 PPC001
070014 020009 PPC000 016026 014038 022039
052025 076022 106022 092027 075020 064028
094034 063039 071046 063033 062029 052029.
042027 058030 198056 270011 049010 337014
334023 348014 230010 075011 062007 091014
099017 109017 097027 092020 077030 088032
087032 063031 067025 076033 061024 069024.
062022 058018 050012 085003 280024 025026
288007 011022 261009 075008 009015 180012
111009 186007 131015 120013 061016 075026
100029 098028 081027 069022 080025 067019.
081017 062021 065018 115008 317007 072011
030008 068011 028016 065008 071008 073010
087022 084013 099024 097015 089024 117012
106015 090016 079016 089019 061022 068020.
062019 079014 082014 079003 081015 103009
039004 078005 PPC002 081010 242010 171005
094022 097023 071020 085025 095021 094026
089024 083027 111020 114022 122025 085026.
107023 101027 075027 074012 074010 136008
305014 059006 057011 131004 307010 266009
224016 234026 220012 143013 110017 077011
097036 112030 123022 143026 118019 115017.
128024 120022 110008 034004 239014 266013
261030 250028 268049 268041 275036 272050
276038 276043 286046 261050 266049 271053
285027 070027 068025 072042 064038 072050.
068041 055031 028026 048028 030032 022016
322016 322016 026017 058020 055015 045021
065028 068019 079035 055032 067040 063032
056033 065036 055025 060036 060038 053033.
061034 058042 057043 060043 059047 061037
059051 057039 037030 056036 051042 057039
068046 067030 056024 053027 069034 079033
054028 067025 068035 071031 077025 043022.
067020 068016 094014 062015 072013 052012
056013 053019 052017 098024 079014 046014
051021 053024 060025 072027 084020 107018
067023 061029 063023 088008 065019 079017.
086021 087011 066012 343020 011017 009019
048011 037011 059017 126010 132007 132008
066011 070013 067015 092038 093036 087021
104014 114016 118014 125004 349011 PPC002.
014017 189007 310007 034004 004007 054021
016016 028019 040023 039022 096008 060010
049028 043027 041028 038037 042029 031030
018029 043042 064017 069016 189010 327013.
279011 269021 268018 261024 257022 236018
275010 265018 249020 244014 254008 235009
005020 092016 072021 069018 080018 061018
072016 078020 064019 079011 104010 009005.
358017 230006 204008 298024 283010 128011
314015 300022 253008 330022 255012 295011
337016 171008 164014 136014 085017 106019
092025 148030 181023 129016 073017 094014.
032006 002008 353009 311016 240010 126004
247015 288017 257018 274015 263015 246013
250019 209016 143016 109013 072020 100024
115023 119024 113019 115017 112016 104012.
091016 079016 085019 071021 069018 072016
079015 049008 068007 053011 244004 077011
053016 083026 081021 114028 107026 126032
086030 112031 083030 081031 074018 085016.
083014 085013 084014 062006 066013 069016
057017 PPC001 026006 161005 080010 026015
062020 044028 071031 065030 070031 107028
079032 081030 076036 068024 063019 072017.
062024 063016 062014 047007 315017 320016
015014 038017 202004 291008 275016 192012
278009 350011 081016 051017 098016 126018
125020 106020 076023 074012 076019 068026.
065025 070021 070014 094013 052012 016022
302010 012018 073009 033010 165006 158005
110019 112025 092021 107016 114023 097020
121030 099023 098015 080013 085010 074021.
068020 062011 068015 058015 072012 249007
017017 022010 189008 065011 355003 165010
101019 112022 331011 088021 147017 133023
072019 095018 076016 058016 055022 068017.
085009 065017 071014 038015 068006 058007
332016 241013 232012 269011 243010 068006
053010 088021 085019 104014 113018 060014
059017 125013 082020 059016 060021 074026.
078020 067011 071009 328024 326026 233003
196003 194007 277017 282015 251016 252013
242015 322012 208017 222013 222017 168014
248014 240011 173007 111015 117007 127007=
047026 0325 070021 0305
040064 1541 060063 1539
042069 2034 079074 2208
027232 1101 034238 1057
036078 0943 055069 0925
041327 0452 051252 0229
031056 2227 055032 2100
041241 1040 055235 1039
032274 0333 044173 1444
048023 0803 075032 0812
057201 2301 096195 2259
034077 1453 057097 1448
031082 0844 045092 0843
034116 1907 056122 1833
039096 1457 060086 1506
064274 1117 092283 1034
049072 2001 074074 1834
056058 0102 096040 0057
035083 1224 057071 1224
041096 1157 057091 1154
042043 1600 080032 1556
029091 1148 048104 1144
051104 1521 080108 1522
034085 1442 055077 1340
040091 1709 068083 1704
040086 1604 064086 1553
028089 1636 047103 1630
030125 1459 051100 1517
031085 1421 047114 1419
029064 1925 041040 1350
029340 0048 043150 1347=
D=
K=
A=
S=
B=
??????
******
YF
O2202
河南省
豫新安南李村
新安县南李村镇江村
丘陵；乡村；地面
空缺
计算机
计算机
计算机
计算机
计算机
20120208=
JY
8888=
GK
01/
05/=
BZ
00/344017/1120913
10/24/逐时观测
10/24/24时连续观测
11/不守班=
######
