O2210 3436N 11242E 001570 001570 105 000 S15 91999999919999199999 0 2009 05
P=
TB
0177 0172 0166 0165 0161 0150 0145 0167 0194 0195 0197 0201
0199 0200 0197 0200 0226 0249 0258 0266 0254 0231 0213 0185 0268 1518 0145 0259.
0171 0170 0169 0163 0152 0141 0138 0141 0122 0127 0154 0190
0217 0241 0245 0264 0279 0281 0282 0282 0277 0248 0224 0224 0297 1415 0118 0549.
0225 0220 0218 0213 0194 0151 0134 0118 0119 0113 0164 0179
0203 0226 0252 0295 0306 0310 0314 0308 0283 0257 0251 0245 0319 1611 0110 0517.
0235 0233 0230 0211 0193 0193 0168 0143 0122 0120 0160 0202
0229 0241 0253 0274 0287 0287 0274 0268 0261 0254 0247 0245 0295 1309 0119 0518.
0243 0233 0209 0202 0199 0190 0160 0138 0133 0131 0169 0210
0230 0236 0248 0259 0273 0270 0285 0272 0261 0249 0227 0222 0287 1525 0126 0536.
0209 0207 0209 0192 0165 0153 0138 0135 0130 0123 0165 0203
0223 0241 0250 0269 0283 0297 0301 0289 0279 0265 0246 0237 0305 1437 0122 0549.
0220 0220 0209 0215 0223 0199 0185 0154 0143 0138 0180 0224
0240 0257 0284 0291 0308 0305 0306 0300 0290 0280 0269 0260 0315 1421 0132 0540.
0258 0259 0251 0246 0243 0226 0225 0215 0216 0219 0236 0251
0261 0275 0281 0289 0296 0291 0299 0290 0283 0277 0266 0266 0309 1345 0205 0417.
0264 0264 0263 0259 0250 0246 0226 0217 0208 0208 0216 0231
0233 0237 0256 0255 0274 0278 0277 0274 0264 0260 0244 0235 0284 1409 0207 0605.
0226 0219 0225 0225 0224 0211 0194 0188 0174 0155 0154 0153
0158 0164 0164 0163 0177 0173 0162 0159 0153 0152 0150 0150 0236 2011 0149 1912.
0148 0147 0143 0144 0142 0141 0140 0140 0141 0143 0145 0150
0160 0173 0170 0174 0165 0166 0173 0174 0174 0169 0166 0164 0179 1615 0140 0150.
0164 0164 0166 0168 0171 0166 0167 0161 0158 0159 0179 0201
0222 0249 0260 0267 0268 0272 0273 0270 0261 0235 0211 0208 0277 1222 0155 0524.
0182 0169 0170 0176 0169 0167 0163 0168 0164 0169 0173 0184
0208 0214 0221 0236 0238 0224 0224 0213 0212 0207 0200 0191 0243 1220 0160 0248.
0184 0182 0181 0168 0168 0162 0160 0160 0157 0155 0152 0157
0155 0142 0140 0141 0135 0128 0128 0130 0129 0129 0127 0125 0191 2002 0125 1447.
0126 0126 0124 0124 0123 0121 0119 0120 0118 0118 0120 0119
0120 0125 0134 0134 0143 0148 0158 0163 0161 0160 0153 0144 0166 1604 0117 0452.
0136 0126 0122 0121 0121 0110 0115 0123 0117 0104 0133 0164
0183 0202 0221 0241 0249 0266 0271 0269 0263 0248 0215 0200 0275 1504 0102 0541.
0211 0191 0171 0157 0140 0136 0128 0128 0106 0112 0174 0216
0231 0256 0268 0262 0267 0279 0276 0284 0276 0259 0213 0179 0288 1542 0101 0530.
0179 0179 0177 0169 0162 0149 0146 0155 0162 0160 0173 0193
0248 0259 0254 0275 0291 0301 0294 0291 0281 0258 0212 0184 0303 1404 0145 0209.
0177 0186 0172 0163 0156 0146 0151 0131 0128 0133 0177 0219
0247 0250 0277 0288 0295 0312 0300 0277 0265 0249 0231 0212 0313 1358 0128 0459.
0195 0207 0176 0166 0170 0161 0155 0142 0134 0135 0175 0218
0240 0258 0268 0280 0279 0285 0288 0278 0264 0246 0230 0220 0293 1438 0131 0448.
0202 0196 0166 0162 0156 0150 0138 0135 0132 0138 0170 0199
0225 0232 0249 0256 0269 0281 0291 0292 0288 0270 0255 0240 0300 1514 0129 0506.
0234 0226 0222 0217 0171 0179 0177 0177 0182 0183 0183 0181
0182 0201 0221 0215 0208 0221 0214 0208 0205 0192 0182 0164 0249 2034 0163 1958.
0155 0154 0156 0130 0127 0123 0113 0095 0097 0106 0171 0198
0223 0246 0265 0276 0274 0284 0293 0293 0296 0276 0221 0181 0306 1735 0091 0409.
0198 0222 0210 0214 0209 0156 0141 0131 0122 0131 0181 0217
0239 0260 0254 0265 0277 0276 0283 0275 0251 0244 0230 0219 0285 1449 0116 0533.
0208 0215 0203 0205 0194 0184 0174 0165 0168 0171 0180 0210
0213 0230 0227 0242 0236 0224 0234 0225 0201 0195 0187 0178 0253 1153 0164 0401.
0156 0161 0157 0147 0136 0129 0132 0133 0134 0132 0171 0187
0205 0217 0217 0243 0249 0263 0262 0254 0245 0237 0223 0195 0268 1316 0123 0222.
0174 0161 0154 0145 0147 0142 0150 0150 0156 0171 0192 0212
0231 0227 0228 0216 0220 0224 0219 0202 0194 0188 0179 0171 0231 0857 0139 0136.
0168 0166 0164 0163 0162 0162 0162 0164 0166 0165 0160 0160
0165 0172 0172 0176 0176 0175 0175 0180 0178 0179 0178 0170 0182 1221 0160 0657.
0166 0165 0161 0149 0141 0150 0151 0148 0149 0152 0176 0201
0229 0239 0247 0239 0256 0252 0254 0269 0271 0255 0231 0221 0277 1616 0140 0109.
0209 0199 0183 0176 0162 0163 0155 0147 0143 0139 0189 0227
0250 0273 0276 0290 0301 0300 0311 0306 0312 0295 0249 0199 0321 1547 0132 0538.
0197 0183 0180 0173 0169 0155 0148 0161 0129 0134 0196 0226
0264 0301 0312 0315 0337 0336 0352 0343 0331 0318 0267 0230 0352 1500 0122 0522=
I=
E=
U=
N=
H=
C=
V=
R6
0000 0000 0000
0000 0000 0000
0000 0000 0000
0000 0000 0000
0000 0000 0000
0000 0000 0000
//// 0000 ////
0000 //// ////
0000 0000 0000
0286 0012 0298
0106 0087 0193
0028 0000 0028
0000 0007 0007
0049 0211 0260
0081 0101 0182
0000 0000 0000
0000 0000 0000
0000 0000 0000
0000 0000 0000
0000 0000 0000
0000 //// ////
0065 0001 0066
0000 0000 0000
0001 0000 0001
//// 0000 ////
//// 0000 ////
0000 0022 0022
0042 0078 0120
0000 0001 0001
0000 0000 0000
//// //// ////=
0000 0000 0000 0000 0000 0000 0000 0000 0000 0000 0000 0000
0000 0000 0000 0000 0000 0000 0000 0000 0000 0000 0000 0000.
0000 0000 0000 0000 0000 0000 0000 0000 0000 0000 0000 0000
0000 0000 0000 0000 0000 0000 0000 0000 0000 0000 0000 0000.
0000 0000 0000 0000 0000 0000 0000 0000 0000 0000 0000 0000
0000 0000 0000 0000 0000 0000 0000 0000 0000 0000 0000 0000.
0000 0000 0000 0000 0000 0000 0000 0000 0000 0000 0000 0000
0000 0000 0000 0000 0000 0000 0000 0000 0000 0000 0000 0000.
0000 0000 0000 0000 0000 0000 0000 0000 0000 0000 0000 0000
0000 0000 0000 0000 0000 0000 0000 0000 0000 0000 0000 0000.
0000 0000 0000 0000 0000 0000 0000 0000 0000 0000 0000 0000
0000 0000 0000 0000 0000 0000 0000 0000 0000 0000 0000 0000.
0000 0000 0000 0000 //// 0000 0000 0000 0000 0000 0000 0000
0000 0000 0000 0000 0000 0000 0000 0000 0000 0000 0000 0000.
0000 0000 0000 0000 0000 0000 0000 0000 0000 0000 0000 0000
0000 0000 //// //// 0000 0000 0000 0000 0000 0000 0000 0000.
0000 0000 0000 0000 0000 0000 0000 0000 0000 0000 0000 0000
0000 0000 0000 0000 0000 0000 0000 0000 0000 0000 0000 0000.
0000 0000 0000 0000 0000 0000 0042 0182 0048 0001 0001 0012
0001 0001 0000 0000 0000 0000 0000 0000 0002 0003 0002 0003.
0006 0004 0016 0001 0011 0024 0013 0011 0000 0005 0014 0001
0001 0000 0000 0000 0042 0010 0005 0000 0004 0003 0005 0017.
0017 0008 0002 0000 0000 0000 0000 0000 0000 0000 0001 0000
0000 0000 0000 0000 0000 0000 0000 0000 0000 0000 0000 0000.
0000 0000 0000 0000 0000 0000 0000 0000 0000 0000 0000 0000
0000 0000 0000 0000 0000 0000 0000 0004 0002 0001 0000 0000.
0008 0030 0009 0000 0000 0001 0000 0001 0000 0000 0000 0000
0000 0027 0040 0019 0034 0035 0016 0008 0011 0013 0002 0006.
0000 0002 0002 0008 0019 0011 0025 0002 //// 0012 //// ////
0058 0022 0017 0003 0000 0000 0001 0000 0000 0000 0000 0000.
0000 0000 0000 0000 0000 0000 0000 0000 0000 0000 0000 0000
0000 0000 0000 0000 0000 0000 0000 0000 0000 0000 0000 0000.
0000 0000 0000 0000 0000 0000 0000 0000 0000 0000 0000 0000
0000 0000 0000 0000 0000 0000 0000 0000 0000 0000 0000 0000.
0000 0000 0000 0000 0000 0000 0000 0000 0000 0000 0000 0000
0000 0000 0000 0000 0000 0000 0000 0000 0000 0000 0000 0000.
0000 0000 0000 0000 0000 0000 0000 0000 0000 0000 0000 0000
0000 0000 0000 0000 0000 0000 0000 0000 0000 0000 0000 0000.
0000 0000 0000 0000 0000 0000 0000 0000 0000 0000 0000 0000
0000 0000 0000 0000 0000 0000 0000 0000 0000 0000 0000 0000.
0000 0000 0000 0000 0000 0000 0000 0000 0000 0000 0000 0000
0000 0000 0000 0000 0000 0000 0000 //// 0000 0000 0000 0000.
0000 0000 0000 0000 0039 0023 0001 0001 0000 0000 0001 0000
0000 0000 0000 0000 0000 0000 0001 0000 0000 //// 0000 0000.
0000 0000 0000 0000 0000 0000 0000 0000 0000 0000 0000 0000
0000 0000 0000 0000 0000 0000 0000 0000 0000 0000 0000 0000.
0000 0001 0000 0000 0000 0000 0000 0000 0000 0000 0000 0000
0000 0000 0000 0000 0000 0000 0000 0000 0000 0000 0000 0000.
0000 0000 0000 0000 0000 0000 0000 0000 //// 0000 0000 0000
0000 0000 0000 0000 0000 0000 0000 0000 0000 0000 0000 0000.
0000 0000 0000 //// 0000 0000 0000 0000 0000 0000 0000 0000
0000 0000 0000 0000 0000 0000 0000 0000 0000 0000 0000 0000.
0000 0000 0000 0000 0000 0000 0000 0000 0000 0000 0000 0000
0000 0000 0000 0000 0000 0000 0000 0000 0000 0005 0010 0007.
0000 0001 0002 0000 0001 0000 0003 0000 0007 0004 0003 0021
0016 0011 0009 0009 0006 0008 0016 0002 0001 0000 0000 0000.
0000 0000 0000 0000 0000 0000 0000 0000 0000 0000 0000 0000
0000 0000 0000 0000 0000 0001 0000 0000 0000 0000 0000 0000.
0000 0000 0000 0000 0000 0000 0000 0000 0000 0000 0000 0000
0000 0000 0000 0000 0000 0000 0000 0000 0000 0000 0000 0000.
0000 //// 0000 0000 0000 0000 0000 0000 0000 0000 0000 0000
0000 0000 0000 0000 //// 0000 0000 0000 0000 0000 0000 0000=
0000 ////////// 00000=
W=
L=
Z=
G=
FN
313015 197010 238014 253022 243019 221018
213005 234028 252052 258055 256066 258069
258064 258078 257060 258060 258053 247052
241026 258032 192023 241038 258044 242031.
227031 215025 229036 229034 203005 109012
188013 245018 230011 215012 230018 255011
244015 252015 305013 324010 256013 241009
107011 128012 195015 164027 177049 175055.
180066 173059 159055 179045 229013 270013
225016 192012 283014 231003 241009 247009
134003 138004 294016 240016 244025 208027
250022 219007 194031 157036 146035 155072.
166064 175082 178073 109016 247010 221025
179035 011007 175019 109010 254007 248016
000011 044014 048017 059021 181062 119058
155054 132050 146069 130040 090016 060021.
097039 160031 181012 139033 132019 339010
245012 228018 220019 193008 252009 300012
252011 073013 042025 052035 049032 038038
103039 117041 135033 153028 130030 221011.
033015 005016 344028 160006 317012 239021
211022 174016 207015 241011 203012 354013
309015 014008 359016 044026 100027 161044
103031 166045 149038 150033 136019 166023.
046016 102036 175007 172034 106021 233009
216023 243020 258016 203016 219012 226014
331010 353019 315019 121022 204017 132053
175064 156069 154066 162052 154049 174031.
192054 189069 188057 183037 166052 203035
193047 134015 185042 180040 170048 170047
174069 184065 ////// ////// 158059 168076
169067 163051 165063 182045 183045 189056.
189061 175017 191056 196050 204030 198026
324027 316018 193008 225009 258018 254010
249017 309025 246006 053012 002018 000020
068011 028007 024014 342017 325014 222018.
318021 256023 258026 256030 250014 258049
256051 255059 238033 273028 074007 009017
351012 045039 040021 038026 337016 352018
318029 306027 029014 023017 045010 222004.
318007 310005 044004 PPC002 137004 349008
185005 138011 112007 138006 339006 328014
133013 004011 313018 322013 253021 PPC002
258009 271004 PPC000 169010 224011 211012.
142009 134017 172008 241023 258026 241033
257037 235024 241031 252031 236029 258044
249041 256022 292027 326015 056025 086026
042036 058040 050035 100033 101013 099019.
163011 PPC001 220018 184010 258011 221014
218015 228014 188012 152019 258016 258017
331015 055009 203007 343022 020011 258020
257010 319016 220011 151006 222008 154014.
234017 163004 048024 013009 351012 PPC002
062019 355009 050027 048029 097022 099025
120020 040014 076023 062008 099021 020020
037034 057023 099015 092020 081016 092009.
349017 064012 349004 246013 002007 339016
335005 255009 267006 002017 008015 099012
295015 253011 303020 335008 234004 297016
338012 PPC002 243008 264008 153014 161025.
PPC001 193017 173010 220010 163010 200009
213015 204030 217015 125015 168004 340006
248024 248029 192008 244020 333027 311027
257019 245034 253046 246035 221022 230026.
258052 204028 245025 223023 217021 313004
243019 203014 177019 191020 258028 251026
252032 253013 258018 273007 158008 250015
234009 258024 232018 196008 185014 182022.
210023 233032 228028 227025 237032 230019
238025 203037 248038 236029 237041 254038
286019 254027 255046 258050 254028 253025
258049 256053 254048 251039 237032 234039.
222033 219020 232030 231026 219028 237018
228020 216019 236023 246016 216018 241015
256024 255030 258022 249032 258032 258020
209024 198033 171022 168040 199034 218031.
216023 118015 334010 247007 230016 231012
197015 219005 238014 PPC000 002007 234007
306018 308011 071017 103020 199054 158050
183042 175054 182047 180058 181066 177055.
165011 256011 236011 154019 237008 263017
293025 236014 203019 225013 225010 258034
246026 177010 335018 135012 100020 177014
157009 122020 041017 107005 206013 183007.
111013 PPC001 224014 341016 202021 154035
294030 225024 272035 251042 252044 266049
238033 254052 314008 160009 035012 084007
210014 245030 234028 235025 229022 199021.
202027 211020 218026 037010 269011 254019
212019 310010 222015 217011 242007 257013
281022 253030 293030 254025 090015 112017
170014 139018 256020 115008 201017 206020.
183036 182064 201039 172055 210028 143004
203024 320010 193011 122012 256005 287013
056008 032012 037014 346014 110009 022007
254013 258006 167021 155023 161028 152020.
144018 168021 237017 192033 199031 290008
301014 295020 ////// 119013 247009 024021
065016 117018 056016 054029 067060 103050
100046 098063 095054 100028 108038 101020.
100032 099017 099023 ////// 040008 202014
150009 024013 169016 099003 244007 083011
103019 064024 022023 056024 143013 088016
154025 126030 143031 140018 140017 131019.
154013 188005 133007 137009 112012 258007
193009 128008 059009 073015 235005 031010
146049 112026 121047 100022 133040 099017
PPC000 132025 258013 304011 278008 175005.
239012 245018 206012 206008 273006 241011
210013 258010 PPC002 293015 232021 261016
222011 253017 355018 357022 326016 143010
247008 195010 222008 223009 200015 239015.
253016 216015 213012 196011 278008 228020
224019 246022 265031 238030 250025 258023
258036 255042 256046 258028 244044 258038
258059 255058 258058 251052 248036 251042.
246046 241027 219012 219018 220016 220024
224027 227022 234027 252017 046009 252025
282028 245020 237016 246017 200020 355030
250030 296018 240050 253043 241029 228029.
234043 233038 238031 251021 234031 098012
226015 230021 125006 099009 107003 016012
231021 258043 258039 251017 257025 245019
233042 240030 237034 243033 207026 210027=
338014 219010 223017 253019 246019 216017
PPC002 229023 252053 254052 258068 258073
260063 263072 260059 261055 258046 251039
253026 263033 193024 243035 262040 244031.
226032 215025 230036 230036 271008 113011
181011 243020 226009 211010 230020 249008
257018 273013 324011 314012 281008 224009
118011 115013 205012 156019 176046 173055.
183064 172056 164053 174039 228014 328010
225016 194010 277018 PPC000 236010 248012
023007 111010 325012 264015 254025 228030
239018 229011 188026 157038 142042 163070.
172062 175071 178074 113022 154012 226027
178033 007006 178016 114010 272006 246014
321015 069015 045020 067023 177041 121053
159065 143056 143068 133041 098028 065017.
095035 161035 175012 162024 128026 018009
232009 241019 221018 191009 250010 306012
273008 072013 032017 052030 057035 041041
099032 109048 133034 155021 132028 181014.
048013 035012 353022 078015 315013 238018
213021 183020 209012 248014 205013 330013
332013 005015 023021 050023 109026 163040
117030 167051 148048 156035 140026 153024.
101016 117033 254008 167022 140029 223006
191027 248017 258015 204014 216013 262011
004009 346022 330020 088014 206031 132052
169059 168061 156061 163051 154036 174028.
187064 190069 183058 180044 166050 192029
185041 149022 178039 185041 170048 171055
175070 179064 ////// ////// 163051 170071
174060 163061 170051 179045 181044 188054.
186062 178033 190058 198050 202041 194030
275027 324015 202005 206007 261019 257011
243016 309026 264012 033014 002016 002017
040009 035008 034015 349013 324014 230022.
312018 253021 262027 257033 250015 260050
257047 256057 255033 281026 341022 023022
357012 043031 034023 033019 346015 357020
309030 312026 031016 033019 049010 PPC001.
020007 335006 046006 037005 166006 021006
PPC001 129007 104008 119008 PPC002 334010
128012 343012 315019 313013 279018 059003
262011 299007 021003 160010 217012 214012.
169011 136015 162005 241022 261024 246034
256038 234024 241029 252029 226024 252039
253038 257026 274021 307023 018020 067024
042038 056038 053033 100033 102017 097016.
140009 162007 215018 184010 259009 224014
222015 227015 190012 158022 263012 232011
323011 069007 201006 342021 004013 263018
257008 320017 223011 154005 216010 154014.
235019 227005 055021 035011 012010 315005
063018 007009 050019 051030 085028 100030
111022 038011 081020 075007 092017 028025
040029 064022 099017 091019 071018 096008.
355012 053013 344003 248011 011006 336017
345007 260008 268004 359014 000015 146007
283013 256009 295023 338007 284009 267016
346010 018006 307009 285009 172011 162023.
223004 196012 180013 204010 161010 199005
201017 204029 223015 123012 174004 PPC002
252027 248023 197012 241019 329028 273020
257021 243037 254046 245029 223022 234028.
260055 197024 238020 231022 211019 282006
228018 201014 176017 198021 263023 248023
257035 253020 261019 253010 160011 246013
252007 251021 241017 195008 181013 183023.
211019 235029 228025 224025 235028 231020
237025 206033 246035 236031 235040 254037
292022 255015 254055 260054 250032 248037
260057 257044 257045 250036 239033 235036.
223030 221026 235028 230024 219025 238021
223022 213017 237021 249014 215019 251015
251021 248024 259022 248030 260031 245020
215026 193030 172025 171037 195039 214033.
230019 111017 312010 253006 231014 229011
207014 174007 248016 150007 352006 159004
276016 317013 088018 101019 188049 169053
166047 180056 181059 176056 182058 179062.
165019 213008 257017 160019 264006 278012
292024 237017 201018 223012 223010 266030
249026 151010 346014 131013 084015 136011
152010 126014 049015 097004 214009 240006.
111016 112004 225011 341026 205017 155038
280022 221022 274032 252040 253039 262051
237030 257045 276012 144007 044013 096010
216011 243027 239029 237028 231025 199020.
204027 207022 214027 033008 274009 256019
196014 297008 225014 217014 236006 271015
282017 254030 270027 253021 116013 139010
130016 134012 255018 120006 191018 206022.
183036 183057 202039 170057 195036 072007
201017 302011 196011 130013 250007 280010
058009 047013 048015 345016 114009 026011
259012 251006 166021 155021 163024 154022.
147017 162026 229009 192027 202027 288008
303011 292015 ////// 116010 257012 020016
055020 120018 057023 050028 068048 101056
093040 096050 094049 098029 108045 097017.
097029 095024 090016 ////// 311013 194013
172009 021013 169015 PPC001 243005 065009
104016 070019 025023 020023 086016 064014
153031 124025 150030 135019 138016 132018.
154010 179006 151008 213008 118013 256007
171005 138009 082008 078015 176007 349008
145037 108041 125047 102029 135027 098022
057006 130025 260013 321013 284008 170004.
237010 247017 208011 201010 278008 238009
213011 260009 PPC001 296013 239025 261015
220011 253015 355016 350018 331016 167005
235010 211011 221007 211010 196013 236012.
247014 212016 209016 207008 313005 230020
225019 244023 262029 233025 249024 257022
258036 259041 259041 258034 251041 262049
262057 259062 263056 249047 251035 251041.
246044 240029 219011 220017 221015 220024
222021 228022 236027 243020 040007 255026
284032 253020 237018 248026 218025 337036
253023 263025 241053 250045 244025 229029.
236042 233037 238032 252026 234033 068010
222014 232018 141009 110007 PPC002 002012
259020 258040 258032 240031 245025 226023
242037 247036 246036 239036 208023 207028=
081258 0742 113256 0822
057174 1923 082169 1910
071166 1957 099186 2138
082167 1514 108141 1546
050103 1541 084101 2057
054164 1558 077166 1651
069170 1617 096146 1449
075188 2229 113188 2048
064189 2225 094174 2047
065260 0347 091259 0129
022321 1031 031321 1025
045254 0310 064045 1527
024351 1210 031003 1220
044050 1317 057051 1312
025258 0739 031236 0841
048259 1642 063264 1657
055258 2059 071250 2058
065257 1117 087248 1519
045182 1839 060166 1859
065180 1638 091194 1651
060178 2001 073186 2013
051259 0758 078340 2346
033251 0953 045250 1111
062174 2146 086180 2139
069102 1623 085093 1603
037162 1653 051174 1649
058125 0846 077129 0839
026241 0657 031239 0656
063251 1541 081245 1734
055243 1712 078248 1738
046258 1015 075253 1008=
D=
K=
A=
S=
B=
??????
******
YF
O2210
河南省
豫偃师高龙
偃师市高龙乡原种农场
平原；地面；村镇
马淑玲
仝军峰
仝军峰
仝军峰
王国安
仝军峰
20090718=
JY
8888=
GK
01/本月平均气温为20.4度，降水量为117.8毫米。
02/本月主要降水过程出现在10-15日、22日、24日、27-29日。
05/=
BZ
BB/08/11时温度用正点前9分钟值代替。12时温度用前后正点数据内插。
BB/25/5时气温内插求得。
BB/26/24时气温内插求得。
00/343604/1124153
10/343604/1124153
10/24/24小时连续观测
11/不守班=
######
