O2221 3350N 11218E 010100 010100 105 000 S15 91999999919999199999 0 2011 03
P=
TB
-015 -018 -015 -016 -021 -021 -019 -017 -017 -019 -021 -022
-011 0003 0011 0016 0026 0033 0027 0027 0011 0009 0000 -016 0040 1405 -023 0107.
-021 -023 -025 -026 -022 -009 -029 -034 -034 -039 -046 -036
-007 0013 0019 0020 0031 0028 0037 0029 0026 0012 -005 -018 0052 1534 -046 0700.
-026 -025 -026 -021 -012 -002 0010 0018 0010 0007 0003 0002
0004 0011 0016 0025 0035 0053 0063 0076 0038 0019 0006 -002 0078 1601 -029 2213.
-013 -019 -029 -041 -048 -048 -051 -045 -047 -046 -012 -010
-003 0007 0010 0029 0042 0062 0046 0053 0039 0026 0021 0017 0071 1526 -052 0226.
0015 0016 0010 0011 0013 0006 -013 -020 -019 -013 -019 -010
0026 0047 0067 0071 0096 0084 0079 0073 0071 0062 0053 0040 0105 1303 -022 0407.
0035 0034 0038 0050 0047 0040 0040 0032 0032 0030 0030 0039
0050 0052 0063 0071 0063 0065 0066 0061 0062 0056 0035 0014 0085 1434 0012 1953.
0002 -004 -003 -010 -009 -011 -014 -014 -013 -015 -020 -003
0038 0068 0087 0101 0115 0118 0122 0115 0107 0086 0047 0029 0137 1522 -021 0701.
0025 0015 0011 0009 0006 0005 -001 0005 -004 0004 0010 0065
0000 0000 0000 0000 0000 0000 0000 0000 0000 0000 0000 0000 0115 0116 -007 0505.
0000 0000 0000 0000 0000 0000 0000 0000 0000 0000 0000 0000
0000 0000 0000 0000 0000 0000 0000 0000 0000 0000 0000 0000 0096 0102 0000 2100.
0000 0000 0000 0000 0000 0000 0000 0000 0000 0000 0000 0000
0000 0000 0000 0000 0000 0000 0000 0000 0000 0000 0000 0000 0136 0141 0000 2100.
0000 0000 0000 0000 0000 0000 0000 0000 0000 0000 0000 0000
0000 0000 0000 0000 0000 0000 0000 0000 0000 0000 0000 0000 0140 0140 0000 2100.
0000 0000 0000 0000 0000 0000 0000 0000 0000 0000 0000 0000
0000 0000 0000 0000 0000 0000 0000 0000 0000 0000 0000 0000 0196 0208 0000 2100.
0000 0000 0000 0000 0000 0000 0000 0000 0000 0000 0000 0000
0000 0000 0000 0000 0000 0000 0000 0000 0000 0000 0000 0000 0144 0145 0000 2100.
0000 0000 0000 0000 0000 0000 0000 0000 0000 0000 0000 0000
0000 0000 0000 0000 0000 0000 0000 0000 0000 0000 0000 0000 0115 0117 0000 2100.
0000 0000 0000 0000 0000 0000 0000 0000 0000 0000 0000 0000
0000 0000 0000 0000 0000 0000 0000 0000 0000 0000 0000 0000 0058 0063 0000 2100.
0000 0000 0000 0000 0000 0000 0000 0000 0000 0000 0000 0000
0000 0000 0000 0000 0000 0000 0000 0000 0000 0000 0000 0000 0114 0114 0000 2100.
0000 0000 0000 0000 0000 0000 0000 0000 0000 0000 0000 0000
0000 0000 0000 0000 0000 0000 0000 0000 0000 0000 0000 0000 0138 0138 0000 2100.
0000 0000 0000 0000 0000 0000 0000 0000 0000 0000 0000 0000
0000 0000 0000 0000 0000 0000 0000 0000 0000 0000 0000 0000 0144 0159 0000 2100.
0000 0000 0000 0000 0000 0000 0000 0000 0000 0000 0000 0000
0000 0000 0029 0024 0034 0027 0018 0010 0013 0008 0006 0008 0061 0061 0000 2100.
0010 0011 0008 0008 0005 0000 0000 0000 0000 0000 0000 0000
0000 0000 0000 0000 0000 0000 0000 0000 0010 0000 0000 0000 0028 1602 0000 1753.
0000 0000 0000 0000 0002 0000 0000 0000 0000 0006 0000 0017
0020 0031 0044 0046 0037 0036 0035 0000 0000 0002 0000 0000 0046 1101 0000 2100.
0000 0000 0000 0000 0000 0000 0000 0000 0000 0000 0000 0000
0000 0000 0000 0000 0000 0000 0000 0000 0000 0000 0000 0000 0065 0074 0000 2100.
0000 0000 0000 0000 0000 0000 0000 0000 0000 0000 0000 0000
0000 0000 0000 0000 0000 0000 0000 0000 0000 0000 0000 0000 0085 0090 0000 2100.
0000 0000 0000 0000 0000 0000 0000 0000 0000 0000 0000 0000
0000 0000 0000 0000 0000 0000 0000 0000 0000 0000 0000 0000 0042 0051 0000 2100.
0000 0000 0000 0000 0000 0000 0000 0000 0000 0000 0000 0000
0000 0000 0000 0000 0000 0000 0000 0000 0000 0000 0000 0000 0107 0108 0000 2100.
0000 0000 0000 0000 0000 0000 0000 0000 0000 0000 0000 0000
0000 0000 0000 0000 0000 0000 0000 0000 0000 0000 0000 0000 0132 0135 0000 2100.
0000 0000 0000 0000 0000 0000 0000 0000 0000 0000 0000 0000
0000 0000 0000 0000 0000 0000 0000 0000 0000 0000 0000 0000 0117 0127 0000 2100.
0000 0000 0000 0000 0000 0000 0000 0000 0000 0000 0000 0000
0000 0000 0000 0000 0000 0000 0000 0000 0000 0000 0000 0000 0148 0154 0000 2100.
0000 0000 0000 0000 0000 0000 0000 0000 0000 0000 0000 0000
0000 0000 0000 0000 0000 0000 0000 0000 0000 0000 0000 0000 0148 0158 0000 2100.
0000 0000 0000 0000 0000 0000 0000 0000 0000 0000 0000 0000
0000 0000 0000 0000 0000 0000 0000 0000 0000 0000 0000 0000 0156 0160 0000 2100.
0000 0000 0000 0000 0000 0000 0000 0000 0000 0000 0000 0000
0000 0000 0000 0000 0000 0000 0000 0000 0000 0000 0000 0000 0188 0197 0000 2100=
I=
E=
U=
N=
H=
C=
V=
R6
,,,, 0150 0150
,,,, 0006 0006
,,,, ,,,, ,,,,
,,,, ,,,, ,,,,
,,,, ,,,, ,,,,
,,,, ,,,, ,,,,
,,,, ,,,, ,,,,
,,,, 0000 ,,,,
0000 0000 0000
0000 0000 0000
0000 0000 0000
0000 0000 0000
0000 0000 0000
0000 0000 0000
0000 0000 0000
0000 0000 0000
0000 0000 0000
0000 0000 0000
0000 0099 0099
0007 0003 0010
0003 0080 0083
0000 0000 0000
0000 0000 0000
0000 0000 0000
0000 0000 0000
0000 0000 0000
//// 0000 ////
0000 0000 0000
0000 0000 0000
0000 0000 0000
0000 0000 0000=
0000 0000 0000 0000 0000 0000 0000 0000 0000 0000 0000 0000
0000 0004 0014 0022 0028 0033 0025 0019 0004 0001 0000 0000.
0000 0000 0000 0000 0000 0000 0000 0000 0000 0000 0000 0000
0000 0001 0004 0001 0000 0000 0000 0000 0000 0000 0000 0000.
0000 0000 0000 0000 0000 0000 0000 0000 0000 0000 0000 0000
0000 0000 0000 0000 0000 0000 0000 0000 0000 0000 0000 0000.
0000 0000 0000 0000 0000 0000 0000 0000 0000 0000 0000 0000
0000 0000 0000 0000 0000 0000 0000 0000 0000 0000 0000 0000.
0000 0000 0000 0000 0000 0000 0000 0000 0000 0000 0000 0000
0000 0000 0000 0000 0000 0000 0000 0000 0000 0000 0000 0000.
0000 0000 0000 0000 0000 0000 0000 0000 0000 0000 0000 0000
0000 0000 0000 0000 0000 0000 0000 0000 0000 0000 0000 0000.
0000 0000 0000 0000 0000 0000 0000 0000 0000 0000 0000 0000
0000 0000 0000 0000 0000 0000 0000 0000 0000 0000 0000 0000.
0000 0000 0000 0000 0000 0000 0000 0000 0000 0000 0000 0000
0000 0000 0000 0000 0000 0000 0000 0000 0000 0000 0000 0000.
0000 0000 0000 0000 0000 0000 0000 0000 0000 0000 0000 0000
0000 0000 0000 0000 0000 0000 0000 0000 0000 0000 0000 0000.
0000 0000 0000 0000 0000 0000 0000 0000 0000 0000 0000 0000
0000 0000 0000 0000 0000 0000 0000 0000 0000 0000 0000 0000.
0000 0000 0000 0000 0000 0000 0000 0000 0000 0000 0000 0000
0000 0000 0000 0000 0000 0000 0000 0000 0000 0000 0000 0000.
0000 0000 0000 0000 0000 0000 0000 0000 0000 0000 0000 0000
0000 0000 0000 0000 0000 0000 0000 0000 0000 0000 0000 0000.
0000 0000 0000 0000 0000 0000 0000 0000 0000 0000 0000 0000
0000 0000 0000 0000 0000 0000 0000 0000 0000 0000 0000 0000.
0000 0000 0000 0000 0000 0000 0000 0000 0000 0000 0000 0000
0000 0000 0000 0000 0000 0000 0000 0000 0000 0000 0000 0000.
0000 0000 0000 0000 0000 0000 0000 0000 0000 0000 0000 0000
0000 0000 0000 0000 0000 0000 0000 0000 0000 0000 0000 0000.
0000 0000 0000 0000 0000 0000 0000 0000 0000 0000 0000 0000
0000 0000 0000 0000 0000 0000 0000 0000 0000 0000 0000 0000.
0000 0000 0000 0000 0000 0000 0000 0000 0000 0000 0000 0000
0000 0000 0000 0000 0000 0000 0000 0000 0000 0000 0000 0000.
0000 0000 0000 0000 0000 0000 0000 0000 0000 0000 0000 0000
0000 0000 0000 0000 0000 0000 0000 0000 0000 0000 0000 0000.
0000 0000 0000 0000 0000 0000 0000 0000 0000 0000 0000 0000
0000 0000 0005 0006 0008 0013 0014 0017 0015 0010 0006 0005.
0002 0001 0002 0001 0001 0000 0000 0000 0000 0000 0000 0000
0000 0000 0000 0000 0000 0000 0000 0000 0002 0001 0000 0000.
0000 0000 0000 0000 0001 0000 0000 0000 0000 0001 0000 0001
0004 0007 0025 0019 0012 0009 0003 0000 0000 0001 0000 0000.
0000 0000 0000 0000 0000 0000 0000 0000 0000 0000 0000 0000
0000 0000 0000 0000 0000 0000 0000 0000 0000 0000 0000 0000.
0000 0000 0000 0000 0000 0000 0000 0000 0000 0000 0000 0000
0000 0000 0000 0000 0000 0000 0000 0000 0000 0000 0000 0000.
0000 0000 0000 0000 0000 0000 0000 0000 0000 0000 0000 0000
0000 0000 0000 0000 0000 0000 0000 0000 0000 0000 0000 0000.
0000 0000 0000 0000 0000 0000 0000 0000 0000 0000 0000 0000
0000 0000 0000 0000 0000 0000 0000 0000 0000 0000 0000 0000.
0000 0000 0000 0000 0000 0000 0000 0000 0000 0000 0000 0000
0000 0000 0000 0000 0000 0000 0000 0000 0000 0000 0000 0000.
0000 0000 0000 0000 //// 0000 0000 0000 0000 0000 0000 0000
0000 0000 0000 0000 0000 0000 0000 0000 0000 0000 0000 0000.
0000 0000 0000 0000 0000 0000 0000 0000 0000 0000 0000 0000
0000 0000 0000 0000 0000 0000 0000 0000 0000 0000 0000 0000.
0000 0000 0000 0000 0000 0000 0000 0000 0000 0000 0000 0000
0000 0000 0000 0000 0000 0000 0000 0000 0000 0000 0000 0000.
0000 0000 0000 0000 0000 0000 0000 0000 0000 0000 0000 0000
0000 0000 0000 0000 0000 0000 0000 0000 0000 0000 0000 0000.
0000 0000 0000 0000 0000 0000 0000 0000 0000 0000 0000 0000
0000 0000 0000 0000 0000 0000 0000 0000 0000 0000 0000 0000=
0000 ////////// 00000=
W=
L=
Z=
G=
FN
276028 265006 265015 264010 PPC002 275007
287016 287030 287028 287030 287029 287022
287009 210012 227015 264019 171012 269021
234028 067019 070029 153010 115025 085010.
080014 095017 078016 079015 098008 264013
092016 090022 061011 062007 078008 092010
084009 236034 220045 095027 139011 259012
254018 087025 063024 083015 082018 046007.
072011 082015 092010 095012 062010 075019
041019 233022 215010 211023 217037 199037
226053 218038 252036 197022 172012 272033
152008 204011 057036 095032 104032 088019.
083011 077016 070007 108017 100015 107010
091013 128009 101009 020006 088030 102058
060033 063054 075028 088029 082027 087026
091028 059040 071046 004038 072041 081034.
095028 075017 247011 PPC001 120035 179011
080014 083006 073019 063009 PPC001 092006
245012 281026 278034 023022 220013 115026
098033 106037 094021 097019 106014 106012.
093011 100008 069008 229010 334010 055012
250006 124006 103010 322006 130007 101016
121026 122024 110037 090036 288011 085032
069045 091041 262010 263026 133015 073015.
094018 098018 096022 092018 094021 087015
076021 113020 087015 105023 106017 102021
127006 280024 251040 130015 132016 204031
084022 032021 109022 112017 104018 096024.
102023 090015 109019 101021 099023 101018
103016 107022 085008 096022 101012 058024
081035 157011 248024 063023 086037 084041
067058 079037 121021 082030 128027 060008.
115014 088017 099014 046011 072008 073013
085019 PPC000 257003 120004 206011 104038
101045 091043 289018 127027 281019 146017
268020 252030 164015 271006 081019 112018.
086017 111022 081018 086017 064020 075018
074018 057018 008018 005019 097024 112017
230014 179017 242041 230042 322021 346013
080036 090040 054010 110031 082020 068012.
080022 116022 108023 109024 113020 108018
112011 113018 114018 095020 101018 083015
PPC000 280013 290030 304019 103029 287024
254022 118026 071020 095020 101019 102022.
110022 097022 110020 108024 104022 092031
103023 109022 111025 106027 108026 104023
064011 285027 293027 306014 247012 354009
101016 080059 066029 086029 096027 097015.
092018 092021 075024 083024 103022 095030
100029 104024 101010 073007 090014 088013
270014 278017 231010 089042 122027 110016
137007 276014 262014 122025 153006 100016.
121009 105018 009020 081007 340013 263034
253027 241075 260035 247032 244038 251044
249066 239042 238056 219063 255050 245074
221060 233088 247066 240060 265050 267036.
256053 217050 261044 252059 260059 243060
219072 240050 242048 241062 234059 222054
251063 252065 254057 328048 272076 223058
261054 273069 259091 233038 247039 257026.
251022 243034 246033 259018 234027 220035
010023 087014 233035 248037 074017 095012
203047 274049 270043 269055 279030 244042
282034 281036 277046 209006 072014 011026.
088025 045020 076025 080020 082020 096022
056022 067023 077026 078026 074022 278014
106011 277062 282054 277056 280016 289050
123043 067021 059034 082032 098038 084018.
084013 106014 066016 076021 096019 092019
092027 095023 050012 038027 092016 278020
262047 251040 264029 266022 282043 149017
259031 277034 106032 091034 073013 078016.
081017 063024 061023 069023 065021 079020
287008 PPC001 302008 090019 086021 092026
254012 338010 102010 250010 211010 094008
263008 211003 281012 112005 072007 PPC001.
015008 273020 225016 245017 239011 202010
103025 102026 123010 083006 096003 136019
043010 046032 150033 149027 093016 148033
130029 134019 148007 152011 028006 PPC000.
PPC000 PPC000 042014 132010 110008 246023
221032 223025 239029 230033 208013 229031
247022 248009 269009 277017 106044 138025
098013 018017 331016 258040 237037 224021.
243014 276017 249036 222035 238028 229028
236040 241031 272034 262012 060010 256011
211036 073014 176015 277032 065021 294021
311028 260026 085028 087025 102014 082012.
070014 071013 081019 032015 060014 081015
062016 022011 096007 PPC002 076014 086009
275007 284018 077011 178016 073005 176020
029034 036023 050027 059012 066014 079014.
029017 068013 063021 067016 067026 218032
210038 195017 243044 257058 264040 238035
247041 255055 232059 250044 267029 255047
241028 269033 274036 245030 262024 236018.
274012 083019 108021 055017 005022 003020
098022 098022 093016 101021 107019 101020
232039 236034 254058 261056 269039 283025
256039 160020 224014 224006 075019 070017.
096018 103025 083022 079021 085023 086021
103020 088019 108016 114023 105017 107013
272005 293014 313026 198019 201030 176027
277038 248036 297019 114020 057025 002022.
002029 105023 092024 116019 ////// 011024
101023 PPC002 006016 004009 088014 095012
286018 267024 096028 096034 126023 052018
073027 088023 123021 070012 077010 107018.
110023 102025 104024 102026 080020 073023
058025 028013 084023 076025 092020 095018
217025 225037 250025 230044 223030 175039
001076 249039 227039 130017 002017 001023.
001017 001025 001022 001018 062019 001025
001022 001023 001026 001025 001015 001022
002007 013018 099024 089045 086056 105036
072035 107052 109046 065032 094029 097033.
001027 001032 001050 001041 001013 002009
001023 001020 001023 001024 001016 001008
001015 002021 001032 001034 001066 001045
001036 001042 001040 001029 001041 001037.
001044 001027 001029 001038 001014 001024
001023 001018 001013 001017 001018 001011
001028 001035 001041 001043 001039 001025
001017 001040 001033 001046 001026 001037=
276028 266007 265016 264010 287003 275008
287016 287027 287022 287031 287032 287021
287009 204012 231014 257021 313016 260020
233027 182016 074027 121014 104020 090009.
084013 091017 079017 083016 087010 247016
095015 091021 075012 077009 069010 088012
079007 219027 224045 136022 125010 256013
266015 093024 070024 083019 079017 062010.
072012 083016 090013 087014 060010 358017
179020 221018 153010 230025 224038 200033
226047 222033 241036 207027 222018 250035
203012 238014 059035 092029 099029 094028.
085015 093014 079009 106017 103013 113011
098015 119011 103010 205007 101035 092047
067037 055050 067035 083029 072025 161018
091030 062034 070043 023038 066039 078033.
071023 084020 254012 199005 106033 164011
078016 084007 073017 073009 PPC002 092006
200007 279026 278029 052021 255013 120027
099030 106039 094025 099019 112014 107012.
090012 094010 072008 204009 313009 082011
268007 140006 091008 312008 136006 102015
114025 130022 110041 100037 075016 091028
063046 093042 175014 244023 123015 076016.
094018 094019 096021 089017 093020 083019
079020 111021 098017 108021 107018 104021
111006 281023 240032 179020 148019 198031
119017 056027 089023 110019 104018 092024.
104023 095010 104020 098021 099023 101018
108016 106023 100008 094022 097017 068023
078034 136012 240020 093023 085039 084040
067050 093038 098021 074030 110023 080010.
108014 060013 093015 073014 069006 078012
082018 PPC002 329005 158005 153013 113038
096040 094044 254018 110029 237021 143021
255025 235037 140022 229009 083017 114017.
089017 107021 081020 088017 062019 076019
067018 063019 008019 005018 065022 110018
183011 187023 237038 206031 290021 002016
089034 084035 069018 105026 086018 069013.
077021 110022 107021 108024 112020 108019
105011 111018 108019 097020 098019 083015
PPC000 274012 360022 289031 143027 289026
263035 112024 083023 087019 105019 103021.
106022 101023 110022 107024 106024 097031
105025 107023 107026 106025 110027 103023
075012 282025 289025 287017 242019 057012
085017 084047 072031 087027 085023 094017.
088018 094021 081023 083024 100021 091026
098029 101024 094018 089012 101012 091014
224009 276019 247013 090041 322025 103024
137008 274013 282014 107022 195009 098014.
119009 101017 014019 078015 040014 262031
252025 243058 253035 237038 249044 253043
220058 244054 248053 227066 239056 237074
237069 237082 238068 245061 249054 261034.
248049 237050 256047 247054 245052 240060
229073 234061 246058 245063 243058 228052
244067 237069 244064 303063 255064 233050
257049 269059 266079 252039 246037 251026.
254023 240028 243029 247020 237029 229031
039022 085015 236032 249040 081018 092013
199042 259044 267042 265047 280032 250049
283043 247029 277048 225011 069016 011021.
084024 049021 077024 066021 085023 095022
068024 069023 075025 076027 069020 337013
082011 279049 279055 280062 297021 286052
106037 068025 060032 083031 092039 077022.
095010 098011 055016 077020 092019 089020
092025 097025 077016 037025 089016 277016
262051 244036 258031 252029 277040 204029
245029 273033 102039 088035 089015 077017.
072018 064023 062023 070023 070021 082020
251009 342003 282009 100019 080020 096024
309013 051014 097011 254010 278010 088010
276011 224004 260011 123006 080008 070003.
320009 251017 226018 251017 243017 207009
098024 103023 129010 108009 127006 146019
075012 047033 149028 146021 107012 127025
140028 132018 111007 151012 062004 PPC000.
PPC000 PPC000 048018 136011 121011 238022
217026 239021 242025 239026 217018 223034
250021 240013 267015 223014 111046 126030
109017 243017 049015 262036 240033 239021.
242013 272020 244032 237034 243031 218028
224036 245032 263030 267016 118011 240012
208030 072013 213016 254034 182024 299024
292033 254037 088025 087025 100014 079013.
067014 071014 086019 032014 053013 080015
061015 037010 100008 051004 071014 087009
248005 282019 046009 214015 342012 110025
027029 035020 049025 063014 068011 083013.
029018 069017 068020 066019 085023 218029
215040 206027 238043 252052 257033 240040
244049 247052 239060 259037 261043 251047
233033 265032 261028 245031 267031 249018.
264013 087019 107020 041018 004022 003020
094021 097023 090018 103019 105020 100020
235036 232036 248056 266053 290031 284026
260031 197020 232018 193007 078020 067017.
090019 102024 082022 085021 095022 087022
106022 090020 105018 108024 105019 106012
300006 261016 293028 236026 202023 201043
273044 259030 285031 104019 066024 002021.
002028 107022 086023 107021 ////// 009023
092022 104006 008018 004008 092015 100011
282015 270022 088028 100027 094020 071021
069030 087027 103022 072010 058011 106018.
108022 103024 105024 104025 077022 072023
056024 030015 085022 074025 091022 092020
248024 242037 245030 231046 235038 200039
343072 255041 217042 143024 002018 001023.
001017 001023 001021 001015 063018 001024
001022 001022 001028 001024 001017 001022
002008 013018 099028 092044 086053 096040
083033 110046 089044 068039 079029 095029.
001030 001029 001045 001039 001014 002007
001021 001021 001021 001022 001015 001007
002015 005018 001032 001038 001060 001044
001042 001044 001038 001031 001043 001037.
001043 001032 001034 001036 001016 001024
001023 001018 001012 001017 001019 001011
001029 001031 001038 001037 001038 001031
001025 001041 001040 001045 001029 001035=
042287 0554 077287 0638
048225 1104 071242 1023
065270 1120 098268 1119
065065 1008 119053 1004
041065 2007 067074 2007
050107 1241 080106 1105
052238 1345 093247 1222
050067 1500 076109 1424
069116 1019 106072 1013
053251 1053 085249 1200
055279 1457 096265 1332
052067 1604 089091 1559
050093 1332 086096 1407
085237 1604 158260 1153
093274 1625 165115 1039
069279 1134 109219 0547
076280 1024 132230 1044
066263 0853 105282 1249
029096 0551 065076 0821
048048 1012 071037 1022
068088 1414 114065 1412
056277 1223 085255 1513
039032 1451 070058 1632
083276 1231 127226 1316
068277 1321 093206 1053
064277 1453 120236 1453
038094 1324 067096 1458
073262 1438 122001 1539
054079 1315 102071 1544
060001 1300 104001 1526
053001 2044 107001 2119=
D=
K=
A=
S=
B=
??????
******
YF
O2221
河南省
豫汝阳情侣峰
汝阳县付店镇西泰山情侣峰景区
山地；景区；地面
未上报
计算机
计算机
计算机
计算机
计算机
20110504=
JY
8888=
GK
01/
05/=
BZ
BB/01-31/由于河南省大气探测装备中心对区域自动站设备升级，造成本月正点与分钟数据不符，部分仪器最大风、极大风时间错误，所有数据基本不可用。因此，为了保证数据文件的完整性，仅对A文件进行了处理，未处理J文件。
BB/09/日最低气温用21时正点数据代替。
BB/10/日最低气温用21时正点数据代替。
BB/11/日最低气温用21时正点数据代替。
BB/12/日最低气温用21时正点数据代替。
BB/13/日最低气温用21时正点数据代替。
BB/14/日最低气温用21时正点数据代替。
BB/15/日最低气温用21时正点数据代替。
BB/16/日最低气温用21时正点数据代替。
BB/17/日最低气温用21时正点数据代替。
BB/18/日最低气温用21时正点数据代替。
BB/19/日最低气温用21时正点数据代替。
BB/21/日最低气温用21时正点数据代替。
BB/22/日最低气温用21时正点数据代替。
BB/23/日最低气温用21时正点数据代替。
BB/24/日最低气温用21时正点数据代替。
BB/25/日最低气温用21时正点数据代替。
BB/26/日最低气温用21时正点数据代替。
BB/27/01时气温用前后正点数据内插求得。日最低气温用21时正点数据代替。
BB/28/日最低气温用21时正点数据代替。
BB/29/日最低气温用21时正点数据代替。
BB/30/日最低气温用21时正点数据代替。
BB/31/日最低气温用21时正点数据代替。
00/334953/1121745
10/24/逐时观测
10/24/24时连续观测
11/不守班=
######
