O2228 3455N 11237E 001320 001320 105 000 S15 91999999919999199999 0 2011 05
P=
TB
0000 0000 0000 0000 0000 0000 0000 0000 0000 0000 0000 0000
0000 0000 0000 0000 0000 0000 0000 0000 0000 0000 0000 0000 0235 2001 0000 2100.
0000 0000 0000 0000 0000 0000 0000 0000 0000 0000 0000 0000
0000 0000 0000 0174 0000 0000 0000 0000 0000 0000 0000 0000 0209 1629 0000 2100.
0000 0000 0000 0000 0000 0000 0000 0000 0000 0000 0000 0000
0000 0000 0000 0000 0000 0000 0000 0000 0000 0000 0000 0000 0269 1455 0000 2100.
0000 0000 0000 0000 0000 0000 0000 0000 0000 0000 0000 0000
0000 0000 0000 0000 0000 0000 0000 0000 0000 0000 0000 0000 0272 1551 0000 2100.
0000 0000 0000 0000 0000 0000 0000 0000 0000 0000 0000 0000
0000 0000 0000 0000 0000 0000 0000 0287 0289 0271 0240 0224 0300 1501 0000 2100.
0197 0200 0186 0171 0167 0159 0161 0165 0167 0166 0176 0205
0230 0239 0251 0260 0275 0270 0270 0263 0255 0239 0231 0220 0280 1326 0151 0206.
0221 0218 0198 0189 0175 0180 0152 0159 0159 0157 0172 0207
0233 0245 0261 0265 0260 0255 0252 0253 0247 0237 0232 0230 0273 1207 0144 0548.
0220 0215 0216 0215 0204 0199 0195 0193 0188 0181 0187 0189
0191 0191 0196 0202 0206 0215 0212 0210 0207 0194 0182 0175 0229 2001 0175 1959.
0171 0169 0164 0159 0156 0155 0153 0151 0150 0148 0147 0150
0156 0161 0170 0164 0157 0154 0154 0156 0157 0156 0158 0159 0175 2001 0147 0601.
0163 0164 0166 0157 0153 0149 0146 0145 0143 0142 0143 0146
0147 0147 0150 0153 0154 0160 0166 0179 0182 0171 0165 0158 0184 1653 0141 0526.
0148 0140 0133 0125 0119 0136 0140 0140 0142 0142 0143 0155
0189 0217 0228 0243 0256 0268 0276 0273 0273 0267 0249 0229 0282 1504 0115 0006.
0232 0226 0199 0202 0187 0171 0143 0199 0195 0161 0180 0198
0220 0231 0236 0242 0247 0255 0256 0262 0273 0264 0237 0168 0276 1658 0136 0251.
0148 0160 0156 0158 0173 0171 0121 0104 0087 0090 0140 0192
0210 0241 0251 0262 0258 0256 0259 0259 0250 0238 0227 0207 0270 1329 0080 0451.
0211 0194 0176 0167 0172 0168 0168 0194 0161 0141 0159 0197
0225 0242 0254 0275 0284 0283 0284 0283 0273 0261 0245 0213 0298 1524 0141 0600.
0168 0170 0160 0145 0141 0138 0125 0132 0130 0129 0164 0199
0216 0233 0257 0281 0295 0309 0312 0301 0290 0273 0252 0209 0319 1622 0119 0255.
0192 0221 0176 0176 0188 0153 0152 0159 0181 0176 0190 0209
0226 0243 0253 0261 0276 0277 0284 0274 0263 0250 0231 0213 0290 1427 0140 0350.
0192 0180 0179 0168 0160 0145 0136 0135 0123 0133 0170 0206
0230 0251 0272 0285 0303 0324 0326 0345 0323 0324 0316 0305 0350 1604 0122 0530.
0293 0276 0240 0208 0198 0185 0167 0168 0165 0156 0201 0240
0268 0294 0323 0337 0356 0366 0374 0365 0371 0340 0290 0250 0386 1434 0148 0545.
0244 0235 0225 0220 0203 0190 0182 0195 0265 0223 0234 0241
0245 0253 0260 0247 0262 0258 0265 0263 0246 0239 0221 0205 0269 0505 0176 0255.
0203 0206 0203 0194 0202 0207 0190 0195 0185 0180 0178 0186
0183 0183 0178 0167 0165 0163 0158 0162 0163 0160 0154 0141 0210 2134 0141 2000.
0140 0141 0141 0134 0125 0124 0123 0123 0122 0122 0126 0135
0148 0157 0172 0180 0199 0211 0214 0209 0207 0196 0187 0173 0220 1437 0122 0214.
0161 0160 0153 0154 0150 0143 0147 0142 0142 0149 0162 0167
0166 0176 0176 0175 0187 0190 0187 0188 0193 0201 0168 0153 0205 1733 0139 0422.
0146 0135 0134 0128 0116 0116 0110 0096 0090 0097 0123 0151
0182 0202 0216 0227 0239 0254 0255 0246 0245 0238 0213 0196 0260 1517 0080 0427.
0181 0169 0151 0122 0145 0146 0127 0134 0128 0132 0148 0186
0212 0210 0226 0224 0225 0231 0229 0219 0211 0197 0191 0182 0236 1317 0121 0001.
0178 0161 0151 0149 0143 0148 0137 0129 0122 0129 0141 0194
0205 0223 0230 0242 0253 0259 0255 0266 0262 0243 0220 0201 0271 1609 0114 0544.
0202 0185 0169 0164 0144 0143 0126 0129 0130 0129 0167 0197
0218 0234 0246 0266 0269 0279 0291 0296 0276 0256 0235 0224 0301 1604 0122 0350.
0218 0190 0189 0195 0190 0181 0177 0160 0143 0148 0175 0204
0214 0236 0258 0269 0285 0285 0270 0278 0273 0264 0248 0233 0300 1338 0137 0541.
0216 0209 0204 0183 0160 0150 0151 0145 0141 0148 0175 0211
0238 0254 0278 0290 0298 0311 0315 0313 0301 0285 0273 0253 0322 1536 0130 0539.
0209 0202 0195 0185 0189 0190 0181 0172 0179 0187 0202 0214
0218 0215 0215 0232 0226 0222 0233 0245 0244 0238 0223 0209 0250 2001 0172 0357.
0196 0195 0191 0186 0183 0187 0192 0196 0190 0188 0204 0219
0231 0238 0257 0255 0266 0272 0276 0276 0279 0280 0280 0269 0286 1728 0165 0134.
0257 0259 0255 0256 0249 0214 0184 0196 0166 0164 0184 0235
0262 0286 0310 0320 0331 0341 0345 0334 0339 0326 0305 0215 0349 1417 0151 0449=
I=
E=
U=
N=
H=
C=
V=
R6
0000 0000 0000
0000 0001 0001
0000 0000 0000
0000 0000 0000
0000 0003 0003
0000 0000 0000
0000 0000 0000
0000 0000 0000
0000 0000 0000
0263 0049 0312
0000 0000 0000
0000 0000 0000
0000 0000 0000
0000 0000 0000
0000 0000 0000
0000 0000 0000
0000 0000 0000
0000 0000 0000
0000 0000 0000
0000 0013 0013
0072 0000 0072
0000 0000 0000
0000 0000 0000
0000 0000 0000
0000 0000 0000
0000 0000 0000
0000 0000 0000
0000 0000 0000
0000 0001 0001
0000 0000 0000
0000 0000 0000=
0000 0000 0000 0000 0000 0000 0000 0000 0000 0000 0000 0000
0000 0000 0000 0000 0000 0000 0000 0000 0000 0000 0000 0000.
0000 0000 0000 0000 0000 0000 0000 0000 0000 0000 0000 0000
0000 0000 0000 0001 0000 0000 0000 0000 0000 0000 0000 0000.
0000 0000 0000 0000 0000 0000 0000 0000 0000 0000 0000 0000
0000 0000 0000 0000 0000 0000 0000 0000 0000 0000 0000 0000.
0000 0000 0000 0000 0000 0000 0000 0000 0000 0000 0000 0000
0000 0000 0000 0000 0000 0000 0000 0000 0000 0000 0000 0000.
0000 0000 0000 0000 0000 0000 0000 0000 0000 0000 0000 0000
0000 0000 0000 0000 0000 0000 0000 0000 0000 0003 0000 0000.
0000 0000 0000 0000 0000 0000 0000 0000 0000 0000 0000 0000
0000 0000 0000 0000 0000 0000 0000 0000 0000 0000 0000 0000.
0000 0000 0000 0000 0000 0000 0000 0000 0000 0000 0000 0000
0000 0000 0000 0000 0000 0000 0000 0000 0000 0000 0000 0000.
0000 0000 0000 0000 0000 0000 0000 0000 0000 0000 0000 0000
0000 0000 0000 0000 0000 0000 0000 0000 0000 0000 0000 0000.
0000 0000 0000 0000 0000 0000 0000 0000 0000 0000 0000 0000
0000 0000 0000 0000 0000 0000 0000 0000 0000 0000 0000 0000.
0000 0000 0000 0005 0012 0061 0055 0016 0010 0086 0011 0007
0022 0017 0009 0001 0000 0000 0000 0000 0000 0000 0000 0000.
0000 0000 0000 0000 0000 0000 0000 0000 0000 0000 0000 0000
0000 0000 0000 0000 0000 0000 0000 0000 0000 0000 0000 0000.
0000 0000 0000 0000 0000 0000 0000 0000 0000 0000 0000 0000
0000 0000 0000 0000 0000 0000 0000 0000 0000 0000 0000 0000.
0000 0000 0000 0000 0000 0000 0000 0000 0000 0000 0000 0000
0000 0000 0000 0000 0000 0000 0000 0000 0000 0000 0000 0000.
0000 0000 0000 0000 0000 0000 0000 0000 0000 0000 0000 0000
0000 0000 0000 0000 0000 0000 0000 0000 0000 0000 0000 0000.
0000 0000 0000 0000 0000 0000 0000 0000 0000 0000 0000 0000
0000 0000 0000 0000 0000 0000 0000 0000 0000 0000 0000 0000.
0000 0000 0000 0000 0000 0000 0000 0000 0000 0000 0000 0000
0000 0000 0000 0000 0000 0000 0000 0000 0000 0000 0000 0000.
0000 0000 0000 0000 0000 0000 0000 0000 0000 0000 0000 0000
0000 0000 0000 0000 0000 0000 0000 0000 0000 0000 0000 0000.
0000 0000 0000 0000 0000 0000 0000 0000 0000 0000 0000 0000
0000 0000 0000 0000 0000 0000 0000 0000 0000 0000 0000 0000.
0000 0000 0000 0000 0000 0000 0000 0000 0000 0000 0000 0000
0000 0000 0000 0000 0000 0000 0000 0000 0000 0000 0000 0000.
0000 0000 0000 0000 0000 0000 0000 0000 0000 0000 0000 0000
0000 0000 0000 0000 0000 0000 0009 0003 0000 0000 0000 0001.
0001 0000 0007 0016 0015 0004 0004 0005 0009 0007 0003 0001
0000 0000 0000 0000 0000 0000 0000 0000 0000 0000 0000 0000.
0000 0000 0000 0000 0000 0000 0000 0000 0000 0000 0000 0000
0000 0000 0000 0000 0000 0000 0000 0000 0000 0000 0000 0000.
0000 0000 0000 0000 0000 0000 0000 0000 0000 0000 0000 0000
0000 0000 0000 0000 0000 0000 0000 0000 0000 0000 0000 0000.
0000 0000 0000 0000 0000 0000 0000 0000 0000 0000 0000 0000
0000 0000 0000 0000 0000 0000 0000 0000 0000 0000 0000 0000.
0000 0000 0000 0000 0000 0000 0000 0000 0000 0000 0000 0000
0000 0000 0000 0000 0000 0000 0000 0000 0000 0000 0000 0000.
0000 0000 0000 0000 0000 0000 0000 0000 0000 0000 0000 0000
0000 0000 0000 0000 0000 0000 0000 0000 0000 0000 0000 0000.
0000 0000 0000 0000 0000 0000 0000 0000 0000 0000 0000 0000
0000 0000 0000 0000 0000 0000 0000 0000 0000 0000 0000 0000.
0000 0000 0000 0000 0000 0000 0000 0000 0000 0000 0000 0000
0000 0000 0000 0000 0000 0000 0000 0000 0000 0000 0000 0000.
0000 0000 0000 0000 0000 0000 0000 0000 0000 0000 0000 0000
0001 0000 0000 0000 0000 0000 0000 0000 0000 0000 0000 0000.
0000 0000 0000 0000 0000 0000 0000 0000 0000 0000 0000 0000
0000 0000 0000 0000 0000 0000 0000 0000 0000 0000 0000 0000.
0000 0000 0000 0000 0000 0000 0000 0000 0000 0000 0000 0000
0000 0000 0000 0000 0000 0000 0000 0000 0000 0000 0000 0000=
0000 ////////// 00000=
W=
L=
Z=
G=
FN
078007 306024 328028 331027 339024 141015
356027 339029 333024 317011 225010 033005
054010 229008 289010 214015 267012 239044
228039 229037 243044 244029 241030 199029.
210024 232028 234035 261043 213024 215032
229031 257034 234025 218034 229032 227032
243027 238029 253035 238036 230034 227036
213051 222040 238042 213029 220021 192024.
217016 234022 230022 230012 258012 212014
312009 PPC000 PPC000 254008 207013 219021
219014 215025 159013 197010 PPC002 279014
122024 120031 191032 200025 159016 080009.
328011 005016 021014 244007 025011 111011
181004 357011 352009 PPC002 044013 077006
206009 163019 118023 125010 286012 145020
196011 141031 059038 018019 032009 076012.
032014 007016 016022 352018 136004 152009
321007 PPC000 310006 019014 043010 048006
053017 031009 170011 132026 162029 245012
184008 189029 120018 140022 025021 040014.
081007 044007 006008 006012 320008 019008
018012 269016 104010 011025 197008 167023
115015 055051 067052 065052 094043 056057
067052 051050 044041 023026 027023 025019.
040013 051016 063007 067011 089008 PPC000
228004 346005 078007 359010 190005 PPC000
068022 049032 060035 068062 072060 065070
065054 071063 067079 065079 066057 082061.
077055 093044 087032 067045 062026 042016
045026 047035 063027 030022 043037 057034
053036 062055 050062 045046 042051 061044
070071 070059 059048 051037 062034 059039.
036037 056036 055031 047024 066022 074016
047014 043029 048024 051027 038023 045018
066012 032011 098022 057043 067059 066045
054039 048026 004020 014015 007011 357019.
358018 013025 357016 356011 241014 207015
118010 168014 221013 190013 162019 PPC001
021008 162004 101012 168016 205016 186010
227013 222019 130016 146016 120012 066006.
008009 103009 025012 351010 033012 PPC002
155008 179007 207014 198012 229010 343009
158020 138024 150032 166020 156029 151028
235016 181013 241029 304025 243012 304017.
326018 304024 001013 306019 317018 245014
323015 338037 319052 278018 222013 221014
285013 237020 251025 227040 269058 264050
259064 252043 337032 317016 313013 330018.
PPC002 268017 280007 265016 267021 302021
045014 206014 212011 009006 084005 352023
268008 325025 349042 301021 145010 145024
189030 200041 208034 217019 214032 203022.
215023 265010 078015 116007 181021 120008
212019 245012 176010 200017 214023 254019
231022 179024 173021 112017 169016 162016
142032 176021 138027 170017 186022 262006.
020008 036012 260013 214014 PPC001 PPC002
252010 257007 194010 107014 340011 225019
234027 214022 214012 234017 219026 225021
179027 157030 157023 177017 096010 041012.
123013 238010 228011 132004 261010 322004
020013 018021 069047 013013 007022 049029
067036 092035 045032 044027 082041 117028
088022 053027 044036 043026 025023 009014.
017020 355010 092007 PPC000 036020 PPC002
349007 065010 PPC001 038008 PPC001 217022
219025 219025 250019 248019 223022 195023
152018 246014 198020 286021 262038 269036.
264039 265033 121013 107020 356016 027012
337008 212006 026010 233011 040009 212020
155012 199011 234010 129015 142007 055014
230016 146011 225008 114025 002017 273008.
350016 341015 288008 081011 026011 017010
178020 180008 350045 347030 069049 073035
084049 087056 114067 077048 062051 071057
077048 059046 049043 044038 036038 039029.
029030 023033 026020 048018 074020 082025
066028 059023 031024 054031 032022 054024
056024 058021 057044 062044 065035 018024
029021 066029 015013 006026 024021 029014.
071014 346010 301019 316015 227004 304011
304022 321012 300011 205010 205016 286024
227031 309013 219023 210025 235031 276029
237022 234021 241017 192013 186009 233008.
111011 354004 024006 358006 038008 251004
334008 010013 146006 224011 257023 249019
212029 232029 233027 228040 254024 257029
229029 204035 218028 214021 182030 190039.
199027 226008 221016 250011 245018 234010
226012 188006 221009 201009 201021 218020
256015 267027 210021 187033 183027 094010
144015 161027 180032 219013 199026 204023.
181019 243007 351018 293008 032019 PPC000
221006 035013 PPC000 008005 037014 043015
120015 212022 141013 142012 095009 264014
092016 121008 052009 170013 210019 162011.
096009 PPC000 021009 346010 015007 072008
PPC001 PPC000 013010 023014 049003 139007
184010 328008 183009 131011 031021 137030
154021 103023 118025 037032 046029 032027.
041047 028021 PPC001 011015 PPC000 024013
266005 328010 001010 PPC000 253009 107006
070008 144009 147019 136018 118020 042018
076010 088020 068039 039036 056025 040017.
010018 175008 037018 063035 050022 036008
357012 252011 057008 028019 043008 105019
200011 083008 104011 211031 146019 016016
035039 051048 065064 064062 066049 067037.
054056 018028 033016 141011 003009 025013
015010 PPC000 004012 023014 068010 116012
109014 150009 130010 228006 186015 044023
118011 052027 055033 053024 070017 009005.
005014 035014 009006 356007 064007 247008
PPC000 277006 PPC000 318008 224015 240017
269050 294028 330039 289008 182026 205014
116011 174012 187019 198025 182019 212017.
198012 235010 222014 188015 PPC001 186008
232022 212017 241015 206012 216017 235018
207013 197014 206020 218032 264016 257034
251031 236035 243023 254036 263032 264045.
256038 263047 271036 271036 262034 260015
218021 253010 203024 053010 015016 191007
216021 159032 177028 240041 222048 251034
313039 259044 353049 332052 323013 330016=
041006 309025 329027 329026 341025 123014
002026 347028 339023 333011 258008 060007
054010 238009 297011 210014 252011 236042
227039 230036 240042 240037 236033 204032.
202024 234029 237035 258037 221024 217035
230033 252035 234027 219033 226030 230030
241026 237026 250034 241034 230033 224036
218052 219045 238043 211030 218022 197024.
215014 228019 225023 238016 249010 219013
287007 PPC002 PPC001 244009 213012 210019
228017 215023 192017 174016 065008 248014
132016 125024 188032 205026 152019 094009.
330009 047012 344012 252009 052011 127010
225005 009012 353009 259003 042008 055004
221009 165019 114019 133015 270015 165022
177016 108025 055039 022020 045008 106012.
034016 012017 017023 355019 171008 155010
322007 PPC000 301007 022012 036009 035007
061014 039010 161012 147022 156030 232013
194010 181026 118019 136019 024024 037014.
063007 038007 006007 009011 303008 014008
017011 269011 091009 013023 285009 157019
107018 052050 068048 068054 088044 058057
057053 053048 047039 031027 024023 024019.
033014 034016 057006 067012 082007 PPC000
277007 356004 070007 344008 134004 PPC001
066021 045033 060037 058063 072066 067075
064064 069073 069085 067073 067058 081055.
082052 090043 087034 078041 071028 037014
048028 043034 058028 035021 041038 061039
053043 067054 052060 044050 045053 063043
071066 073056 061046 054036 057037 060038.
039039 064033 052032 056025 065023 071016
054017 042028 048023 058026 040023 046017
061013 031012 079022 059038 068055 064047
052038 048026 009017 009015 010012 359018.
350019 011027 357016 021021 261013 202013
107011 175012 216015 207011 165020 PPC002
042008 255006 095012 163016 206014 185013
220014 220021 129013 139017 126011 064006.
011009 137008 026012 003012 030010 339004
155008 188007 216013 208013 232010 332011
167018 144022 156032 177026 160033 156028
221018 180018 236025 299026 271013 305016.
327018 299023 341011 302021 309018 255013
324015 331032 314046 283018 243013 221014
292016 238021 268024 234043 267061 265049
263063 261049 336027 313018 312013 339016.
070003 254019 287009 271016 268023 299020
049015 194012 209009 327007 038007 346023
248011 318030 354037 327022 143010 159026
187032 201043 208039 203023 212030 200021.
220022 256010 083015 054009 178021 167007
209022 256016 179012 183015 203021 243018
230021 192025 169025 129018 166018 173023
144031 160022 147028 166019 190021 260008.
023009 041011 260012 224012 181004 204005
220009 253009 189011 093013 281011 224021
235024 208024 223015 230020 227025 201016
186024 157028 158023 174021 099010 033011.
111012 232011 225010 168006 257009 336005
052011 023019 063044 016015 009023 054030
067039 082035 048033 042027 077032 116026
111023 053030 043035 046028 023021 009014.
016019 360009 126007 PPC001 045017 028004
339006 074009 054004 034008 137004 222021
230026 217024 240020 236019 218020 204022
148021 228016 204021 280022 263030 269034.
263035 262033 112014 100022 338012 044012
348010 243008 006008 224011 007007 203019
151012 213012 219010 133013 120009 057013
224018 152012 223011 093020 008018 298009.
002012 353014 288009 075010 027013 016011
163018 230010 349045 355026 070050 073037
083050 085054 111063 069052 059052 065055
078051 056043 052045 042039 039035 042029.
029031 028032 036019 050018 071022 085025
058028 062024 030026 048032 036023 055025
056021 058022 061040 063049 060035 021024
021021 066028 013013 003024 025023 028016.
069016 001010 306016 314015 232005 314011
309019 319014 292011 204010 203016 294025
227030 305016 228021 204026 245028 274030
238020 228020 239018 194013 185010 222007.
098010 313004 082007 067007 028006 170003
322007 011011 153007 221011 256019 256023
212032 228032 231029 222043 253024 256027
231031 203029 216028 218021 177031 189035.
197028 223010 223017 256012 241015 229012
232011 206006 222010 198010 207020 222020
236018 249027 199024 179033 169028 120019
140018 174028 172024 223016 202024 198027.
185017 245008 001021 291008 024018 PPC000
233008 039011 PPC001 011008 035014 059011
087012 212021 148015 164013 104010 243014
114014 108008 054009 175015 198019 169010.
106009 PPC000 017009 351010 016006 064008
PPC002 PPC002 013010 028014 052005 096007
143010 343013 177012 135018 036021 113030
148025 099024 123026 045029 045029 032027.
040045 033025 003003 012017 PPC001 028013
186005 342009 012010 PPC001 250009 117007
084009 122008 152024 121016 131019 052015
090014 087019 067039 041035 057024 035013.
004020 094008 038017 059032 048023 036009
357012 251010 049007 029018 049009 102023
196011 101010 084011 212025 130018 007016
036041 057045 059061 064056 067054 068042.
053051 019028 021021 147011 013009 025013
018012 PPC000 010013 020013 062011 143011
121014 141014 115011 285007 156019 047019
126011 055028 057034 056023 073017 005006.
006012 032015 PPC002 000007 054009 276008
PPC000 294007 PPC000 308008 222013 240020
266045 297030 327035 283008 190024 208020
127015 180014 179021 199025 185021 209016.
220009 229010 201013 197015 PPC002 203009
238019 219020 243017 203011 222019 233020
209017 201015 207023 221029 272017 242028
251030 239032 247024 256036 266036 268042.
258033 262044 268036 268036 263034 274013
216020 256010 203019 061008 013014 151008
211022 160031 173026 241040 220043 276037
314035 259045 348041 339050 323015 327015=
059242 1707 102242 1337
053220 1459 096287 2353
035162 1617 056183 1617
046047 1655 061046 1651
034032 1853 049057 1805
064079 1211 092091 1208
093075 1750 141069 1639
074064 1425 103057 1423
061066 1302 080068 1309
033045 2355 046352 2130
039156 1118 065149 1117
071263 1431 128269 1509
057186 1544 078355 1115
040183 1611 057277 0316
035191 1509 058271 1445
049081 1024 068057 0922
062322 1841 102298 1839
052263 2018 096267 2016
074060 1231 106086 0848
053064 1157 082065 1920
037219 0903 065272 0834
048229 1115 079215 1113
039179 1116 069223 1933
031182 1851 054193 1132
037106 1547 065113 1546
045039 2059 065052 2058
077062 1816 114058 1844
060068 2025 087049 2015
048277 0916 090271 0909
045264 1932 082257 1450
058257 1516 112204 1438=
D=
K=
A=
S=
B=
??????
******
YF
O2228
河南省
豫洛阳吉利
洛阳市吉利区农业示范科技园
平原；城市；地面
空缺
计算机
计算机
计算机
计算机
计算机
20120208=
JY
8888=
GK
01/
05/=
BZ
BB/01/日最低气温用21时00分数据代替。日最高气温用20时01分数据代替。
BB/02/日最低气温用21时00分数据代替。日最高气温用16时29分数据代替。
BB/03/日最低气温用21时00分数据代替。日最高气温用14时55分数据代替。
BB/04/日最低气温用21时00分数据代替。日最高气温用15时51分数据代替。
BB/05/日最低气温用21时00分数据代替。日最高气温用15时01分数据代替。
00/345436/1123728
10/24/逐时观测
10/24/24时连续观测
11/不守班=
######
