O2225 3439N 11228E 001290 001300 105 105 S15 91999999919999199999 1 2008 05
P=
TB
0277 0266 0249 0244 0237 0226 0213 0215 0201 0206 0210 0233
0249 0281 0298 0305 0315 0329 0337 0349 0335 0318 0302 0286 0349 1500 0200 0457.
0281 0280 0275 0268 0260 0250 0239 0227 0230 0227 0237 0245
0266 0278 0290 0303 0312 0319 0328 0328 0324 0309 0292 0280 0338 1431 0219 0416.
0271 0274 0267 0254 0236 0236 0231 0225 0229 0226 0234 0241
0261 0273 0273 0270 0177 0172 0171 0160 0157 0151 0155 0159 0282 2002 0150 1804.
0163 0162 0163 0155 0152 0148 0147 0139 0136 0141 0155 0179
0200 0217 0244 0257 0273 0283 0292 0291 0290 0274 0253 0238 0298 1546 0134 0509.
0229 0225 0214 0195 0197 0187 0178 0172 0157 0157 0168 0186
0207 0225 0235 0250 0264 0274 0280 0282 0282 0269 0252 0234 0286 1547 0155 0621.
0218 0209 0215 0211 0208 0207 0192 0184 0182 0171 0193 0210
0233 0250 0268 0278 0296 0305 0308 0316 0313 0298 0283 0268 0317 1612 0170 0559.
0257 0255 0247 0238 0228 0217 0223 0199 0193 0194 0221 0231
0246 0254 0267 0278 0284 0286 0282 0276 0268 //// 0235 0227 0290 1324 0188 0515.
0213 0172 0175 0178 0178 0179 0177 0174 0171 0172 0171 0173
0177 0175 0179 0182 0184 0180 0175 0173 0172 0170 0162 0164 0227 2000 0162 1858.
0162 0162 0166 0165 0163 0165 0161 0158 0153 0155 0159 0174
0182 0207 0218 0228 0243 0250 0257 0180 0208 0213 0206 0187 0258 1500 0152 0512.
0190 0169 0162 0161 0156 0153 0152 0151 0146 0143 0163 0177
0184 0198 0210 0227 0241 0261 0259 0267 0250 0236 0219 0209 0271 1454 0141 0529.
0208 0197 0189 0183 0177 0172 0164 0160 0159 0160 0174 0185
0197 0218 0238 0257 0275 0264 0258 0255 0252 0242 0229 0194 0275 1200 0153 0344.
0179 0168 0156 0156 0148 0132 0137 0148 0154 0154 0167 0179
0191 0208 0213 0219 0233 0249 0250 0246 0246 0238 0225 0219 0257 1452 0131 0206.
0212 0206 0173 0155 0153 0150 0142 0136 0129 0114 0139 0160
0177 0194 0211 0228 0237 0242 0248 0249 0247 0236 0220 0196 0253 1409 0113 0559.
0197 0192 0176 0175 0167 0149 0134 0129 0147 0143 0158 0176
0202 0225 0249 0264 0280 0295 0313 0319 0317 0311 0289 0266 0322 1602 0127 0421.
0254 0244 0225 0217 0206 0194 0191 0185 0186 0183 0193 0210
0219 0237 0251 0259 0270 0286 0290 0290 0284 0272 0256 0245 0294 1508 0180 0532.
0239 0231 0226 0216 0211 0202 0207 0194 0187 0180 0192 0206
0231 0250 0257 0276 0292 0302 0302 0292 0271 0260 0252 0240 0307 1422 0176 0552.
0230 0226 0222 0211 0187 0185 0189 0192 0184 0181 0184 0194
0213 0227 0239 0258 0264 0266 0261 0246 0238 0202 0210 0202 0272 1355 0180 0541.
0185 0189 0187 0183 0183 0186 0187 0176 0176 0180 0187 0196
0208 0229 0245 0263 0272 0281 0287 0284 0274 0267 0255 0243 0292 1513 0174 0344.
0229 0211 0203 0201 0192 0183 0167 0152 0161 0167 0191 0206
0228 0258 0277 0291 0302 0309 0311 0315 0309 0295 0263 0249 0316 1542 0147 0534.
0256 0243 0205 0217 0223 0199 0185 0179 0179 0180 0181 0209
0238 0261 0283 0300 0314 0329 0326 0315 0313 0306 0300 0287 0336 1416 0173 0629.
0274 0260 0232 0222 0215 0218 0211 0195 0195 0189 0212 0227
0250 0262 0281 0294 0304 0305 0312 0315 0311 0300 0287 0271 0318 1505 0184 0529.
0246 0231 0237 0232 0230 0218 0214 0200 0197 0195 0201 0217
0240 0266 0294 0316 0329 0338 0340 0333 0328 0322 0310 0297 0344 1504 0194 0607.
0279 0250 0269 0233 0238 0228 0233 0221 0214 0209 0224 0231
0257 0265 0271 0295 0302 0313 0318 0319 0318 0310 0301 0260 0324 1352 0202 0529.
0239 0234 0239 0238 0231 0225 0221 0212 0212 0217 0221 0239
0256 0277 0296 0314 0329 0337 0342 0342 0335 0326 0299 0283 0344 1543 0210 0436.
0272 0272 0260 0247 0253 0250 0245 0235 0230 0241 0243 0248
0266 0280 0290 0292 0296 0296 0295 0296 0287 0284 0275 0273 0304 1424 0225 0444.
0265 0260 0249 0248 0251 0248 0246 0243 0242 0240 0243 0253
0264 0272 0295 0299 0292 0308 0309 0309 0304 0280 0257 0258 0313 1510 0238 0534.
0259 0259 0261 0255 0255 0249 0249 0243 0243 0244 0246 0250
0259 0269 0304 0306 0318 0320 0316 0318 0308 0266 0244 0233 0324 1411 0233 1920.
0239 0247 0242 0238 0242 0232 0233 0232 0229 0221 0233 0245
0262 0277 0288 0297 0306 0307 0317 0313 0312 0305 0291 0264 0318 1451 0218 0526.
0256 0267 0237 //// //// //// 0237 0227 0224 0223 0228 0236
0243 0260 0287 0304 0314 0303 0281 0264 0261 0249 0242 0236 0317 1238 0221 0545.
0231 0223 0218 //// 0208 0200 0191 0168 0162 0171 0191 0206
0232 0252 0270 0284 0298 0303 0305 0307 0303 0285 0274 0256 0311 1613 0155 0510.
0240 0235 0230 0206 0199 0194 //// 0174 0168 0171 0182 0202
0236 0259 0284 0311 0321 0337 0350 0349 0340 0329 0312 0302 0355 1541 0164 0507=
I=
E=
U=
N=
H=
C=
V=
R6
0000 0000 0000
0000 0000 0000
0000 0411 0411
0000 0000 0000
0000 0000 0000
0000 0000 0000
0000 //// ////
0313 0033 0346
0001 0014 0015
0000 0000 0000
//// 0000 ////
0000 0000 0000
0000 0000 0000
0000 0000 0000
0000 0000 0000
0000 0000 0000
0222 0180 0402
0263 0000 0263
0000 0000 0000
0000 0000 0000
0000 0000 0000
0000 0000 0000
0000 0000 0000
0020 0000 0020
0000 0000 0000
0000 0001 0001
0001 0007 0008
0000 0000 0000
//// 0000 ////
//// 0000 ////
//// 0000 ////=
0000 0000 0000 0000 0000 0000 0000 0000 0000 0000 0000 0000
0000 0000 0000 0000 0000 0000 0000 0000 0000 0000 0000 0000.
0000 0000 0000 0000 0000 0000 0000 0000 0000 0000 0000 0000
0000 0000 0000 0000 0000 0000 0000 0000 0000 0000 0000 0000.
0000 0000 0000 0000 0000 0000 0000 0000 0000 0000 0000 0000
0000 0000 0000 0000 0310 0074 0012 0002 0003 0008 0001 0001.
0000 0000 0000 0000 0000 0000 0000 0000 0000 0000 0000 0000
0000 0000 0000 0000 0000 0000 0000 0000 0000 0000 0000 0000.
0000 0000 0000 0000 0000 0000 0000 0000 0000 0000 0000 0000
0000 0000 0000 0000 0000 0000 0000 0000 0000 0000 0000 0000.
0000 0000 0000 0000 0000 0000 0000 0000 0000 0000 0000 0000
0000 0000 0000 0000 0000 0000 0000 0000 0000 0000 0000 0000.
0000 0000 0000 0000 0000 0000 0000 0000 0000 0000 0000 0000
0000 0000 0000 0000 0000 0000 0000 0000 0000 //// 0000 0000.
0002 0204 0060 0012 0007 0002 0000 0004 0005 0001 0010 0006
0002 0002 0000 0000 0000 0003 0010 0008 0004 0004 0000 0000.
0001 0000 0000 0000 0000 0000 0000 0000 0000 0000 0000 0000
0000 0000 0000 0000 0000 0000 0000 0013 0001 0000 0000 0000.
0000 0000 0000 0000 0000 0000 0000 0000 0000 0000 0000 0000
0000 0000 0000 0000 0000 0000 0000 0000 0000 0000 0000 0000.
0000 0000 0000 0000 0000 0000 0000 0000 //// 0000 0000 0000
0000 0000 0000 0000 0000 0000 0000 0000 0000 0000 0000 0000.
0000 0000 0000 0000 0000 0000 0000 0000 0000 0000 0000 0000
0000 0000 0000 0000 0000 0000 0000 0000 0000 0000 0000 0000.
0000 0000 0000 0000 0000 0000 0000 0000 0000 0000 0000 0000
0000 0000 0000 0000 0000 0000 0000 0000 0000 0000 0000 0000.
0000 0000 0000 0000 0000 0000 0000 0000 0000 0000 0000 0000
0000 0000 0000 0000 0000 0000 0000 0000 0000 0000 0000 0000.
0000 0000 0000 0000 0000 0000 0000 0000 0000 0000 0000 0000
0000 0000 0000 0000 0000 0000 0000 0000 0000 0000 0000 0000.
0000 0000 0000 0000 0000 0000 0000 0000 0000 0000 0000 0000
0000 0000 0000 0000 0000 0000 0000 0000 0000 0000 0000 0000.
0000 0000 0000 0000 0217 0005 0000 0000 0000 0000 0000 0000
0000 0000 0000 0000 0000 0000 0000 0000 0000 0121 0058 0001.
0141 0007 0002 0000 0000 0001 0000 0107 0005 0000 0000 0000
0000 0000 0000 0000 0000 0000 0000 0000 0000 0000 0000 0000.
0000 0000 0000 0000 0000 0000 0000 0000 0000 0000 0000 0000
0000 0000 0000 0000 0000 0000 0000 0000 0000 0000 0000 0000.
0000 0000 0000 0000 0000 0000 0000 0000 0000 0000 0000 0000
0000 0000 0000 0000 0000 0000 0000 0000 0000 0000 0000 0000.
0000 0000 0000 0000 0000 0000 0000 0000 0000 0000 0000 0000
0000 0000 0000 0000 0000 0000 0000 0000 0000 0000 0000 0000.
0000 0000 0000 0000 0000 0000 0000 0000 0000 0000 0000 0000
0000 0000 0000 0000 0000 0000 0000 0000 0000 0000 0000 0000.
0000 0000 0000 0000 0000 0000 0000 0000 0000 0000 0000 0000
0000 0000 0000 0000 0000 0000 0000 0000 0000 0000 0000 0000.
0019 0001 0000 0000 0000 0000 0000 0000 0000 0000 0000 0000
0000 0000 0000 0000 0000 0000 0000 0000 0000 0000 0000 0000.
0000 0000 0000 0000 0000 0000 0000 0000 0000 0000 0000 0000
0000 0000 0000 0000 0000 0000 0000 0000 0000 0000 0000 0000.
0000 0000 0000 0000 0000 0000 0000 0000 0000 0000 0000 0000
0000 0000 0000 0000 0000 0000 0000 0000 0000 0000 0001 0000.
0001 0000 0000 0000 0000 0000 0000 0000 0000 0000 0000 0000
0000 0000 0000 0000 0000 0000 0000 0000 0000 0000 0005 0002.
0000 0000 0000 0000 0000 0000 0000 0000 0000 0000 0000 0000
0000 0000 0000 0000 0000 0000 0000 0000 0000 0000 0000 0000.
0000 0000 0000 //// //// //// 0000 0000 0000 0000 0000 0000
0000 0000 0000 0000 0000 0000 0000 0000 0000 0000 0000 0000.
0000 0000 0000 //// 0000 0000 0000 0000 0000 0000 0000 0000
0000 0000 0000 0000 0000 0000 0000 0000 0000 0000 0000 0000.
0000 0000 0000 0000 0000 0000 //// 0000 0000 0000 0000 0000
0000 0000 0000 0000 0000 0000 0000 0000 0000 0000 0000 0000=
0000 ////////// 00000=
W=
L=
Z=
G=
FN
243016 268022 291018 272022 263025 271032
284016 252022 289018 276017 269018 288016
242021 238017 122017 103024 133022 113026
101031 141019 166016 170042 160030 167030.
160026 167036 207023 257012 182026 196019
174019 273006 255012 265017 257016 337016
354015 129012 079018 116018 177007 103017
079019 077017 154020 166027 155021 166021.
092016 136029 161018 117009 020009 352010
044011 024003 045014 355007 032010 021008
336012 036008 272016 308020 286088 288098
292082 300074 294062 288051 288050 287054.
280052 289035 270029 285038 294038 297044
283037 269026 265017 292019 331021 326020
299026 298014 285021 256020 254026 243026
268039 268047 252023 246016 203022 208024.
277021 238024 209014 278014 266017 293011
256013 266013 238011 179008 199006 306014
026011 134021 089018 136017 099016 055015
083014 078021 068022 088020 082015 090016.
074009 359011 283015 273026 258017 254023
286020 282018 263018 283012 287019 237013
220008 120016 153018 124018 022014 121030
085029 101030 124031 117024 131015 157015.
136017 171019 157021 175013 175011 246013
240010 154005 107005 312005 004007 047012
097017 084017 047019 092023 100044 083037
090026 089018 062035 ////// 098047 098038.
102047 082038 048018 003016 007024 347016
353024 313011 PPC000 340012 318011 307009
343006 022015 334018 001012 000024 017013
317014 000007 080014 114015 104004 022006.
167008 290017 317008 311014 315014 274013
256014 255013 272013 253015 232019 265025
244020 272035 257031 229038 278052 262059
323019 275014 310018 350012 247024 195006.
247024 070021 091008 080014 083021 069020
006012 338016 304014 258011 248018 001011
266009 147015 011010 203018 123013 158017
160004 160015 122024 164044 159024 154030.
067017 113018 041013 109006 057014 023012
084008 322007 270013 289019 279028 231024
239029 260015 064009 119007 306045 323080
331067 340062 336045 331038 317036 073018.
058013 024019 015013 037018 078019 317006
282008 251023 320027 349028 323025 334033
344038 322034 286023 337031 288022 276028
304042 312040 311048 336033 309032 309029.
348021 326026 086016 358006 097014 011020
350016 358006 045009 025003 283018 305017
205014 250018 232023 204026 130015 205018
167035 092016 155028 131018 127017 157006.
159019 045013 060008 085011 076008 326010
PPC000 253009 337008 267012 241015 283018
228026 265028 277023 269029 246041 245042
268033 249030 240053 239031 221020 279021.
274030 273025 289020 288012 058012 042006
055014 023008 013011 083007 035008 054019
070023 081027 081014 076025 071020 045016
105021 084026 098023 082018 095018 049018.
081019 089028 096019 345009 341007 299009
251017 174011 147011 100009 109011 078015
236009 085018 110021 061022 065021 076019
083025 092038 079047 081039 062025 080022.
052016 073022 058030 349021 098084 121041
344016 003013 036009 106017 082009 130011
063006 123014 066022 093019 080030 086025
048028 048032 057029 011026 059014 104016.
133041 056011 046020 320012 063004 011013
109008 190008 258010 313014 PPC002 122008
169003 321008 235025 300016 227014 170021
196020 189024 144012 282035 261022 266034.
249030 241022 236015 252028 252016 227016
253008 PPC000 239007 242019 273013 215010
218013 274028 305048 296032 291047 254038
236033 272023 302019 248016 253006 152014.
220015 220017 006006 273015 280023 270027
279028 280028 293027 268025 279022 285019
262025 229018 242017 238027 255029 274048
294052 277041 290048 290045 285045 291030.
246014 313020 321007 329008 176006 235014
294016 264012 274012 292011 298025 280022
276008 263011 219007 047018 225012 210015
204025 175025 195026 209015 189018 188016.
348003 286011 321007 294018 290012 277016
281017 261022 256028 278017 258016 264028
236026 239016 276029 265034 311015 097013
182019 192018 187014 169012 206022 205013.
304011 202008 219010 259011 267014 216014
258027 276017 258014 269017 275022 238020
336009 268017 197010 285016 345019 062022
085018 095014 070015 100020 094012 169047.
251018 010013 238033 242029 254011 211018
236016 164011 275010 272019 245022 235009
191012 298008 216014 174011 231027 158023
117020 130024 127019 135017 137010 122013.
020013 071022 048007 299003 044014 344012
344014 101013 119007 020009 067010 070005
338012 120007 PPC001 110015 102012 213009
062009 071016 070014 108008 104006 086012.
087009 163012 331004 104009 061009 165006
072012 115011 084013 123010 093022 072007
073009 076014 046023 053024 068021 093018
102014 080012 029005 053009 314018 093009.
310011 287020 265009 260012 270012 308012
221011 272016 237014 200006 187007 205009
187009 226009 294010 211010 132021 109017
134022 101018 125017 353041 104028 201006.
306012 343015 293009 PPC001 072010 267010
336008 159006 155008 358007 269009 260010
060005 273013 302011 169020 230009 049021
138007 053015 050014 113014 135010 164004.
178006 189006 303008 ////// ////// //////
252018 278024 286026 281018 236019 271024
205007 189008 257011 265004 057016 025038
335033 005020 352036 232026 305024 268026.
291022 271021 294025 ////// 297022 235016
283017 202006 240011 153016 244018 239020
255016 162028 317043 322028 316042 298051
279045 322029 305035 285039 245020 286022.
281014 240021 209016 277016 282020 270020
////// 255026 284025 250018 262016 228018
227020 268019 264024 242019 208014 154014
282018 228033 206020 189015 187022 192026=
237014 272022 285018 271022 263024 275023
284014 262021 289018 266018 272014 287019
242019 263013 121016 100024 113022 099023
099027 141022 153020 174046 166032 169031.
151030 163043 185020 235014 190022 201020
172021 293010 246010 265016 274015 332015
002012 126016 082020 106018 154015 099020
065017 075018 141020 159022 160024 161020.
094013 136022 161017 127009 016010 017007
046010 030005 045010 348006 055009 028009
340011 027009 277017 301019 290096 286092
295089 293077 291066 287058 288061 290057.
286046 287037 273031 282036 293035 293040
285030 266028 263016 300022 318026 313020
279021 264021 278027 249026 266030 248026
280037 271048 259028 247020 214021 212024.
265019 244022 216012 281015 257017 279016
255010 262010 254005 221010 187008 291011
318008 121021 116018 129017 096018 086014
073019 082019 076022 081019 085015 090012.
077004 356007 277013 273022 259016 249020
281021 278015 264016 277010 276020 253015
222012 135016 148013 130021 014015 125026
104026 106027 125028 121028 127017 127016.
119015 159022 141023 175012 169010 247008
235011 154005 156005 295007 342008 054013
086016 092018 056022 095027 096039 079037
092037 083028 062030 ////// 095037 096043.
100053 082032 043015 002015 003020 356015
354018 334011 PPC001 335010 321007 314007
337008 004011 332014 003014 001016 010017
339016 013009 074012 104017 PPC000 053007.
178005 294014 324008 313013 316013 268014
261012 244014 267017 254014 245017 268020
244019 271027 264030 240035 274042 282048
323027 294016 325017 296015 247020 205004.
226017 066016 082010 087016 069021 060015
006012 000012 306011 260011 260014 344013
249012 074013 069011 165015 150016 143010
143012 186016 113025 166037 161020 158028.
094020 100014 055014 026008 045011 017010
084005 334009 278013 282017 289026 248021
240027 257016 105011 128019 322045 325070
335068 341052 339050 333045 317032 075016.
066017 043017 020011 048020 074020 303003
224009 240022 306032 323030 333026 338045
341036 304040 321026 339029 310030 296028
302046 328041 313042 329037 308036 312028.
340024 330026 081022 279004 103012 002018
002014 036009 022008 PPC002 273019 287013
222014 226013 255015 210019 160022 191026
185028 110016 148022 130020 124017 149006.
170022 068013 087010 063012 084011 334004
PPC000 252009 337010 272010 255018 273019
255018 259030 272030 255030 258043 237038
263036 243037 240044 243029 221024 273023.
276031 255030 288019 288017 064012 036006
054015 026011 034010 077010 024008 057019
083023 079023 065018 073025 078020 030016
106018 085023 090021 086023 091021 057018.
076023 078026 092020 359008 337010 310008
255018 191011 150008 115009 099012 078013
299012 102017 095019 071016 076017 081022
086028 087035 082041 078033 066031 081023.
069017 072022 040025 009021 097060 114040
337018 358011 035006 103016 083010 127010
052007 107013 077019 095020 060026 079029
057026 053030 052025 017028 086014 106016.
123032 044010 061018 349013 072006 007011
112008 193010 304008 304014 002004 110010
203007 332008 231017 290021 226017 173021
200018 205020 186012 275034 265028 260032.
243026 244022 235012 261023 251015 237014
272010 325003 240009 241014 279012 222009
218014 280033 301045 294034 299041 268037
245031 285032 284021 254018 253006 158013.
211019 234014 018006 261012 254021 272027
280030 284023 285025 270024 267024 277017
261024 239023 233018 246025 259031 272047
294047 285043 296041 292036 288037 290034.
246014 323013 300004 348006 211007 240012
291014 276011 282015 284011 296018 281023
269010 253012 221008 065012 196009 291013
205032 188028 200023 195018 188013 199015.
295004 276010 324007 287016 287014 275014
276017 259017 258026 278018 244020 263019
240026 232016 262024 264030 268018 107012
176022 187018 196017 173013 201019 210014.
292013 209006 224011 278008 277014 211011
262019 277017 254014 274018 276018 242017
321008 265018 164010 232013 332013 044016
083017 084018 076013 098014 080011 171040.
236021 017013 259034 245029 255014 208014
233014 165011 265008 268019 247019 247012
214011 248013 225014 200015 248016 168024
143021 140027 124020 125017 134010 128013.
025011 073018 054009 347005 053011 349012
342014 107010 111006 023009 038009 070007
058008 124007 084006 099014 128012 209009
072014 064015 078013 119010 076007 089011.
087007 166010 327004 PPC002 054008 270006
073012 104011 078013 110005 098016 118004
071013 079015 061018 058022 052018 092017
103016 066011 008007 028008 310021 095009.
318009 279017 290010 284013 259012 307011
231017 274010 243014 240005 192007 211007
196009 225008 253010 195012 134017 117026
131024 117020 124020 356030 102027 185007.
313012 344020 291009 036005 062008 258013
PPC002 122006 153009 355004 253009 281008
085008 314009 316011 140018 007009 030020
079012 072014 056012 109011 139010 168007.
175009 221009 243005 ////// ////// //////
255020 284021 283021 282019 246016 256018
217009 193007 272010 282007 074014 025026
339031 009023 352032 252030 301019 270023.
280019 273019 285022 ////// 298026 241014
271018 173004 215013 164010 243016 220018
251016 172021 321043 311038 304031 291041
278046 311030 306029 280036 255021 278018.
283014 247017 232016 280016 284021 268025
////// 258027 274022 257017 247021 239019
234016 251019 239021 245022 231019 177014
277019 229029 217018 194016 192026 204022=
051165 1753 092174 1745
047159 2153 089141 2008
759299 1850 174301 1253
057290 2000 092323 2029
148312 2340 046093 1705
032124 1636 061138 1724
052097 1936 096073 1828
094356 0541 105118 2110
077334 1538 150343 1533
042164 1815 070143 1814
077317 1335 148349 1401
401339 1313 107277 1426
035171 1332 066349 2105
050253 1306 090267 1303
032256 2126 055242 2122
047083 1620 084048 1617
077123 0139 128138 0135
039285 1804 069118 2059
206260 0135 073262 1244
059285 1446 096292 1439
034290 2000 060180 1526
034240 1155 067222 1924
040177 1959 069194 1955
042177 2003 079186 2006
026054 2139 049042 2123
027054 1745 055048 1741
032000 1805 074003 1759
024118 1315 041082 1311
047352 1526 088349 1523
050291 1129 099290 1036
032189 1843 063200 1841=
D=
K=
A=
S=
B=
??????
QP=
QTB
099 099 099 099 099 099 099 099 099 099 099 099 099 099 099 099 099 099 099 099 099 099 099 099 099 099 099 099
099 099 099 099 099 099 099 099 099 099 099 099 099 099 099 099 099 099 099 099 099 099 099 099 099 099 099 099
099 099 099 099 099 099 099 099 099 099 099 099 099 099 099 099 099 099 099 099 099 099 099 099 099 099 099 099
099 099 099 099 099 099 099 099 099 099 099 099 099 099 099 099 099 099 099 099 099 099 099 099 099 099 099 099
099 099 099 099 099 099 099 099 099 099 099 099 099 099 099 099 099 099 099 099 099 099 099 099 099 099 099 099
099 099 099 099 099 099 099 099 099 099 099 099 099 099 099 099 099 099 099 099 099 099 099 099 099 099 099 099
099 099 099 099 099 099 099 099 099 099 099 099 099 099 099 099 099 099 099 099 099 899 099 099 099 099 099 099
099 099 099 099 099 099 099 099 099 099 099 099 099 099 099 099 099 099 099 099 099 099 099 099 099 099 099 099
099 099 099 099 099 099 099 099 099 099 099 099 099 099 099 099 099 099 099 099 099 099 099 099 099 099 099 099
099 099 099 099 099 099 099 099 099 099 099 099 099 099 099 099 099 099 099 099 099 099 099 099 099 099 099 099
099 099 099 099 099 099 099 099 099 099 099 099 099 099 099 099 099 099 099 099 099 099 099 099 099 099 099 099
099 099 099 099 099 099 099 099 099 099 099 099 099 099 099 099 099 099 099 099 099 099 099 099 099 099 099 099
099 099 099 099 099 099 099 099 099 099 099 099 099 099 099 099 099 099 099 099 099 099 099 099 099 099 099 099
099 099 099 099 099 099 099 099 099 099 099 099 099 099 099 099 099 099 099 099 099 099 099 099 099 099 099 099
099 099 099 099 099 099 099 099 099 099 099 099 099 099 099 099 099 099 099 099 099 099 099 099 099 099 099 099
099 099 099 099 099 099 099 099 099 099 099 099 099 099 099 099 099 099 099 099 099 099 099 099 099 099 099 099
099 099 099 099 099 099 099 099 099 099 099 099 099 099 099 099 099 099 099 099 099 099 099 099 099 099 099 099
099 099 099 099 099 099 099 099 099 099 099 099 099 099 099 099 099 099 099 099 099 099 099 099 099 099 099 099
099 099 099 099 099 099 099 099 099 099 099 099 099 099 099 099 099 099 099 099 099 099 099 099 099 099 099 099
099 099 099 099 099 099 099 099 099 099 099 099 099 099 099 099 099 099 099 099 099 099 099 099 099 099 099 099
099 099 099 099 099 099 099 099 099 099 099 099 099 099 099 099 099 099 099 099 099 099 099 099 099 099 099 099
099 099 099 099 099 099 099 099 099 099 099 099 099 099 099 099 099 099 099 099 099 099 099 099 099 099 099 099
099 099 099 099 099 099 099 099 099 099 099 099 099 099 099 099 099 099 099 099 099 099 099 099 099 099 099 099
099 099 099 099 099 099 099 099 099 099 099 099 099 099 099 099 099 099 099 099 099 099 099 099 099 099 099 099
099 099 099 099 099 099 099 099 099 099 099 099 099 099 099 099 099 099 099 099 099 099 099 099 099 099 099 099
099 099 099 099 099 099 099 099 099 099 099 099 099 099 099 099 099 099 099 099 099 099 099 099 099 099 099 099
099 099 099 099 099 099 099 099 099 099 099 099 099 099 099 099 099 099 099 099 099 099 099 099 099 099 099 099
099 099 099 099 099 099 099 099 099 099 099 099 099 099 099 099 099 099 099 099 099 099 099 099 099 099 099 099
099 099 099 899 899 899 099 099 099 099 099 099 099 099 099 099 099 099 099 099 099 099 099 099 099 099 099 099
099 099 099 899 099 099 099 099 099 099 099 099 099 099 099 099 099 099 099 099 099 099 099 099 099 099 099 099
099 099 099 099 099 099 899 099 099 099 099 099 099 099 099 099 099 099 099 099 099 099 099 099 099 099 099 099=
QI=
QE=
QU=
QN=
QH=
QC=
QV=
QR6
099 099 099
099 099 099
099 099 099
099 099 099
099 099 099
099 099 099
099 899 899
099 099 099
099 099 099
099 099 099
899 099 899
099 099 099
099 099 099
099 099 099
099 099 099
099 099 099
099 099 099
099 099 099
099 099 099
099 099 099
099 099 099
099 099 099
099 099 099
099 099 099
099 099 099
099 099 099
099 099 099
099 099 099
899 099 899
899 099 899
899 099 899=
099 099 099 099 099 099 099 099 099 099 099 099 099 099 099 099 099 099 099 099 099 099 099 099
099 099 099 099 099 099 099 099 099 099 099 099 099 099 099 099 099 099 099 099 099 099 099 099
099 099 099 099 099 099 099 099 099 099 099 099 099 099 099 099 099 099 099 099 099 099 099 099
099 099 099 099 099 099 099 099 099 099 099 099 099 099 099 099 099 099 099 099 099 099 099 099
099 099 099 099 099 099 099 099 099 099 099 099 099 099 099 099 099 099 099 099 099 099 099 099
099 099 099 099 099 099 099 099 099 099 099 099 099 099 099 099 099 099 099 099 099 099 099 099
099 099 099 099 099 099 099 099 099 099 099 099 099 099 099 099 099 099 099 099 099 899 099 099
099 099 099 099 099 099 099 099 099 099 099 099 099 099 099 099 099 099 099 099 099 099 099 099
099 099 099 099 099 099 099 099 099 099 099 099 099 099 099 099 099 099 099 099 099 099 099 099
099 099 099 099 099 099 099 099 099 099 099 099 099 099 099 099 099 099 099 099 099 099 099 099
099 099 099 099 099 099 099 099 899 099 099 099 099 099 099 099 099 099 099 099 099 099 099 099
099 099 099 099 099 099 099 099 099 099 099 099 099 099 099 099 099 099 099 099 099 099 099 099
099 099 099 099 099 099 099 099 099 099 099 099 099 099 099 099 099 099 099 099 099 099 099 099
099 099 099 099 099 099 099 099 099 099 099 099 099 099 099 099 099 099 099 099 099 099 099 099
099 099 099 099 099 099 099 099 099 099 099 099 099 099 099 099 099 099 099 099 099 099 099 099
099 099 099 099 099 099 099 099 099 099 099 099 099 099 099 099 099 099 099 099 099 099 099 099
099 099 099 099 099 099 099 099 099 099 099 099 099 099 099 099 099 099 099 099 099 099 099 099
099 099 099 099 099 099 099 099 099 099 099 099 099 099 099 099 099 099 099 099 099 099 099 099
099 099 099 099 099 099 099 099 099 099 099 099 099 099 099 099 099 099 099 099 099 099 099 099
099 099 099 099 099 099 099 099 099 099 099 099 099 099 099 099 099 099 099 099 099 099 099 099
099 099 099 099 099 099 099 099 099 099 099 099 099 099 099 099 099 099 099 099 099 099 099 099
099 099 099 099 099 099 099 099 099 099 099 099 099 099 099 099 099 099 099 099 099 099 099 099
099 099 099 099 099 099 099 099 099 099 099 099 099 099 099 099 099 099 099 099 099 099 099 099
099 099 099 099 099 099 099 099 099 099 099 099 099 099 099 099 099 099 099 099 099 099 099 099
099 099 099 099 099 099 099 099 099 099 099 099 099 099 099 099 099 099 099 099 099 099 099 099
099 099 099 099 099 099 099 099 099 099 099 099 099 099 099 099 099 099 099 099 099 099 099 099
099 099 099 099 099 099 099 099 099 099 099 099 099 099 099 099 099 099 099 099 099 099 099 099
099 099 099 099 099 099 099 099 099 099 099 099 099 099 099 099 099 099 099 099 099 099 099 099
099 099 099 899 899 899 099 099 099 099 099 099 099 099 099 099 099 099 099 099 099 099 099 099
099 099 099 899 099 099 099 099 099 099 099 099 099 099 099 099 099 099 099 099 099 099 099 099
099 099 099 099 099 099 899 099 099 099 099 099 099 099 099 099 099 099 099 099 099 099 099 099=
099 899 099=
QW=
QL=
QZ=
QG=
QFN
099 099 099 099 099 099 099 099 099 099 099 099 099 099 099 099 099 099 099 099 099 099 099 099
099 099 099 099 099 099 099 099 099 099 099 099 099 099 099 099 099 099 099 099 099 099 099 099
099 099 099 099 099 099 099 099 099 099 099 099 099 099 099 099 099 099 099 099 099 099 099 099
099 099 099 099 099 099 099 099 099 099 099 099 099 099 099 099 099 099 099 099 099 099 099 099
099 099 099 099 099 099 099 099 099 099 099 099 099 099 099 099 099 099 099 099 099 099 099 099
099 099 099 099 099 099 099 099 099 099 099 099 099 099 099 099 099 099 099 099 099 099 099 099
099 099 099 099 099 099 099 099 099 099 099 099 099 099 099 099 099 099 099 099 099 899 099 099
099 099 099 099 099 099 099 099 099 099 099 099 099 099 099 099 099 099 099 099 099 099 099 099
099 099 099 099 099 099 099 099 099 099 099 099 099 099 099 099 099 099 099 099 099 099 099 099
099 099 099 099 099 099 099 099 099 099 099 099 099 099 099 099 099 099 099 099 099 099 099 099
099 099 099 099 099 099 099 099 099 099 099 099 099 099 099 099 099 099 099 099 099 099 099 099
099 099 099 099 099 099 099 099 099 099 099 099 099 099 099 099 099 099 099 099 099 099 099 099
099 099 099 099 099 099 099 099 099 099 099 099 099 099 099 099 099 099 099 099 099 099 099 099
099 099 099 099 099 099 099 099 099 099 099 099 099 099 099 099 099 099 099 099 099 099 099 099
099 099 099 099 099 099 099 099 099 099 099 099 099 099 099 099 099 099 099 099 099 099 099 099
099 099 099 099 099 099 099 099 099 099 099 099 099 099 099 099 099 099 099 099 099 099 099 099
099 099 099 099 099 099 099 099 099 099 099 099 099 099 099 099 099 099 099 099 099 099 099 099
099 099 099 099 099 099 099 099 099 099 099 099 099 099 099 099 099 099 099 099 099 099 099 099
099 099 099 099 099 099 099 099 099 099 099 099 099 099 099 099 099 099 099 099 099 099 099 099
099 099 099 099 099 099 099 099 099 099 099 099 099 099 099 099 099 099 099 099 099 099 099 099
099 099 099 099 099 099 099 099 099 099 099 099 099 099 099 099 099 099 099 099 099 099 099 099
099 099 099 099 099 099 099 099 099 099 099 099 099 099 099 099 099 099 099 099 099 099 099 099
099 099 099 099 099 099 099 099 099 099 099 099 099 099 099 099 099 099 099 099 099 099 099 099
099 099 099 099 099 099 099 099 099 099 099 099 099 099 099 099 099 099 099 099 099 099 099 099
099 099 099 099 099 099 099 099 099 099 099 099 099 099 099 099 099 099 099 099 099 099 099 099
099 099 099 099 099 099 099 099 099 099 099 099 099 099 099 099 099 099 099 099 099 099 099 099
099 099 099 099 099 099 099 099 099 099 099 099 099 099 099 099 099 099 099 099 099 099 099 099
099 099 099 099 099 099 099 099 099 099 099 099 099 099 099 099 099 099 099 099 099 099 099 099
099 099 099 899 899 899 099 099 099 099 099 099 099 099 099 099 099 099 099 099 099 099 099 099
099 099 099 899 099 099 099 099 099 099 099 099 099 099 099 099 099 099 099 099 099 099 099 099
099 099 099 099 099 099 899 099 099 099 099 099 099 099 099 099 099 099 099 099 099 099 099 099=
099 099 099 099 099 099 099 099 099 099 099 099 099 099 099 099 099 099 099 099 099 099 099 099
099 099 099 099 099 099 099 099 099 099 099 099 099 099 099 099 099 099 099 099 099 099 099 099
099 099 099 099 099 099 099 099 099 099 099 099 099 099 099 099 099 099 099 099 099 099 099 099
099 099 099 099 099 099 099 099 099 099 099 099 099 099 099 099 099 099 099 099 099 099 099 099
099 099 099 099 099 099 099 099 099 099 099 099 099 099 099 099 099 099 099 099 099 099 099 099
099 099 099 099 099 099 099 099 099 099 099 099 099 099 099 099 099 099 099 099 099 099 099 099
099 099 099 099 099 099 099 099 099 099 099 099 099 099 099 099 099 099 099 099 099 899 099 099
099 099 099 099 099 099 099 099 099 099 099 099 099 099 099 099 099 099 099 099 099 099 099 099
099 099 099 099 099 099 099 099 099 099 099 099 099 099 099 099 099 099 099 099 099 099 099 099
099 099 099 099 099 099 099 099 099 099 099 099 099 099 099 099 099 099 099 099 099 099 099 099
099 099 099 099 099 099 099 099 099 099 099 099 099 099 099 099 099 099 099 099 099 099 099 099
099 099 099 099 099 099 099 099 099 099 099 099 099 099 099 099 099 099 099 099 099 099 099 099
099 099 099 099 099 099 099 099 099 099 099 099 099 099 099 099 099 099 099 099 099 099 099 099
099 099 099 099 099 099 099 099 099 099 099 099 099 099 099 099 099 099 099 099 099 099 099 099
099 099 099 099 099 099 099 099 099 099 099 099 099 099 099 099 099 099 099 099 099 099 099 099
099 099 099 099 099 099 099 099 099 099 099 099 099 099 099 099 099 099 099 099 099 099 099 099
099 099 099 099 099 099 099 099 099 099 099 099 099 099 099 099 099 099 099 099 099 099 099 099
099 099 099 099 099 099 099 099 099 099 099 099 099 099 099 099 099 099 099 099 099 099 099 099
099 099 099 099 099 099 099 099 099 099 099 099 099 099 099 099 099 099 099 099 099 099 099 099
099 099 099 099 099 099 099 099 099 099 099 099 099 099 099 099 099 099 099 099 099 099 099 099
099 099 099 099 099 099 099 099 099 099 099 099 099 099 099 099 099 099 099 099 099 099 099 099
099 099 099 099 099 099 099 099 099 099 099 099 099 099 099 099 099 099 099 099 099 099 099 099
099 099 099 099 099 099 099 099 099 099 099 099 099 099 099 099 099 099 099 099 099 099 099 099
099 099 099 099 099 099 099 099 099 099 099 099 099 099 099 099 099 099 099 099 099 099 099 099
099 099 099 099 099 099 099 099 099 099 099 099 099 099 099 099 099 099 099 099 099 099 099 099
099 099 099 099 099 099 099 099 099 099 099 099 099 099 099 099 099 099 099 099 099 099 099 099
099 099 099 099 099 099 099 099 099 099 099 099 099 099 099 099 099 099 099 099 099 099 099 099
099 099 099 099 099 099 099 099 099 099 099 099 099 099 099 099 099 099 099 099 099 099 099 099
099 099 099 899 899 899 099 099 099 099 099 099 099 099 099 099 099 099 099 099 099 099 099 099
099 099 099 899 099 099 099 099 099 099 099 099 099 099 099 099 099 099 099 099 099 099 099 099
099 099 099 099 099 099 899 099 099 099 099 099 099 099 099 099 099 099 099 099 099 099 099 099=
099 099 099 099
099 099 099 099
099 099 099 099
099 099 099 099
099 099 099 099
099 099 099 099
099 099 099 099
099 099 099 099
099 099 099 099
099 099 099 099
099 099 099 099
099 099 099 099
099 099 099 099
099 099 099 099
099 099 099 099
099 099 099 099
099 099 099 099
099 099 099 099
099 099 099 099
099 099 099 099
099 099 099 099
099 099 099 099
099 099 099 099
099 099 099 099
099 099 099 099
099 099 099 099
099 099 099 099
099 099 099 099
099 099 099 099
099 099 099 099
099 099 099 099=
QD=
QK=
QA=
QS=
QB=
=
******
YF
O2225
河南省
豫洛阳牡丹研究所
洛阳市牡丹研究所牡丹培育园
平原
许怀庆
刘景莉
冯林凡
关莉娜
王国安
关莉娜
20081127=
JY
8888=
GK
01/月平均温度23.5℃,最高温度35.5℃，最低温度11.3℃。月降水量146.6毫米。


02/主要降水过程出现在3日  8-9日  17-18日。
05/=
BZ
00/343900/1122800
10/343900/1122800
10/24/24小时连续观测
11/不守班=
######
