O2215 3425N 11233E 003390 003390 105 000 S15 91999999919999199999 0 2010 04
P=
TB
0116 0094 0099 0095 0097 0094 0101 0100 0097 0092 0088 0099
0110 0131 0137 0153 0160 0166 0162 0163 0148 0139 0126 0120 0168 1439 0088 0648.
0109 0101 0098 0096 0093 0093 0076 0083 0078 0066 0070 0088
0102 0139 0148 0172 0176 0188 0197 0195 0175 0157 0147 0142 0201 1502 0062 0619.
0137 0134 0129 0120 0116 0109 0107 0105 0102 0098 0099 0116
0134 0153 0158 0163 0197 0199 0197 0196 0190 0174 0162 0158 0202 1317 0095 0614.
0139 0134 0130 0119 0115 0111 0109 0108 0094 0086 0104 0132
0138 0166 0188 0211 0223 0241 0252 0251 0235 0213 0194 0192 0259 1520 0086 0554.
0181 0172 0167 0169 0162 0154 0153 0147 0138 0137 0150 0165
0172 0201 0230 0255 0272 0280 0274 0263 0256 0244 0228 0224 0295 1407 0117 0622.
0217 0200 0202 0204 0192 0185 0189 0137 0111 0092 0088 0093
0103 0108 0121 0119 0123 0140 0146 0145 0145 0130 0116 0106 0223 2001 0087 0709.
0105 0102 0100 0096 0091 0085 0082 0081 0083 0078 0083 0100
0116 0123 0138 0141 0152 0155 0158 0148 0145 0140 0130 0126 0162 1423 0077 0610.
0126 0120 0119 0114 0109 0107 0096 0095 0097 0084 0099 0128
0148 0167 0192 0192 0212 0210 0219 0209 0200 0182 0169 0163 0225 1432 0084 0559.
//// //// 0148 0139 0137 0129 0122 0120 0102 0104 0105 0117
0146 0182 0197 0207 0217 0213 0207 0204 0185 0177 0172 0167 0222 1321 0098 0534.
0161 0154 0150 0154 0141 0132 0130 0125 0129 0129 0134 0133
0133 0128 0128 0131 0131 0123 0124 0127 0123 0116 0115 0109 0168 2002 0109 1952.
0105 0107 0102 0096 0094 0096 0097 0096 0092 0092 0088 0089
0094 0082 0082 0081 0078 0080 0078 0079 0079 0079 0081 0078 0110 2001 0076 1437.
0076 0077 0082 0081 0080 0075 0076 0073 0071 0070 0071 0073
0079 0096 0092 0079 0080 0085 0090 0085 0081 0078 0075 0068 0097 1010 0068 1953.
0062 0055 0050 0048 0044 0042 0036 0037 0034 0021 0037 0059
0064 0083 0093 0087 0094 0081 0085 0082 0072 0070 0065 0062 0104 1243 0019 0554.
0061 0061 0059 0058 0058 0054 0052 0039 0013 0002 0002 0007
0015 0016 0036 0043 0043 0051 0050 0061 0054 0050 0043 0038 0063 1528 0002 0549.
0035 0033 0033 0029 0023 0023 0024 0026 0026 0029 0034 0047
0065 0082 0096 0123 0130 0139 0146 0148 0146 0134 0117 0106 0153 1506 0021 0117.
0098 0093 0087 0088 0086 0079 0077 0077 0070 0062 0063 0085
0101 0139 0170 0175 0213 0220 0226 0203 0193 0181 0172 0166 0239 1432 0058 0533.
0153 0144 0143 0137 0128 0122 0119 0109 0110 0108 0110 0115
0129 0150 0154 0157 0168 0160 0189 0189 0192 0183 0163 0158 0197 1619 0104 0634.
0156 0154 0146 0145 0146 0143 0128 0131 0133 0136 0134 0141
0156 0174 0183 0200 0213 0222 0212 0205 0199 0190 0177 0174 0226 1316 0127 0250.
0166 0157 0151 0150 0151 0140 0134 0128 0125 0128 0140 0127
0146 0162 0189 0212 0218 0202 0202 0194 0183 0175 0174 0176 0222 1212 0119 0727.
0175 0169 0163 0159 0156 0155 0154 0150 0146 0141 0140 0137
0133 0129 0126 0124 0120 0115 0112 0113 0108 0106 0104 0100 0178 2009 0100 2000.
0101 0099 0100 0100 0100 0097 0096 0095 0093 0093 0091 0091
0084 0082 0080 0079 0090 0102 0107 0101 0104 0099 0092 0086 0111 1425 0078 1113.
0084 0083 0082 0082 0081 0079 0079 0082 0081 0079 0090 0088
0123 0148 0171 0185 0183 0187 0184 0187 0179 0154 0136 0131 0199 1328 0078 0313.
0125 0125 0110 0112 0099 0100 0097 0100 0094 0088 0102 0125
0144 0150 0175 0177 0195 0195 0200 0189 0183 0168 0155 0150 0208 1355 0083 0611.
0145 0146 0145 0141 //// //// //// 0121 0116 0109 0120 0119
0153 0171 0187 0198 0212 0210 0217 0218 0207 0195 0181 0168 0223 1520 0100 0611.
0159 0153 0152 0149 0145 0141 0134 0130 0129 0127 0125 0137
0137 0146 0148 0154 0132 0128 0125 0137 0137 0135 0132 0132 0168 2001 0121 1325.
0132 0130 0127 0126 0125 0110 0105 0098 0098 0086 0098 0114
0134 0154 0175 0196 0217 0221 0198 0187 0195 0175 0156 0150 0221 1351 0079 0554.
0142 0133 0127 0121 0111 0109 0114 0108 0113 0105 0122 0135
0162 0181 0191 0206 0211 0224 0225 0228 0224 0206 0196 0191 0234 1508 0099 0611.
0188 0183 0184 0179 0159 0147 0135 0126 0115 0109 0113 0122
0141 0154 0158 0169 0181 0184 0188 0190 0190 0179 0163 0156 0193 2005 0106 0552.
0151 0140 0140 0133 0137 0124 0121 0098 0110 0081 0099 0124
0151 0166 0202 0212 0234 0240 0245 0252 0256 0236 0216 0207 0260 1538 0074 0551.
0190 0177 0161 0154 0139 0128 0122 0112 0110 0106 0108 0136
0154 0173 0193 0208 0227 0249 0258 0255 0254 0228 0214 0205 0268 1617 0101 0527=
I=
E=
U=
N=
H=
C=
V=
R6
0013 0000 0013
0000 0000 0000
0000 0000 0000
0000 0002 0002
0000 0000 0000
0000 0000 0000
0000 0000 0000
0000 0000 0000
//// 0000 ////
0000 0000 0000
0000 0002 0002
0000 0000 0000
0000 0000 0000
0032 0034 0066
0000 0000 0000
0000 0000 0000
0000 0000 0000
0000 0000 0000
0000 0000 0000
0009 0376 0385
0309 0033 0342
0002 0001 0003
0000 0000 0000
//// 0000 ////
0000 0019 0019
0000 0000 0000
0000 0000 0000
0000 0000 0000
0000 0000 0000
0000 0000 0000=
0001 0011 0000 0001 0000 0000 0000 0000 0000 0000 0000 0000
0000 0000 0000 0000 0000 0000 0000 0000 0000 0000 0000 0000.
0000 0000 0000 0000 0000 0000 0000 0000 0000 0000 0000 0000
0000 0000 0000 0000 0000 0000 0000 0000 0000 0000 0000 0000.
0000 0000 0000 0000 0000 0000 0000 0000 0000 0000 0000 0000
0000 0000 0000 0000 0000 0000 0000 0000 0000 0000 0000 0000.
0000 0000 0000 0000 0000 0000 0000 0000 0000 0000 0000 0000
0000 0002 0000 0000 0000 0000 0000 0000 0000 0000 0000 0000.
0000 0000 0000 0000 0000 0000 0000 0000 0000 0000 0000 0000
0000 0000 0000 0000 0000 0000 0000 0000 0000 0000 0000 0000.
0000 0000 0000 0000 0000 0000 0000 0000 0000 0000 0000 0000
0000 0000 0000 0000 0000 0000 0000 0000 0000 0000 0000 0000.
0000 0000 0000 0000 0000 0000 0000 0000 0000 0000 0000 0000
0000 0000 0000 0000 0000 0000 0000 0000 0000 0000 0000 0000.
0000 0000 0000 0000 0000 0000 0000 0000 0000 0000 0000 0000
0000 0000 0000 0000 0000 0000 0000 0000 0000 0000 0000 0000.
0000 //// 0000 0000 0000 0000 0000 0000 0000 0000 0000 0000
0000 0000 0000 0000 0000 0000 0000 0000 0000 0000 0000 0000.
0000 0000 0000 0000 0000 0000 0000 0000 0000 0000 0000 0000
0000 0000 0000 0000 0000 0000 0000 0000 0000 0000 0000 0000.
0000 0000 0000 0000 0000 0000 0000 0000 0000 0000 0000 0000
0000 0000 0000 0000 0000 0000 0002 0000 0000 0000 0000 0000.
0000 0000 0000 0000 0000 0000 0000 0000 0000 0000 0000 0000
0000 0000 0000 0000 0000 0000 0000 0000 0000 0000 0000 0000.
0000 0000 0000 0000 0000 0000 0000 0000 0000 0000 0000 0000
0000 0000 0000 0000 0000 0000 0000 0000 0000 0000 0000 0000.
0000 0000 0000 0000 0000 0000 0000 0000 0001 0006 0010 0015
0019 0014 0001 0000 0000 0000 0000 0000 0000 0000 0000 0000.
0000 0000 0000 0000 0000 0000 0000 0000 0000 0000 0000 0000
0000 0000 0000 0000 0000 0000 0000 0000 0000 0000 0000 0000.
0000 0000 0000 0000 0000 0000 0000 0000 0000 0000 0000 0000
0000 0000 0000 0000 0000 0000 0000 0000 0000 0000 0000 0000.
0000 0000 0000 0000 0000 0000 0000 0000 0000 0000 0000 0000
0000 0000 0000 0000 0000 0000 0000 0000 0000 0000 0000 0000.
0000 0000 0000 0000 0000 0000 0000 0000 0000 0000 0000 0000
0000 0000 0000 0000 0000 0000 0000 0000 0000 0000 0000 0000.
0000 0000 0000 0000 0000 0000 0000 0000 0000 0000 0000 0000
0000 0000 0000 0000 0000 0000 0000 0000 0000 0000 0000 0000.
0000 0000 0000 0000 0000 0000 0000 0000 0000 0001 0001 0007
0011 0027 0032 0005 0019 0037 0044 0021 0042 0044 0037 0057.
0067 0050 0034 0032 0019 0030 0028 0011 0010 0010 0015 0003
0012 0017 0003 0001 0000 0000 0000 0000 0000 0000 0000 0000.
0000 0002 0000 0000 0000 0000 0000 0000 0000 0000 0000 0000
0000 0000 0000 0001 0000 0000 0000 0000 0000 0000 0000 0000.
0000 0000 0000 0000 0000 0000 0000 0000 0000 0000 0000 0000
0000 0000 0000 0000 0000 0000 0000 0000 0000 0000 0000 0000.
0000 0000 0000 0000 //// //// //// //// 0000 0000 0000 0000
0000 0000 0000 0000 0000 0000 0000 0000 0000 0000 0000 0000.
0000 0000 0000 0000 0000 0000 0000 0000 0000 0000 0000 0000
0000 0000 0000 0000 0001 0009 0007 0002 0000 0000 0000 0000.
0000 0000 0000 0000 0000 0000 0000 0000 0000 0000 0000 0000
0000 0000 0000 0000 0000 0000 0000 0000 0000 0000 0000 0000.
0000 0000 0000 0000 0000 0000 0000 0000 0000 0000 0000 0000
0000 0000 0000 0000 0000 0000 0000 0000 0000 0000 0000 0000.
0000 0000 0000 0000 0000 0000 0000 0000 0000 0000 0000 0000
0000 0000 0000 0000 0000 0000 0000 0000 0000 0000 0000 0000.
0000 0000 0000 0000 0000 0000 0000 0000 0000 0000 0000 0000
0000 0000 0000 0000 0000 0000 0000 0000 0000 0000 0000 0000.
0000 0000 0000 0000 0000 0000 0000 0000 0000 0000 0000 0000
0000 0000 0000 0000 0000 0000 0000 0000 0000 0000 0000 0000=
0000 ////////// 00000=
W=
L=
Z=
G=
FN
323035 329020 318009 322008 308014 300020
325030 331032 331031 330027 327018 334028
332036 312054 310068 312058 280040 320055
277044 263044 276040 296041 300038 305035.
321014 298016 309016 021009 348015 060010
345006 323010 154008 271004 318013 300016
328017 304012 318018 226008 149021 342013
232015 219011 144049 145041 137042 137035.
147033 136030 130030 124029 130025 139027
134021 120025 130021 114022 143027 138035
149026 144041 149032 130035 145066 146068
140093 140080 139057 136057 143067 145068.
122030 130033 131041 129028 131025 120018
136017 252005 066010 329021 144010 234020
304012 124007 285021 318019 175028 184015
342018 134024 152044 141039 147042 143035.
127033 123025 136031 124027 134020 104026
134010 129013 199004 141026 108012 328013
308014 313022 312016 302019 329023 351017
347017 132019 182014 193007 337007 263007.
182014 148025 119017 144019 346010 326017
300010 115064 109061 132034 120027 091016
135020 154023 136022 150023 211017 198026
152022 141029 160013 144037 140037 146039.
147025 141031 149034 133026 123030 125020
137018 133015 129021 112018 131022 123016
137039 142047 132041 154043 158043 150043
148049 142043 139050 149048 142040 138036.
140032 145031 142023 123024 114021 132021
137028 097014 114025 132013 121017 131024
218013 151035 127039 137047 151048 145049
148058 143053 142046 135039 139037 148038.
////// ////// 125030 128028 133033 128030
114029 123022 106012 103014 151019 310018
327017 218011 304021 254013 234014 246024
127026 138041 150035 144035 144029 134026.
127030 132023 115013 112016 318011 332016
322013 304013 151009 137008 110015 092017
137025 132017 130013 122017 122023 104015
174009 126025 143020 148024 114023 113017.
200006 134038 133034 131024 113025 117018
140009 140028 323018 152010 320007 120013
207003 333015 327024 308009 327024 321019
319012 314014 307020 314021 150004 140010.
139014 147016 135020 099019 239003 317010
136018 291009 323008 330020 328022 318021
316022 306074 305075 310064 309073 305094
307085 299075 300072 300059 301070 306059.
309046 305038 320030 310037 314040 338034
082007 342017 342014 114016 105012 137020
153026 164035 150038 140032 153031 136037
144024 143021 144040 148039 137033 155051.
141050 149044 146038 143034 132024 093014
128020 139017 307007 255013 244009 //////
231022 323013 320021 263005 247020 144023
144022 171012 165021 141031 146029 133024.
139035 127022 141021 113028 128015 124024
097016 061007 049007 129010 140020 178010
172013 136021 143023 146028 192018 126026
137031 151047 143052 150050 135034 134028.
129029 145031 125027 117025 144026 143024
140029 139021 098013 097005 320009 326008
301019 318008 215018 195012 231024 134021
142041 142056 149048 138034 140034 132034.
133030 120013 117025 121021 119027 117019
141026 127019 133021 140023 119011 271013
284020 301021 324016 222024 140044 125022
143028 132026 145013 168005 108016 116016.
122020 140010 142023 143035 140025 138027
275016 149023 228004 280014 285009 332014
282005 144011 155017 136027 157031 157031
150042 143045 141035 146035 134037 136030.
140030 114021 120026 107033 151031 164009
125013 352015 085012 130012 114011 312014
259008 320025 284017 155020 165018 279015
133011 195008 125014 339008 168013 125028.
117019 123012 120015 126028 123026 141029
143028 139024 136026 133029 104021 182009
////// 137023 137031 138020 116030 113029
104030 126031 115028 119016 130019 129017.
107024 152017 318014 301010 302015 320017
325013 106014 073021 116020 084010 178016
203019 121025 166023 057020 156016 323015
329026 325036 332019 326023 322021 323026.
333026 327018 332012 087006 310018 336011
046007 335010 PPC000 043003 138007 329010
314017 311017 301037 328049 306053 279029
303038 296027 297035 336049 342019 306033.
348019 329028 PPC002 326012 087008 101010
126005 311013 328011 096009 091006 061007
149019 ////// 123022 135013 129028 145020
150029 145057 142054 145034 141041 140030.
124039 146050 126046 ////// ////// //////
////// ////// 129021 037005 117018 306017
343016 164015 151038 148031 140043 139046
146062 142071 146070 138062 147063 142052.
125044 130037 131043 143046 145038 140029
132028 138027 137026 119022 109008 138021
313018 185018 287022 303025 299036 295025
301039 300035 300053 297039 301037 304057.
298047 299043 327024 305054 318039 305037
302040 296032 306060 302039 304013 304019
217021 229030 151022 218028 284052 299082
318091 323045 307087 333070 314063 312053.
309036 312036 321025 324021 319017 314017
324022 PPC000 274012 PPC001 289015 139023
194025 224022 123014 215021 147035 153026
130028 147039 137025 138028 151030 131019.
318018 341020 331047 317083 325051 307060
327069 327067 318046 333027 026007 311022
317036 307082 326076 295069 309078 311091
307076 312049 303052 330029 327021 350014.
048010 128007 071008 168008 124026 115024
099014 309005 094014 313017 346015 312015
283010 295012 139006 327023 299025 295024
267028 214025 223014 145014 138034 134021.
101018 109025 119029 136025 345009 355010
347012 299013 305011 298012 329010 302014
280018 297015 311019 315016 327021 270013
259009 119011 143010 150040 138040 144029=
324035 329021 338008 315011 309011 306015
323026 326025 328031 328025 326019 324026
329035 318049 307053 308041 287048 299045
280047 275050 284049 295039 302048 305038.
318011 302016 312015 033010 348013 048012
346008 329010 181012 314006 318013 299017
323018 292016 311020 223011 188023 266021
200018 188011 144047 146046 141037 137035.
142033 134029 130028 126025 130027 136027
128023 124022 129024 128020 136022 139030
146030 143040 144037 130039 143059 146075
142087 141074 144070 140058 145066 144065.
126035 138038 132036 129026 131024 119018
124023 205009 017007 331017 124010 287012
310009 213006 280018 305013 189023 240019
321018 137030 147038 143037 145041 142033.
130029 123029 135029 123024 127020 105025
107014 114014 PPC002 140028 123011 243016
312017 299019 313017 305024 310024 332023
001013 135014 168013 231005 323015 288009.
193013 145023 130017 117016 320008 341012
288023 119058 115058 132034 123030 105017
139017 138015 134019 148020 162023 234020
139027 147024 126014 143038 142036 145038.
146028 139028 146032 140028 127026 127022
122018 127017 129020 111017 125022 126018
142036 143044 137041 153048 145040 146040
144043 145042 138038 141041 141040 141037.
135034 145028 142027 127022 122020 137017
136025 100013 121027 137012 100011 134024
265016 151039 136042 140050 145049 147047
145047 143058 144049 139043 142046 140037.
////// ////// 133032 127031 134035 133029
122028 121022 104011 103015 153013 311019
313014 272009 297019 221020 219016 244013
145021 141037 149038 145037 145025 134024.
130026 132025 119015 118015 281009 332013
319010 306010 134011 140006 126015 122014
140023 121019 129012 123018 125020 125016
134008 133022 140021 132023 126027 108016.
169009 133032 132032 129025 112019 111018
117010 135027 321020 125016 356007 131013
219005 332016 328024 098010 331022 327021
317014 316018 299012 307022 147008 170010.
155010 146018 148018 106020 290005 323011
140013 291011 326012 329020 325019 322025
321021 306067 304066 310074 309080 303094
307078 301070 296059 300054 304074 306057.
312047 310041 318033 312032 316035 333033
027012 341012 343016 124018 107013 134021
157020 150037 148043 140038 148031 138031
140020 139024 141038 144034 140033 148047.
144044 143037 150031 142034 131025 107014
143018 135017 311008 253011 237007 //////
218020 329013 320015 197009 243020 155025
152016 159018 147026 144030 144029 137022.
143033 137023 138024 125022 144016 121024
095013 060011 039005 131009 165010 175005
168017 153025 138023 156029 170025 143027
145036 149043 144046 148040 137037 135030.
131028 142031 130028 130025 138023 138023
140025 137022 101009 030004 291003 335007
305018 327010 240011 175017 238022 147024
142043 143052 145044 139037 139033 126029.
136026 106012 122016 120024 128026 119021
142025 134020 130018 135021 137017 273011
296019 291015 328022 254019 146037 138025
134025 138023 141016 145011 071010 115017.
127015 120012 137023 144038 133018 138025
281016 124012 317008 271013 291012 330011
313009 097011 169015 143022 160022 154030
150042 144044 141035 145033 139039 142032.
142029 117019 127026 115031 146029 235008
117016 357016 096015 138012 119010 308012
276009 305024 290019 118016 156015 282015
264012 101019 142013 002011 153014 122020.
116019 123015 112018 119030 135026 140029
140025 139018 138026 137024 114027 166008
////// 138019 130026 130024 120029 116030
109029 119030 117029 124019 135020 122015.
124021 145018 333013 300012 299013 325016
328015 110015 087021 121020 337009 158018
176023 133023 167023 230015 178018 321016
327022 330030 333019 328020 326019 324026.
332019 318022 333011 092005 307016 340016
037004 344009 307003 037003 100004 329012
313013 303018 296034 315050 303041 291042
300048 291026 298036 332051 339017 313023.
344014 328030 001007 310012 PPC002 069007
102006 296010 326012 083009 031005 008010
149019 ////// 131020 135023 134021 133022
151029 145052 144049 144044 142038 140031.
130038 144047 129043 ////// ////// //////
////// ////// 128022 030008 114016 316018
324012 147020 147037 148040 139042 139057
145052 142060 143058 140066 144065 140053.
119046 125038 132041 141043 141040 141032
133026 130027 134025 125022 107009 137020
323019 205016 285018 302022 302039 297021
299035 305036 296046 292034 297047 304047.
300048 294040 319032 307045 319037 304037
300036 297030 308055 305027 301012 303014
245021 239027 192026 222029 282048 293075
317092 320053 307085 330064 313052 309067.
314042 311035 323029 326024 316021 316018
329023 284005 263014 050006 307014 161018
199020 226019 177021 244021 145040 149035
133031 147031 144027 139028 139024 132019.
041009 332019 326044 320080 328049 311060
324060 320068 321048 332029 342009 298017
319038 314069 318090 302077 305074 308076
302072 312065 304061 329030 328022 350011.
121010 140008 337005 162007 124022 115022
102016 325008 098015 307018 334015 317010
307012 305016 145010 311020 274017 286020
239023 189020 200015 152016 137034 131020.
102019 117022 137029 142020 358007 357009
347011 306010 306012 301012 311011 307014
303018 301020 303017 316018 307020 255016
229011 091013 150015 145043 141040 137031=
068310 1414 110326 1453
053145 1742 071141 1802
095143 1429 116177 1406
068144 2003 103177 2003
036136 2022 056112 2104
062115 0403 087135 0417
050148 1157 072146 1504
064143 1548 100138 1545
045135 2023 064127 2019
033142 1743 055090 0903
040128 2228 065121 2228
097303 1335 129301 1251
059309 2008 095318 2005
049144 2007 066138 2057
047143 1625 069138 1704
054145 1607 071149 1606
039148 1301 057107 0228
045148 1628 060149 1807
034114 2354 056338 1335
038115 1320 062104 1347
032330 1603 051059 0903
070331 1814 097312 1813
063145 1612 091152 1609
075142 1829 106138 1721
055295 1635 084304 1608
140309 1440 185307 1439
067309 2001 071307 2005
092313 1057 141318 2350
034137 1900 046323 1402
044143 1846 065141 1746=
D=
K=
A=
S=
B=
??????
******
YF
O2215
河南省
豫伊川工业园
伊川县工业园办公区
丘陵；城镇；地面
空缺
计算机
计算机
计算机
计算机
计算机
20100506=
JY
8888=
GK
01/
05/=
BZ
BB/14/08时温度用正点前1分钟值代替。
BB/20/09时温度用正点前2分钟值代替。
BB/23/10时温度用正点前1分钟值代替。
BB/24/24时温度用正点前6分钟值代替。04时温度用正点后1分钟值代替。
00/342435/1123236
10/24/逐时观测
10/24/24时连续观测
11/不守班=
######
