O2224 3443N 11236E 001145 001145 105 000 S15 91999999919999199999 0 2012 02
P=
TB
0021 0011 0001 -003 -003 0000 -007 -017 -024 -021 -021 -013
-009 -004 0003 0014 0015 0028 0026 0023 0014 0001 -003 -010 0031 1428 -027 0514.
-014 -026 -032 -038 -044 -047 -051 -052 -060 -055 -056 -064
-041 -024 -010 0002 0012 0023 0023 0022 0018 -003 -019 -023 0026 1417 -065 0757.
-031 -038 -044 -046 -052 -063 -068 -075 -077 -081 -079 -079
-041 -007 0015 0031 0053 0066 0073 0075 0075 0031 -007 -014 0084 1624 -083 0742.
-029 -030 -034 -035 -042 -044 -031 -029 -027 -019 -029 -039
-011 0000 0012 0023 0032 0028 0027 0027 0018 0003 -003 -002 0032 1300 -045 0205.
0000 0000 -001 -003 -002 -001 0001 0000 -012 -019 -017 -018
0000 0012 0021 0045 0075 0085 0092 0095 0088 0070 0055 0048 0096 1604 -022 0622.
0045 0044 0040 0015 -010 -013 -020 -020 -023 -006 -010 -008
0011 0039 0056 0089 0099 0103 0097 0083 0074 0056 0044 0033 0107 1423 -026 0330.
0018 0001 -012 -016 -002 -037 -033 -026 -035 -050 -067 -068
-015 -001 0011 0023 0018 0037 0042 0045 0035 0013 0014 0000 0049 1532 -073 0751.
-003 -008 -023 -012 -017 -008 -017 -022 -047 -054 -052 -029
-015 0000 0011 0020 0029 0032 0039 0049 0040 0023 0006 -008 0053 1608 -055 0612.
-015 -036 -039 -054 -057 -054 -047 -063 -069 -059 -051 -044
-022 0006 0023 0031 0041 0051 0046 0046 0043 0026 -008 -027 0053 1402 -073 0444.
-031 -029 -031 -026 -022 -032 -034 -033 -043 -044 -046 -043
-012 0016 0043 0065 0067 0075 0080 0076 0069 0037 0004 -023 0080 1459 -051 0727.
-020 -025 -026 -035 -040 -048 -059 -063 -066 -070 -076 -071
-023 0007 0031 0056 0072 0086 0093 0092 0080 0061 0062 0042 0096 1542 -077 0722.
0013 0012 0009 0011 0018 0019 0019 0020 0021 0021 0019 0019
0022 0035 0043 0047 0060 0069 0072 0067 0056 0041 0020 0016 0073 1505 0006 2326.
-004 0005 0006 -006 -012 -019 -022 -028 -036 -045 -048 -043
-021 0001 0022 0046 0059 0074 0087 0091 0084 0071 0048 0048 0092 1627 -050 0724.
0038 0039 0027 0004 -012 -016 -022 -028 -031 -036 -039 -038
-008 0020 0048 0077 0098 0102 0109 0107 0092 0080 0067 0053 0109 1500 -041 0722.
0040 0037 0036 0025 0019 0027 0030 0027 0021 0015 0019 0017
0029 0046 0051 0064 0065 0065 0064 0065 0062 0047 0028 0008 0067 1228 0008 2000.
-005 -006 -017 -020 -025 -027 -030 -035 -038 -040 -041 -030
-006 0027 0049 0065 0073 0080 0083 0086 0079 0050 0017 0001 0088 1537 -044 0637.
0008 0003 -020 -029 -037 -045 -055 -044 -046 -044 -045 -039
-007 0035 0052 0068 0078 0085 0083 0085 0079 0055 0044 0010 0090 1441 -056 0320.
-007 -029 -034 -029 -032 -040 -032 -028 -038 -040 -048 -053
-009 0030 0055 0069 0080 0082 0096 0096 0087 0068 0016 -002 0099 1540 -054 0754.
-003 -024 -029 -026 -043 -056 -059 -058 -069 -076 -078 -066
-011 0012 0049 0068 0084 0099 0113 0111 0095 0083 0060 0057 0117 1517 -079 0643.
0050 0057 0057 0055 0028 0003 -009 -012 -018 -021 -025 -023
0022 0049 0073 0097 0110 0115 0117 0118 0115 0103 0083 0077 0120 1327 -029 0727.
0082 0085 0081 0071 0069 0068 0051 0029 0010 -001 -005 -002
0045 0069 0082 0100 0105 0102 0102 0093 0089 0083 0079 0077 0109 1422 -007 0712.
0069 0066 0063 0044 0037 0029 0031 0024 0011 0010 0001 0009
0034 0052 0062 0078 0102 0121 0127 0131 0128 0113 0081 0068 0134 1517 0001 0656.
0051 0049 0049 0050 0088 0089 0081 0074 0076 0066 0058 0050
0044 0055 0062 0062 0065 0075 0076 0070 0064 0059 0054 0053 0095 0110 0042 2227.
0047 0043 0042 0038 0035 0033 0031 0029 0026 0025 0022 0026
0031 0042 0052 0058 0066 0072 0071 0075 0076 0067 0064 0062 0077 1636 0021 0642.
0058 0058 0050 0046 0042 0038 0031 0026 0023 0019 0014 0018
0030 0036 0043 0046 0048 0051 0055 0051 0044 0039 0034 0031 0062 2001 0013 0640.
0023 0013 0010 0016 0013 0000 -014 -001 0002 -005 -007 0002
0018 0026 0037 0046 0060 0051 0051 0065 0061 0047 0011 -004 0066 1543 -016 0307.
-011 -016 -010 -020 -028 -031 -037 -039 -045 -048 -048 -040
-007 0025 0049 0072 0087 0093 0095 0097 0086 0076 0066 0049 0099 1443 -050 0643.
0045 0037 0033 0018 0005 -006 -009 -007 -023 -031 -031 -007
0016 0037 0056 0069 0085 0083 0088 0085 0086 0075 0063 0057 0089 1642 -035 0644.
0048 0045 0041 0030 0027 0037 0036 0039 0032 0032 0031 0035
0050 0072 0080 0088 0092 0094 0094 0091 0081 0074 0068 0065 0100 1425 0025 0051=
I=
E=
U=
N=
H=
C=
V=
R6
=
=
0000 ////////// 00000=
W=
L=
Z=
G=
FN
047035 037027 058036 047038 051039 035021
037021 018020 023022 044026 037021 054028
085049 079037 067026 038026 042030 007025
016022 018022 050020 045016 043014 041014.
044014 011015 004014 012011 011022 016025
017015 011021 320006 013016 019012 005009
315010 020012 301017 342016 343015 239016
235015 200008 152009 073008 006009 026009.
266006 279008 168005 336008 PPC000 PPC000
326008 091007 PPC001 PPC000 029007 292005
PPC000 266018 233028 245028 308009 203010
254016 250012 238007 070006 034005 330011.
304004 217004 322008 340013 349010 043005
187013 044011 002023 045014 035010 294010
347012 272020 318017 313011 032010 011023
345014 064014 193020 214010 062005 283003.
275010 202004 039008 267006 076003 241009
230013 285010 239011 115012 098006 187009
235013 254027 271017 292018 132018 300016
007019 193009 010007 046010 012011 018010.
064011 001007 003008 309008 300014 269011
062009 053006 138010 224012 356005 178006
PPC000 206004 PPC001 281023 302042 296063
291062 300069 305067 319061 324048 326029.
327016 339013 313012 359014 338024 309005
012021 013023 048012 352009 338009 020008
140011 093019 194017 215023 264014 236033
195017 204007 182015 105006 289037 274018.
270027 259023 308014 283021 250023 280029
254014 263009 263010 133009 046008 192014
198005 257036 240031 275029 296038 303044
290038 287034 323034 326028 319020 226013.
346014 312017 PPC000 351010 271013 068009
102008 197008 330007 325007 055006 152010
287004 231019 045007 210014 099015 184011
164024 183018 213016 191009 PPC001 PPC000.
101007 035004 258015 315005 282009 356008
357012 265006 329006 359010 077008 009008
116014 269013 281014 196024 164023 188026
212011 242007 PPC002 103013 055010 001009.
333011 007012 350013 355014 345017 352010
216005 232012 268013 354008 186008 084007
PPC001 230005 320013 039014 193014 059013
125024 063032 052022 050022 060023 060011.
301011 342018 022013 337010 343016 331012
359012 350028 352025 024023 021016 360020
053011 345024 360023 013020 359026 012024
011024 028030 057040 052020 016009 060012.
349008 341026 358014 023011 005011 357014
028008 313013 211004 000007 335006 005006
086012 227011 050010 283009 192016 215019
004016 003011 067015 096014 060013 013011.
292008 006017 007011 329007 311011 275013
223008 046008 201005 PPC000 028004 019009
015007 181014 217007 068015 065013 090019
070039 037032 042039 048043 045041 040029.
041030 065039 065031 023024 023017 359008
018016 023015 051016 051010 033022 020010
353018 081016 050022 033014 169019 009015
348025 067007 052010 194006 354004 065005.
350005 038008 067006 344006 023004 207006
008014 PPC001 309009 062009 200005 051009
114004 213019 235017 181019 327019 110018
192015 136006 194010 206006 284006 329022.
006017 008015 298009 215016 316009 202022
274011 310010 022007 016008 101006 192008
199013 228022 195015 215022 247029 283027
346028 322030 321033 316037 290021 315016.
258012 311012 272006 348014 300011 281015
305011 054011 300006 038009 004013 PPC000
207012 211012 246019 218033 213026 151016
304011 239012 223019 213012 052006 341014.
041007 149007 291013 354010 306011 277011
283014 072009 036007 009008 PPC000 166003
193013 317012 343011 114012 126014 122025
052018 051018 055018 045013 030020 022021.
013014 345013 000025 360018 014007 309009
258008 337007 280009 247012 PPC000 005006
194011 199015 109007 092013 046019 093014
045015 100015 051011 025010 358009 346010.
242014 286012 279015 344010 333014 315010
003006 257010 351010 PPC000 201011 026009
038009 001016 003020 018028 012024 041032
037048 039036 071024 028023 022014 341013.
012019 025023 032024 054007 029019 002014
026013 007011 354012 337012 223013 232008
252014 217015 250022 226019 214019 226012
268020 189016 PPC001 PPC000 PPC000 345005.
194004 073012 063014 013012 076041 091052
078031 077034 121076 093047 113064 086067
107052 126086 065046 065070 058074 060060
069058 057045 092036 067018 098017 074024.
099015 032014 011019 017015 034021 023015
049017 038021 071013 015010 340010 323008
299013 326009 202017 247028 231027 205020
190025 195023 191017 101021 095019 076012.
049010 054014 043027 032016 058030 020020
016018 054014 018018 018007 016018 045016
162040 093046 095044 082039 059043 081048
064032 053024 037030 041015 037012 025010.
352009 349007 346007 335016 336010 002014
335008 007016 358009 003005 301004 040005
100013 038012 205008 152025 196022 144008
065008 053004 284011 PPC000 045006 045010.
007005 189008 336008 331008 197009 015007
249009 PPC000 303007 PPC000 222011 047006
201007 356010 099010 112018 123017 140030
191011 019027 048027 027017 213019 128009.
091012 106018 045013 024009 356015 022013
019014 009015 133007 345010 306013 342016
013028 006025 059022 070021 043017 038030
033024 060035 040018 050016 020016 067008.
012009 003013 355012 027006 351013 358016
013013 339011 342011 003012 017017 018007
015017 068014 208012 175012 178024 283013
208014 216011 232023 231015 239018 251018=
049031 041029 059037 047038 051037 046024
040020 019020 023020 043028 039025 049027
078048 078034 064028 034026 036029 346022
026023 026020 056023 047017 046016 039014.
038016 015016 004015 016014 017021 017023
037016 013021 277006 014016 017012 356008
311011 309011 321016 314019 308015 268014
220017 201009 171008 081008 016009 028009.
263006 278009 177005 346008 PPC000 PPC002
354007 090006 121004 PPC001 026008 307006
PPC000 252022 239027 247025 252009 198011
268017 252012 242008 060006 024006 348010.
240005 221006 314005 338013 341010 065005
182013 050010 359022 038016 041011 283011
304009 277016 314019 308014 070009 015020
298014 047013 188020 216009 065005 PPC001.
278009 222004 029008 267005 073004 241010
231013 281009 236010 102010 131006 181008
246013 247025 275019 281015 163019 285017
013016 182010 310007 045011 010011 032010.
059012 339009 003010 260006 298013 264012
069009 046008 109007 227016 007006 148006
PPC001 123004 282003 275018 304039 295055
296063 300077 305063 319054 321046 324028.
321018 336014 313012 310014 325023 308005
009019 012024 046012 017008 309008 021008
147009 147019 195020 210020 261019 235028
200020 218008 186019 114007 291031 265018.
270026 263023 313014 280021 264020 283030
253015 259013 262010 121009 026007 197014
197006 266033 248029 277029 293039 306042
289032 274037 322039 321027 318020 239012.
253015 312015 PPC002 342011 261013 066009
082009 207008 351008 338006 047006 154009
329003 229020 026011 216015 087015 211012
144020 195019 208015 192009 132003 PPC000.
081007 047006 260013 285007 287008 335008
290012 273006 335007 001010 079008 357009
113013 272013 269013 198020 163027 172020
208016 236007 179005 104013 052010 010008.
326010 012011 333012 306014 344016 003008
235004 235011 271011 036008 175008 076006
PPC001 224005 283012 330012 156015 088017
115021 061030 054022 051020 062024 058011.
305010 341018 019013 328010 340015 324011
023012 305025 299023 017024 020016 020018
050011 332023 044022 025021 354024 013023
316026 029029 061040 053023 033009 062012.
309007 330023 288015 022011 011010 315013
025008 307012 266003 011007 337006 335007
083010 220013 057009 288010 190012 214016
325016 297010 062014 090013 062013 018012.
298008 321020 010010 334007 307011 274012
218008 051009 189003 057003 355003 018008
029006 170014 197009 091011 100014 093022
070035 037036 037041 051039 046041 039030.
039034 064042 065031 037021 018017 002008
020017 018013 051017 054012 028021 027010
310017 080016 050022 055016 175019 026014
343022 050008 069011 199007 PPC002 060003.
356004 028008 062007 315006 017005 173007
001013 PPC001 312008 047008 202005 033010
156005 212017 234015 177019 347015 105017
192016 151009 175010 200005 319007 331017.
352017 357017 309008 231013 350010 224015
273009 318010 007006 005011 097006 171007
208013 223019 199017 242018 226031 249027
303034 319034 314031 313034 293022 312015.
262014 305012 287007 322014 225011 287014
313015 078012 293004 036009 324012 PPC001
202013 217015 233019 223023 216029 192021
263015 227015 223021 218013 055005 346012.
019007 177008 298013 314010 312011 272010
270013 040010 036006 359008 PPC000 148004
200012 309014 278011 136015 138014 131020
063016 040021 050020 045012 026017 024020.
008015 359014 356023 360017 353008 322009
262006 339007 296010 247011 PPC000 328007
200010 204014 103008 084010 031019 061014
048016 115014 052013 026010 012009 331010.
249014 272012 272015 330010 326014 318011
020006 258010 316010 PPC000 190010 015008
022009 360018 059023 015030 018021 032035
042043 043034 066021 034021 031015 343011.
030019 027021 041025 049008 031018 335013
027013 007012 330012 337012 218012 243009
254014 211014 241022 227020 211019 232014
263019 190018 183005 PPC001 137003 354005.
176003 071012 055014 015013 070038 089048
093034 074029 112059 088045 095056 104062
116058 116070 063054 063063 053066 057061
082051 071042 089036 073022 097018 074023.
092015 034014 012017 019018 029020 024018
046017 036019 061011 011009 331011 323009
302013 319010 209015 244022 232029 223022
190026 192021 187016 101021 094022 075013.
050011 055016 039024 038021 050028 024019
009021 040013 036019 019010 016019 043016
117033 088044 096040 089045 060046 083044
064033 060029 039029 044016 037013 030010.
310009 319007 333006 324014 334012 329013
333009 357015 327008 050005 307003 002004
082012 042010 199010 153021 189019 109009
102013 345006 274009 049003 041006 052010.
010006 193009 332009 313007 199008 022007
246009 024004 314006 PPC000 219012 048006
189004 338007 068010 091018 094016 143027
181013 024025 053026 034018 213020 116009.
083011 107015 043011 030009 359013 021012
017012 009015 165005 319009 313011 305015
017025 054025 054020 071023 064020 036026
038022 058032 043019 045015 017014 064009.
018009 261013 301013 019006 330014 341017
006013 306013 342010 011012 018014 023008
015017 081013 200014 186016 173022 274013
204013 213010 229022 230017 239018 253016=
052076 0908 096088 0902
026026 0151 041046 2334
034247 1135 048243 1133
028040 0543 049037 0542
027252 1250 047218 1246
084300 1559 131297 1546
037228 1247 061243 1246
051301 1328 095311 1328
027222 0955 043201 0952
031180 1256 049227 1255
033061 1652 059274 1816
042058 1701 064083 1640
025324 2203 040077 1919
048037 1716 097032 1728
049068 2207 093080 2207
023066 1218 040066 1217
043225 1342 080043 1411
038221 1253 065209 1240
032061 1547 055035 1729
025017 2139 045212 2140
049039 1505 081325 1429
034013 2247 055015 2246
078041 1013 136266 0736
039191 1422 084285 1322
057096 1144 091276 1029
025194 1252 045194 1245
036190 1836 053201 1836
035078 1236 058040 1507
031209 1632 047229 1702=
D=
K=
A=
S=
B=
??????
******
YF
O2224
河南省
豫洛阳白马寺
洛阳市白马寺镇神州牡丹园内
平原；乡镇；地面
空缺
计算机
计算机
计算机
计算机
计算机
20120319=
JY
8888=
GK
01/
05/=
BZ
00/344309/1123602
10/24/逐时观测
10/24/24时连续观测
11/不守班=
######
