O2202 3440N 11209E 003735 003735 105 000 S15 91999999919999199999 0 2011 12
P=
TB
0013 0013 0011 0011 0003 -002 -002 -005 -005 -006 -011 -007
0001 0013 0026 0040 0048 0045 0049 0046 0039 0032 0028 0026 0050 1233 -013 0719.
0021 0017 0015 0020 0014 0010 0012 0008 0002 0003 -002 -001
0000 0029 0050 0065 0066 0069 0071 0070 0066 0053 0043 0029 0074 1439 -013 0641.
0022 0014 0010 0009 0002 0002 0003 0000 0001 0000 -001 -001
0000 -001 0007 0013 0020 0022 0024 0022 0021 0018 0017 0019 0029 2002 -002 0656.
0017 0015 0012 0012 0012 0012 0012 0011 0011 0011 0012 0013
0013 0014 0014 0016 0017 0019 0021 0024 0026 0025 0025 0024 0026 1658 0011 0355.
0025 0024 0024 0024 0022 0020 0019 0018 0017 0015 0014 0009
0003 0003 0009 0012 0014 0015 0015 0016 0015 0014 0015 0014 0025 2048 0002 0946.
0014 0016 0015 0016 0016 0017 0017 0015 0014 0012 0011 0010
0014 0021 0029 0033 0034 0039 0041 0039 0037 0035 0033 0032 0042 1456 0009 0811.
0031 0030 0029 0031 0035 0040 0040 0041 0039 0035 0037 0041
0051 0059 0071 0088 0102 0099 0091 0082 0069 0059 0054 0041 0106 1341 0029 2259.
0035 0026 0018 0010 0003 -002 -007 -005 -002 -013 -012 -012
0008 0025 0035 0047 0056 0051 0053 0043 0026 0018 0013 0005 0058 1252 -018 0742.
-012 -024 -019 -025 -030 -041 -038 -039 -042 -049 -053 -050
-037 -016 0002 0018 0032 0044 0044 0037 0022 0017 0005 0008 0048 1416 -055 0736.
0004 0001 -006 0000 -006 -011 -013 -009 -016 -015 -016 -018
-011 0001 0006 0016 0023 0032 0031 0028 0018 0010 0007 0006 0034 1415 -018 0241.
-005 -010 -014 -011 -009 -015 -019 -021 -006 -009 -012 -012
0009 0029 0044 0055 0055 0054 0050 0051 0039 0030 0024 0023 0056 1203 -023 0231.
0017 0005 0005 0008 0012 -001 -007 -005 -008 -003 -017 -013
0010 0042 0061 0079 0087 0089 0088 0082 0069 0055 0041 0040 0094 1410 -017 0659.
0039 0025 0023 0027 0020 0011 0010 0003 -005 -007 -001 -014
-003 0018 0043 0059 0070 0085 0099 0098 0079 0054 0050 0042 0104 1535 -015 0757.
0045 0035 0029 0049 0050 0045 0047 0041 0020 0023 0033 0028
0043 0062 0076 0087 0092 0088 0081 0071 0059 0033 0022 0014 0093 1227 0014 2000.
0009 0004 -006 -009 -018 -020 -022 -025 -026 -030 -035 -044
-022 -007 0003 0016 0023 0042 0043 0041 0027 0012 0004 0002 0047 1450 -045 0810.
-008 -010 -011 -019 -034 -030 -034 -033 -046 -037 -047 -036
-033 0003 0010 0019 0021 0024 0024 0019 0008 -008 -014 -023 0026 1352 -047 0450.
-034 -038 -041 -045 -043 -047 -046 -056 -052 -052 -056 -054
-041 -025 -006 0001 0024 0034 0034 0026 0020 0013 0010 0010 0039 1445 -057 0356.
0008 0004 0000 0000 0017 0016 0014 0005 0001 0002 -005 -010
-002 0002 0015 0026 0033 0039 0039 0037 0025 0009 0004 -005 0040 1359 -012 0743.
-007 -011 -012 -015 -006 -022 -025 -023 -026 -030 -033 -037
-023 -001 0012 0026 0032 0038 0039 0031 0019 0008 0002 0002 0041 1353 -038 0616.
0001 0002 -001 0002 0001 -001 -007 -016 -014 -018 -021 -008
-009 0006 0026 0038 0042 0048 0048 0043 0028 0021 0008 -005 0051 1323 -023 0633.
-012 -014 -018 -020 -014 -004 0002 0012 -002 0006 0029 0028
0031 0037 0051 0056 0060 0065 0062 0060 0051 0043 0032 0024 0065 1400 -022 2340.
0009 0011 -004 -012 -021 -023 -029 -028 -033 -034 -027 -029
0010 0013 0031 0042 0056 0062 0061 0052 0037 0024 0016 0010 0064 1436 -036 0545.
-009 -020 -019 -020 -022 -006 -019 -002 -003 -003 0000 0000
0006 0020 0034 0043 0058 0065 0059 0053 0044 0038 0036 0025 0066 1343 -027 2154.
0015 0006 -012 -014 -023 -006 -023 -007 -004 -003 0004 0006
0014 0033 0046 0053 0057 0070 0067 0066 0055 0041 0037 0032 0070 1358 -024 0259.
0030 0031 0031 0005 0005 -010 -016 -017 -030 -031 -034 -029
-004 0030 0048 0064 0072 0079 0076 0066 0054 0036 0025 0024 0082 1334 -037 0707.
0027 0022 0016 0009 0003 -002 -001 -004 -015 -005 -007 -009
-001 0012 0020 0033 0038 0037 0039 0037 0028 0019 0017 0014 0042 1436 -015 0459.
0007 -002 -008 -004 -009 -012 -013 -014 -015 -026 -027 -029
-021 0000 0011 0021 0026 0031 0038 0037 0026 0012 -002 0002 0041 1528 -034 0744.
0005 -006 -026 -022 -024 -029 -023 0003 0005 -004 -009 -009
-003 0024 0053 0075 0081 0081 0075 0070 0065 0046 0042 0025 0088 1244 -030 0223.
0021 0017 0010 0002 -004 -006 -005 -008 -012 -014 -017 -019
-015 -010 -002 0008 0012 0017 0019 0020 0013 0007 0007 0008 0025 2001 -019 0752.
0008 0004 0000 -005 -007 -008 -009 -011 -013 -015 -015 -015
-015 -013 -011 -007 -003 -001 0004 0007 0005 -001 -006 -011 0008 2021 -015 0549.
-015 -018 -021 -022 0008 0006 0002 0002 0000 0002 0003 0002
0013 0028 0046 0065 0080 0090 0090 0081 0070 0058 0040 0025 0092 1421 -022 2342=
I=
E=
U=
N=
H=
C=
V=
R6
0000 0000 0000
0000 0001 0001
0000 0000 0000
0014 0003 0017
0003 0015 0018
0000 0002 0002
0007 0000 0007
0000 0000 0000
0000 0000 0000
0000 0000 0000
0000 0000 0000
0000 0000 0000
0000 0000 0000
0000 0000 0000
0000 0000 0000
0000 0000 0000
0000 0000 0000
0000 0000 0000
0000 0000 0000
0000 0000 0000
0000 0000 0000
0000 0000 0000
0000 0000 0000
0000 0000 0000
0000 0000 0000
0000 0000 0000
0000 0000 0000
0000 0000 0000
0000 0000 0000
0000 0000 0000
0000 0000 0000=
0000 0000 0000 0000 0000 0000 0000 0000 0000 0000 0000 0000
0000 0000 0000 0000 0000 0000 0000 0000 0000 0000 0000 0000.
0000 0000 0000 0000 0000 0000 0000 0000 0000 0000 0000 0000
0000 0001 0000 0000 0000 0000 0000 0000 0000 0000 0000 0000.
0000 0000 0000 0000 0000 0000 0000 0000 0000 0000 0000 0000
0000 0000 0000 0000 0000 0000 0000 0000 0000 0000 0000 0000.
0000 0000 0005 0003 0001 0001 0002 0000 0001 0001 0000 0000
0001 0001 0001 0000 0000 0000 0000 0000 0000 0000 0000 0000.
0000 0000 0000 0000 0000 0000 0000 0000 0000 0000 0000 0003
0003 0002 0006 0002 0000 0000 0000 0001 0000 0001 0000 0000.
0000 0000 0000 0000 0000 0000 0000 0000 0000 0000 0000 0000
0000 0000 0000 0000 0000 0000 0000 0000 0000 0000 0000 0002.
0002 0003 0001 0000 0001 0000 0000 0000 0000 0000 0000 0000
0000 0000 0000 0000 0000 0000 0000 0000 0000 0000 0000 0000.
0000 0000 0000 0000 0000 0000 0000 0000 0000 0000 0000 0000
0000 0000 0000 0000 0000 0000 0000 0000 0000 0000 0000 0000.
0000 0000 0000 0000 0000 0000 0000 0000 0000 0000 0000 0000
0000 0000 0000 0000 0000 0000 0000 0000 0000 0000 0000 0000.
0000 0000 0000 0000 0000 0000 0000 0000 0000 0000 0000 0000
0000 0000 0000 0000 0000 0000 0000 0000 0000 0000 0000 0000.
0000 0000 0000 0000 0000 0000 0000 0000 0000 0000 0000 0000
0000 0000 0000 0000 0000 0000 0000 0000 0000 0000 0000 0000.
0000 0000 0000 0000 0000 0000 0000 0000 0000 0000 0000 0000
0000 0000 0000 0000 0000 0000 0000 0000 0000 0000 0000 0000.
0000 0000 0000 0000 0000 0000 0000 0000 0000 0000 0000 0000
0000 0000 0000 0000 0000 0000 0000 0000 0000 0000 0000 0000.
0000 0000 0000 0000 0000 0000 0000 0000 0000 0000 0000 0000
0000 0000 0000 0000 0000 0000 0000 0000 0000 0000 0000 0000.
0000 0000 0000 0000 0000 0000 0000 0000 0000 0000 0000 0000
0000 0000 0000 0000 0000 0000 0000 0000 0000 0000 0000 0000.
0000 0000 0000 0000 0000 0000 0000 0000 0000 0000 0000 0000
0000 0000 0000 0000 0000 0000 0000 0000 0000 0000 0000 0000.
0000 0000 0000 0000 0000 0000 0000 0000 0000 0000 0000 0000
0000 0000 0000 0000 0000 0000 0000 0000 0000 0000 0000 0000.
0000 0000 0000 0000 0000 0000 0000 0000 0000 0000 0000 0000
0000 0000 0000 0000 0000 0000 0000 0000 0000 0000 0000 0000.
0000 0000 0000 0000 0000 0000 0000 0000 0000 0000 0000 0000
0000 0000 0000 0000 0000 0000 0000 0000 0000 0000 0000 0000.
0000 0000 0000 0000 0000 0000 0000 0000 0000 0000 0000 0000
0000 0000 0000 0000 0000 0000 0000 0000 0000 0000 0000 0000.
0000 0000 0000 0000 0000 0000 0000 0000 0000 0000 0000 0000
0000 0000 0000 0000 0000 0000 0000 0000 0000 0000 0000 0000.
0000 0000 0000 0000 0000 0000 0000 0000 0000 0000 0000 0000
0000 0000 0000 0000 0000 0000 0000 0000 0000 0000 0000 0000.
0000 0000 0000 0000 0000 0000 0000 0000 0000 0000 0000 0000
0000 0000 0000 0000 0000 0000 0000 0000 0000 0000 0000 0000.
0000 0000 0000 0000 0000 0000 0000 0000 0000 0000 0000 0000
0000 0000 0000 0000 0000 0000 0000 0000 0000 0000 0000 0000.
0000 0000 0000 0000 0000 0000 0000 0000 0000 0000 0000 0000
0000 0000 0000 0000 0000 0000 0000 0000 0000 0000 0000 0000.
0000 0000 0000 0000 0000 0000 0000 0000 0000 0000 0000 0000
0000 0000 0000 0000 0000 0000 0000 0000 0000 0000 0000 0000.
0000 0000 0000 0000 0000 0000 0000 0000 0000 0000 0000 0000
0000 0000 0000 0000 0000 0000 0000 0000 0000 0000 0000 0000.
0000 0000 0000 0000 0000 0000 0000 0000 0000 0000 0000 0000
0000 0000 0000 0000 0000 0000 0000 0000 0000 0000 0000 0000.
0000 0000 0000 0000 0000 0000 0000 0000 0000 0000 0000 0000
0000 0000 0000 0000 0000 0000 0000 0000 0000 0000 0000 0000.
0000 0000 0000 0000 0000 0000 0000 0000 0000 0000 0000 0000
0000 0000 0000 0000 0000 0000 0000 0000 0000 0000 0000 0000.
0000 0000 0000 0000 0000 0000 0000 0000 0000 0000 0000 0000
0000 0000 0000 0000 0000 0000 0000 0000 0000 0000 0000 0000=
0000 ////////// 00000=
W=
L=
Z=
G=
FN
073008 099007 079007 236006 061007 188013
260010 PPC000 312004 257015 180008 056008
105004 209015 244017 193014 211020 142019
139015 147014 091013 110010 091010 131012.
256015 266014 279019 301012 261014 247022
288011 245019 260017 287012 263013 271014
258011 341004 199010 099017 095034 074043
101036 085024 118020 060016 088024 095021.
058021 105023 079021 086012 191011 063008
058007 189010 239013 253017 PPC001 207011
107016 081022 126027 092023 062017 093029
082019 085031 067043 076037 054018 077021.
077028 080020 045018 063014 079019 068017
103014 103011 061013 064018 083011 080013
069021 083020 067020 093017 073016 046021
070019 109016 065023 057026 070027 069018.
081032 054032 054037 068030 087016 059021
066028 075026 069028 065019 070024 069025
079024 080012 048028 058025 068015 069026
059016 083026 084019 075015 087015 062011.
073012 068013 108012 222008 211005 144007
267016 284012 252015 272015 270010 256011
256024 244031 255013 220013 256011 217020
234017 260013 234011 252008 247019 231025.
244023 246030 246030 265025 263054 275076
272053 267071 252053 246052 248048 250041
259061 262059 268073 266052 315033 270072
274097 277078 265071 276065 270069 243048.
245038 248037 248035 253027 254028 221024
260030 295029 283035 242025 256053 251062
259059 268040 030022 018022 271081 277052
279069 273083 268071 275064 284054 322028.
089022 073006 057030 045016 036021 026012
027017 065014 002003 165006 PPC000 273014
229013 253016 315021 054020 081012 281054
276079 260080 265095 276076 257049 277078.
277063 289060 272047 280063 277059 275050
266063 269069 265071 279085 277094 267102
276116 274087 277114 273131 266117 265098
267126 273115 264089 270125 259080 265083.
254066 256063 257061 255073 265068 249042
258054 251053 263060 268063 261054 262057
260060 265086 264092 271081 262091 265104
262092 263075 263087 260077 255082 250073.
255067 245063 251058 254060 258074 252045
250041 249047 258036 263041 256037 251045
251033 257051 255041 254037 347015 040027
051026 057030 058038 064044 072026 049033.
064032 065019 042020 003021 032033 010019
036017 307011 286014 242015 255016 249015
248023 239020 216017 227024 236028 210028
225051 274044 267043 254035 295046 313037.
285039 252055 237041 255072 271068 257068
278081 268055 245040 252048 274089 274064
259053 258078 261080 278056 274062 266078
267083 267071 274052 067035 057035 068022.
047027 025032 012026 015034 028022 048018
041022 036020 051029 029028 017020 110006
353014 039013 069024 038016 120012 210010
128017 087023 106018 143012 212012 262020.
353009 PPC002 059023 077024 090010 234013
314015 192019 PPC000 052008 012006 282010
302007 078011 074025 108022 076040 088033
082036 102043 071032 064019 073036 062038.
065024 060026 044018 018012 021023 007011
344006 111008 PPC001 261013 246014 PPC000
172008 200008 002012 195004 144010 190013
141015 093023 112015 061007 187007 270011.
272012 230012 264026 254044 279063 276054
277034 249017 245014 319028 228013 231010
076011 094030 076040 073030 064027 086040
092037 081029 071025 065031 060024 065016.
053015 027015 357020 345024 333012 316011
252012 246019 257020 287009 267014 240010
218006 061009 097014 064020 064026 068034
074031 077037 072030 061023 063019 065021.
035026 018024 007015 002015 343019 036013
019012 238006 254014 014006 274014 252021
277026 230013 252013 235021 102016 050014
076021 098024 063010 138014 040026 065010.
069008 082011 137004 267021 262013 272028
259026 301025 251036 244024 279052 267054
268071 262065 282044 269061 272094 293084
277075 276069 276080 278093 276061 265063.
247036 283050 264032 262017 265020 252025
260019 243027 272024 278015 225015 269025
289062 255035 267049 270037 236063 234045
267046 272051 272060 278059 283047 305041.
243023 271033 245026 251047 242045 256081
244046 259084 258076 255098 263090 259119
262117 270096 256090 268095 285108 278125
271112 272087 277081 270100 270101 260065.
262059 249044 249032 255038 255037 263048
253051 256069 253052 301060 283066 283053
267059 266075 272066 279086 272081 278080
262085 261073 266069 265076 284044 286048.
282066 283062 282060 260046 253039 265025
252024 261025 265029 266028 251028 251034
252040 232034 068012 054031 095030 104022
105037 090034 101015 070019 059013 039016.
063020 049020 029034 044018 016027 027019
027021 044017 026018 037025 039019 048019
057026 058037 050028 070037 089047 065034
091056 076049 062030 065039 067025 064022.
059024 061032 063014 061013 013011 018020
015014 019014 052007 PPC000 001013 345010
013009 027011 020012 088029 043016 136023
074017 081019 060019 106009 263003 273014.
290016 258017 239029 235020 281028 253032
268018 263060 273043 260052 262034 251028
245044 253048 241036 247046 067020 092023
090036 078024 076019 078020 067042 078029.
097016 052020 002032 287007 032024 052023
036025 015027 029023 027027 022021 028018
022022 008036 038028 074039 083025 080021
063034 062027 072031 062031 066033 054029.
066032 063036 064038 070029 051023 046026
044024 064020 047017 094016 063018 071018
064024 066018 075019 054017 083011 106009
PPC001 236010 274009 245018 251024 251024.
259022 260036 241040 257042 278074 265073
258071 253054 248055 253078 260049 240042
251075 251064 257094 257092 261075 258072
257094 275086 271072 279063 250035 254027=
068006 095007 082009 225006 071008 182012
258010 PPC001 305003 261014 188007 054008
082005 214016 250018 196014 207016 137018
152014 137013 092012 103011 089009 123011.
246013 265014 282018 298013 263014 249022
282012 244018 257017 279013 259012 274014
253009 315004 194012 094018 095033 080042
097036 092023 119018 058013 090023 087022.
067020 099018 088019 081012 164012 076007
087008 181011 240013 245013 280005 184010
100016 080021 119025 093021 068018 092028
077019 086031 068038 075036 053019 075019.
075028 078021 055016 066014 071017 072016
100014 099012 063014 068018 094011 083012
073021 082021 069021 088017 067018 046023
063019 111017 072021 064025 070026 072019.
086028 054030 052037 061029 087022 061021
067026 073029 072028 071023 071024 064025
080022 082012 044026 053028 064018 074025
053019 079026 081019 076016 084014 061010.
071012 067013 105012 225008 212006 128007
262015 280012 253016 267016 267009 265011
258025 246030 253013 216013 264012 214020
230016 255013 236011 245008 246019 234022.
244022 248031 248030 264026 264049 274065
272053 265070 253057 247048 250049 249043
258064 262063 267067 268053 317032 273072
274093 275077 269073 275065 271068 248046.
246038 247035 248035 252028 257027 227023
260032 293029 281036 236026 257052 254061
256055 265042 345017 037022 268065 279057
275064 269083 268074 276065 282048 315030.
086023 056006 057031 046015 036020 030011
028018 050016 337008 142007 PPC001 268015
245013 243018 310022 031019 073014 278053
276079 264083 264086 275078 260048 277072.
278060 289059 274049 279065 277058 273052
266060 271070 264071 279083 275090 271100
275118 273092 276119 272128 271121 265104
264121 269104 264090 272107 262081 266080.
254065 256063 255062 252067 263065 251044
256054 251055 263063 266065 264056 263053
264060 265092 264095 270085 265081 266093
261092 266076 262084 257075 253075 252075.
253067 245065 251059 254059 260073 252050
249042 250049 258040 262043 256037 249045
252032 255054 256046 250033 327015 046025
052027 060029 057035 063041 073026 050031.
061032 064018 046019 010019 034031 012020
025018 313012 284015 241014 257018 244017
249022 239020 220018 234022 247026 216032
228044 276044 268042 252033 296044 312037.
284039 257054 237039 259071 270063 257065
279077 264058 242041 253052 275084 274067
258051 259070 261076 267058 272057 267076
263080 267067 274052 063031 060033 065024.
046029 026031 014027 016034 023019 047019
039024 030021 053030 034027 019022 112005
344014 012014 052025 032012 131017 193013
118017 095020 102020 136012 217012 265020.
270009 119003 046022 076026 065007 237012
309015 118012 PPC001 051007 112005 287010
300008 080011 079027 107023 086037 093031
091034 103036 070033 069020 072034 063035.
066025 060026 045018 015016 024023 013011
316005 093008 063003 261012 252014 PPC002
183009 190007 015011 168005 176011 180013
141017 091022 111014 076007 201007 264012.
269011 228013 265024 256042 278061 276056
276033 247018 247015 318027 238014 240009
080009 093033 075037 073030 077031 083035
089036 075028 074025 066030 060026 068017.
054016 024015 285019 345023 317013 312010
247011 247019 255021 312015 267014 237011
230007 075007 096014 079018 068027 066038
078032 081036 074028 066025 065020 065023.
038025 014025 016017 008018 327019 036015
010012 277006 256014 359006 275014 261021
279024 238013 252013 237018 116016 042016
075020 097022 067011 136014 040026 055013.
081009 087011 109004 268021 266014 267025
262025 304030 252033 243026 278054 270057
268081 261065 270043 270058 276087 290076
280080 273075 274086 276094 277060 265056.
245037 282049 260034 254019 259022 251028
258021 236029 268024 271017 229015 264027
288062 261040 265054 266039 240056 249043
268047 273055 274055 279058 285047 305043.
244022 272028 245026 249045 243046 256083
245047 260080 258075 255082 262094 259115
261115 268107 257092 267101 281107 274117
277112 270094 274082 271098 271098 264070.
261060 253047 248031 255037 255034 264045
253049 257065 253054 299056 284067 281051
264054 266074 274065 276077 273088 268079
264087 264078 264066 266072 283042 289047.
281059 283062 281063 257046 254038 260025
254024 262030 263029 264029 249031 251033
250037 234034 070017 056029 093027 098023
101033 093031 099016 071018 069013 046013.
058022 052020 027031 040019 015027 024019
028022 043018 025016 038024 043019 056020
059026 059039 059030 066038 093043 069039
088053 071047 063031 063040 066026 066022.
060026 060030 064015 057014 029011 010019
018015 019015 060008 PPC001 319015 296008
016009 026014 056011 074023 039018 130022
085019 095020 065019 106009 PPC002 269014.
275017 260017 240030 244017 279027 253032
267020 268058 272042 258052 263030 250030
248039 250045 242038 242041 054022 091027
090038 081025 079019 080019 066039 074030.
073020 053020 357031 279010 044019 056023
034026 017029 026022 026026 027023 028018
022024 005033 036032 068037 075028 077025
057033 058032 072031 062032 064033 057030.
065035 068038 067041 069029 055022 043026
048024 067021 049018 082012 062017 065020
063022 068016 073019 045016 085011 112010
069004 242009 279008 246016 252024 251024.
260022 256035 238039 255042 278075 264073
259072 251061 249052 250075 260051 238041
252071 250067 255089 254092 260079 262075
261095 273087 271071 282061 253037 254026=
023250 1055 031206 1019
045080 1354 060080 1353
047073 1705 062065 1807
034076 2027 045088 2026
039058 2312 059080 2124
031247 1001 042243 0956
099276 1451 130274 1451
088268 1603 121261 1627
097267 1627 131268 1619
140278 1119 177264 1128
113263 1109 155264 1109
083260 0048 121256 0048
053275 1624 069274 1608
087270 0133 123271 0133
039016 2334 052032 2045
044074 1928 059082 1927
041068 2020 060060 2007
075268 0120 102268 0124
045082 1627 057080 1539
033037 1906 046037 1902
106275 1752 140277 1248
066241 1252 097254 1249
124268 1007 172274 1005
097259 1318 129274 1448
070283 2110 090279 2109
053088 1500 076085 1621
032061 2202 042065 1250
078273 0412 094279 0410
047025 2240 065032 1040
051061 2237 069077 2331
104273 1551 133268 1234=
D=
K=
A=
S=
B=
??????
******
YF
O2202
河南省
豫新安南李村
新安县南李村镇江村
丘陵；乡村；地面
空缺
计算机
计算机
计算机
计算机
计算机
20120208=
JY
8888=
GK
01/
05/=
BZ
00/344017/1120913
10/24/逐时观测
10/24/24时连续观测
11/不守班=
######
