O2221 3350N 11218E 010100 010100 105 000 S15 91999999919999199999 0 2010 02
P=
TB
0011 0004 -016 -027 -031 -033 -041 -041 -043 -035 -039 -032
-003 0028 0042 0061 0068 0060 0055 0050 0044 0029 -003 -016 0074 1419 -048 0515.
-020 -024 -027 -036 -033 -023 -025 -034 -045 -048 -048 -047
-033 0003 0021 0044 0040 0056 0054 0048 0023 -001 -016 -021 0073 1442 -052 0542.
-037 -041 -048 -055 -058 -055 -049 -050 -051 -052 -050 -046
-037 -015 0015 0024 0022 0030 0026 0025 0018 0000 -015 -017 0034 1431 -059 0034.
-025 -034 -041 -041 -042 -041 -035 -037 -033 -035 -038 -048
-032 0025 0041 0051 0063 0062 0047 0042 0032 0024 -013 -024 0072 1404 -049 0754.
-027 -030 -032 -040 -036 -038 -037 -041 -047 -046 -052 -046
-022 -004 0015 0004 0018 0027 0026 0007 -007 -014 -016 -016 0027 1400 -054 0705.
-017 -014 -013 -016 -019 -020 -023 -025 -027 -025 -024 -026
-032 -027 -020 -037 -025 -025 -030 -035 -035 -041 -037 -012 -012 1946 -043 1724.
-013 -013 -013 -016 -017 -019 -020 -021 -026 -029 -030 -025
-020 -012 -007 -008 -006 -009 -003 -006 -013 -015 -018 -018 0001 1438 -031 0610.
-016 -018 -016 -012 -015 -016 -019 -022 -020 -018 -018 -016
-012 -011 -004 0000 0004 0006 0007 -001 -005 -006 -007 -009 0010 1344 -022 0326.
-010 -011 -010 -010 -008 -009 -008 -007 -006 -007 -006 -005
-005 -003 0000 0002 -002 -004 -004 -004 -002 -004 -008 -011 0002 1053 -012 1938.
-010 -013 -015 -016 -016 -022 -025 -024 -024 -025 -030 -035
-045 -052 -060 -061 -060 -066 -069 -070 -071 -070 -070 -073 -010 2038 -073 1959.
-077 -078 -081 -087 -086 -085 -086 -091 -090 -090 -091 -088
-083 -079 -077 -079 -076 -068 -064 -058 -059 -063 -085 -082 -055 1628 -092 0406.
-089 -090 -070 -076 -070 -072 -070 -069 -057 -058 -059 -060
-049 -039 -023 -024 -020 -014 -025 -034 -039 -043 -046 -048 -010 1413 -092 2155.
-046 -060 -060 -056 -052 -057 -059 -070 -064 -065 -068 -065
-041 -016 -018 -021 -031 -043 -046 -049 -047 -054 -055 -060 -008 1053 -074 0728.
-062 -065 -068 -065 -067 -067 -067 -065 -064 -063 -061 -059
-053 -036 -024 -020 -027 -019 -024 -024 -027 -030 -033 -045 -009 1410 -069 0216.
-049 -054 -062 -066 -067 -073 -074 -069 -067 -065 -066 -064
-061 -049 -039 -046 -046 -050 -055 -060 -062 -064 -066 -076 -038 1102 -079 0220.
-082 -084 -092 -092 -095 -093 -087 -089 -085 -085 -074 -067
-047 -016 -017 -009 -010 -008 -016 -017 -015 -027 -049 -061 -005 1147 -100 0115.
-061 -063 -066 -072 -074 -071 -079 -069 -068 -037 -029 -032
-035 -031 -028 -025 -022 -014 -012 -012 -021 -029 -064 -072 -006 1453 -080 0258.
-075 -081 -081 -086 -093 -092 -099 -092 -093 -089 -096 -081
-041 -007 0000 0014 0025 0033 0039 0041 0034 0011 -021 -030 0047 1516 -103 0308.
-028 -044 -047 -049 -048 -053 -051 -052 -054 -051 -053 -049
-022 0044 0060 0073 0083 0088 0083 0085 0070 0036 0002 -003 0102 1348 -059 0705.
-012 -011 -016 -016 -009 -010 -009 -014 -014 -013 -014 -010
0015 0083 0109 0120 0143 0132 0131 0129 0112 0055 0030 0024 0145 1310 -018 0720.
0023 0021 0020 0018 0018 0021 0029 0016 0027 0023 0023 0030
0060 0103 0153 0158 0164 0174 0163 0160 0148 0121 0067 0044 0183 1334 0010 0015.
0037 0031 0025 0022 0028 0019 0022 0007 0020 0032 0022 0022
0060 0109 0125 0140 0125 0132 0139 0137 0128 0110 0055 0038 0148 1208 0007 0400.
0043 0041 0040 0036 0036 0035 0039 0039 0040 0047 0039 0051
0076 0126 0146 0169 0178 0181 0177 0174 0165 0128 0080 0065 0190 1315 0029 0138.
0052 0052 0052 0046 0052 0050 0048 0041 0044 0042 0038 0049
0067 0104 0131 0163 0170 0168 0162 0154 0139 0133 0090 0090 0173 1235 0034 0658.
0075 0067 0054 0063 0063 0062 0053 0055 0052 0051 0043 0051
0079 0115 0121 0125 0128 0126 0127 0122 0115 0093 0058 0041 0138 1217 0040 0656.
0033 0026 0016 0010 0016 0001 -001 -002 0010 0004 0016 0024
0029 0041 0062 0098 0094 0097 0072 0075 0062 0049 0038 0035 0105 1322 -003 0318.
0034 0028 0029 0025 0025 0006 -007 0000 -004 -010 -013 0000
0027 0057 0075 0086 0085 0081 0085 0078 0082 0062 0041 0031 0103 1220 -015 0639.
0050 0043 0057 0062 0053 0058 0052 0046 0044 0032 0027 0029
0028 0028 0027 0026 0022 0017 0019 0011 0004 -001 0001 0004 0064 2339 -002 1741=
I=
E=
U=
N=
H=
C=
V=
R6
=
=
0000 ////////// 00000=
W=
L=
Z=
G=
FN
280011 PPC000 080009 093014 096018 106012
095023 100018 099014 098020 090014 319009
097012 121005 213020 220022 270025 081033
104042 096030 102030 098028 081012 104018.
100017 099017 096013 095018 089014 002007
117009 074011 085012 087009 PPC000 092010
////// 125005 278026 269025 280025 219039
212015 086021 256012 105012 087010 088010.
086010 096012 079007 096010 103008 088010
063005 254005 050008 099011 090007 133013
278015 239008 274016 078021 102044 100043
088038 142019 228020 271015 120008 082007.
088006 095012 097014 109017 094010 108013
092013 094009 360004 PPC000 259011 080011
////// 244009 275022 277033 269021 090021
101046 094038 076034 087025 101014 105017.
102011 112014 104015 104014 105011 105022
098021 089015 103017 090015 089005 292006
PPC000 ////// 283025 094052 084042 079042
093033 118045 147038 122028 153016 174013.
115028 006025 330016 248013 133013 203019
235016 135022 270015 249020 158016 071028
296019 176018 246013 268028 232012 156022
////// 104024 098017 299012 267014 054043.
067047 135014 054032 309008 275015 273023
078007 051007 093009 089009 294026 266012
165007 273026 275023 303010 267016 094037
146018 281010 281010 274022 287007 265018.
287008 265006 351011 253016 276015 208011
305012 274012 266008 PPC000 278008 PPC000
270015 276008 ////// 268015 279018 083028
255009 290010 272012 295009 283019 276010.
142016 103012 180012 275017 116009 280011
000005 283015 PPC000 114011 097011 271018
308004 100012 270006 008010 098019 095021
084017 278009 087018 105005 105019 105023.
105024 105016 105018 105011 105015 105025
PPC000 PPC000 PPC000 PPC000 PPC000 PPC000
PPC000 PPC000 PPC000 PPC000 PPC000 PPC000
PPC000 PPC000 PPC000 PPC000 PPC000 PPC000.
PPC000 PPC000 PPC000 PPC000 PPC000 PPC000
PPC000 PPC000 PPC000 PPC000 PPC000 PPC000
PPC000 PPC000 PPC000 PPC000 PPC000 PPC000
PPC000 PPC000 PPC000 PPC000 PPC000 PPC000.
PPC000 PPC000 PPC000 PPC000 PPC000 PPC000
PPC000 PPC000 PPC000 PPC000 PPC000 PPC000
PPC000 PPC000 PPC000 PPC000 PPC000 PPC000
PPC000 PPC000 PPC000 PPC000 PPC000 PPC000.
PPC000 PPC000 PPC000 PPC000 PPC000 PPC000
PPC000 PPC000 PPC000 PPC000 PPC000 PPC000
PPC000 PPC000 PPC000 PPC000 PPC000 PPC000
PPC000 PPC000 PPC000 PPC000 PPC000 PPC000.
PPC000 PPC000 PPC000 PPC000 PPC000 PPC000
PPC000 PPC000 PPC000 PPC000 PPC000 PPC000
PPC000 PPC000 PPC000 PPC000 PPC000 PPC000
PPC000 PPC000 PPC000 PPC000 PPC000 PPC000.
PPC000 PPC000 PPC000 PPC000 PPC000 PPC000
PPC000 PPC000 PPC000 PPC000 PPC000 PPC000
PPC000 PPC000 PPC000 PPC000 PPC000 PPC000
PPC000 PPC000 PPC000 PPC000 PPC000 PPC000.
PPC000 PPC000 PPC000 PPC000 PPC000 PPC000
PPC000 PPC000 PPC000 PPC000 PPC000 PPC000
PPC000 PPC000 PPC000 PPC000 PPC000 PPC000
PPC000 PPC000 PPC000 PPC000 PPC000 PPC000.
PPC000 PPC000 PPC000 PPC000 PPC000 PPC000
PPC000 PPC000 PPC000 PPC000 PPC000 PPC000
PPC000 227063 238065 206080 243060 228057
259071 237033 221038 089007 101012 092019.
089020 090021 088008 101019 102020 105024
100026 100021 104021 103022 099021 092018
180012 269055 264071 274054 265043 247041
217037 256036 261039 289015 088021 080008.
093020 087018 096029 096019 097023 101014
096017 087024 104024 100029 098023 100024
095027 270025 234010 236013 258034 277049
101033 108028 094020 103023 089023 091024.
096024 095023 098022 094029 093026 092029
093028 094025 096030 098026 091032 102027
097027 074009 285024 281035 075012 091027
091028 086020 067018 098022 100022 097025.
106025 095029 098025 098021 102025 099032
105028 096030 105026 102019 098021 258006
096019 257010 110022 106022 057025 047023
086041 066031 075021 078023 089015 103026.
098025 106021 094028 087014 107019 102026
104021 100017 084018 100018 126016 077011
199008 111027 239007 190011 101036 105047
068036 055034 031019 358010 092021 097023.
094027 096022 097030 097029 099024 096027
094025 088022 106018 098023 090024 089027
095021 277020 241014 273024 290020 275027
271072 274044 264057 282027 067008 103012.
099025 105015 005012 081016 103020 082013
078007 095015 102019 102015 094018 073008
274010 262009 280024 278025 210016 204035
102063 070030 134016 110021 103022 PPC000.
092020 099020 095024 201007 100018 093020
098023 096021 098021 097023 088022 086017
PPC000 251018 248029 266042 089040 102051
099037 082039 087041 104011 109007 358006.
117007 092018 106016 068007 093009 111008
097016 094009 098011 089014 114010 246005
282022 280020 ////// 071021 088033 080026
102029 268026 142023 109027 058027 273024.
268016 273012 284011 281007 283006 092011
350008 PPC000 100012 095011 083025 098007
PPC000 273026 276022 107034 080039 085048
083051 079036 191018 264016 232006 158012.
295014 080019 085032 073028 272025 073034
147012 042032 013021 280027 280021 291010
271025 271034 039021 064011 279019 271019
276025 ////// 241016 088019 286013 254016=
331012 248004 088010 096014 102017 106014
095022 099018 098017 097019 097013 304011
092011 120004 243024 230029 270026 086031
094035 099026 096024 096029 085014 102018.
099019 100017 095014 094018 086014 027007
047008 080013 092011 097010 098006 102010
////// 116007 280023 256020 281030 222033
216019 097022 260016 091010 090010 091010.
088013 099013 085009 098010 100009 091009
078007 262004 064007 111009 083008 106010
270012 248010 274018 087025 099039 098039
089030 129020 210020 270016 105008 085007.
091008 094012 098014 105017 095011 103015
092013 095010 008006 101004 286011 082011
////// 231008 274022 278030 262018 088022
098044 097039 077037 069026 099014 100016.
102011 109016 101016 100016 102012 098019
097020 091015 099016 085013 096007 318004
PPC000 ////// 279023 098054 083041 066036
086015 107028 155031 135014 128014 181016.
169020 029022 306016 334011 094013 152017
237016 141018 270015 235018 163016 062029
289023 146017 250013 274030 264015 104021
////// 090028 080018 287012 271015 065052.
063043 130020 053027 309011 275015 277022
077008 351007 101010 109009 270018 271014
224008 278025 275023 293014 274016 092035
157014 277013 277012 275019 286012 272016.
331007 270004 327009 256017 273013 198009
289013 274011 262008 287006 282007 262004
273014 278009 ////// 274015 279018 084024
238010 289010 285013 289011 280018 287011.
103018 067014 213011 276017 096011 280012
339006 244013 PPC000 114014 094011 274015
286004 088015 273010 003009 107017 094020
084015 278014 008016 105008 105019 105023.
105021 105019 105017 105013 105016 105023
PPC000 PPC000 PPC000 PPC000 PPC000 PPC000
PPC000 PPC000 PPC000 PPC000 PPC000 PPC000
PPC000 PPC000 PPC000 PPC000 PPC000 PPC000.
PPC000 PPC000 PPC000 PPC000 PPC000 PPC000
PPC000 PPC000 PPC000 PPC000 PPC000 PPC000
PPC000 PPC000 PPC000 PPC000 PPC000 PPC000
PPC000 PPC000 PPC000 PPC000 PPC000 PPC000.
PPC000 PPC000 PPC000 PPC000 PPC000 PPC000
PPC000 PPC000 PPC000 PPC000 PPC000 PPC000
PPC000 PPC000 PPC000 PPC000 PPC000 PPC000
PPC000 PPC000 PPC000 PPC000 PPC000 PPC000.
PPC000 PPC000 PPC000 PPC000 PPC000 PPC000
PPC000 PPC000 PPC000 PPC000 PPC000 PPC000
PPC000 PPC000 PPC000 PPC000 PPC000 PPC000
PPC000 PPC000 PPC000 PPC000 PPC000 PPC000.
PPC000 PPC000 PPC000 PPC000 PPC000 PPC000
PPC000 PPC000 PPC000 PPC000 PPC000 PPC000
PPC000 PPC000 PPC000 PPC000 PPC000 PPC000
PPC000 PPC000 PPC000 PPC000 PPC000 PPC000.
PPC000 PPC000 PPC000 PPC000 PPC000 PPC000
PPC000 PPC000 PPC000 PPC000 PPC000 PPC000
PPC000 PPC000 PPC000 PPC000 PPC000 PPC000
PPC000 PPC000 PPC000 PPC000 PPC000 PPC000.
PPC000 PPC000 PPC000 PPC000 PPC000 PPC000
PPC000 PPC000 PPC000 PPC000 PPC000 PPC000
PPC000 PPC000 PPC000 PPC000 PPC000 PPC000
PPC000 PPC000 PPC000 PPC000 PPC000 PPC000.
PPC000 PPC000 PPC000 PPC000 PPC000 PPC000
PPC000 PPC000 PPC000 PPC000 PPC000 PPC000
PPC000 218064 245066 213073 237064 222058
251061 240041 234045 139014 094013 081018.
104018 099017 088011 102019 099020 103025
100024 102022 101021 100022 100020 091021
155013 266051 266063 272055 256044 257034
230034 258039 249031 261013 085020 201010.
084019 090018 093026 096019 097022 075012
096018 089025 096026 101026 100024 101024
095026 274021 248019 248019 260026 283041
097032 114024 092023 101023 095022 094023.
097024 095024 098024 091027 095026 093027
095026 097025 095029 098027 095030 100028
096028 080010 284028 281032 086013 092027
106026 122021 078019 098023 096021 098025.
101027 092031 098026 098022 102026 099029
104029 097026 103028 100021 099021 238009
098021 259010 098026 103022 073031 061022
082033 079028 070024 087025 093016 100026.
099024 106021 095027 091014 103021 100025
102023 102014 088015 100019 119013 064009
235008 121024 313009 234011 104033 093042
070038 061043 050024 052012 091020 096020.
092026 096023 098028 095031 094025 095027
097026 095023 101023 097022 093022 091025
093020 276016 256017 275024 285016 280038
274065 274045 271053 287030 087007 099012.
092021 099018 055013 078015 101020 093012
084011 095014 101019 100015 094020 078009
270010 259005 278022 265023 209019 190026
101057 149020 117024 111017 106021 108007.
096019 095021 094021 142008 097020 090019
096023 099021 099023 098022 096023 089016
PPC000 260021 243031 268040 094040 104054
102039 091032 089037 093013 111004 018004.
110009 096017 099014 076009 092011 106008
096014 096011 094011 092014 107011 275007
277022 276020 ////// 091020 091037 086025
096031 272024 181021 113022 079026 279019.
290015 277014 283012 281007 274005 090010
038010 PPC000 097011 099011 088020 099009
201004 278027 280023 101033 090042 090051
088054 086043 248020 238018 303007 225011.
239014 084020 087029 075032 276020 071033
100014 050029 036019 278027 280021 314013
273024 272032 053019 078015 280019 269018
274023 ////// 253022 091021 331011 245015=
041088 1529 058231 1120
045102 1535 056218 1410
044094 1115 060103 1519
046097 1452 062111 1539
054098 1200 061097 1200
060073 1958 076105 1958
052068 2006 077077 2109
027267 0040 032275 0036
030105 1845 044122 2150
029105 2140 037105 0133
000PPC 2001 000PPC 2001
000PPC 2001 000PPC 2001
000PPC 2001 000PPC 2001
000PPC 2001 000PPC 2001
000PPC 2001 000PPC 2001
000PPC 2001 000PPC 2001
088224 1132 136237 1036
076270 1325 103261 1017
041283 1400 055111 1527
041279 1221 063283 1213
043074 1521 058089 1521
049065 1557 071075 1444
074273 1508 098312 1345
059100 1501 073086 1506
057101 1356 079113 1347
042098 1307 060078 1846
069097 1316 094100 1345
039071 0330 072041 0438=
D=
K=
A=
S=
B=
??????
******
YF
O2221
河南省
豫汝阳情侣峰
汝阳县付店镇西泰山情侣峰景区
山地；景区；地面
空缺
计算机
计算机
计算机
计算机
计算机
20100309=
JY
8888=
GK
01/
05/=
BZ
BB/02/09时温度用正点前3分钟值代替。
BB/04/09时温度用正点前10分钟值代替。
BB/05/10时温度用前后正点数据内插。
BB/06/15时温度用前后正点数据内插。
BB/08/11时温度用正点后9分钟值代替。
BB/26/11时温度用正点前2分钟值代替。
BB/28/16时温度用正点前1分钟值代替。
00/334953/1121745
10/24/逐时观测
10/24/24时连续观测
11/不守班=
######
