O2201 3458N 11206E 003850 003850 105 000 S15 91999999919999199999 0 2011 11
P=
TB
0142 0140 0134 0134 0131 0131 0132 0131 0132 0126 0117 0121
0118 0130 0129 0145 0144 0145 0145 0148 0144 0130 0129 0128 0152 1438 0116 0708.
0130 0127 0129 0129 0126 0128 0126 0126 0127 0125 0125 0123
0124 0130 0133 0136 0136 0143 0141 0137 0131 0131 0134 0134 0143 1357 0122 0753.
0134 0134 0132 0133 0128 0127 0124 0123 0109 0103 0103 0102
0101 0101 0105 0106 0106 0109 0111 0112 0112 0112 0112 0111 0137 2012 0100 0813.
0110 0109 0110 0109 0109 0108 0108 0108 0107 0107 0108 0109
0109 0111 0114 0122 0123 0139 0145 0130 0126 0123 0121 0122 0149 1438 0106 0438.
0122 0120 0119 0119 0118 0119 0119 0119 0119 0119 0119 0119
0121 0120 0124 0122 0121 0122 0120 0122 0118 0116 0116 0116 0126 1104 0115 1724.
0115 0114 0112 0111 0110 0108 0107 0107 0104 0103 0100 0098
0094 0095 0096 0094 0090 0095 0097 0092 0092 0093 0093 0092 0116 2001 0090 1248.
0091 0088 0090 0089 0086 0086 0086 0086 0086 0086 0086 0086
0085 0085 0088 0091 0091 0093 0094 0090 0089 0087 0087 0089 0097 1313 0084 0908.
0087 0088 0088 0087 0087 0089 0088 0088 0088 0090 0090 0092
0100 0120 0121 0153 0146 0169 0164 0160 0129 0099 0101 0095 0174 1220 0086 0321.
0092 0090 0089 0087 0086 0087 0083 0074 0070 0064 0061 0072
0092 0130 0151 0172 0175 0189 0165 0146 0108 0091 0088 0075 0194 1332 0060 0704.
0071 0077 0073 0075 0076 0071 0076 0073 0068 0066 0071 0078
0088 0094 0097 0111 0149 0137 0150 0130 0094 0069 0070 0065 0163 1338 0064 1821.
0061 0062 0062 0055 0060 0056 0054 0044 0043 0044 0040 0044
0080 0107 0140 0152 0163 0161 0161 0147 0142 0126 0127 0119 0178 1246 0034 0723.
0107 0118 0116 0122 0120 0117 0118 0118 0114 0111 0096 0108
0115 0127 0130 0126 0137 0142 0143 0132 0120 0113 0113 0099 0147 1429 0090 0714.
0102 0102 0104 0102 0101 0103 0089 0069 0052 0036 0034 0051
0112 0136 0165 0206 0204 0219 0210 0183 0120 0107 0081 0084 0232 1429 0027 0638.
0076 0070 0070 0065 0057 0060 0055 0051 0042 0042 0043 0054
0080 0114 0142 0156 0148 0154 0134 0130 0113 0100 0098 0103 0164 1150 0037 0418.
0101 0088 0086 0087 0085 0086 0085 0085 0086 0086 0086 0088
0091 0101 0110 0117 0112 0116 0112 0104 0099 0097 0095 0091 0117 1200 0085 0059.
0088 0085 0082 0083 0083 0083 0083 0084 0086 0085 0084 0086
0088 0089 0090 0090 0091 0091 0092 0093 0093 0094 0095 0094 0095 1810 0082 2240.
0094 0094 0093 0091 0090 0090 0090 0090 0089 0089 0089 0091
0092 0097 0102 0098 0104 0107 0100 0096 0096 0096 0097 0097 0107 1315 0088 0608.
0096 0096 0096 0095 0095 0095 0095 0095 0095 0093 0091 0099
0117 0137 0152 0158 0168 0178 0169 0159 0149 0142 0140 0138 0196 1430 0089 0712.
0132 0129 0124 0117 0114 0109 0101 0100 0093 0091 0085 0085
0092 0099 0099 0130 0146 0149 0144 0121 0101 0077 0048 0059 0163 1242 0045 1924.
0047 0043 0036 0031 0032 0029 0029 0029 0024 0027 0020 0041
0058 0080 0085 0112 0140 0149 0119 0096 0083 0059 0051 0056 0151 1323 0020 0640.
0045 0042 0039 0040 0048 0041 0033 0038 0037 0043 0042 0047
0063 0078 0101 0098 0115 0127 0114 0100 0091 0087 0082 0084 0128 1401 0031 0304.
0076 0075 0075 0071 0071 0069 0064 0063 0057 0052 0059 0060
0088 0112 0138 0156 0138 0142 0142 0137 0128 0122 0116 0110 0156 1200 0047 0553.
0101 0105 0102 0096 0091 0074 0060 0064 0050 0017 0007 0025
0076 0084 0096 0094 0112 0093 0109 0075 0050 0038 0021 0015 0123 1306 0003 0727.
0005 0005 0004 0002 0007 0000 -004 -005 -006 0009 0015 0023
0030 0037 0053 0056 0067 0104 0112 0079 0051 0027 0031 0028 0129 1434 -007 0339.
0024 0023 0017 0014 0008 0013 0023 0031 0034 0037 0037 0041
0046 0051 0056 0056 0056 0054 0049 0048 0044 0042 0043 0043 0060 1224 0007 0057.
0042 0043 0041 0041 0042 0042 0043 0044 0045 0047 0038 0046
0058 0069 0090 0113 0136 0126 0131 0121 0101 0083 0074 0083 0137 1301 0037 0703.
0064 0058 0063 0054 0054 0043 0040 0041 0036 0027 0035 0042
0060 0087 0101 0109 0128 0127 0117 0106 0090 0073 0059 0051 0138 1243 0027 0554.
0055 0058 0061 0065 0069 0068 0069 0067 0063 0063 0064 0065
0066 0069 0066 0064 0061 0060 0061 0060 0055 0056 0054 0055 0070 0041 0052 2001.
0054 0053 0052 0053 0052 0050 0048 0045 0044 0044 0043 0041
0038 0036 0034 0032 0032 0028 0014 0020 0020 0021 0020 0021 0055 2001 0014 1459.
0020 0019 0018 0019 0019 0019 0023 0018 0014 0012 0007 0006
0005 0010 0010 0012 0013 0016 0017 0016 0015 0011 0010 0011 0023 0300 0003 0912=
I=
E=
U=
N=
H=
C=
V=
R6
0001 0005 0006
0000 0000 0000
0027 0013 0040
0050 0002 0052
0010 0005 0015
0020 0035 0055
0160 0107 0267
0001 0000 0001
0000 0000 0000
0000 0000 0000
0000 0000 0000
0000 0000 0000
0000 0000 0000
0000 0000 0000
0024 0000 0024
0062 0105 0167
0135 0001 0136
0047 0000 0047
0000 0000 0000
0000 0000 0000
0000 0000 0000
0019 0000 0019
0000 0000 0000
0000 0000 0000
0000 0000 0000
0000 0000 0000
0000 0000 0000
0013 0003 0016
0124 0109 0233
0002 0001 0003=
0000 0000 0000 0000 0000 0000 0000 0000 0000 0000 0001 0000
0005 0000 0000 0000 0000 0000 0000 0000 0000 0000 0000 0000.
0000 0000 0000 0000 0000 0000 0000 0000 0000 0000 0000 0000
0000 0000 0000 0000 0000 0000 0000 0000 0000 0000 0000 0000.
0000 0000 0000 0000 0000 0000 0000 0000 0000 0010 0011 0006
0004 0003 0003 0002 0000 0000 0000 0000 0000 0000 0000 0001.
0001 0000 0000 0000 0001 0000 0011 0000 0011 0004 0012 0010
0002 0000 0000 0000 0000 0000 0000 0000 0000 0000 0000 0000.
0000 0000 0000 0001 0002 0003 0002 0001 0001 0000 0000 0000
0001 0001 0002 0000 0000 0000 0000 0001 0000 0000 0000 0000.
0003 0003 0001 0000 0000 0000 0000 0000 0000 0004 0004 0005
0003 0002 0000 0000 0000 0000 0000 0005 0009 0006 0006 0004.
0005 0012 0026 0021 0012 0012 0007 0026 0005 0012 0013 0009
0010 0019 0016 0018 0013 0011 0008 0005 0004 0000 0000 0003.
0000 0000 0000 0000 0001 0000 0000 0000 0000 0000 0000 0000
0000 0000 0000 0000 0000 0000 0000 0000 0000 0000 0000 0000.
0000 0000 0000 0000 0000 0000 0000 0000 0000 0000 0000 0000
0000 0000 0000 0000 0000 0000 0000 0000 0000 0000 0000 0000.
0000 0000 0000 0000 0000 0000 0000 0000 0000 0000 0000 0000
0000 0000 0000 0000 0000 0000 0000 0000 0000 0000 0000 0000.
0000 0000 0000 0000 0000 0000 0000 0000 0000 0000 0000 0000
0000 0000 0000 0000 0000 0000 0000 0000 0000 0000 0000 0000.
0000 0000 0000 0000 0000 0000 0000 0000 0000 0000 0000 0000
0000 0000 0000 0000 0000 0000 0000 0000 0000 0000 0000 0000.
0000 0000 0000 0000 0000 0000 0000 0000 0000 0000 0000 0000
0000 0000 0000 0000 0000 0000 0000 0000 0000 0000 0000 0000.
0000 0000 0000 0000 0000 0000 0000 0000 0000 0000 0000 0000
0000 0000 0000 0000 0000 0000 0000 0000 0000 0000 0000 0000.
0000 0004 0007 0003 0008 0002 0000 0000 0000 0000 0000 0000
0000 0000 0000 0000 0000 0000 0000 0000 0000 0000 0000 0000.
0003 0004 0005 0006 0006 0013 0005 0002 0008 0003 0005 0002
0006 0008 0006 0010 0001 0001 0001 0012 0015 0011 0014 0020.
0011 0037 0014 0012 0014 0003 0025 0005 0005 0002 0001 0006
0001 0000 0000 0000 0000 0000 0000 0000 0000 0000 0000 0000.
0001 0015 0005 0004 0017 0002 0003 0000 0000 0000 0000 0000
0000 0000 0000 0000 0000 0000 0000 0000 0000 0000 0000 0000.
0000 0000 0000 0000 0000 0000 0000 0000 0000 0000 0000 0000
0000 0000 0000 0000 0000 0000 0000 0000 0000 0000 0000 0000.
0000 0000 0000 0000 0000 0000 0000 0000 0000 0000 0000 0000
0000 0000 0000 0000 0000 0000 0000 0000 0000 0000 0000 0000.
0000 0000 0000 0000 0000 0000 0000 0000 0000 0000 0000 0000
0000 0000 0000 0000 0000 0000 0000 0000 0000 0000 0000 0000.
0000 0000 0006 0013 0000 0000 0000 0000 0000 0000 0000 0000
0000 0000 0000 0000 0000 0000 0000 0000 0000 0000 0000 0000.
0000 0000 0000 0000 0000 0000 0000 0000 0000 0000 0000 0000
0000 0000 0000 0000 0000 0000 0000 0000 0000 0000 0000 0000.
0000 0000 0000 0000 0000 0000 0000 0000 0000 0000 0000 0000
0000 0000 0000 0000 0000 0000 0000 0000 0000 0000 0000 0000.
0000 0000 0000 0000 0000 0000 0000 0000 0000 0000 0000 0000
0000 0000 0000 0000 0000 0000 0000 0000 0000 0000 0000 0000.
0000 0000 0000 0000 0000 0000 0000 0000 0000 0000 0000 0000
0000 0000 0000 0000 0000 0000 0000 0000 0000 0000 0000 0000.
0000 0000 0000 0000 0000 0000 0000 0000 0000 0000 0000 0000
0000 0000 0000 0000 0000 0000 0000 0000 0000 0000 0000 0000.
0000 0000 0000 0000 0000 0000 0000 0000 0002 0004 0004 0003
0000 0000 0000 0000 0000 0000 0000 0001 0000 0001 0001 0000.
0000 0000 0000 0000 0000 0001 0003 0006 0027 0037 0027 0023
0012 0004 0013 0025 0013 0013 0027 0001 0000 0000 0001 0000.
0001 0000 0000 0000 0000 0000 0001 0000 0000 0000 0000 0000
0000 0000 0001 0000 0000 0000 0000 0000 0000 0000 0000 0000=
0000 ////////// 00000=
W=
L=
Z=
G=
FN
107023 092017 109011 304006 114007 PPC000
261005 293013 077016 071018 088007 012007
333013 331007 251013 319006 204011 045005
PPC002 268007 188007 195008 282016 268013.
281016 280013 261014 256010 301008 281010
255009 266013 214005 138015 094020 119014
099012 116013 087019 095023 095012 097024
087023 099026 084016 100015 104019 090039.
109023 131029 138022 125022 134029 119034
126025 105035 105030 PPC001 138026 142026
137012 125022 124037 098029 121020 109018
104030 092021 088025 098016 095021 118032.
115014 124025 129016 116019 125021 113010
133004 284006 PPC000 144007 167007 172004
334003 287010 266013 338006 259007 065012
097006 170014 134012 004003 301011 285018.
305014 268010 258009 312006 296011 290006
296009 074004 321005 116003 PPC000 PPC000
149007 197011 138008 176011 159016 134016
142016 051005 105014 115010 185015 PPC001.
091005 064013 073011 080012 069008 119015
PPC002 127019 131012 104013 133031 113025
127030 114013 079015 112022 161014 034011
088007 171008 181010 133006 187014 169019.
141026 124031 165008 137015 114024 132018
095019 100029 114016 114009 126014 139020
150005 156015 117013 064012 PPC001 175009
134011 118012 138014 184007 PPC000 023007.
PPC000 PPC000 PPC000 PPC000 034006 303009
300011 185008 173010 PPC001 247005 264007
088004 137015 074017 080013 258008 324018
326039 313038 154022 115026 125023 125016.
123023 112020 085010 084011 073006 340009
255014 260016 259021 263018 261016 269020
244013 207010 162017 118018 170026 101010
098012 111010 103020 112018 170014 069010.
255014 305010 260011 316011 330008 255008
273014 271020 261017 263024 261014 270009
328008 189008 173015 102018 032016 114014
069012 101006 133011 229005 264015 275017.
273025 267028 275030 269024 270029 272028
275032 267010 279018 267021 267011 292016
109010 098010 151015 090018 155012 062016
008038 336024 306033 305014 318038 301047.
291027 292041 294034 298058 290044 298041
296033 314036 287030 297028 319011 296020
262010 318036 308059 274042 308014 280018
269023 261018 248012 259023 281026 338013.
300024 323022 326029 309021 285040 275041
296030 294011 215006 241012 293016 228011
151010 141015 172012 117015 132007 072020
101026 097026 106026 136019 289013 280022.
266010 284011 266023 273017 273018 271031
274029 282017 270016 276025 278020 247022
072006 066012 131016 097013 068018 065018
149012 088008 179009 113011 310015 266014.
269016 284023 282006 270021 282011 155010
331011 281006 282010 248009 278015 268012
280011 265011 PPC001 167009 117023 051023
137013 124018 125018 116013 116019 117013.
128008 085016 098011 074012 093012 085010
102007 087013 069010 035009 098009 151011
116028 116024 107017 118024 099021 100013
090030 090022 104020 113024 099015 115032.
123049 126027 105028 119027 116017 122018
103011 001005 342010 208008 276017 282009
251017 296009 145006 106010 149010 102010
142021 173015 172007 305012 241014 075007.
148014 085010 186011 277011 002007 181003
201007 332006 096008 180011 PPC002 201015
108013 103009 311026 306025 313029 309024
315035 290030 289044 302045 297052 309049.
302031 287043 289034 267026 267035 287028
298036 277035 274053 254068 272042 296048
277053 284050 312031 300026 294028 323034
298020 277036 288027 211007 103012 323017.
311017 269016 167008 280011 308012 280014
269023 269030 263017 283018 263022 233010
359006 128010 059008 126012 077017 089017
117013 108013 124015 083008 128008 222008.
261017 281023 280017 266022 271019 284022
185008 263020 312016 237010 341014 264018
083008 174007 095007 013029 120016 126010
085007 131015 168014 219007 188010 189007.
200005 299011 253011 289012 257009 299032
286035 304040 292020 288008 309022 245016
161013 277037 344026 329030 304064 320083
309077 306061 284034 312031 300034 288035.
307035 309042 313062 318034 303079 275022
273019 299039 213012 204007 117009 258013
077018 084031 111024 151014 143032 110019
097031 109023 117025 124033 085014 091012.
065013 315012 281013 279022 273017 254013
263012 268017 267016 288013 269013 260013
313010 192004 043006 183007 100008 194011
108016 081021 098009 PPC002 262010 268018.
267019 253016 245015 295021 303009 275019
276019 269014 PPC000 296010 305005 250006
132032 130039 140021 109015 088023 072021
120016 079012 109012 128015 157018 201013.
180012 250010 250010 256010 290009 254011
287010 275017 267015 279012 294012 300013
314009 330011 199010 204018 349029 295048
273018 348026 011018 342013 248011 299033.
248005 145003 242018 270018 229013 259013
214009 251014 313016 330007 254021 255026
159005 076016 174016 099010 100011 093015
084019 101013 129012 153011 192009 PPC000.
240011 274019 276023 257020 333011 260014
258015 253010 070008 314010 264011 281007
205007 104014 086020 109012 171013 175019
164018 175027 189018 153009 162016 156015.
137023 120025 139020 167011 175019 187020
211018 264005 139019 134026 143037 128034
136034 138049 066016 241014 132020 140020
200021 018011 074008 090009 153017 121005.
148014 143015 140017 139011 173014 254015
052008 136020 157019 139016 139020 171022
166019 161016 158014 185021 178017 186012
187013 187022 185015 141025 171015 194012=
110020 099018 115011 297006 115005 PPC000
259006 292013 087017 082017 093007 035007
001013 327008 255013 337009 212011 048005
PPC002 255006 203006 196007 283016 267012.
277017 280014 265014 256011 300008 278011
259010 269014 234007 137014 098021 115015
105010 115014 091021 090024 094014 096021
093024 097026 087015 099016 106021 099031.
106023 117030 130026 127028 127025 122034
128027 110032 105031 333005 134027 141024
123014 125021 120037 109028 120021 108020
103025 087022 090021 095019 096022 124030.
119015 123022 129017 116018 124019 104009
147003 290007 PPC002 182005 152008 184004
329003 288009 260013 343006 258008 063012
086006 166013 151010 PPC002 293011 288018.
301014 266010 260010 280006 302010 287008
293010 068004 323006 110003 PPC000 PPC001
151005 186011 142007 174011 158015 130016
138014 051004 105013 120010 190014 164003.
078007 069013 069010 078011 074009 108013
069004 135018 129013 100014 138027 116025
126029 107014 081013 116024 168019 039010
091009 175009 178011 152006 178013 167016.
133023 120030 150010 151017 118030 120019
107017 112028 116017 104011 124018 133020
166008 156012 116014 074012 PPC002 147008
147009 122012 136012 177008 PPC002 036007.
PPC000 PPC000 PPC000 PPC000 030007 304008
304011 181009 151008 PPC001 244007 270007
105007 135015 077018 077015 211009 327024
327037 312034 190019 120027 125024 117013.
122025 111020 098010 087010 092004 311007
259014 267014 258022 267018 265018 270021
245015 233011 153015 109018 142023 113014
105015 114014 103021 112018 165014 076010.
258013 302010 266010 320011 330007 267008
270015 273019 265017 264023 260014 276009
335007 183009 161014 104016 048017 099015
073012 101008 133013 214006 268016 272017.
271025 267028 273029 269023 273030 270027
271031 268009 274017 270020 268012 293017
102009 077009 129013 110015 133011 069014
356034 344021 310038 303016 318039 304045.
296025 292044 293034 295055 295046 295040
295036 312042 292030 296028 319011 295023
261011 315039 305055 278042 310020 273024
266026 262018 254013 257022 283027 342012.
298022 317024 325026 309022 284038 276041
296031 305015 219010 241012 290017 235009
154010 142013 152011 095016 125012 075020
102021 100023 102024 129021 294014 279021.
263011 282010 270023 273017 273018 271031
272029 285017 268017 274025 275021 246021
113007 069013 097012 101014 066018 066017
147010 083010 168009 108012 308015 268016.
266016 277022 279006 271020 284012 149010
336010 300007 279011 260008 282014 265013
288011 264011 171003 133009 114022 048023
126013 119019 120016 108012 118017 124015.
121008 084016 099011 085011 091010 091010
093007 093012 064009 041009 091009 134011
117026 121024 106020 121025 097020 092018
094028 091023 104024 116024 103020 122033.
118046 124027 104029 122024 118018 118020
112011 359007 345010 207008 280018 282010
252018 287008 147007 125010 135009 089009
138019 171014 166008 300010 245013 102006.
157012 082008 182011 284010 008008 PPC002
187008 360004 060008 175012 029003 204014
081011 174011 299026 303032 304036 298034
303037 296032 290040 300043 299053 312051.
307033 287042 289037 268029 267040 293029
295033 283037 271052 255063 279043 296046
278051 286049 304030 314035 306029 332034
299024 281038 288028 285010 094012 311017.
326012 262016 202008 278012 302013 277014
268022 268027 266017 284019 263022 232010
001006 067008 024008 140013 073015 088017
128014 112015 126015 090009 132009 229010.
258015 283022 276017 263022 269021 279022
197008 265021 309016 222010 329015 260020
079009 161008 119009 013032 125015 129013
097009 123014 172014 223008 187010 211010.
191005 293010 251012 305010 264008 298034
287033 305038 296020 239010 304022 252017
173011 275037 346026 326027 313065 318073
313076 306070 297045 306039 299037 286033.
305035 309043 311055 322039 308073 292020
281022 302039 223013 210008 132009 259013
077018 091031 108026 134021 136028 096021
106029 113025 123024 119032 089013 093013.
054011 316011 283012 280021 272017 257013
262013 266017 267016 285014 268013 263012
306010 227007 097006 187008 145009 173013
097016 081022 100011 056004 265012 271017.
265018 254016 250015 290017 320010 268019
272018 268015 PPC000 291010 304007 251008
130028 126030 134022 117020 095022 082021
125019 078013 100012 126016 140020 197013.
183012 247009 255012 256010 284009 265010
286009 274017 269016 275012 295014 297013
336009 312011 203010 194017 349031 294052
279022 345023 347018 341012 271010 300035.
284005 075004 259015 275017 242013 263014
234009 248013 328013 346008 255021 257026
190005 082013 159016 112011 115012 090014
084020 102014 124013 144012 195008 PPC000.
247011 274019 275021 256019 328010 263014
262014 253010 054008 317010 258012 296010
212009 094013 088019 110013 157015 171019
164018 176024 192016 154010 161016 161017.
140021 121031 141023 178013 170019 176019
207017 208005 138019 130026 139033 130039
143034 133039 078015 250013 137018 143018
201023 014010 077008 087009 157015 102005.
151014 138017 136016 137011 176012 254015
067009 135020 160018 144019 144020 171023
169018 159016 161016 177019 171016 187013
183013 180021 185014 142024 165014 192014=
024110 2035 051099 2035
037096 1539 073085 1538
047114 0417 082113 0417
030118 2010 049129 2012
021138 1339 034185 1257
031129 0902 054124 0829
040126 0037 065147 2157
048328 1411 088329 1410
031132 2103 056113 2003
026275 0551 039054 1307
052306 1927 081319 1917
065294 2341 109306 2339
050294 0131 080259 0145
035274 0210 043280 0208
034265 2132 045255 2125
046115 1939 087121 1930
050120 2015 093081 2018
070309 1115 115292 1115
075275 0926 107283 0941
030273 0404 040272 0346
033013 1159 046063 1151
090312 1544 154302 1544
081303 0107 130306 0100
028280 0042 040091 1529
032128 0913 051132 1000
059281 1407 089304 1405
033301 2001 042272 2012
029080 1034 043066 1031
051141 0831 088133 0831
030179 1214 044161 1213=
D=
K=
A=
S=
B=
??????
******
YF
O2201
河南省
豫新安石井
新安县石井乡政府院内
丘陵；城镇；地面
空缺
计算机
计算机
计算机
计算机
计算机
20120208=
JY
8888=
GK
01/
05/=
BZ
00/345744/1120547
10/24/逐时观测
10/24/24时连续观测
11/不守班=
######
