O2201 3458N 11206E 003850 003850 105 000 S15 91999999919999199999 0 2012 05
P=
TB
0170 0169 0165 0160 0162 0158 0158 0159 0160 0158 0173 0186
0218 0222 0234 0241 0255 0263 0262 0255 0245 0228 0207 0181 0271 1421 0157 0223.
0182 0182 0174 0179 0170 0174 0174 0173 0161 0166 0175 0203
0223 0252 0263 0275 0285 0292 0290 0284 0270 0242 0220 0204 0297 1345 0153 0524.
0200 0193 0190 0185 0181 0174 0173 0172 0171 0166 0168 0210
0232 0248 0247 0283 0261 0277 0285 0280 0263 0243 0223 0200 0294 1414 0165 0545.
0192 0183 0179 0171 0176 0172 0167 0162 0161 0158 0166 0214
0235 0258 0290 0297 0312 0317 0313 0313 0302 0276 0227 0213 0321 1440 0152 0530.
0204 0198 0189 0188 0185 0174 0165 0146 0152 0134 0162 0189
0242 0269 0296 0307 0322 0331 0327 0304 0274 0262 0234 0212 0332 1337 0133 0601.
0221 0212 0194 0193 0190 0183 0184 0176 0173 0165 0175 0211
0248 0276 0302 0298 0319 0330 0314 0316 0307 0288 0260 0227 0342 1355 0159 0549.
0219 0212 0222 0208 0206 0193 0201 0204 0194 0190 0186 0200
0207 0204 0194 0178 0189 0218 0256 0265 0256 0239 0215 0185 0275 1526 0177 1148.
0180 0179 0179 0175 0173 0167 0158 0159 0154 0151 0168 0202
0218 0254 0262 0277 0285 0287 0289 0290 0272 0254 0237 0209 0295 1430 0147 0510.
0205 0201 0197 0190 0191 0189 0195 0193 0190 0190 0203 0212
0223 0230 0249 0273 0280 0292 0282 0286 0271 0250 0238 0223 0300 1426 0185 0530.
0216 0211 0203 0191 0202 0195 0193 0186 0186 0181 0192 0214
0236 0261 0280 0294 0300 0310 0313 0310 0292 0273 0257 0242 0314 1433 0179 0533.
0233 0226 0217 0211 0213 0204 0200 0191 0198 0197 0201 0204
0212 0226 0230 0231 0235 0229 0208 0207 0210 0205 0199 0196 0242 2001 0191 0325.
0193 0190 0190 0187 0185 0185 0181 0186 0195 0195 0194 0200
0211 0214 0205 0203 0204 0203 0207 0209 0236 0219 0190 0167 0238 1705 0167 1957.
0161 0145 0118 0128 0124 0129 0117 0110 0102 0110 0128 0155
0197 0212 0220 0263 0270 0250 0252 0230 0222 0212 0196 0192 0274 1333 0100 0504.
0192 0217 0215 0197 0197 0177 0177 0166 0163 0173 0182 0211
0219 0233 0246 0276 0295 0286 0282 0274 0270 0256 0231 0212 0299 1250 0153 0413.
0201 0189 0184 0167 0161 0147 0137 0117 0136 0128 0171 0213
0241 0254 0280 0287 0281 0290 0294 0299 0288 0270 0241 0211 0307 1527 0116 0356.
0188 0186 0171 0154 0153 0151 0135 0135 0146 0121 0150 0196
0252 0256 0304 0308 0316 0318 0311 0315 0304 0287 0265 0216 0326 1232 0112 0543.
0186 0187 0178 0171 0162 0162 0151 0152 0141 0126 0146 0191
0238 0266 0284 0318 0326 0329 0333 0308 0318 0286 0250 0213 0338 1503 0124 0553.
0208 0207 0205 0200 0198 0195 0198 0185 0185 0185 0194 0215
0235 0235 0249 0281 0269 0275 0264 0262 0253 0248 0239 0207 0290 1219 0182 0418.
0202 0191 0190 0177 0170 0171 0174 0165 0153 0157 0179 0216
0247 0269 0294 0307 0319 0323 0323 0316 0304 0285 0266 0231 0328 1532 0150 0537.
0218 0224 0195 0183 0184 0184 0180 0178 0168 0171 0192 0220
0242 0261 0284 0296 0302 0301 0304 0295 0281 0260 0246 0234 0318 1427 0164 0450.
0224 0214 0206 0186 0182 0173 0159 0167 0159 0164 0170 0187
0183 0192 0196 0207 0213 0220 0217 0210 0214 0206 0195 0188 0234 2001 0158 0256.
0191 0180 0178 0177 0177 0170 0169 0166 0169 0171 0172 0172
0174 0177 0168 0182 0192 0185 0201 0188 0196 0195 0187 0175 0204 1503 0166 0349.
0173 0169 0161 0158 0157 0154 0151 0143 0141 0145 0161 0178
0187 0218 0233 0228 0253 0254 0243 0234 0224 0221 0209 0194 0261 1241 0140 0438.
0198 0193 0193 0187 0186 0185 0187 0182 0182 0183 0177 0185
0187 0197 0210 0221 0208 0218 0235 0228 0234 0226 0201 0187 0242 1632 0175 0437.
0183 0178 0179 0185 0179 0174 0174 0156 0145 0147 0161 0174
0182 0213 0239 0268 0302 0308 0301 0285 0278 0260 0243 0210 0314 1407 0143 0456.
0213 0198 0195 0189 0183 0184 0170 0146 0144 0146 0175 0217
0244 0265 0288 0307 0325 0338 0334 0326 0319 0291 0257 0223 0338 1400 0138 0513.
0235 0224 0205 0192 0188 0189 0188 0186 0179 0176 0192 0227
0253 0283 0298 0320 0337 0344 0338 0339 0323 0303 0281 0254 0346 1423 0173 0546.
0229 0224 0208 0213 0202 0196 0193 0186 0189 0192 0206 0223
0240 0264 0276 0285 0275 0283 0282 0277 0260 0247 0244 0224 0294 1151 0184 0357.
0234 0230 0218 0214 0213 0201 0178 0171 0168 0167 0166 0161
0162 0175 0173 0195 0222 0249 0264 0262 0261 0242 0222 0197 0269 1444 0160 0832.
0190 0184 0179 0176 0168 0168 0158 0154 0149 0153 0176 0211
0233 0246 0257 0276 0281 0290 0291 0290 0276 0258 0242 0225 0294 1524 0148 0510.
0217 0218 0214 0214 0212 0209 0205 0199 0198 0195 0196 0208
0209 0219 0236 0239 0250 0242 0248 0255 0244 0235 0222 0211 0257 1621 0195 0534=
I=
E=
U=
N=
H=
C=
V=
R6
0000 0000 0000
0000 0000 0000
0000 0000 0000
0000 0000 0000
0000 0000 0000
0000 0000 0000
0000 0013 0013
//// 0000 ////
0000 0000 0000
0000 0000 0000
0000 0020 0020
0032 0000 0032
0000 0000 0000
0000 0000 0000
0000 0000 0000
0000 0000 0000
0000 0000 0000
0000 0000 0000
0000 0000 0000
0000 0000 0000
//// 0000 ////
0004 0037 0041
//// 0001 0001
0000 0000 0000
0000 0000 0000
0000 0000 0000
//// 0000 ////
0000 0000 0000
0072 0011 0083
0000 0000 0000
0000 0000 0000=
0000 0000 0000 0000 0000 0000 0000 0000 0000 0000 0000 0000
0000 0000 0000 0000 0000 0000 0000 0000 0000 0000 0000 0000.
0000 0000 0000 0000 0000 0000 0000 0000 0000 0000 0000 0000
0000 0000 0000 0000 0000 0000 0000 0000 0000 0000 0000 0000.
0000 0000 0000 0000 0000 0000 0000 0000 0000 0000 0000 0000
0000 0000 0000 0000 0000 0000 0000 0000 0000 0000 0000 0000.
0000 0000 0000 0000 0000 0000 0000 0000 0000 0000 0000 0000
0000 0000 0000 0000 0000 0000 0000 0000 0000 0000 0000 0000.
0000 0000 0000 0000 0000 0000 0000 0000 0000 0000 0000 0000
0000 0000 0000 0000 0000 0000 0000 0000 0000 0000 0000 0000.
0000 0000 0000 0000 0000 0000 0000 0000 0000 0000 0000 0000
0000 0000 0000 0000 0000 0000 0000 0000 0000 0000 0000 0000.
0000 0000 0000 0000 0000 0000 0000 0000 0000 0000 0000 0000
0000 0000 0006 0007 0000 0000 0000 0000 0000 0000 0000 0000.
0000 0000 0000 0000 0000 0000 //// //// //// 0000 0000 0000
0000 0000 0000 0000 0000 0000 0000 0000 0000 0000 0000 0000.
0000 0000 0000 0000 0000 0000 0000 0000 0000 0000 0000 0000
0000 0000 0000 0000 0000 0000 0000 0000 0000 0000 0000 0000.
0000 0000 0000 0000 0000 0000 0000 0000 0000 0000 0000 0000
0000 0000 0000 0000 0000 0000 0000 0000 0000 0000 0000 0000.
0000 0000 0000 0000 0000 0000 0000 0000 0000 0000 0000 0000
0000 0000 0000 0000 0000 0000 0007 0011 0001 0000 0001 0000.
0001 0004 0004 0000 0016 0007 0000 0000 0000 0000 0000 0000
0000 0000 0000 0000 0000 0000 0000 0000 0000 0000 0000 0000.
0000 0000 0000 0000 0000 0000 0000 0000 0000 0000 0000 0000
0000 0000 0000 0000 0000 0000 0000 0000 0000 0000 0000 0000.
0000 0000 0000 0000 0000 0000 0000 0000 0000 0000 0000 0000
0000 0000 0000 0000 0000 0000 0000 0000 0000 0000 0000 0000.
0000 0000 0000 0000 0000 0000 0000 0000 0000 0000 0000 0000
0000 0000 0000 0000 0000 0000 0000 0000 0000 0000 0000 0000.
0000 0000 0000 0000 0000 0000 0000 0000 0000 0000 0000 0000
0000 0000 0000 0000 0000 0000 0000 0000 0000 0000 0000 0000.
0000 0000 0000 0000 0000 0000 0000 0000 0000 0000 0000 0000
0000 0000 0000 0000 0000 0000 0000 0000 0000 0000 0000 0000.
0000 0000 0000 0000 0000 0000 0000 0000 0000 0000 0000 0000
0000 0000 0000 0000 0000 0000 0000 0000 0000 0000 0000 0000.
0000 0000 0000 0000 0000 0000 0000 0000 0000 0000 0000 0000
0000 0000 0000 0000 0000 0000 0000 0000 0000 0000 0000 0000.
0000 0000 0000 0000 0000 0000 0000 0000 0000 0000 0000 0000
0000 0000 0000 0000 0000 0000 0000 0000 0000 0000 0000 0000.
0000 0000 0000 0000 0000 0000 0000 0000 0000 0000 //// 0000
0000 0000 0000 0000 0000 0000 0000 0000 0000 0000 0000 0000.
0000 0000 0000 0000 0000 0000 0000 0002 0000 0000 0000 0002
0011 0007 0012 0004 0003 0000 0000 0000 0000 0000 0000 0000.
0000 0000 0000 0000 0000 0000 //// 0000 0000 0000 0000 0000
0000 0001 0000 0000 0000 0000 0000 0000 0000 0000 0000 0000.
0000 0000 0000 0000 0000 0000 0000 0000 0000 0000 0000 0000
0000 0000 0000 0000 0000 0000 0000 0000 0000 0000 0000 0000.
0000 0000 0000 0000 0000 0000 0000 0000 0000 0000 0000 0000
0000 0000 0000 0000 0000 0000 0000 0000 0000 0000 0000 0000.
0000 0000 0000 0000 0000 0000 0000 0000 0000 0000 0000 0000
0000 0000 0000 0000 0000 0000 0000 0000 0000 0000 0000 0000.
0000 0000 0000 0000 0000 //// //// 0000 0000 0000 0000 0000
0000 0000 0000 0000 0000 0000 0000 0000 0000 0000 0000 0000.
0000 0000 0000 0000 0000 0000 0000 0000 0000 0000 0000 0000
0000 0000 0000 0000 0000 0000 0000 0000 0000 0000 0000 0000.
0000 0000 0000 0000 0000 0000 0009 0006 0016 0012 0013 0016
0010 0001 0000 0000 0000 0000 0000 0000 0000 0000 0000 0000.
0000 0000 0000 0000 0000 0000 0000 0000 0000 0000 0000 0000
0000 0000 0000 0000 0000 0000 0000 0000 0000 0000 0000 0000.
0000 0000 0000 0000 0000 0000 0000 0000 0000 0000 0000 0000
0000 0000 0000 0000 0000 0000 0000 0000 0000 0000 0000 0000=
0000 ////////// 00000=
W=
L=
Z=
G=
FN
087009 081015 085014 318009 326008 255011
280014 078005 093007 273015 307008 084013
095023 133039 127051 123036 131030 132032
108026 135030 120024 135024 098012 258010.
276027 271020 275027 275024 323007 282021
261007 206008 278014 276021 265013 343005
105010 036012 077011 168010 100027 074026
076023 096021 089020 099017 110010 084006.
012007 287013 262012 266019 263017 258013
257022 258026 271016 277018 262015 336010
154014 130033 092025 070030 087029 107013
087022 100027 111022 125028 140019 199008.
262016 280023 278024 272014 265026 279016
277031 276028 280028 267025 204004 076008
104012 091011 062020 078019 050023 090025
083031 087024 085023 085014 139010 269025.
275021 264019 267018 272031 282024 262030
282017 255009 211011 235004 193011 145009
057011 063017 014013 102027 049014 085028
081032 098031 092024 099021 107011 130013.
158009 245010 286017 269023 273036 265025
269030 278028 291025 276020 264012 201007
055009 058013 054015 039013 101014 075014
086023 094020 085021 121018 158011 284015.
279023 PPC002 254014 291018 264024 281034
266030 296012 298017 292017 113013 016006
327009 337018 215014 238021 251022 189013
131011 145015 143019 153021 156009 302008.
285012 263013 273021 261021 254019 246014
////// ////// ////// 197011 003006 312009
202011 069013 074032 093018 113022 081019
097018 087015 126028 128024 163010 203010.
277020 268015 279019 258023 266013 265015
279014 170003 192008 260006 146006 123009
165010 177011 084015 068012 089019 069012
143014 080022 081016 090012 104012 110013.
277016 123015 268031 302023 281019 265015
278013 277011 288012 279021 205006 244008
166013 060015 057009 092016 095022 132030
096025 072024 100021 093020 116024 120016.
146016 160018 264006 211012 181013 190012
194018 293008 183008 164011 138009 089015
072012 118013 056011 129012 068014 087011
183012 068009 353009 PPC000 275016 307017.
332015 279012 261013 268018 279010 218006
287021 306048 312060 300050 301052 275051
278059 283059 297058 292048 284053 299055
294064 289047 281038 287027 267018 261023.
267031 146017 246007 280029 263029 273029
264023 268030 267021 277033 335009 220008
116015 193018 176015 108016 103015 133020
140044 178029 132016 138006 320009 353016.
172013 310053 260037 278022 276027 308012
330022 322011 322033 304055 332028 339020
274031 276032 264030 295034 314053 279070
299064 306085 300034 305030 254029 278025.
261026 270029 272021 263023 257018 022005
027012 252006 283020 281015 299032 295037
280035 300048 275061 272058 290078 317072
331054 324032 322034 264032 264023 277035.
267026 275032 264027 277016 265033 254025
287023 275013 294015 245012 295005 025019
329009 168012 339059 290059 297065 315034
313061 332038 319060 306055 317032 138023.
267018 266029 272028 273034 265033 268033
271025 272031 266028 278013 276011 066021
064011 038012 100012 143015 085019 129017
123021 140034 128026 123016 109011 278010.
258023 268022 260018 257024 269022 273024
271027 260022 266022 273020 258024 263023
254013 198011 164008 154012 115019 077015
100010 095006 190005 073007 019010 262013.
268024 265018 281015 276024 277018 275024
277023 263016 268024 273020 297013 067009
071010 075019 073020 107024 108025 107029
114032 147026 138035 140022 126018 069006.
110012 271011 299007 274012 272015 256021
273019 258022 277014 269019 275015 097011
125016 108030 133043 125044 153035 110039
098035 096032 107037 099043 105024 115033.
135024 124017 121029 109011 132015 207008
094005 031006 259007 124008 ////// 090030
123024 084025 112029 088018 079031 096022
091019 067009 066009 072012 092012 292004.
282021 260014 283021 276024 315009 273018
280028 263009 262023 283019 315011 293013
280014 312019 326019 153004 070010 143015
115012 137010 184011 106006 028010 292008.
281012 272033 265017 271017 269020 286027
////// 324009 285015 267018 252009 PPC002
187013 162006 034010 080021 075017 076020
069018 071015 136009 073009 110011 251006.
277013 274022 282014 340007 004011 011019
132011 254014 289025 267014 260021 253020
206005 278008 080003 081007 173007 313023
313015 317011 192011 083010 287013 258019.
264025 277019 285026 301031 297024 321025
291031 226007 189008 126012 252005 155010
178011 137013 169008 156011 061018 083025
074023 161030 109019 134018 066012 PPC002.
279025 243012 286030 262014 278028 285031
286012 261011 061008 249010 279024 081010
089017 140027 174017 119018 098015 147021
064028 090028 110010 102014 092009 290008.
129018 134022 090009 275017 278033 //////
////// 271022 254022 267012 304010 140010
144012 044018 140022 078022 098015 115026
101028 125017 149026 160020 165017 147012.
112007 PPC002 127012 249019 281016 277017
275019 254020 245020 250021 213007 145014
145022 102020 114018 084036 074022 078025
109022 087015 092016 139013 092006 PPC002.
267007 102005 PPC002 316006 254016 279031
279033 274031 283022 299015 309010 289019
266018 347010 319017 356012 230012 093013
108015 086022 080019 087014 025005 102019.
272015 270019 267028 269025 265018 274012
226013 118012 268009 266007 284006 119015
123035 140038 099031 113019 095033 081020
071032 099020 091017 094019 110023 100021.
110015 113026 114031 112029 118026 118033
116027 106028 102020 103024 126028 123017
120026 106022 113023 139018 121014 074018
075011 066012 083012 078017 155010 069006=
093009 077013 089012 335008 333008 253010
285011 004007 085004 275014 335007 104013
090020 130034 126045 123041 129031 120027
117030 130027 123024 134025 103013 256009.
277026 268024 275029 275024 350008 280019
272007 237011 283015 276021 270013 026005
120011 059011 093012 142014 092027 076027
079023 086019 085022 100019 109012 078008.
016007 291012 268013 265020 263016 258014
261021 257025 271018 277018 259016 338008
154014 138033 098026 073030 078026 084015
085025 092024 103023 123028 131016 195008.
269019 276021 279024 268015 266026 276018
277030 277026 279028 268026 204006 076008
099011 085013 061021 080018 058024 081027
082029 082027 084022 091014 125010 269026.
276022 268021 269020 271029 278025 264026
283018 257009 221011 280004 194011 166010
072011 071019 041015 091032 078019 080028
084029 099031 093025 098020 108011 114012.
140011 217011 282017 269022 273034 266026
270029 277027 290023 273020 264013 136006
064009 063014 050015 061013 104016 080014
082024 089018 095021 116017 157011 279015.
277024 184004 251014 293020 265025 283029
266030 288013 310018 290019 119012 015008
333008 308021 228013 238025 252023 207011
140012 148014 138019 155019 157010 308007.
292010 267013 271023 264020 255018 250015
////// ////// ////// 208009 346005 290010
194012 073013 081030 092023 116021 085023
093021 085018 123025 121023 165012 200010.
281020 271015 281017 262022 273014 272016
278013 086004 172008 270007 123006 134009
154009 155010 080018 073013 081018 056014
136012 075020 085019 095011 110013 114013.
277017 140012 268030 298023 279020 263015
271014 252009 270015 283018 206006 289007
167013 072014 074015 083021 082023 112024
092026 074023 097022 089019 118028 116016.
149015 150015 251005 211011 189014 179012
192017 280006 171008 168011 137009 083013
081010 120014 061010 129013 070014 081012
179010 062009 350009 018003 283014 311019.
336014 288013 263013 276017 276011 263007
299021 302046 310066 303060 301056 277050
277055 281061 293063 292055 291051 294045
294055 287041 278037 284028 268016 262023.
267031 141017 257007 282028 270031 273029
269023 274027 270023 276030 329009 192009
126015 178017 168015 082016 108020 135020
144035 176029 135014 142007 307008 332016.
137015 311052 280032 283022 275029 308013
325022 308014 320033 307051 325026 336021
280035 285033 273036 297037 320054 285070
304068 309079 301041 302031 255029 278026.
261028 271027 275022 262023 258018 340007
072010 260007 276022 290015 298030 292038
279034 306041 270056 277055 286076 307065
323052 313034 323036 262030 267023 277032.
269028 274032 264026 268017 262034 255025
289021 287015 280020 255011 190005 024016
310009 172014 334050 289060 296062 308050
314066 326046 315058 306050 319034 132025.
270017 264030 276027 273033 267033 271031
271026 272031 270027 256012 287011 067020
063012 060013 118013 135016 096021 125019
116020 129028 118023 123018 106010 281010.
258021 271021 265018 262020 266022 270023
272028 259023 267023 273019 260021 262021
255013 189012 172010 152011 119016 080016
100010 113007 183007 072006 015010 262013.
271025 266018 266015 275021 281016 276023
276025 274018 274025 274021 295014 064009
087009 084018 076017 090023 100023 110024
121032 147024 139033 150021 127016 054007.
122010 246011 299008 282011 271016 255020
272019 255021 276014 265020 284014 121012
124016 109028 128033 121043 145041 120042
100036 094040 105040 099040 106027 117031.
134024 121017 121027 110013 138013 208009
109005 055008 258007 121009 ////// 106029
120026 086026 110026 097019 079028 087018
096022 075016 067010 074012 095012 232003.
284018 262015 279021 277023 324010 279019
280027 225006 261022 281018 310012 294016
281014 316016 316016 104004 064008 152014
129013 138011 166011 093007 027009 296009.
284015 272031 267018 272018 271022 281028
////// 327008 276016 270019 254009 248003
178013 135008 044009 077018 074022 074021
069018 074017 129011 069009 107011 255006.
278015 274023 277015 345009 355014 009024
221010 261014 294026 270016 262021 256018
248006 282009 113005 071009 161007 323023
321016 326012 219011 073009 293012 262020.
268024 278021 283027 299031 301025 310023
296029 208009 230007 136009 290006 162010
185011 141015 177010 146012 065019 083022
079024 152023 117022 132022 073013 PPC002.
279024 264011 279028 268016 279029 281030
271012 260010 077007 244010 278022 035008
107016 147024 161017 119018 106017 106021
074029 087028 093014 096014 093010 260008.
130020 135023 155009 270017 279031 //////
////// 270021 253021 272014 302009 138010
145012 055017 139021 074024 096018 124026
119025 116019 149026 158019 161018 132012.
088009 175006 113011 250020 284017 279018
271022 253018 244017 250023 222009 147011
129021 100019 104020 086034 082025 082028
105020 085014 090022 145012 095006 153004.
245010 124006 357003 314005 250014 276032
278033 276031 279022 294015 309009 288020
263017 352009 319019 342017 247012 086014
110015 080019 076018 094014 071008 054017.
276015 274018 268026 271025 263020 271014
234010 097009 266009 264007 256006 134017
128030 128033 113032 111024 105033 101022
068027 094021 083022 099022 111025 099022.
105017 105024 111026 114026 119028 121031
116029 103028 106019 107024 126025 127019
120023 110025 115022 129018 111015 074016
057010 068012 081011 082016 143010 096006=
052130 1149 073138 1100
033272 2316 054065 1318
037081 1226 063071 1213
035275 0444 060072 1459
040102 1546 068088 1158
036272 0335 048266 0253
035243 1150 054303 1023
033120 1530 065082 1210
028276 0011 037065 1329
034135 2131 059085 1246
026144 0022 044144 0022
084310 0632 152312 0632
041274 0140 060129 1500
080293 1536 151358 1308
086291 1305 179251 1249
089306 1419 155300 1419
036275 2321 055142 1642
032266 0235 042269 0233
041143 1649 068119 1514
056138 1256 095079 1812
035118 0835 064072 0802
029278 0255 038289 0257
031272 2158 042079 1247
031292 0517 058008 0322
038295 2352 059303 2354
035274 0113 061076 1534
036130 1441 064102 1437
036124 1134 067082 1255
042274 0230 060278 0230
043126 1044 080130 1107
044122 0148 072100 0039=
D=
K=
A=
S=
B=
??????
******
YF
O2201
河南省
豫新安石井
新安县石井乡政府院内
丘陵；城镇；地面
空缺
计算机
计算机
计算机
计算机
计算机
20120613=
JY
8888=
GK
01/
05/=
BZ
BB/08/03时气温用正点后10分钟值代替。04时气温用正点前10分钟值代替。05时气温用正点前10分钟值代替。
BB/09/日最低气温用05时30分数据代替。
BB/21/07时气温用正点前10分钟值代替。
BB/23/03时气温用正点前5分钟值代替。
BB/27/02时气温用正点前10分钟值代替。03时气温用前后正点数据内插求得。
00/345744/1120547
10/24/逐时观测
10/24/24时连续观测
11/不守班=
######
