O4456 3421N 11127E 003880 003880 105 000 S15 00010 2010 09
P=
T=
U=
R0
,
,
,
,
,
,
,
,
,
,
,
,
,
,
,
,
,
,
,
,
,
,
,
/.
,
,
,
,
,
,
,
,
000000000000000000000100000000000100000000000001000000020202020102010102010001000001000001000000010002020404050504030303,
020202010101010304040607080805090605030711070708131207050401020205091010060503030907050706040705050404030303020302030403,
0303040303020303020201010101010101010101010101010101010101000001000100000201020101010101010202020101010202020102010101,
00010000010100010101010100010100010001000000010000000000000100000000000000000001,
,
00000000000000000000000000000000000000000001,
,
,
0000000000010000000000010000000000000000000000000000000000000001,
,
,
,
,
,
,
/.
,
,
,
,
,
,
,
,
,
,
,
,
,
,
,
,
,
,
,
,
,
,
,
/.
,
,
,
,
,
,
,
,
,
,
,
,
,
,
,
,
,
,
,
,
,
,
,
/.
,
,
,
,
,
,
,
,
,
,
,
,
,
,
,
,
,
,
000000000000000000000000000000000000000000000000000000000000000000000000000000000000000000000000000000000000000000000001,
00000100010000000001000000000100000000010000000000010000000000010000000000000100000000000000010000000000000001,
00000000000001000000000001000000000000000100000000010000000001000000000001000000000001000000000100000000000100000001,
0000000100000000000100000000000001000000000100000001000000010000000100000100000000010000000001000000010000000001,
0001000000000001000000000001000000000000010000000000010000000000000000000000000001,
/.
,
,
0000000000000000000000000000000000000001,
,
,
,
,
,
,
,
,
00000000000000000000000000000000000000000000000000000000000000000000010000000000000000000001000000000000000001,
000000000001000000000001000000000001000000000001000000000001000000000000010000000001000000010000000100000100000001,
000100000001000000010000000001000000010000000100000100000100010000010001000100010000010001000100000100010001000001000001,
000001000001000100010001000100010100010001010001010001010100010001000101000100010001010001000100010000010001000001000001,
000100000100000100000100000100000100000100000100000001000000010000000000000100000100000001000000010000010000000100000001,
0000000001000000000100000000010000010000000100010000010001000000010000000100000100000001000100000100010001000001000001,
000100000101000100000100000100000100010000010001000001000100010000010000010001000001000100010001000100000100000100010001,
0001010001000100010001000100010001000100010001000001000100000100010001010001000100000100000100000100000100010001010001,
010100010001000101010001010001000100010001010001010100010100010100010100010000010000010001000100010101010001010001000101,
00010001000100010001010101010101010101010100010001000100000100000001000001000100000100010001000000010000000001,
00000000010000000000000000000000010000000000000000000000000001000000000000000001,
000000000000000000000100000000000000000000000000000000000000000000000000000000000000000000000000000000000100000001,
/.
00000000000000010000000000000001000000000000000100000000000001000000000000000001000000000000000001000000000001,
000000010000000000000000000000000000000001000000000001000000010000000100010100010100010100010000010001000001000100010001,
000001000100000100000001000001000001000100000100000100000100000100010001000001000100010000010000000100000000000001,
0000000000000000000100000000000000000000000000000001,
0000000000000000000000010000000000000000000000000100000000000100000000010000010000000100000100010000010000000100000001,
000100000100000100000100000000010000000001000001010001010001000100000100000100000000000100010001000100010001000001,
0001000000000000000000010000000000000000000000000000010000000000000000000000000000000000000001,
000000000000000000000000000000000000000000000000000100000000000000000000000000000000000000000000000001,
000100000000000000000000000100000100010001000101000101010101010101010101010001000001000001000000000000000001,
000000000000000000000000000000000000000000000001,
00000100000000000000000000000000000000000000000000010000000000000000000000000000000001,
000000000000000000000100000000000000000000000000000000000000000000000000000100000000000000000000000001,
0000000000000000000000010000000000000000000000000000000100000000000000000000000000000000000001,
,
,
000000000000000000000000000001,
00000100000100000001000000000100000000000001000000000000000000000000000000000000000000000001,
0000000000000000000000000000000000000000000001,
,
,
,
,
,
/.
,
,
,
,
,
,
,
,
,
,
,
,
,
,
,
,
000000000000000000000001,
,
,
,
,
,
,
/.
,
,
,
,
,
,
,
,
,
,
,
,
,
,
,
,
000000000001000000000000000001000000000000010000000000000000010000000000000000010000000000010000000001000000000001,
000100000000000000000100000000000000000000000000000000000000000001,
0000000000000000000000010000000000000000000000010000000000000000000001000000000000000000010000000000010000000001000001,
0000000100000100000001000000010000010000000100000000000100000000000100000100000001000001000001000001000001000001000001,
0001000001000001000000010000020001000100000100000100000001000000000000010000000001000000000001000000000001000000000001,
0000000000000100000000000000000100000000000000000000000001000000000000000000000001000000000000000000000000000000000001,
0000000000000000000000000000000000000000000000010000000000000000000000000000000000000000000001,
/.
,
000000000000000000000000000000000000000000000000000000000000000000000000000000000000000000000000000000000000000001,
,
,
,
,
,
,
,
,
,
,
,
,
,
,
,
,
,
,
,
,
,
/.
,
,
,
,
,
,
,
,
,
,
,
,
,
,
,
,
,
,
,
,
,
,
,
/.
,
,
,
,
,
,
,
,
,
,
,
,
,
,
,
,
,
,
,
,
,
,
,
/.
,
,
,
,
,
,
,
,
,
,
,
,
,
,
,
,
,
,
,
,
,
,
,
/.
,
,
,
,
,
,
,
,
,
,
,
,
,
,
,
,
,
,
,
,
,
,
,
/.
,
,
,
,
,
,
,
,
,
,
,
,
,
,
,
,
,
,
,
,
,
,
,
/.
,
,
,
,
,
,
,
,
,
,
,
,
,
,
,
,
,
,
,
,
,
,
,
/.
,
,
,
,
,
,
,
,
,
,
,
,
,
,
,
,
,
,
,
,
,
,
,
/.
,
,
,
,
,
,
,
,
,
,
,
,
,
,
,
,
,
,
,
,
,
,
,
/.
000000000000000000000000000000000000000000000000000001,
000000000000000000000000000000000000000000000000000000000000000000000000000000000001,
00000000000000000000000000000000000001,
,
000000000000000000000001,
000000000000000001000000000000000000000000000000000000000000000000000000000000000000000001,
0000000000000000000000000000000000000000000000000000000000000000000000000000000001,
00000000000000000000000000000000000000000000000000000001,
000000000000000000000000000000000000000000000000000000000000000000000001,
0000000000000000000000000000000000000000000000000000000000000000000000000001,
0000000000000000000000000000000001,
00000000000001,
0000000000000000000000000000000000000000000000000000000000000001,
,
,
,
,
,
,
,
,
,
,
/.
00000000000001,
0000000000000000000000000000000000000000000001,
0000000000000100000000000000000000000000000000000000000000000000000000000001,
0000000000000000000000000000000000000000000000000000000000000100000000000000000000000000000000000000000000000000000001,
,
0000000000000000000001,
000000000000000000000000000000000000000000000000000000000000000000000000000001,
,
0000000000000000000000000000000000000000000000000000000001,
00000000000000000000000100000000000000000000000000000000000000000001,
0000000000000000000000000000000000000000000000000000000000000000000000000000000000000000000000000000000000000001,
000000000000000000000000000000000000000000000000000000000000000000000000000000000000000000000001,
,
,
,
,
,
,
,
,
,
,
,
/.
,
,
,
,
,
,
,
,
,
,
,
,
,
,
,
,
,
,
,
,
,
,
,
/.
,
,
000000000100000000000000000000000000000001000000000000000000000000000000000000000000000001,
/,
,
0000000001,
,
0000000000000000000000000000000001000000010000000000000001000000000000000000000000000100000000000000000000010001000001,
00000101000101000101000100000000010001010000010000000100000000010000000001000000000000000001,
000001000000000000000000000000000000010000000000000001000100000100000000010000000100000001000000000000000001,
00000000010000000000000000000000000000000000000000000000000000000000000000010000000000000100000000010000000000000001,
000001000000000000000001,
000001,
,
,
,
,
,
,
,
,
,
,
/.
,
,
,
,
,
,
,
,
,
,
,
,
,
,
,
,
,
,
,
,
,
,
,
/.
,
,
,
,
,
,
,
,
,
,
,
,
000000000000000000000000000000000000000000000000000000000000000000000001000000000000000000000000010000000001000001,
000100000000010100000100010001010000010000000000010000000001000000000100000000000001000000000000010000000000000100000001,
000001000000010000000100000000000000000000000001000000000000010001010001000100000100000001000000000100000000010000000001,
000000000000000100000000000001000000000000000000000000000001000000000100000000000100000100010000010000000001000000000001,
0000000000000000010000000000010000000100000000000000010000000001000000000001000000010001000001000100000100000001,
0000000100000000010000000000010000000000000000000000000100000000000000000001000000000000010000000000010000000000000001,
0000000000000001000000000000010000000000000000010000000000000100000000000001000000000000000000000001,
0000000100000000000000000000000000000000000000000000000000000001000000000000000000000000000000000000000000000001,
0000000000000000000001000000000000000000000100000000000000000001000000000000000000010000000000000100000000000000000001,
0000000001000000000100000001000000000001000000000000000100000000010000000100000000000100000000010000000001000000000001,
0000010001000001000100000100010001000001000001000000010000000001000000000100000000000100000000000001000000000100000001,
/.
00000001000000000000000000000100000000000000000001000000000000000000000000000001000000000000000100000001000001000001,
000100000000010000000001000000000000010000000000000100000001000000000100000000000001000000000000000000000000000001,
00000000000000000100000000000000000000000000000000010000000000000000000100000000000000000000000001,
0000000000000000000000000000000000000000000000000000000000000001,
,
0000000000000000000000000000000000000000000000000000000000000001,
000000000000010000000000000000000000000000000000000000000001000000000000000000000000000000000000000001,
000000000000000000000000000000000000000000000000000001,
00000000000000000000000000000000000000000000000000000001,
,
000000000000000000000000000000000000000000000000000000000000000000000000000001,
,
,
,
,
,
,
000000000000000100000000000000000000000001000000000000000100000000000000000000000000000001,
00010000000000000000000000000000000000000000000000000000000000000000000000000000000001,
,
,
,
,
/.
,
,
,
,
,
,
,
,
,
,
,
,
,
000000000000000000000000000000000000000000000000000000000000000000000001,
,
,
,
,
,
,
,
,
,
/.
,
,
,
,
,
,
,
,
,
,
,
,
,
,
,
,
,
,
,
,
,
,
,
/.
,
,
,
,
,
,
,
,
,
,
,
,
,
,
,
,
,
,
,
,
,
,
,
/.
000000000100000000000000010000000000000000010000000000000000000000000000000001,
0000000000000000000000000000000000000000000000000000000000000000000000000000000001,
000000000000000000000000000000000000000000000100000000000000000000000000000000000000000001,
0000000000010000000000000000000000000000000000000000000000010000000000000000000001000000000000000000000000000000000001,
00000000000000000000000000000000000000000000000000000000000000000000000000000001,
0000000000000000000000000000000000000000000000000001,
0000000000000000000000000000000000000000000000000000000000000000000000000000000000000000000000000000000000000000000001,
,
,
,
0000000000000000000000000000000000000000000000000000000000000000000000000000000000000000000000000001,
,
,
,
,
,
,
,
,
,
,
,
,
/.
,
,
,
,
,
,
,
,
,
,
,
,
,
,
,
,
,
,
,
,
,
,
,
/=
F=
??????
