O4598 3404N 11153E 004708 000000 000 000 S15 00010 2008 09
P=
T=
U=
R0
.
.
,
,
,
,
0000000000000000000000000000000000000000000001,
,
,
,
,
,
,
,
,
,
,
,
,
,
,
,
,
,
,
.
.
.
,
,
,
,
0009070000090844000909120009169900091700000918000009190000092000000921000008230600082400000825000008320000083336,
,
,
,
,
,
,
,
,
,
,
,
,
,
,
,
,
,
,
.
,
,
,
,
00090844000909120009169900091700000918000009190000092000000921000009220000082400000825000008320000083336000834,
,
,
,
,
,
,
,
,
,
,
,
,
,
,
,
,
,
,
.
00000000000000000000000000000000000000000000000000000000000000000001030505020100000001,
,
,
000000000000000000000000010000000001000001000000010000000000000100000001,
,
0000000000000000000000000000000000000000000000000000000000000001,
,
,
,
000000000001000000000000000000000000000000000000000001,
00000000000000000000000000000000010000000000000000000000000100000000000000000000010000000001000001000000000001,
0000000000000000000000000000000000000000000000000100000000000000000000000000000000000000000000000000000001,
000000000000010000000100000100010000000100000001000000000000000000000000000000000001,
00000000000000000000000000000000000000000000000000000000000000000000000000000000000000000000000001,
,
,
,
,
00000000000000000000000000000000000000000001,
,
,
,
,
.
,
,
,
00000000000000000000000003010201000000010000010000000000010000000001,
,
000000000000000001,
,
,
,
,
,
,
,
,
,
,
00091699000917000009180000091900000920000009210000092200000923000009244001083200000833360008340000083500000836,
,
,
,
,
,
,
.
,
,
,
0000000000000000000000000000000000000000000000000000000000000000000000000000000000000000000000000000010001000000010101,
010000000100000001000000010201010101020101020100010001000000000000000100000000000000000100000000000001000000000000020201,
0001000001000100000000000001000000000000000001000000000000000000000000000001,
0000000000000000000000000000000000000000000000000000000000000000000000000000000000000000000000000000000000000000010001,
00000100000100000100000000000001,
000000000000000000000000000000000000000000000000000000000000000000000100010000010000010000000000000100000000000000000001,
000000000100000001000000010000000100000000000100000000000001000001000000010000000100000000010000000100000001010001000001,
000100000100010001000100000100000001000000000000000100000000000100000000000000000000000000000001000000000100000001,
000100000001000000000000000100000100000100010001010101000100010001000100010001000100000100000100000100010101010101010202,
020102010201010101000101010201010101000101000100000001,
01000000000000000100010001010001000100000100000000010000000000000000000000000000000000000000000000000001,
0000000000000000000000000000000000000000000000000000000000010000000001000000000000010000000100000000000100000001000001,
00000000000100000000000000000000000001,
,
,
,
,
,
,
,
.
,
,
,
,
0009180000091900000920000009210000092200000923000009244001092504000932990008340000083500000836000008370000083804,
,
,
/,
,
,
,
,
,
,
,
,
,
,
,
,
,
,
,
.
,
,
,
,
0009190000092000000921000009220000092300000924400109250400093299000933000008350000083600000837000008380400083901,
,
,
,
,
,
,
,
,
,
,
,
,
,
,
,
,
,
,
.
,
,
,
,
00092000000921000009220000092300000924400109250400093299000933000009340000083600000837000008380400083901000840,
,
,
,
,
,
,
,
,
,
,
,
,
,
,
,
,
,
,
.
.
,
,
,
,
0009220000092300000924400109250400093299000933000009340000093500000935000008380400083901000840000008417600084899,
,
,
,
,
,
,
,
,
,
,
,
,
,
,
,
,
,
,
.
,
,
,
,
0009230000092440010925040009329900093300000934000009350000093500000936030008390100084000000841760008489900084901,
,
,
,
,
,
,
,
,
,
,
,
,
,
,
,
,
,
,
.
.
,
,
,
,
,
,
,
,
0000000000000000000000000000000000000001000000000000000000000000000000000000000000000000000100010100000100000000010001,
01000001010001000100010001000101000101000100010001000100010001000100010000010000010000010001000000010000000001,
01000000010000010000010000000100000001000001000100010001000001000001000000000001000000000100000000000001,
,
0000000000000000000001000100010001000001000000010001000100000100000001000001000100010101010201010102010101010101010001,
01000101010101010101010101010101010101010101010101010100010001010001010001000100010001010001000100010000010001000001,
0100000100000001010101010101000101000101010100010001000001010102010101010101010101010101000101010102010201020101020101,
01010100010101010102010101010101010100010000010000000001000000000100000000000001000000000000000000000000000000000001,
000000000100000000000000000100000000000000000100000100000100000000010000000001000000000001000000000201020101010102020201,
0201020201010202010201010203010100010000000100000100000001000001000001000001000101010102010100010101010101000101010101,
000100000000000000000100000000000001000000000000000100000000000000010000000000000100000000000100000000000100000000000001,
000000000000000000000100000000000000000000000100000000000000000000000001000000000000000000000000000000000000010000000001,
00000001000000000000000000010000000000000000000000000000000000000000010000000000000000000000000000000000000001,
0000000000000000000100000000000000000000000000000000000001,
00000100000000000000000000000000000000000000010000000000000000000000000000000000000000000000000001,
00000000000000000100000000000000000000000000000000000000000000000001.
00000000000000000000000000000000000000000001000000000000000000000000000000000001,
,
0000000000000000000000000000000000000000000000000000000000000000000000000000000000000000000001,
,
,
,
,
,
,
,
0000000000000000000000000001,
,
,
,
,
,
,
,
,
,
,
,
,
.
,
,
,
,
,
,
,
0000000000000000000000000000000000000000000000000000000000000000000000000000000000000000000000000100000100000000000001,
0000010000010204080709070709101310080605040504020101000001,
0000000000000000000000000000000000000000000000000000000000000000000000000000000000000000000000000000000001,
,
,
000000000000000000000000000000000000000000000000000000000000000000000000000000000000000000000000000000000000000000010807,
070805020100010001000001000000000000000000000000000000000000000000000000000000000000000001,
,
,
,
,
,
,
,
,
,
.
.
.
.
,
,
00000000000000000000000000000000000000000000000000000000000000000000000100000000000000000000000000000001,
00000000000000000000000000000000000000000000000000000000000000000001,
,
,
,
,
,
,
,
,
,
,
,
,
,
,
,
,
,
,
,
.
,
,
,
,
,
,
,
,
,
,
,
,
,
,
,
,
0000000000000000000000000000000000000000000000000000000000000000000000000000000001,
01,
00000000000000000000000000000000000000000000000000000000000001,
,
00000000000100010000000001000000000000000000000000000000000000000001,
00000000000000000000000000000000000000010000000000000100000000000000000001,
,
0000000000000000000000000000000000000000000000010000000000000000000000000000000100000000000100010001000001000000000001.
00000000000000000000000000000000000001000000000000000000000000000000000000000000000100000000000001,
000000000000000100000000000000000100000000000000000100000000000000000000010000000000000000000000000000000000000001,
0001000000000100000000010000000000010000000001000000010000000000010000000000000000010000000100010001000100010000010001,
0001000001000001000000000100000001000000000000000000000100000000000100000001000000000000000000010000000000000001000001,
0000010000000001000000010000000100000001000000000001000000000000000100000000000000000000000000000000000000000000000001,
0000000000000000000100000000000000000001000000010001000000010001000100000001000000000100000000010001000100000100000101,
00010000010000000000000100000000000000000000000000000100000000000000000000000001000000010000010000010000010000000001,
0000000000000000000000010000000000000000000000000000000000000000000000000000000000000000000000000001,
0000000000000001000000000000000000000000000100000000000000000001000000000000000100000000000100000100000100000001,
010000000000000000010000000000000000000001000000000001000000000000000000010000000000000000000000000001,
000000000000000000000000000100000100010001000000010100010001000001000000010000000000000100000001000100010001000001,
000000010000000000000000000000000000000001000000000000000000000000000000000000010000000100000000000100000000000000000001,
000000000000000000000000000100000000000000000000000000000000000100000000000000000000000000010000000000000000000001,
00010000000001000000000000000000000000000100000000000100000000010000000000000001000000000000000000010000000001,
0100000001000001000000010000000000000001000000000000000000000000000000000000000000000000000000000000000000000000000001,
0000000000000000000000000000000000000000000000000000000000000000000000000001000000000000000100000000000001,
000100000000000000000000000000000000000000000000000000010000000000000001000000000000000001,
0000000001,
,
,
/,
/,
000000000000000000000000000000000000000000000000000000000000000000000001,
.
,
,
,
,
,
,
000000000000000000000000000000000000000000000000010000000000010000000100000100010001000101010001000100000001,
00000000000000010000000100000001000000000000000001000000000000000000000000000000000000000000000001,
,
0000000001,
,
0000000000000000000000000000010000000000000000000000000001000001000101000100010001000100000000010000000000000001000001,
010101000101020101000101010100010100000001000000000100000000000001000000000000000100000001,
0000000100000000000000000000000000000000000000000000000000000000000000000000000000000000000000000000000001,
00000000000000000100000000000000000000000001000000000000000000000000000000000000000000000001000100000100000000000001,
0000000000000000000000000000000000000000000000010000000000000000000000000001,
00000000000000000000000000000000000000000000000000000000000001,
000000000100000100000000010000000001000000000100000000000001000000000000000000000000010000010000010000010000000001,
0000000000000000000100000100000000000000000100000000000000000000000000000000000000000000000000000001,
000000000000000000000000000001000000000000000000000000000001000000000000000000000000000001,
000000000001000000000000010000000001000000000100000100000000010101010100010100010100010000010100000001000001000001,
000000000000000000000000000000000001000000000000000000000000000000000000000000000000000000000000000000000101000101000101,
0000010000000000000100000000000000000000000000000000000000000000000000000000000000000000000001000000000000000000000001,
0001000000010000000000000000000000010000000000000000000000000000000000000000010000000000000000000001000000000000000001.
00000000000000000000000000000001000000000000000000000000000000000000000000000000000000000000000000000001,
00000000000000000000000001000000000000000000000000000000000000000000000001000000000001,
000000000100000000000000000000000000000000000000000000000000000000000000000000000000000000000000000001,
,
,
000000000001,
,
00000000000000000000010001000100000100000100010000010000000100000000000000000001,
01000000000000000000000001000000000000000000000001000000000000010000000001000000000000000001,
0000000000000000000000000000000000000000000000010000000000000000000000000000000000000001,
01000000000001000001010001010001000101000101000100010000010000000000010000000000000000000001000001010000010001000001,
0001000000010001000100010000000100000000010000000000010000000000000000000100000000000000000000000001000000000001,
00000000000000000001000000000001000000000000000000000100000000000000000000000000000000000000000000000000010000000001,
00000000010000000000000100000000000000000001000000000000000001000000000000010000000000000000010000010001000100000001,
00000000000000000100000000000000000000010000000100000000010000000000000001000000000000000000010000000000000001,
00000100000000000000000000000000000100000000000000000000000000000000000000010000010000010001000000010000010001000001,
0100010000010000010001000100010001000101000100010001000001000100010000010001000001000100000100010001000001000100010001,
010001000100010001000100000100010000010000010000010000010000010000000100000000010000000000010000000000000001,
000100000000000001000000000000000000000000000000000000000000000000000000000000000000010000000000000000000000000001,
000100000000000000010000000001000000000001000000000100000100000100010000010000000100000100000100000001000000000100000001,
00000000000100000001000000010000000001000000010000000000010000000100000100010001000100010000010000000001000000000001,
00000001000000010000000000010000000000000001000000000000000000000000010000000000000000000100000000000000000001,
00000000000000010000000000000000010000000000000000000100000000000000000100000000000000000000010000000001,
.
000001,
,
,
,
,
,
,
,
,
,
,
,
,
00000000000000000000000000000000000000000000000000000000000000000000000001,
,
,
,
,
,
,
,
,
,
.
=
F=
??????
