O4509 3355N 11127E 013000 013000 105 000 S15 00010 2010 05
P=
T=
U=
R0
.
.
.
,
,
,
,
,
,
,
,
000000000000000000000000010101010101010101010100010001000100000000000001,
,
00000000000000000000000000000000000000000000000000000000000000000000000000000000000000000000000000000000000001,
,
,
000000000000000000000000000000000100000100000100000000000001,
,
00000000000000000000000000000000000000000000000100000000000000000000000000000000000000000000000000000000000000000001,
000001000000000100000000000000010000000000000001000000000000000100000001000001000000010000000001000000000001,
0001000000000000000001,
,
,
000000010000000000000000000000000001,
,
,
.
,
000000000000000000000000000001,
,
,
,
,
,
,
,
,
,
,
,
,
,
,
,
,
,
,
,
,
,
.
,
,
,
,
,
,
,
0000000000000000000000000000000000000000000000000000000000000000000000000000000000000000000000000001,
,
,
,
,
,
,
,
,
,
,
,
,
,
,
,
.
.
.
.
.
.
,
,
,
,
,
,
,
,
,
,
,
,
0000000000000000000000000000000000000000000000000000000001000100010000010000000001,
00000000000000000000000000000000000000000000000000000000000000000000000001,
0000000000000000000000000000000000000000000000000000000000000000000000000000000000000000000000000100000000000000000001,
000000000100000000000001000000000000000000010000010000000001000000010000000000010001000100000100000001000001000001000001,
0100010001000000010000010000000001000001000001000001000001000001010001000001000001010001000001000001000001000100010001,
000100010001000001000100000100010100010100010001000001000101010001010001010101010001010001010100010101000101000101000101,
010001010001000100010001010100010100010001010001010000010000010000010001010101010001010101010001000101000100010001000001,
0001000001000000010000000001000000000000000001000000000100010000000100000001000000010000000000000100000001000001000001,
0001000000000000010000000000010000000100000000010000000000000000000001,
0100000001000000000000000000000000000000010000000001000101000100000000010000000100000100000001000001000001000101000001,
000001000000010001000101000101000001000000010000010000000100000100010000000100000001000000000000000100000001000001,
00000000010000000000010000000001000001000001000001000100000001000000010000000000000000000001000000000000000000000001.
0000000000000000000001000001000000000000000000000001,
,
00000000000000000000000001,
,
00000000000000000000000000000000000000000000000000000000000000000000000001000000000000000100000001000000000001,
0001000000000100010000010000010000000100000100000100000100010000010001000001000100000100010000010000010001000001000001,
0001000001000100010101000100000100000000010000000000000001000000000000000001000000000000000000000000000001000000000001,
0000000100000000000000000100000000000000000000000100000000000000000001000000000000000000000001,
00000100000000000000010000000000010000000000000000000000000001,
,
0000010000000000000000000000000000000000000000000100000000010000000000010000000000000001,
000000000000000000000000000000000000000001,
000000010000000000000000000000010000000000000000000000010000000000000000000000010000000000000000000000000000000000000001,
0000000000000000000000000000000000010000000000000000000001,
000000000000000000000000000000000001,
,
,
,
,
,
,
,
,
.
,
,
,
,
,
,
,
000000000000000000000000000000000001,
,
,
,
,
,
,
,
,
,
,
,
,
,
,
,
.
.
,
,
,
,
,
,
,
,
,
,
,
,
,
,
,
,
,
00000000000000000000000000000000000000000000000000000000000000000000000000000000000000000100000100000001000101010101,
01000000000100000000010000000001000000000100000000000001000000000000000100000000000000000000000000000001,
00000000000001000000000000000000000000000000000000000000000001,
00000001000000000100000000000001,
0000000000000000000001000000000000000100000000000000000000000000010000000000010101010101000100000100000001010000010001,
0100010001000001000101000100010000010000010000000100000000000001000000000000000001000000000001000000000100000100000001,
0002010102010101010101020101010201000100010001000000010000000000010000000000000000000000000000000100000100000000000001.
000100000001000100010001000000010000000000010000000000010000000000000001,
000000000000000000000000000000000000000000000001,
00000000000000000000000000000001000000010000000000000000000001,
,
,
0000000000000000000001000000000000000000000000000000000000000000000000000000000000000001,
,
,
,
,
,
,
,
,
,
,
,
,
,
,
00000000000000000000000000000000000000000001000100000000000000000000000000000000000001,
,
,
.
,
,
,
,
0000000000000000000000000000000000000000000000000000000000000000000000000001,
,
,
,
,
,
,
,
,
,
,
,
,
,
,
,
,
,
,
.
,
,
,
,
,
,
,
,
,
,
,
,
,
,
,
/,
,
,
,
,
,
,
,
.
.
,
,
,
,
,
,
,
0000000000000000000000000000000000000000000000000000000000000000000000000000000000000000000000000001000001000001000001,
0001000001010101010100010101010001000100010000000001000000000001000100010100010000010000000000000000000000010000010001,
0001000001000101000101010100010101010001010001000101010001000100010000010000010000010000000100000000010000000000000001,
000000010000000100000000000100000000000000000100000000000000010000000000010000000000000000000000000001000000000000000001,
0000000000000000000001000000000000000000000100000000000000000000010000000001000000000000010000000000010000000001,
00010000000000000000010000000000000000000100000000000100000000000100000100000100000001000100000101010101000101000101,
0100000000010000000000000000000000000000010000000000000000000000000000000000000001000100010100010100010000010101010001,
01000001000100000100010001010001000101000101000001000001000000000000000100000000000001000000000000000001,
000100000000000000010000000100000100010000010100010100000100000000000100000000000000000000000100000000000001,
0000000100000000000001000000000001000000000000000100000000000000010000000000000100000000000000010000000000000001,
00000000010000000000000000000100000000000000000100000000000001000000000100000000000001000001000000010000000001,
0001000000000100000000010000000001000000000000010000000000000000000000000000000001000000000000000100000000000001,
00000000010000000000010000000000000100000000010000000000000000000000000001,
00000000000000000000000001000000000000000000000000000001000000000000000000010000000000000100000100000001000001000001,
010000010000000100000001000000000100000100010000010000000100000000000001000000000000000000000100000000000000000000000001,
000000000000000100000000000100000000000000000000000000000001,
0000000000000000000000000000000000000000000000000000000000000000000000000000000000000000000000000000000001.
0000000000000000000000000000000000000000000000000001,
0000000000000000000000000000000000000000000000000000000000000000000000000000000000000000000100000100000001,
000001000000000000000000010000000000010000000001000001000001000000010000010000000100000001000000010000010000010000010001,
0001000100000100010000000100000100000001000000010000000000000001,
000000000000000000000000000000000000000000000001000000000000000000010000000000000100000000000100000000010000000001,
00000000010000000000000000000000010000000000000000000000000001,
0000000000000000000000000000000000000000000000000000000000000000000001,
00000000000000000000000000000000000000000000000000000000000000000000000000010000000000000000000000000000000000000001,
000000000000000000000000000000000000000000000000000000000000000000010000000000000000000000000001,
000000000000000000000100000000000000000000000000000001,
,
,
,
,
,
,
,
,
,
,
,
,
,
.
,
,
,
,
,
,
,
,
,
,
,
,
,
,
,
,
,
,
,
,
,
,
,
/.
,
,
,
,
,
,
,
,
,
,
,
,
,
,
,
,
,
,
,
,
,
,
,
/.
,
,
,
,
,
,
,
,
,
,
,
,
,
,
,
,
,
,
,
,
,
,
,
/.
,
,
,
,
,
,
,
,
,
,
,
,
,
,
0000000000000000000000000000000000000000000000000000000000000000000000000001,
,
,
00000000000000000000000000000001000000000000010000000000000000000000000000000000000000000000000000000000000001,
000000000000000100000000000000000001000000010001010001010101010101010101010101010201020202010001010001010001010001010001,
010101010102010101010001010101020201020101000001000000000000000000010000000000010000000000000000010000010000000000000001,
000000000000000100000000000000000000000000000000000000000000000000000000000000000000000000000000000000000001,
00000000000000000000000000000001000001000000010000000001000001000001000000010000000001000000010000000000000000000001,
000000000000000001000000000000000000010000010000000100000001000000000001000000000001000001000000000100000100010000000001,
/.
00000000000000000100000000000000000000000100000000000000000000000000000000000001000000000000000001,
000000000100000000000000000000000000010000000000000001000000000000000000000001000000000000000000000000000001,
00000000000000000000000000000100000000000000000000010000000000000000000000000100000000000100000000000000000000000001,
000001000000000001000000000000000000000001,
000000000000000000000000000000000000000000000000000001,
0000000000000000000000000000000000000000000000010000000000000000000000000000000000010000000000000000000000000001,
000000000000000000010000000000000100000000000100000001000001000000010000000100000001000000000100000000010000000000000001,
0000000000010000000000000100000000000000000000000000000100000100000100010000010000000001,
0000000001,
0000000000000000000000000000000000000000000000000000000000000000000000000001000000010000000000000000010000000001,
01000000000000000000000000000001000000000000000000000000000000010000000000010000000100000001000001000000000100000001,
000100000000000100000000000000010000000000000000010000000000000001000101010001010001010100010001010000010000010000000001,
000000000000000100000000000001000000010001010101010202020202010102010001010101010001000001000100010001000100010001,
000100000000000000000100000001000000000001000000000000000100000100000100000000010000000100000000000001,
000000000000000000010000000000000000000000010000000000000001000001000100010001010101010100010001010100010101010101020101,
0001010101000101010001010001010100010101000101000100000100010100010000010000010000000100000100000100000100000001,
000100000000000100000000010000000100000001000001000100010001000001000100010001000001000100000001000000010000000001,
0000000000010001000001000100010001000001000000010000010001000000010000000100000000000001000000000000000000000100000001,
00000001000000010000000000000000000000010000000000000000000000000000000000000000010000000000010000000001000000000001,
00000100000000000000000000000100000000000000000000000000000000000000000000000000000000000000000000000000000000000001,
00000000000000000100000000000000000000000000000000000001000000000000000000000000000001,
0100000000000000000000000000000000000000000000000001000000000000000000000000000000000000000000000001,
0000000000000000000000000000000000000001,
/.
000001000000000000000000000000010000000000000000000000000000000000010000000000000000000000000000000001,
0000000000000000000000000000000000000000000000000001,
000000000000000000000001,
,
,
,
,
,
,
,
,
,
,
,
,
,
0000000000000000000000000001,
,
,
,
,
,
,
/.
,
,
,
,
,
,
,
,
,
,
,
,
,
,
,
,
,
,
,
,
,
,
,
/.
,
,
,
,
,
,
,
,
,
,
,
,
,
,
,
,
/,
,
,
,
,
,
,
/.
,
,
,
,
,
,
,
,
,
,
,
,
,
,
,
,
,
,
,
,
,
,
,
/=
F=
??????
