O4517 3346N 11144E 007540 007540 105 000 S15 00010 2010 07
P=
T=
U=
R0
,
000000000000000000000000000000000000000000000000000000000000000000000000000001000000010000000000000101020402010203050202,
0610090301020102010001,
,
00000000000000000000000000000000000000000000000000000000000000000001,
,
,
00000000000000000000000000010000000000000000000001,
,
000000000000000000000001,
,
,
,
,
,
,
,
,
0000000000000000000000010001,
00000000000000000000000000000000000000000001,
,
,
,
/.
171111201008060402020201020102010101010101000100000000000000000000000000000001,
,
,
,
000000000000000000000000000000000000000000000000000000000000000000000000000000000000000000000000000000000000010000000101,
000101000100000000000000010000000000000001000101000000000100000000000000000000000000000001,
,
000000000000000000000000000000000000000001000000000000000000000000000000000000010000010001000001000001,
,
,
,
,
,
,
,
,
,
000000000000000000000000000000000000000000000000000000000000000000000000000000000000000000000001,
0000000000000000000000000000000000000000000000000000000000000000000000000000000000000000000000000000000000000000000001,
0000000001,
,
,
,
/.
000000000000000000000000000000000000000000000001050608020102010001000100000100010000000100000100000001000000010000000001,
000000000001000000000000010000000000000100000000000000000100000000000000000001000000000000000000000001,
0000000000010000000000000000000000000000000000000000000000000000000000000001,
000000000000000000000000000000000000000000000000000000000000000000000000000000000000000000000000000000000000000001,
000202020201040704040404040202010303020102000100000100000001010001020201000100000000020302010001000000000100000000010101,
0001010100010101000100010101010001010101000101010001010001000001000101010100010001000000010000000001000000000001,
000100000001000000000100000001000000010000010000000100010000010000000100000000000000010000000000000000000000000001,
0000010000010000000000000001000000000000000000000000000000000000000100000000000000000000000000000000000000000000000001,
00000000000000000000000100000000000000000001000000000000000000000100000000000000000000010000000000000000000000000001,
00000000000000000000000001000000000000000000000000000000000000010000000000000000000000010000000000000001,
010000000000000000000100000000000000000001,
000000000000000000000000000000000000000000000000000000000000000000000000000000000000000001000000000000000000000000000001,
00000000000000000000000000000000000001000000000000000000000000000000000000000000000001,
00000000000000000000000000000100000000000000000000000000000000000000000000000000000000000000000000000000000001,
000000000000000000000000000000000000000000000000000000000000000000000000000000000000000001,
00000000000000000000000000000000000000000000000000000000000000000000000001,
00000000000000000000000000000000000000000000000000000000000000000000000000000000000001,
,
0000000000000000000000000000000001,
,
,
,
,
/.
,
00000000000000000000000000000000000000000000000000000000000000000001,
,
,
,
,
,
,
,
,
,
,
,
,
,
,
,
,
,
,
,
,
,
/.
,
,
,
,
,
,
,
,
,
,
,
,
,
,
,
,
,
,
,
,
,
,
,
/.
,
,
,
,
,
,
,
,
,
,
,
,
,
,
,
,
,
,
,
,
,
,
,
/.
,
,
,
,
,
,
,
,
,
,
,
,
,
,
,
,
,
,
,
,
,
,
,
/.
,
,
,
,
,
,
,
,
,
,
000000000000000000000000000000000000000000000000000000000000000000000000000000000000000000000100000000000000000000010001,
010100010100010000010000000000000100000000000000000100000000000000000000000000000000000000000001000100010001000101000101,
010102010000010001000100000100000000000000000000000000000000000100000000000000000000010000000000000000000000000001,
0001000000000000000000000000000001000000000000000000000000000001000000010000000000000100000001000001000001000100010101,
0100010000000100000000000000000000000001,
00000000000000000000000000000000000000000000000000000000000000000000000000000000000000000000000001000100010000000001,
0000000000000000000000000001010102020201020001010101000100010000010000000100000000000001,
0000000001,
0000000000000000000000000000000000000000000000000000000000000000000000000000000001,
,
,
,
,
/.
,
,
,
,
,
,
,
,
,
,
,
,
,
,
,
,
,
,
,
,
,
,
,
/.
,
0000000000000000000000020101010001000100000100000100000000000000010000000000000000000000000100000000000000010001000101,
000100010000010100010100010001010101000100010100010100000100010000010100010100000100000100000100010001000001000000000001,
000001000000010001000000010000010000000001000000010000000000010000000100000000010000000000000001000001010100010000010001,
0001000001000001000100000001000100000100010001000100000100000001000000000100000001000000010000010001000001000001000001,
000100000100010001000100010001010200010101010101010102000101010001000001000001000100010000010001000001000001000101010001,
000100000100010101010101000100010000000100000001000100010101010102020202020102010101010101010101010102010101010201010001,
01000101010100010100010000000100000000000100000000000000000000000000000000000100000000000000000000010000000000000001,
000000000001000000000000000000010000010001000001000001000000000100010001010101000101010101000101010000010001010001000001,
000001000100010001000001000101000101000101000101000101000101010001010101000101000101010001000100010001000101010101010001,
000101000101010001010101010001010101010001000100010101000101000100010100010001000101000100010100010001000001000001,
0001000000000000000100000000000000000100000000000000000100000001000001010001000100000100010000010001010000010001000001,
01000000010000000100000000000100000000000100000000010000000000000100000000000100000000000001000000000000000001,
000000000000000001000000000000000000000000010000000000000000000001000000000000000000000000000000000000000000000001,
00010000010001000000010000000000010000000000000000010000000000000000000000000000000000000001,
,
,
,
,
,
,
,
,
/.
,
,
,
,
,
,
,
,
,
,
,
,
,
,
,
,
,
,
,
,
,
,
,
/.
,
,
,
,
,
,
,
,
,
,
,
,
,
,
,
,
,
,
,
,
,
,
,
/.
,
,
,
,
,
,
,
,
,
,
,
,
,
,
,
,
,
,
,
,
,
,
,
/.
,
,
,
,
,
,
,
,
,
,
,
,
,
,
,
,
,
,
,
,
,
,
,
/.
,
,
,
,
,
,
,
,
,
,
,
,
,
,
,
,
,
,
00000000000000000000000000000000000001000100010001000101010100010001000100000100000000000100000000000001,
000000000001000000000000000000000100000000000000000100000101010001000001000000010000000100000001000000010000000100010101,
0100010001010101010101010101010101010102010101010100010201030102010101010001010100010102010100010100010100000100000001,
000000010000000000000000010000000001000000010000000001000100010001000000010000010000000000010000000000000000000000000001,
,
/.
,
,
,
,
000000000000000000000000000001,
,
0000000000000000000000000000000000000000000000000000000001,
,
0000000000000000000000000000000000000001,
0000000000000000000000000100000000020303030202010101010101010202010102030304010101010101020101020100000002010201010101,
0100000000000100000000000100000100010000000000000000000100000000000000000000000000000100010101010102020102010101010001,
010001010100010001000001000001000000010000010000000000000001,
0000000000000001,
,
,
,
,
,
,
,
,
000000000000000000000000000000000000000000000000000000000000000000000000000000000000000000000000000000000001,
,
/.
,
,
,
,
,
,
,
,
,
000000000000000000000000000000000000000000010000000000000000000001000001000100000000010000000000000001,
0000000001000001020001000100000100000100000100010000010100000100000000010000000000000000000000000000000001,
0000000000000000000000000000000000000000000000000000000000000001,
00000000000000000000000000000100010000000000000106080605020304020302020202010101010100010100000100010000010001000001,
000100010001000100010100000101010100010101010101010101010303020202020302030303040303020202020201020201010101010101020201,
020202030202020202020202020204030302030302040303040403020302020202030404030303020303040305040503020202010202010101010101,
010100010001010000010001000001000001000100010001000100000100010000010000000100000001000100000100000100000100000001,
0100000001000000010000000001000000000001000000000001000000000000010000000000000000000000010000000001000000000001,
0001000000000000000000000100000000000000000000000000000100000000000000000100000000000000000000000001,
0000000000000001000000000000000000000000000001000000000000000000000000000100000000000000000000000000000000000001,
00000000000000000000000001000000000000000000000000010000000000000000000000000000000000000000000000000001,
,
,
,
/.
,
,
0000000000000000000000000000000000000000000000000000000000000000000000000001,
,
0000000000000000000000000100000000010000000000000000000000010100010100010001000000000000010000010000000001,
010000000000000000000000010000000000000000000001,
0000000000000000000000000000000000000000000100000000000000000000000000000000000000000001,
0000000000000000010000000000000000000000000000000000000000010000010001010100010000010000000100000000010000000100000001,
000001010001010000010000010000000100010100000100000100010001000001000000000000000001,
000000000000000000000000000000000000000000000000000000000000000000000000000000000000000000000000000000000000000001,
01000000010000000100000001000000000001000000000000000000000001,
,
,
,
,
,
,
0000000000000000000000000000000000000000000000000000000000000000000000000000000000000001,
0000000000000000000000000100000000000000000000000000000000000001000000000000000000000000000000010000000000000000000001,
0000000000000000000001000000000000010000010000000001000000010000000100000001000000000100000001000000010000000100000001,
000100000100000101000100010001000101000101020201010201010101010301000100010001000001000000000100000000000001000000000001,
0000000001000000000000000100000000000000000001000000010000000001000000000001000000010000010000010000010000010001,
010000000001000000000001000000010000000100000001000000010000000100000001020203020202020100020203020202020101010101010001,
/.
010001010100010101010201010100010201010001000101010001010100010100010101040403030301020101020202020202030202020101010201,
010201020201020101010101010101010201010101020202020101010101010201020201020101010001010101010101010101000100010001010101,
020002010102010102010101000100010100010100000101010101020101010001010101010101000101010000010000010000000100020403030302,
020102010302030202030302030303030302010202020202010202010202020202020102020202010201020101010001010101000101010201010201,
02020101010001000100000001000000000000000000000001000000000000000000000000000000000000000001,
010000000000000100000000000001010001000100010102020101010100010100010001010202010101010101010000010101000101010201020203,
02010202020102010201020101010101020102020102010203020302020201020102030203030301010100010000000001000000000100000001,
0001000000000000000000000000010000000000000000000000000000000000000000000000000000000001000000000000010000010000000001,
0000000100000000000000000001000000000000000000000100000000000100000100000000000100000101010101010101000100000100010001,
010100010000010000000001000000000000010000000000000000000000000000000100000000000000000001000001000000000100000001000101,
0001010000010000000001000000000000000000000000000000000000000101000201010100010100010101000101010101010101000101010001,
/,
00010000000001000100000101000001010001000001000101010201000101000100010001000100010000000001000000000000010000000001,
000100000000000001000000000000000100000000000000000000000001,
,
0000000000000000000001,
,
,
,
,
,
,
,
/.
,
,
,
,
,
,
,
,
,
,
,
,
,
,
,
,
,
,
,
,
,
,
,
/.
,
,
,
,
,
,
,
,
,
,
,
,
,
,
,
,
,
,
,
,
,
/,
,
/.
,
,
,
,
,
,
,
,
,
,
,
,
,
,
,
,
,
,
,
,
,
,
,
/.
,
,
,
000000000000000000000000000000000000000000000000000000000000000000000000000000000000000000000000000000000404020101000001,
000000010000000100000101020101020101010100010101010001010103060402010201000102020101020001010100010100010001010001010003,
020201020202010101010101010101000101010100010100010100010101000101010100010101010100010101010001010001000101000100010001,
0001010001000100010000010001000100000100010000010000010000010000000100000000000000000100000000000000000001,
0000000100000000000000000001000000000000000000000000010000000000000000000000000000000001,
,
,
,
,
,
,
,
,
00000000000000000001,
000000000000000000000000000000000000000000000000000000010101020200010100000100010000010001000001000100000100020101010201,
0201030202030201020201010101010101010101010101010002020202020101020303010202020204030201010201010101010101010100010101,
010100010101000101000100010001000001000000010000000001,
,
,
,
/.
,
000000000000000000000000000000000000000000000000000000000000000000000000000000000000000000000000000000000000000000000001,
00000100000100010000010001000100010000010001000101000001000100010001000001,
000000000000000000000000000000000000010000000100010001000100010100010100010101000101010101020102010202010101020101010201,
010101010201020202020202020201010101010101010102010201010201010202020201020102010201010101020101010101010201010101010201,
010101010101010101010101010101010101010201010101010100010101010101010101020100010101020103020202010201010101020101010101,
0101010001010101000101010001010001010001010001000100010001000100000000000001000001000001000100010001000001000100010001,
010000010001000100000100010001000100010001000001000100010001010001000101000101020102020201010101010001000101000101000101,
000100010001000101000100010001000100010001000101010102020101010001020403030201020302030202060705030304060506061008050402,
010101020507101004010202010101010001010001000100010000010001000100000100010000010001000001000001000000010000000100000001,
000000000100000000010000000000000000000000000000000000000000000000000000000000000001000000010000000100000100000001,
01000000000100000000010000000001,
0000000000000000000000000000000000000100000000010000000001000000000100000000010000000000010000000000000100000000000001,
000000000000000000000000000000000000000000000000000000000000000000000000000000000100000000000100000000010000000000000001,
00000000000001000000000100000001001006010302040708070911121004020101000202040203040204050705020001000100000100000001,
0100000100060301010001000001000000010000000100000001000000000100000000010000000001000000010000000000010000000001,
010000000001010101000105060703030504010101010101020504030201000001000001000100010202030203020405040301010101010103020102,
/,
/,
/,
/,
/,
/,
/.
/.
/,
/,
/,
/,
/,
/,
,
,
,
,
,
,
,
,
,
,
,
,
,
,
0000000000000000000000000000000000000000000000000000000000000000000000000000000000000000000000000000000000000001,
0000000100000000000000000001000000000000000000000100000000000000000000000000000001,
0000010000000000000000000000000000000100000000000000000000000000000000000001,
/.
,
,
,
,
,
,
,
,
,
,
,
,
,
,
,
,
,
,
,
,
,
,
,
/.
,
,
,
,
,
,
,
,
,
,
,
,
,
,
,
,
,
,
,
,
,
,
,
/.
,
,
,
,
,
,
,
,
,
,
,
,
,
,
,
,
,
,
,
,
,
,
,
/.
,
,
,
,
,
,
,
,
,
,
,
,
,
,
,
,
,
,
,
,
,
,
,
/.
,
/,
,
,
,
,
,
,
,
,
,
,
,
,
,
,
,
0000000000000000000000000000000000000000000000000000000000000001000000000000000000010102010100010000000100000000000001,
0000000000000000010101040507080707060503020507100908081008080909090908060607060607060604040306030201010001000100000001,
000000000000000100000000000000000000000000000000000000010000000000000000000000000000000000000000000001,
000000000000000000000000000000000000000000000001,
000100000000000000000000000000000000000000000000000000000000000000000000000000000000000000000000000001,
0000000000000000000000000000000000000000000000000000000000000000000000000000000000000000000000000000000001,
/=
F=
??????
