O4647 3441N 11216E 001990 000000 000 000 S15 00010 2009 05
P=
T=
U=
R0
.
.
.
.
.
.
.
.
,
,
,
,
,
0000000000000100000000000100000000000000000000000000000000010000000100010000000000000001000000000100010001000100000001,
0000010000000001000100000000000000000000000000000000000000000000000000000100000001,
000000000000000000000000000000000001000001000001000100000100010000010000010000000100000000000000000001000000000000010001,
0300010000000001000000000000000000000000000000000001000000000000000000000000000000000000000000000100000000000000000001,
000000000001000001010001000100010100010101010101010001010101000100010000000100000000000000000000000001000000000000010001,
0000000000000000000100000000000000000000000000000001010101020200010203060504040506050303040606040402020001000001,
00000001000000000000000000000000000001000001000001000000000001000000000100000000000100000000000000000000000001,
000000000100010101000200010101000100010000000001000001000000000000000000000000010000010100010001000100010001010001000001,
000000010001000000000100000000000000000000000000000000000001,
,
,
,
,
,
,
,
,
,
.
00000000000000000000000000000000000000000000000000000000000000000000000000000001111209090803010201010100010000000001,
000100000000000001,
0000000000000000000000000000000000000000000000000000000000000000000000000000000000000100000000000000000000000000000001,
,
000000000001000000000000000001000001010001000100010201010101010201020201010101010101010100020101010101010101010102010102,
0101010101010201020102010102020303030201010100010102020102010201010102010203040403020201020203030302020202010101010001,
0001000000010001000000010000010000010001000101010100010100010000000100000001000001000001000001000000000000000000000001,
000000000000000000000100000001000000000000010000000000000000000000000000000000010000010000000000010000000100000000000001,
000001000000010000000000000000000100000000000000000001000000000100000100010001000101000101000001000000000000010000000001,
000000010000010001000100010000010000000100000000010000000000000000000000000000000000000000000001,
0000000000000000000000000000000000000000000001,
00000001,
,
,
,
00000000000000000000000000010000000000000000000000000000000000000000000000000001,
,
,
000000000000000000000000000000000000000100000000000000000000000000000000000000000000000000000000000000000000000000000001,
01000100010100010001000100000100010000010000010000000100000000010000000001000000000100000000000001000000000001,
0100000000000001000000000000000000000000000000000000010000000000010000000000000100000000000100000000000000000000000001,
000000000100000000000000000000010000000000000000000000000001,
000001000000000000000000000000000000000000000000000000000000000000000000000000000000000000000000000000000001,
0000000000000000000000000000010000010000000001000000010000000000000100000000000000000000000001000000000000000000000001.
000000010000000000000000010000000000000100000000000100010001000100000100000100000101000001000001000000000001,
0100000000010100010001000001010001000101000100010100000100000001000000000000000000000000000100000000000000000001,
000000000000000000000001000000000000000000000001,
0000000000000000000000000001,
,
,
0000000000000000000000000101010102010100000100000000000000000000000000000000000000010001000001,
00000000000000000000000000000000000000000000000000000000000000000000000000000000000001,
,
000000000000010000000000000000000000000000000000000000000000000000000000000000000000000000000000000000000100000100000001,
000000000100000000000000000000000000000100000000030301010100010001000000000001,
0000000000000000000000000000000000000000000000000000000001,
,
,
,
000000000000000000000100000100000100000001000001000000000000000000000000000001,
,
000001000001000001000001000101010001010000010000010000000000000001,
000000000000000100000000000000000000000000000000000000000000000000000000000000000000000100000000000100000000000001,
00000000010000000000000100000001000000000000000100000000000000000000000000000000000000000000000000000001,
,
000000000000000000000000000000000000000000000000000000000000000000000000000000000000000000000000000000000000000001,
0000000000000000000001000000000000000000010001000001000001000000000000000000000100000000000000000100000000000000000001,
000001000000000001000000000100000001000100010000010000000001000000000000000000000001.
0000000000000000000000000000000000000000000000000000000000000000000000000000000000000000000000000000000000000000000001,
0000000000010000000000000000000000000000000000000000000000000000000001,
,
,
,
,
,
,
,
,
,
,
,
,
0000000000000000000000000000000000000000000000000000000000000000000000000000000000000000000000000000000001,
,
,
,
,
,
,
,
,
.
,
,
,
,
,
,
,
,
,
,
,
,
,
,
,
,
,
,
0000000100000000000000000100000000000000000000000000010000000001000000000100000000010000010000000100000000000001,
,
00000000000000000000000001,
,
,
0000010000000100000000000100000000000000000000000000000000000000000000000000000000010000000001000000010000000001.
0000010000000001000000010000000001000100000100010000000100000100000001000000010000010001010101010201010101000101000101,
01000000000100000100010001010101010101010100010001000100010000000100000000010000010000010001000100000100000001,
0001000000000000000100000100000001000001010001000001000001000001040403030303030101010101020202020100010001000000000101,
0001000000000000000000000100000000000000010000000000000001,
00000000000000000000000000000000000000000000000000000000000000000000000100000000010000000000000000000000000001,
0000000000010000000000000000000000000100000000010000000000000000000000000000000000000000000001,
,
,
,
,
,
,
000000000000000000000000000000000000000000000000000000000000000302020101000100000000010000000000010102010100010000000001,
000000000000000000000000000000000000000000000000000000000000000000000000000000000000000000000000000000000000000000000001,
000001000001010201010101010001000100000100000100010000000100010001010001000000010000000000000000000001,
010000000000000001010001010101000001010001010101000001000001000000010001010101000101000100000100000001,
000000010000000100000000000100000001000001000101000100010100000100010101000101010101010101010100010100010101000100010001,
0100010001000100010001010001000101010001010100010101000100010001000000000100000000000001,
000001000000000000000000000001000001000000010000010001000100000100000000000100000000000000000001,
,
00000000000000000000000000000000010100010101000101000100010101000101000101010100000100000100000100000000000001,
,
000000000000000000000000000000000000000000000000000000000000000001,
.
,
,
,
,
000000000000000000000000000000000001000001000001000100000001000000010000000000000000010000000000000000010001000100000001,
0000000000010101000101000001000001000001000000000100000000000000000000010000000000000000000000000000000000000001,
000000000000000000000000000000000000000000000000000000000000000001,
,
,
,
,
010000000000000000010000010000000000010000000100010101010201010001000100000100000100010101000001000001000100000001,
010000000001000000000000000100000000000100010101010101010100010100010000000100000000010001000101010101010100010001000101,
0101020001010001000000010000000000000000000000000001000000000100000000000000000001000000000100000001000000000000000001,
000000000000000000000000000000000000000000000000000100000100000000000000010000000100010001000100010001000100000100000001,
,
,
,
,
,
,
,
,
.
.
.
.
.
.
.
,
,
,
,
,
,
,
,
,
000000000000000000000000000000000000000000000000000000000000000000000000000000000000000000000000000000000000000001,
,
,
,
,
,
,
,
,
,
,
,
,
,
.
.
.
.
.
,
,
,
,
,
,
,
,
,
,
,
,
,
,
,
,
,
,
000000000000000000000000000000000000000000000000000000000000000000000000000000000000000000000000000001,
,
0100000000000000000000000100000000000100000000000000000000000001000000000001000000000000000100000001000001000001000001,
,
000100000100000000010000000000010000000000000000000100010001010101000101000100000100000101000001000101010100010001000001,
.
,
,
,
,
,
,
,
,
,
,
0001000000000100000000000001000000000000000000000001000000000000000000000001000000000000000000000000000000000001,
00000000000001000000000000010000000000000001,
0000010000000000000000000000000000000001000000000000000000000100000000000001000000000000000000000001000000000000000001,
00000000000100000000000000000100000000000000000000000000000000000000010000000000000000000000000100000000000000000001,
010000010000000100000001000000000000010000000000000000000000000000010000000000000000000100000000000001000000000001,
00000000000000010000000000000100000000010000000001000000000001000000000000000001000000000000000000000001,
00000000000000000000000100000000000000000000000000010000000000000000000001000000000000000100010000010000010000000001,
,
,
00000000000000000000000000000000000001,
,
,
,
.
.
.
=
F=
??????
