O4602 3410N 11217E 003920 000000 000 000 S15 00010 2008 09
P=
T=
U=
R0
.
,
,
,
,
,
,
,
,
,
,
,
,
,
,
,
00000000000000000000000000000000000000000000000000000000000000000000000000000000000000000000000008,
00000000000000000000000000000000000000000000000000000000000000000000000001,
,
,
,
,
,
,
.
.
.
.
,
,
,
,
0009070100090859000909000009169900091701000918000009190000092000000921000008230100082400000825000008320000083330,
,
,
,
,
,
,
,
,
,
,
,
,
,
,
,
,
,
,
.
,
,
,
,
,
00090859000909000009169900091701000918000009190000092000000921000009220000082400000825000008320000083330000834,
,
,
,
,
,
,
,
,
,
,
,
,
,
,
,
,
,
000000000000000000000000000000000000000000000000000000000000000000000000000000000001.
00000000000000000000000000000000000000000000000000000000000000000000000000000100000000000001,
00000000000000010000000000000000000000000000000000010000000000000000000000000001,
,
,
000000000000000100000000000000000000000000000001,
000000000000000000000000000000000000000001,
00000000000000000000000000000000000000000000000000000001,
0000000000000000000001,
000000000000000000000000000000000000000001000000000000000000000000000000000001,
0000000000000000000000000000000000000000000100000000000000000000010000000000000000000000000001,
00000000000100000000000000000000000000000000000000000000000000000000000000000000000000000000000100000000000000000001,
0000010000000000010000000000000000000001000000000000000000000000000001,
0000000000000000000000000000000000000000000000000000000000000000000001000000000000000000000000000000000000000000000001,
0000000000000000000000000000000001000000000000000000000000000000000000000000000000000000000000000001,
000000000000000000000000000000000000000000000000000000000000000000000000000000000000000000000000000001,
0001000000000000000000000000000100000000000100000000010000000100000000000100000000000100000000000001000000010000000001,
0000000000010000000001000000010000010000000000010000000000010000000000000000010000000100000001000000010000000001000001,
00000001000000000001000000000100010001000100000100000000000000000001,
000000000000000000000000000000000000000000000000000000000000000000000001,
,
,
00000000000000000000000000000000000000000000000000000000000000000000000001,
,
.
,
,
,
,
000916990009170100091800000919000009200000092100000922000009230000092499010832000008333000083400000835000008360000000001,
,
,
,
,
,
,
,
,
,
,
,
,
,
,
,
,
,
,
.
,
00000000000000000000000000000000000000000000000000000000000000000000000000000000000000000000000000000000000001,
010000000000000000000001,
,
,
00000000000000000000000000000000000000000001,
,
,
,
000000000000000000000000000000000000000000000000000000000000000000000000000000000000000000000000000001,
0000000000000000000000000000000000000000000000000000000000000000000001000000000000000100000000010000000001,
000000000000010000000000000000000000000000000000000000000000000000000000000000000000000000000000000000000000000001,
0100000101010100010100010001000101010101010101010101010001010101010201010101010102010102020102020101010001010100010001,
000100010000010101010202030203020102020101010001010001000100010001000100000000000000000001000000000000000001000001000001,
00000001000000000000000000000000000001,
00000000000000000000000000000001000001000100000001000000010000000001000000010000000000000000000000000000000000000001,
,
,
,
,
,
,
/,
.
,
,
,
,
,
0009180000091900000920000009210000092200000923000009249901092510000932230008340000083500000836000008370000083818,
/,
/,
,
,
,
,
000000000001,
,
,
,
,
,
,
,
,
,
,
.
,
,
,
,
00091900000920000009210000092200000923000009249901092510000932230009330000083500000836000008370000083818000839,
,
,
,
,
,
,
,
,
,
,
,
,
,
,
,
,
,
,
.
,
,
,
,
00092000000921000009220000092300000924990109251000093223000933000009340000083600000837000008381800083900000840,
,
,
,
,
,
,
,
,
,
,
,
,
,
,
,
,
,
,
.
,
,
,
,
0009210000092200000923000009249901092510000932230009330000093400000935000008370000083818000839000008400000084199,
,
,
,
,
,
,
,
,
,
,
,
,
,
,
,
,
,
,
.
.
.
.
,
,
,
,
,
,
,
,
,
0000000000000000000000000000000000000001000000000000000000000000000000000000010001010000010001000001000001000001000001,
000001000001000100000000010000000000010000000001000000000000000100000000000100000000000000000000000000000100000000010001,
010001010001000000010000010000000100000100000100000001000100000100010100010100010001000100000100000001,
000000000000000001000100000000010000000100000000000000000000000000000000000000000000000000010000000000010000000100010001,
000100000101000000010000010000000000000100000100000101000001000001000100010101010101000100020203030302030202020102010101,
020102020102010201010102020302030303020202010201020102010202010202010201010101020101020102010202020101020102020102010101,
010101000101010101010001010100010001000100010001000101010001010101010001000100010100010100020100010100010101000001000101,
010001000101010101020000010001000100000001000000010000000001000000000001000000000000000100000001000000000100000000000001,
000001000100010001010101010201010101010101020202020102010202030303030303030303030202030202020202020102020102000101010001,
010001000101000001000000000100000001000000000100000001000001000001000000000100000000000100000000000001000000000000000001,
00000000000001000000000000000100000000000000000000000000000000000000000000010202020001010001000100010000010000000001,
000100010001010101010201010100000100000000000000000100000000000000000000000100000000000000010000000000000000000001,
000000000001000000000000000000000000000000000100000000000000000000000000010000000000000000000000000001000000000001,
0001000000000100000000000000000000010000000000000000000000000100000000000000000000000001,
000000010000000000000000000000000000000000000000000000000000000000000100000000000000000000000001000000000000000000000001.
000000000000000000010000000000000000000000000000000000000000000000000000000000000000000001,
,
000000000000000000000000000000000000000000000000000000000000000000000000000000000000000000010000000000000001,
0000010000000100000100000000000001000000000000000000000000000000000001,
,
,
,
,
00000001,
,
,
,
,
,
,
,
,
,
,
,
,
,
,
.
,
,
,
,
,
,
,
000000000000000000000000000000000000000000000000000000000000000000000000000000000000000000000000000000000000000000000001,
00000000000000000000010000000000000000000000000000000000000000000000000000000000000000000000000000000000000000000001,
000000000000000001000001000000010000000000010000000100000000000000000001,
,
00000000000000000000000000000000000000000000000000000100000000000000000000000000000001,
,
0000000000000000000000000000000000000000000000000000000000000000000000000000010302010001000001010100000001,
,
,
,
,
,
,
,
,
,
.
.
.
.
,
,
,
,
,
,
,
,
,
000000000000000001010001000000000000000001,
,
,
,
,
,
,
,
,
,
,
,
,
,
.
,
,
,
,
,
,
,
,
,
,
,
,
,
,
,
,
000000000000000000000000000000000000000000000000000000000000000000000000000000000000000000000000000000000001,
0000000000000000000000000000000000000000000001,
,
,
00000000000000000000000000000000000000000000000000000000000000000100000001,
00000000000000000000000000000000000000000000000000000000000000000000000000010100010000010001000001000100000001,
00000100000000000000000000000000000000000100000000000000000000000000000000000000000001,
0000000000000000000000000000000000000000000000000000000000000000000000010000000000000100000000000000000000000001.
0000000000000000000000000001000000000000000000010000000001000000010000000000000001000000000000000000000001,
000000000000010000000000000000000100000000000000010000000000000000000001,
,
,
0000000000000000000000000100000000010000010000010000000000010000000000010000000000010001000000000001,
00000000000000010000000000000100000000000000000000000001,
000000000000000000000000000000000000000000000000000000000000000000000100000000000001000000000000000000000100010101000101,
0001000100010001000100000000010000000001000000000001000000000000010000000000000001000000000000000001,
000000000001000000000000000000010000000000000000000000010000000000000001000000000001000000000001000000000001,
0001000000000001000000000001000001000000000100000000010000000001000000000001000000000100000000010000000001,
00010000000000000000000000000100000000000001000000000000000001000000000000000000000100000000000000000000000000000001,
00000100010001000100010000000100010001010001010001000100000001000000000001000000000100000000000000000001,
00000000000000010000000000000000000000000000000000000000000000000000010000000000000001000000000001,
0100000000000000000100000000000000000000000000000000010000000000000000000000010000000000000000000000000001000000000001,
000000010000000000000100000000000000000000000001000000000001000000000000000000010000000000000000000000000000000001000001,
000001000000010000000100000000000000010000000000000000000000010000000000000000000000000000000000000000000000000000000001,
000000000000000000000000000000000000000000000000000000000000000001,
0000000000000000000100000000000000000000000000000000000000000000000000000000000001,
,
,
/,
/,
,
.
,
,
,
,
00000000000000000000000000000000000000000000000000000000000000000000000000000000000000000000000000000001,
,
00000000000000000000000000000000000000000000000000000000000000000000000000000000000001,
0000000000000000000000000000000100000100010100000100010001000000010000000000000000010000000000000001000001,
0100000000000000000000000000000001,
,
,
0000000000000000000000000100000000000000000001000000000000000000000000000000000001000000000000000000000000000001,
000000000000010000000000000000000000010000000000000000000000000000000000010000000000010000000001000101000101010100010001,
00010000010000010000000000000000010000000000000000000000000000000000000000000001,
,
0000000100000000000000000000000000000000000000000000000000010001000001000001000000000001,
0000000000000000000001,
010000000000000000000000000000010000000000000000000001000000000000000100000000000001010101000100010101000100000001,
00000100000100000001000000000000000000000000000100020100010101000100000000000001000000000000000000000001,
00000100000000000000000000000000000000000000000001,
000000000000000000000000000000000000000000000000000000000000000100000000000100000000000000000100000000000000000000010001,
0001010000010100010101000101000001000100010000000001000000000001,
00000000000000000000000000000000000000000000000100010000010100010101000100010100000001,
00000000000000000000000000000000000000000000000001000000000001000001000000000000000000000000000001.
0000000100000000000000000000000000000000000000000000000000000000000000000000000000000000000001,
00000000000000000000000000000000000000000000000000000000000000000000000000000001,
000000000000000000000001000000000000000000000000000001,
,
0000000000000000000000000000000000000000000000000000000000000000000000000000000000000000000000000000000000000000000001,
00000000000000000000000000000000000001,
,
000000000000000000000000000000000000000000000000000000000000000000000000000000000000010000000000000000010000000001,
0000000000010000000000010000000000000100000000000000000000000000000000000100000000000001000000000000000001,
00010000000000000000000000000000000000000000000000000000000000000000000000000000000000000000000001,
0000000000000000010000000000000000000000000000000000000000000000000001000000000001000000010000010000000100000001000001,
01000000000000000100000000000001000000000000010100000101010101000101000000010000000000000100000001,
00000001000000000100000000000000010000000001000000000000000000010000000000000000000001,
00000000000000000000000000010000000001000000000000000001000000000000010000000000000100000000000100000000000100000001,
0001000001000000000100000000000001000001000000010000000000010000000100000000000000000000000000010000000000000001,
010000000000010000000000010000000001000000000000000000000000000000010000000000000000010000000000000000000001000001,
010000000000010000000000000000000100010101000101000101000100010001000001000100000100000001000000000100000001000001000001,
0000000100000001000001000100010001000001000000010000010000010000010000010000000100000000000000000100000000000001,
000000000000000100000000000100000000000000010000000000000100000000000000000000000001,
000000000000000000000000000001000000000000000000010000000100000100000001000000000100000100000001000001000100010101010001,
0001000100000100000100010000010001000001000000010000000000000100000100000100000001000001000000010000010000000100010001,
010000010001000100010000010001000000010000000000000100000000000000000100000000000000000000000001,
010000000000000000000000000000000000000000000000000000000000000000000000000000000001,
000000000000000000010000000000000001.
,
,
,
,
,
,
,
,
,
,
00000000000000000000000000000000000000000000000000000000000001,
,
,
,
,
,
,
,
,
,
,
,
,
.
=
F=
??????
